0.00455999
0.01114726
0.01066017
0.01068807
0.01066256
0.01083755
0.01049209
0.01063442
0.01057577
0.01065636
0.01058626
0.01066780
0.01052070
0.01057744
0.01064634
0.01060772
0.01058817
0.01067472
0.01062989
0.01060152
0.01066136
0.01063085
0.01058960
0.01056552
0.01064658
0.01059794
0.01058316
0.01073217
0.01068211
0.01059413
0.01067543
0.01057816
0.01056886
0.01061320
0.01062751
0.01059651
0.01063108
0.01062250
0.01054955
0.01058507
0.01056623
0.01061893
0.01060724
0.01066875
0.01077962
0.01066279
0.01067686
0.01060414
0.01056314
0.01052046
0.01073647
0.01060367
0.01077771
0.01058459
0.01049376
0.01051617
0.01052475
0.01055408
0.01064420
0.01069570
0.01054502
0.01052284
0.01052475
0.01055264
0.01050401
0.01056099
0.01068878
0.01053691
0.01049423
0.01054001
0.01059175
0.01057386
0.01063895
0.01064920
