0.00744414
0.01051712
0.01050806
0.01050353
0.01051402
0.01045346
0.01055408
0.01048279
0.01047826
0.01042342
0.01066017
0.01054835
0.01041532
0.01037645
0.01055145
0.01049900
0.01046681
0.01044750
0.01053429
0.01045918
0.01044345
0.01039624
0.01055622
0.01054931
0.01045465
0.01054692
0.01042938
0.01051068
0.01045275
0.01063514
0.01052999
0.01042724
0.01052260
0.01059985
0.01052785
0.01052928
0.01050115
0.01052332
0.01051712
0.01045108
0.01064849
0.01065969
0.01048613
0.01047277
0.01058388
0.01055169
0.01056004
0.01051259
0.01052141
0.01046038
0.01053858
0.01057482
0.01054263
0.01041746
0.01048231
0.01059961
0.01047611
0.01045680
0.01047683
0.01060057
0.01050878
0.01042414
0.01047635
0.01052666
0.01052833
0.01049662
0.01048732
0.01048374
0.01039195
0.01050448
0.01052046
0.01055717
0.01049256
0.01048946
0.01057911
0.01051521
0.01039863
0.01044989
0.01057339
0.01056480
0.01045442
0.01054931
0.01066303
0.01047063
0.01042962
0.01042271
0.01058507
0.01053238
0.01046181
0.01054382
0.01050925
0.01040864
0.01042032
0.01046062
0.01050162
0.01043367
0.01042795
0.01045227
0.01048732
0.01047635
0.01047468
0.01058531
0.01056504
0.01050186
0.01044774
0.01061940
0.01055241
0.01050568
0.01051879
0.01050544
0.01048207
0.01047635
0.01049638
0.01048303
0.01048779
0.01036167
0.01047873
0.01048279
0.01068211
0.01049447
0.01060748
0.01046729
0.01044679
0.01037788
0.01059747
0.01050353
0.01044440
0.01050282
0.01051807
0.01052833
0.01057076
0.01067305
0.01057124
0.01056004
0.01062989
0.01061273
0.01057315
0.01055360
0.01062298
0.01056933
0.01052761
0.01058483
0.01054311
0.01057196
0.01066041
0.01047897
0.01046562
0.01050186
0.01066232
0.01050162
0.01039410
0.01046062
0.01049805
0.01053500
0.01051641
0.01046896
0.01050472
0.01052094
0.01055026
0.01051068
0.01053500
0.01054883
0.01049590
0.01060104
0.01056528
0.01053214
0.01062369
0.01051235
0.01049089
0.01039886
0.01053929
0.01047206
0.01049495
0.01042128
0.01050258
0.01054645
0.01057410
0.01053143
0.01056170
0.01060224
0.01057029
0.01069093
0.01058602
0.01066566
0.01050472
0.01052117
0.01063919
0.01048589
0.01053834
0.01042271
0.01052833
0.01066089
0.01059008
0.01069140
0.01080537
0.01066232
0.01065731
0.01055908
0.01063561
0.01062965
0.01066685
0.01069045
0.01057410
0.01064420
0.01071668
0.01062179
0.01059747
0.01057291
0.01064396
0.01068854
0.01065707
0.01073074
0.01062393
0.01061296
0.01066256
0.01064610
0.01061845
0.01058078
0.01080084
0.01064754
0.01065874
0.01074052
0.01067090
0.01059270
0.01071596
0.01070046
0.01068282
0.01064157
0.01067090
0.01073003
0.01068044
0.01064849
0.01074672
0.01073909
0.01070452
0.01085329
0.01075602
0.01066923
0.01103330
0.01099610
0.01077557
0.01092434
0.01095748
0.01093316
0.01095533
0.01081276
0.01083612
0.01077986
0.01075196
0.01091814
0.01077247
0.01097345
0.01088548
0.01089859
0.01100922
0.01090407
0.01090622
0.01100850
0.01099300
0.01094627
0.01102328
0.01091480
0.01097703
0.01100111
0.01102924
0.01092553
0.01096416
0.01101899
0.01099896
0.01110172
0.01118422
0.01101351
0.01106644
0.01101589
0.01112461
0.01107383
0.01098204
0.01104760
0.01116991
0.01104426
0.01099873
0.01094770
0.01100230
0.01103115
0.01091075
0.01094770
0.01099205
0.01102114
0.01106811
0.01106977
0.01093984
0.01106548
0.01093650
0.01095390
0.01100135
0.01098299
0.01094222
0.01105189
0.01098299
0.01090145
0.01101327
0.01103377
0.01099038
0.01111031
0.01101613
0.01084828
0.01094198
0.01101041
0.01087213
0.01101208
0.01096988
0.01086068
0.01098728
0.01094413
0.01101923
0.01098609
0.01097417
0.01093531
0.01099443
0.01104426
0.01104307
0.01103497
0.01104331
0.01111841
0.01106238
0.01101589
0.01108479
0.01105070
0.01099634
0.01102853
0.01101470
0.01092076
0.01098275
0.01094031
0.01113343
0.01099062
0.01094222
0.01093650
0.01094508
0.01094937
0.01104665
0.01094437
0.01094675
0.01096010
0.01121140
0.01103187
0.01097322
0.01102138
0.01100516
0.01102614
0.01095057
0.01109886
0.01103783
0.01103163
0.01109195
0.01106596
0.01107216
0.01101065
0.01100683
0.01112199
0.01109862
0.01102471
0.01100063
0.01097655
0.01097775
0.01106691
0.01125264
0.01139379
0.01136017
0.01130581
0.01142311
0.01127028
0.01141572
0.01125360
0.01148009
0.01150680
0.01160002
0.01153684
0.01150846
0.01137900
0.01143312
0.01131296
0.01124167
0.01133943
0.01130724
0.01127768
0.01139116
0.01140666
0.01139617
0.01136041
0.01122975
0.01114273
0.01104116
0.01100397
0.01109004
0.01101160
0.01109242
0.01088262
0.01089215
0.01103234
0.01103473
0.01089668
0.01091051
0.01089096
0.01095343
0.01083755
0.01093459
0.01082277
0.01098251
0.01094842
0.01094055
0.01093888
0.01091456
0.01092410
0.01091385
0.01095462
0.01104355
0.01088142
0.01122952
0.01096201
0.01097655
0.01095080
0.01102209
0.01091027
0.01093125
0.01098442
0.01091862
0.01088190
0.01094389
0.01090336
0.01101494
0.01100850
0.01099610
0.01094508
0.01103354
0.01098680
0.01102734
0.01087976
0.01098680
0.01092601
0.01089478
0.01092458
0.01096392
0.01086998
0.01091003
0.01097965
0.01098871
0.01102757
0.01101613
0.01094723
0.01105475
0.01096654
0.01114345
0.01103926
0.01103401
0.01108718
0.01113272
0.01111341
0.01109600
0.01090860
0.01099467
0.01094246
0.01103830
0.01101327
0.01099038
0.01100588
0.01097870
0.01100373
0.01118350
0.01103950
0.01102996
0.01107168
0.01108313
0.01101947
0.01135826
0.01124382
0.01141572
0.01131129
0.01138377
0.01135540
0.01154971
0.01129842
0.01145625
0.01125789
0.01133299
0.01129317
0.01139522
0.01136875
0.01139736
0.01137185
0.01135492
0.01138568
0.01161814
0.01140451
0.01127076
0.01128578
0.01118660
0.01099992
0.01109052
0.01092577
0.01087666
0.01098895
0.01090693
0.01083207
0.01100230
0.01086688
0.01095366
0.01093984
0.01098442
0.01084781
0.01105285
0.01097298
0.01091981
0.01092458
0.01095009
0.01077271
0.01094627
0.01078629
0.01079178
0.01087785
0.01099515
0.01100254
0.01111317
0.01093698
0.01097655
0.01096582
0.01108360
0.01101732
0.01108694
0.01097298
0.01098537
0.01101708
0.01099968
0.01099014
0.01101565
0.01099062
0.01111150
0.01108789
0.01116586
0.01121998
0.01118898
0.01129627
0.01138234
0.01118636
0.01113772
0.01142693
0.01154804
0.01147175
0.01143813
0.01143265
0.01124024
0.01123333
0.01117373
0.01127076
0.01128602
0.01110315
0.01141691
0.01123500
0.01130939
0.01123738
0.01101828
0.01111078
0.01102138
0.01104283
0.01106429
0.01096296
0.01117301
0.01099777
0.01102257
0.01112366
0.01104784
0.01089311
0.01101398
0.01098013
0.01104641
0.01108909
0.01094747
0.01101327
0.01097989
0.01102209
0.01104712
0.01091909
0.01097822
0.01078916
0.01071334
0.01068377
0.01084781
0.01082516
0.01082420
0.01098943
0.01087308
0.01089096
0.01092458
0.01093650
0.01098061
0.01097798
0.01102042
0.01090097
0.01108122
0.01104546
0.01094937
0.01099086
0.01094103
0.01094246
0.01097822
0.01094961
0.01077390
0.01098776
0.01096725
0.01091409
0.01099777
0.01094341
0.01086307
0.01103473
0.01093268
0.01092172
0.01092434
0.01087570
0.01094770
0.01095581
0.01093078
0.01087451
0.01092744
0.01096702
0.01097083
0.01095080
0.01074862
0.01080012
0.01083851
0.01081896
0.01070619
0.01078653
0.01075196
0.01064038
0.01067281
0.01062965
0.01073718
0.01066422
0.01080012
0.01073647
0.01072264
0.01082993
0.01088738
0.01077151
0.01077199
0.01069427
0.01069379
0.01071477
0.01073360
0.01066613
0.01067114
0.01070809
0.01075983
0.01075149
0.01078224
0.01069093
0.01085901
0.01087689
0.01081610
0.01081038
0.01084805
0.01075768
0.01075578
0.01076508
0.01073122
0.01069832
0.01080322
0.01072454
0.01070380
0.01085806
0.01082611
0.01083446
0.01089621
0.01084185
0.01079941
0.01089621
0.01095653
0.01100278
0.01102328
0.01099658
0.01095319
0.01107287
0.01099348
0.01088428
0.01101065
0.01095319
0.01089525
0.01095796
0.01084876
0.01078749
0.01100087
0.01097751
0.01095700
0.01095605
0.01088667
0.01085520
0.01092482
0.01089954
0.01083064
0.01089954
0.01092696
0.01084280
0.01095963
0.01077986
0.01062179
0.01072240
0.01080823
0.01077867
0.01078129
0.01104498
0.01069093
0.01070786
0.01082110
0.01067328
0.01060462
0.01068544
0.01081610
0.01098013
0.01085496
0.01082873
0.01089525
0.01089716
0.01104307
0.01097298
0.01087332
0.01093388
0.01101589
0.01105809
0.01102471
0.01092052
0.01106882
0.01095486
0.01102185
0.01101446
0.01090574
0.01088309
0.01099038
0.01088762
0.01087046
0.01091242
0.01087689
0.01066279
0.01069951
0.01079559
0.01077580
0.01087952
0.01090646
0.01100993
0.01099443
0.01095867
0.01097083
0.01090312
0.01091290
0.01080990
0.01093793
0.01083684
0.01090837
0.01091790
0.01090527
0.01089907
0.01087475
0.01090407
0.01083279
0.01076031
0.01096916
0.01087308
0.01086712
0.01087904
0.01089096
0.01075101
0.01091647
0.01094437
0.01079631
0.01090240
0.01094627
0.01092100
0.01084042
0.01081467
0.01075220
0.01072121
0.01083970
0.01075244
0.01073003
0.01081443
0.01061654
0.01072216
0.01077485
0.01074791
0.01062822
0.01071835
0.01069093
0.01070166
