0.00412512
0.01158237
0.01097560
0.01073575
0.01073313
0.01083851
0.01079059
0.01070094
0.01075745
0.01069546
0.01064587
0.01068425
0.01075315
0.01079726
0.01066852
0.01056194
0.01078701
0.01068091
0.01071548
0.01067305
0.01072145
0.01055741
0.01065087
0.01058841
0.01064134
0.01072717
0.01063609
0.01063013
0.01065588
0.01061416
0.01058960
0.01065183
0.01063609
0.01083660
0.01075816
0.01057291
0.01052904
0.01061535
0.01060152
0.01063490
0.01058316
0.01060629
0.01049900
0.01060033
0.01064014
0.01058340
0.01070571
0.01056814
0.01052809
0.01064348
0.01053953
0.01061034
0.01069808
0.01049495
0.01051712
0.01060200
0.01067924
0.01052737
0.01063347
0.01058841
0.01055074
0.01053715
0.01058841
0.01062369
0.01066685
0.01057315
0.01050472
0.01057982
0.01058364
0.01072979
0.01069784
0.01055169
0.01056623
0.01062179
0.01059604
0.01066017
0.01059413
0.01060557
0.01049042
0.01059628
0.01055741
0.01058102
0.01061797
0.01052713
0.01052547
0.01059103
0.01063609
0.01056743
0.01063466
0.01051855
0.01058245
0.01063061
0.01063609
0.01062250
0.01066351
0.01055694
0.01057768
0.01064706
0.01065135
0.01056814
0.01066566
0.01059914
0.01057124
0.01059341
0.01062846
0.01049542
0.01066947
0.01062059
0.01056123
0.01059937
0.01054716
0.01063681
0.01065731
0.01064920
0.01047325
0.01054454
0.01063538
0.01061773
0.01054454
0.01060796
0.01056719
0.01070046
0.01077986
0.01067615
0.01066208
0.01063752
0.01055312
0.01056504
0.01063728
0.01069236
0.01055980
0.01064229
0.01056433
0.01056552
0.01051259
0.01057053
0.01059890
0.01069403
0.01051164
0.01054478
0.01060748
0.01061130
0.01051402
0.01050639
0.01053929
0.01059699
0.01070046
0.01063061
0.01062417
0.01067686
0.01057053
0.01039672
0.01051736
0.01056695
0.01061225
0.01061153
0.01060677
0.01045609
0.01062393
0.01060033
0.01057410
0.01064992
0.01056838
0.01057649
0.01053596
0.01059866
0.01064587
0.01066947
0.01058459
0.01059103
0.01060915
0.01058388
0.01059628
0.01069808
0.01050496
0.01056743
0.01052856
0.01062465
0.01059818
0.01070666
0.01056099
0.01061416
0.01057577
0.01058793
0.01065922
0.01065302
0.01049280
0.01057172
0.01055121
0.01060081
0.01056767
0.01070547
0.01061583
0.01058221
0.01062560
0.01064968
0.01068115
0.01064897
0.01052690
0.01057100
0.01059341
0.01055264
0.01060700
0.01059175
0.01073527
0.01062179
0.01053214
0.01054764
0.01057792
0.01067376
0.01073337
0.01073909
0.01068068
0.01065683
0.01055813
0.01062608
0.01065493
0.01065588
0.01069617
0.01063919
0.01058412
0.01061654
0.01052809
0.01064897
0.01059914
0.01057982
0.01055980
0.01049733
0.01089811
0.01067114
0.01063061
0.01057839
0.01063704
0.01057410
0.01060152
0.01070094
0.01061177
0.01056838
0.01062036
0.01058340
0.01061797
0.01055264
0.01068711
0.01064658
0.01063943
0.01063466
0.01053596
0.01063442
0.01067519
0.01062942
0.01069069
0.01068211
0.01062679
0.01054096
0.01063752
0.01058960
0.01069641
0.01065850
0.01071167
0.01061940
0.01057410
0.01056933
0.01063347
0.01057434
0.01062894
0.01073909
0.01063371
0.01088500
0.01057673
0.01069355
0.01067996
0.01065373
0.01064801
0.01067114
0.01059699
0.01056266
0.01066732
0.01060629
0.01071572
0.01061821
0.01056123
0.01064801
0.01066709
0.01059413
0.01063156
0.01066589
0.01080012
0.01062346
0.01059031
0.01064134
0.01070237
0.01063132
0.01069570
0.01069403
0.01076174
0.01058674
0.01070428
0.01068044
0.01076531
0.01078439
0.01069784
0.01065493
0.01083136
0.01063228
0.01065040
0.01066661
0.01060557
0.01060224
0.01068306
0.01067781
0.01058125
0.01064682
0.01067686
0.01064372
0.01063895
0.01075935
0.01070690
0.01082087
0.01058626
0.01063204
0.01054311
0.01068187
0.01068997
0.01059699
0.01080108
0.01065516
0.01053238
0.01075149
0.01077366
0.01072145
0.01072383
0.01076365
0.01070833
0.01085734
0.01078010
0.01062512
0.01054168
0.01074815
0.01060677
0.01065636
0.01071715
0.01071334
0.01065636
0.01062226
0.01069260
0.01064253
0.01069617
0.01072693
0.01063466
0.01070118
0.01056790
0.01065016
0.01067305
0.01076555
0.01066637
0.01071763
0.01080108
0.01072145
0.01063466
0.01070333
0.01067901
0.01078463
0.01062155
0.01076126
0.01075482
0.01082945
0.01070642
0.01069331
0.01068783
0.01069498
0.01071310
0.01079631
0.01073241
0.01081705
0.01074600
0.01068401
0.01067328
0.01069283
0.01060438
0.01074767
0.01073623
0.01086307
0.01069045
0.01066470
0.01073384
0.01090908
0.01081729
0.01070619
0.01072311
0.01082897
0.01091170
0.01073694
0.01067209
0.01074362
0.01070118
0.01085734
0.01081204
0.01076674
0.01087952
0.01089740
0.01077867
0.01070786
0.01082468
0.01083231
0.01087475
0.01082420
0.01080680
0.01094484
0.01098800
0.01094556
0.01091671
0.01094294
0.01083851
0.01089001
0.01092196
0.01090074
0.01083565
0.01075125
0.01093316
0.01086903
0.01094913
0.01082969
0.01084065
0.01089239
0.01091528
0.01090217
0.01083517
0.01085091
0.01081276
0.01086807
0.01086926
0.01083398
0.01090741
0.01083493
0.01096678
0.01081419
0.01082063
0.01090574
0.01101255
0.01096725
0.01094413
0.01081753
0.01092625
0.01074505
0.01089573
0.01093102
0.01102304
0.01091170
0.01091456
0.01092124
0.01091790
0.01089954
0.01097345
0.01089215
0.01094151
0.01097250
0.01089454
0.01080990
0.01088881
0.01089191
0.01088238
0.01091313
0.01101947
0.01095438
0.01082158
0.01088929
0.01091099
0.01097226
0.01079226
0.01098704
0.01097894
0.01103067
0.01099372
0.01085901
0.01087856
0.01075387
0.01077771
0.01080918
0.01072693
0.01075578
0.01078629
0.01074004
0.01082516
0.01072073
0.01069164
0.01076722
0.01062918
0.01077032
0.01077294
0.01072383
0.01075196
0.01077080
0.01082659
0.01072383
0.01066709
0.01070666
0.01073074
0.01077819
0.01080513
0.01073098
0.01077437
0.01070380
0.01078963
0.01054263
0.01069069
0.01061106
0.01079059
0.01064897
0.01067519
0.01070356
0.01063704
0.01064014
0.01072431
0.01076937
0.01071620
0.01063108
0.01063347
0.01072264
0.01063514
0.01074338
0.01066017
0.01062250
0.01063395
0.01065946
0.01073027
0.01082945
0.01067495
0.01067090
0.01076174
0.01070547
0.01078486
0.01071930
0.01073694
0.01065063
0.01069045
0.01071477
0.01061916
0.01072025
0.01076555
0.01064563
0.01073384
0.01063919
0.01063561
0.01067948
0.01071143
0.01066661
0.01054192
0.01071310
0.01057839
0.01058912
0.01069808
0.01076198
0.01071310
0.01078153
0.01060581
0.01061773
0.01061320
0.01079273
0.01076555
0.01072121
0.01073432
0.01068401
0.01064563
0.01064324
0.01063824
0.01075554
0.01062536
0.01074409
0.01063251
