0.00517845
0.01430392
0.01472425
0.01423550
0.01368117
0.01357317
0.01362348
0.01349568
0.01373887
0.01340580
0.01335287
0.01356006
0.01360321
0.01346731
0.01366830
0.01350403
0.01335955
0.01372743
0.01349163
0.01336503
0.01350570
0.01343989
0.01326418
0.01352787
0.01343060
0.01356220
0.01350856
0.01346183
0.01339555
0.01355052
0.01350570
0.01305699
0.01347470
0.01357055
0.01348662
0.01359963
0.01334357
0.01337600
0.01358056
0.01352477
0.01335788
0.01357412
0.01342988
0.01339746
0.01379919
0.01349902
0.01331258
0.01346016
0.01353383
0.01333785
0.01333117
0.01352215
0.01347256
0.01325226
0.01325917
0.01329398
0.01318264
0.01324391
0.01331997
0.01332760
0.01345253
0.01342797
0.01345706
0.01355147
0.01337218
0.01336193
0.01345468
0.01327205
0.01339650
0.01344180
0.01328373
0.01345348
0.01350713
0.01333952
0.01340866
0.01337957
0.01338530
0.01330853
0.01346540
0.01316810
0.01326299
0.01313877
0.01316595
0.01328254
0.01311469
0.01326084
0.01348114
0.01314211
0.01330876
0.01347733
0.01318574
0.01308203
0.01309419
0.01327634
0.01315475
0.01348138
0.01326609
0.01318645
0.01343489
0.01297665
0.01319289
0.01338196
0.01327491
0.01310515
0.01330304
0.01312947
0.01314521
0.01329255
0.01329398
0.01347375
0.01329970
0.01326895
0.01328802
0.01323724
0.01325703
0.01317453
0.01333690
0.01310325
0.01311898
0.01356959
0.01334620
0.01312685
0.01332045
0.01311994
0.01321721
0.01333475
0.01322150
0.01318407
0.01308250
0.01315904
0.01323056
0.01326609
0.01318836
0.01291609
0.01329160
0.01315832
0.01306534
0.01328874
0.01315069
0.01322746
0.01319122
0.01301742
0.01340389
0.01316690
0.01311231
0.01306796
0.01317358
0.01328182
0.01306581
0.01305962
0.01338506
0.01331091
0.01326990
0.01323652
0.01297379
0.01309681
0.01307273
0.01307368
0.01317644
0.01308298
0.01326585
0.01309776
0.01324177
0.01298380
0.01315546
0.01295114
0.01290488
0.01302862
0.01312423
0.01303363
0.01330686
0.01320696
0.01309466
0.01316285
0.01305342
0.01284027
0.01298761
0.01321054
0.01322389
0.01307082
0.01315498
0.01307511
0.01302028
0.01315188
0.01298380
0.01307297
0.01328516
0.01315761
0.01318264
0.01281953
0.01307130
0.01312685
0.01333809
0.01301527
0.01302838
0.01325560
0.01313353
0.01305056
0.01317739
0.01320910
0.01315141
0.01302576
0.01320195
0.01296186
0.01306939
0.01315045
0.01314998
0.01301455
0.01302528
0.01303244
0.01328754
0.01298523
0.01306295
0.01315117
0.01320267
0.01343274
0.01315999
0.01289082
0.01308560
0.01304102
0.01296926
0.01300502
0.01301360
0.01315308
0.01305032
0.01285815
0.01293373
0.01299810
0.01298141
0.01305246
0.01312041
0.01284409
0.01308632
0.01300168
0.01302099
0.01310420
0.01301122
0.01300502
0.01269221
0.01308274
0.01291347
0.01296592
0.01314545
0.01316547
0.01290822
0.01289701
0.01296997
0.01289344
0.01293612
0.01288843
0.01289344
0.01287556
0.01286101
0.01288939
0.01308322
0.01307201
0.01283407
0.01287413
0.01307321
0.01280880
0.01286888
0.01284242
0.01302123
0.01302314
0.01303673
0.01297998
0.01289892
0.01301122
0.01282740
0.01284719
0.01299453
0.01285648
0.01296449
0.01291728
0.01283240
0.01313210
0.01294994
0.01292920
0.01294923
0.01299715
0.01300764
0.01298571
0.01291370
0.01297355
0.01297116
0.01318693
0.01287556
0.01314449
0.01297235
0.01272821
0.01283979
0.01290083
0.01294899
0.01290727
0.01263762
0.01280951
0.01265192
0.01267409
0.01267743
0.01282239
0.01289558
0.01280570
0.01282454
0.01311707
0.01302075
0.01291156
0.01286244
0.01294971
0.01281190
0.01301980
0.01294446
0.01286960
0.01298761
0.01281548
0.01283622
0.01278496
0.01267076
0.01283360
0.01289511
0.01304245
0.01293278
0.01286530
0.01315856
0.01291585
0.01293802
0.01278830
0.01296306
0.01278996
0.01316357
0.01288819
0.01268649
0.01277566
0.01279426
0.01276422
0.01273322
0.01278329
0.01277542
0.01290226
0.01291347
0.01315904
0.01279736
0.01277781
0.01283050
0.01289320
0.01285195
0.01291513
0.01292586
0.01295567
0.01278615
0.01276612
0.01277900
