0.00416136
0.01124525
0.01190424
0.01136565
0.01093793
0.01061630
0.01062918
0.01052856
0.01062822
0.01061058
0.01057220
0.01059127
0.01062918
0.01054573
0.01058292
0.01055479
0.01059413
0.01068497
0.01059580
0.01059270
0.01159906
0.01099873
0.01070261
0.01065516
0.01065540
0.01053023
0.01064539
0.01069283
0.01058674
0.01064658
0.01071119
0.01062250
0.01054716
0.01067734
0.01067400
0.01070452
0.01056147
0.01060271
0.01059937
0.01063275
0.01044130
0.01056480
0.01059818
0.01064825
0.01046896
0.01063156
0.01056600
0.01061296
0.01063752
0.01052952
0.01065397
0.01054502
0.01051211
0.01098061
0.01061082
0.01056433
0.01064467
0.01061416
0.01060176
0.01066756
0.01056457
0.01062036
0.01091027
0.01059699
0.01058102
0.01137757
0.01117635
0.01062727
0.01067543
0.01060462
0.01063490
0.01070118
0.01065207
0.01059461
0.01069880
0.01063895
0.01064229
0.01061988
0.01061606
0.01062202
0.01075125
0.01047850
0.01063228
0.01070285
0.01061249
0.01051927
0.01068926
0.01062012
0.01067209
0.01065874
0.01059628
0.01059055
0.01071429
0.01054955
0.01063704
0.01058054
0.01067805
0.01063538
0.01062346
0.01067233
0.01068115
0.01060867
0.01055217
0.01056314
0.01064944
0.01050496
0.01065516
0.01059580
0.01066399
0.01061440
0.01069713
0.01091886
0.01076984
0.01071286
0.01063037
0.01067281
0.01064301
0.01064658
0.01056457
0.01070714
0.01069641
0.01071119
0.01064134
0.01057625
0.01069093
0.01073313
0.01070285
0.01068854
0.01071405
0.01068401
0.01069403
0.01088881
0.01066351
0.01074409
0.01062894
0.01056290
0.01060319
0.01061487
0.01069474
0.01067877
0.01063728
0.01060939
0.01075101
0.01062012
0.01065660
0.01077199
0.01065564
0.01062965
0.01058292
0.01062489
0.01063156
0.01067519
0.01060629
0.01069093
0.01068425
0.01068974
0.01098704
0.01110554
0.01070046
0.01064420
0.01073456
0.01071119
0.01078296
0.01075363
0.01080060
0.01072645
0.01076293
0.01070094
0.01068044
0.01072335
0.01057887
0.01070881
0.01070809
0.01069498
0.01061106
0.01071310
0.01063681
0.01076102
0.01065373
0.01065969
0.01067591
0.01071906
0.01057482
0.01065612
0.01063681
0.01058292
0.01070714
0.01068735
0.01064944
0.01065135
0.01070476
0.01067162
0.01066875
0.01063156
0.01062989
0.01060200
0.01055837
0.01069236
0.01068592
0.01064706
0.01069260
0.01145291
0.01101184
0.01064873
0.01062441
0.01057220
0.01053905
0.01056409
0.01056957
0.01062155
0.01081848
0.01060843
0.01058054
0.01059747
0.01065612
0.01061606
0.01073742
0.01065803
0.01065326
0.01057267
0.01051092
0.01062107
0.01060891
0.01073217
0.01054192
