0.00408077
0.01071191
0.01201081
0.01123714
0.01057458
0.01082683
0.01040530
0.01043820
0.01052308
0.01046181
0.01052594
0.01050329
0.01055264
0.01049089
0.01045275
0.01054239
0.01053429
0.01038218
0.01043248
0.01053882
0.01037335
0.01040983
0.01050305
0.01035213
0.01040602
0.01048541
0.01033282
0.01040983
0.01045346
0.01040244
0.01040411
0.01052308
0.01043963
0.01047540
0.01117182
0.01043081
0.01048255
0.01040602
0.01041150
0.01045227
0.01040912
0.01040769
0.01038384
0.01053309
0.01039982
0.01053262
0.01050544
0.01054645
0.01051736
0.01050258
0.01044321
0.01040959
0.01041269
0.01034689
0.01038170
0.01033831
0.01055312
0.01053667
0.01037002
0.01056218
0.01051164
0.01040554
0.01048708
0.01052022
0.01061320
0.01051831
0.01049185
0.01053119
0.01057196
0.01051164
0.01047301
0.01050472
0.01050162
0.01048779
0.01059103
0.01057863
0.01051807
0.01064992
0.01043320
0.01110697
0.01116061
0.01045847
0.01055813
0.01054502
0.01055884
0.01052904
0.01053047
0.01052761
0.01054239
0.01054740
0.01052403
0.01058030
0.01045322
0.01049113
0.01059890
0.01068139
0.01051593
0.01052570
0.01056099
0.01052642
0.01054716
0.01050091
0.01048040
0.01049709
0.01049709
0.01053953
0.01068115
0.01055050
0.01058960
0.01056051
0.01068354
0.01055002
0.01059675
0.01051164
0.01065278
0.01055408
0.01059842
0.01061916
0.01059103
0.01046515
0.01057982
0.01061821
0.01066566
0.01058125
0.01071310
0.01134610
0.01072145
0.01059890
0.01056910
0.01061797
0.01057243
0.01053190
0.01056743
0.01059914
0.01054502
0.01052570
0.01058269
0.01058221
0.01070142
0.01058102
0.01056147
0.01065516
0.01062274
0.01055980
0.01055956
0.01062965
0.01064992
0.01054525
0.01060557
0.01059628
0.01062632
0.01053286
0.01050067
0.01062036
0.01064563
0.01058555
0.01094127
0.01063609
0.01065278
0.01063228
0.01060104
0.01058817
0.01057386
0.01059103
0.01060390
0.01062965
0.01064849
0.01054525
0.01061440
0.01054645
0.01113415
0.01095772
0.01060843
0.01052856
0.01061368
0.01059341
0.01058555
0.01063085
0.01064038
0.01059771
0.01071119
0.01061392
0.01064992
0.01056170
0.01073837
0.01060772
0.01068020
0.01061797
0.01071167
0.01065373
0.01054239
0.01065969
0.01061392
0.01060891
0.01065969
0.01063180
0.01060891
0.01062298
0.01062226
0.01053476
0.01073885
0.01056051
0.01058888
0.01060963
0.01057839
0.01054072
0.01057839
0.01062346
0.01061559
0.01052713
0.01063609
0.01058531
0.01057363
0.01059175
0.01062608
0.01070905
0.01123190
0.01068068
0.01059127
0.01062846
0.01063180
0.01065707
0.01093674
0.01055932
0.01065278
0.01062608
0.01064062
0.01059961
0.01068544
0.01064396
0.01069379
0.01062655
0.01066780
0.01062918
0.01072598
0.01058722
0.01063514
0.01070428
0.01060987
0.01063061
0.01054192
0.01065612
0.01068401
0.01065779
0.01057506
0.01067138
0.01060653
0.01074147
0.01065278
0.01087618
0.01071644
0.01066756
0.01062965
0.01049185
0.01065707
0.01058340
0.01063323
0.01066804
0.01064730
0.01061225
0.01069427
0.01144052
0.01065993
0.01101089
0.01067185
0.01074076
0.01063776
0.01060414
0.01060891
0.01067209
0.01064992
