205.000,151.000,17.000,50.000
203.338,149.594,17.000,50.000
202.188,148.443,17.000,50.000
200.782,149.594,17.000,50.000
200.398,148.188,17.000,50.000
198.992,149.083,17.000,50.000
198.097,147.932,17.000,50.000
194.902,146.782,17.000,50.000
194.262,146.654,17.000,50.000
192.856,145.759,17.000,50.000
191.195,145.120,17.000,50.000
189.788,144.736,17.000,50.000
188.894,143.330,17.000,50.000
188.255,144.225,17.000,50.000
186.337,143.075,17.000,50.000
184.420,142.436,17.000,50.000
184.292,143.330,17.000,50.000
182.630,141.924,17.000,50.000
183.014,141.029,17.000,50.000
181.096,141.157,17.000,50.000
179.434,139.495,17.000,50.000
178.284,138.345,17.000,50.000
177.134,137.450,17.000,50.000
176.494,138.345,17.000,50.000
176.111,137.450,17.000,50.000
174.705,138.089,17.000,50.000
174.066,137.195,17.000,50.000
172.148,135.788,17.000,50.000
171.509,134.638,17.000,50.000
170.614,132.976,17.000,50.000
169.208,132.081,17.000,50.000
167.802,131.698,17.000,50.000
166.652,129.269,17.000,50.000
165.757,127.863,17.000,50.000
164.606,126.201,17.000,50.000
163.456,125.562,17.000,50.000
164.351,126.713,17.000,50.000
164.479,127.352,17.000,50.000
163.584,126.713,17.000,50.000
162.433,125.307,17.000,50.000
163.328,124.667,17.000,50.000
162.178,123.006,17.000,50.000
160.260,121.855,17.000,50.000
159.365,121.472,17.000,50.000
160.005,121.088,17.000,50.000
159.877,121.983,17.000,50.000
160.772,122.622,17.000,50.000
158.854,123.261,17.000,50.000
157.192,122.622,17.000,50.000
155.531,121.727,17.000,50.000
154.380,121.088,17.000,50.000
153.230,120.193,17.000,50.000
151.312,118.276,17.000,50.000
150.162,117.637,17.000,50.000
149.011,116.998,17.000,50.000
149.139,117.637,17.000,50.000
147.222,116.998,17.000,50.000
145.816,118.148,17.000,50.000
145.943,118.532,17.000,50.000
144.282,117.381,17.000,50.000
141.853,118.276,17.000,50.000
139.424,116.359,17.000,50.000
137.507,115.208,17.000,50.000
136.356,115.080,17.000,50.000
134.695,114.952,17.000,50.000
134.055,114.825,17.000,50.000
132.138,115.464,17.000,50.000
131.243,116.103,17.000,50.000
129.070,113.674,17.000,50.000
126.897,111.757,17.000,50.000
125.491,110.606,17.000,50.000
124.085,109.456,17.000,50.000
122.679,108.817,17.000,50.000
123.318,107.666,17.000,50.000
121.145,106.772,17.000,50.000
119.739,106.644,17.000,50.000
118.077,106.005,17.000,50.000
116.671,105.621,17.000,50.000
115.265,104.215,17.000,50.000
114.114,105.365,17.000,50.000
112.964,104.471,17.000,50.000
111.790,103.402,16.637,48.934
110.914,102.276,16.637,48.934
109.288,102.651,16.637,48.934
107.411,104.028,16.637,48.934
105.285,103.152,16.637,48.934
103.894,102.588,16.283,47.890
102.062,102.037,15.935,46.869
100.984,103.355,15.935,46.869
98.947,101.078,15.935,46.869
97.389,99.281,15.935,46.869
96.071,98.442,15.935,46.869
94.273,99.041,15.935,46.869
92.716,99.640,15.935,46.869
91.158,98.802,15.935,46.869
90.799,99.640,15.935,46.869
88.043,98.322,15.935,46.869
86.964,97.723,15.935,46.869
84.688,97.124,15.935,46.869
83.356,96.585,15.596,45.869
82.053,97.413,15.263,44.891
81.250,97.987,15.263,44.891
80.676,96.954,15.263,44.891
79.184,97.757,15.263,44.891
78.151,97.183,15.263,44.891
76.429,97.757,15.263,44.891
74.478,96.036,15.263,44.891
72.527,94.773,15.263,44.891
70.588,93.371,14.938,43.934
68.474,93.515,14.619,42.997
67.045,93.625,14.619,42.997
66.276,93.515,14.619,42.997
64.418,93.867,14.307,42.080
63.020,93.545,14.307,42.080
62.267,92.792,14.307,42.080
61.083,92.684,14.307,42.080
59.681,92.199,14.002,41.183
58.101,92.515,14.002,41.183
56.733,91.147,14.002,41.183
57.049,92.094,14.002,41.183
