180.000,79.000,37.000,114.000
178.563,82.736,37.000,114.000
177.701,87.623,37.000,114.000
178.563,91.934,37.000,114.000
177.701,94.521,37.000,114.000
176.838,93.084,37.000,114.000
175.976,95.670,37.000,114.000
175.114,96.533,37.000,114.000
172.527,95.670,37.000,114.000
169.940,98.257,37.000,114.000
166.779,101.419,37.000,114.000
163.617,102.856,37.000,114.000
161.030,103.718,37.000,114.000
158.444,100.556,37.000,114.000
157.581,97.970,37.000,114.000
158.444,94.808,37.000,114.000
157.581,92.221,37.000,114.000
157.294,90.209,37.000,114.000
160.455,92.796,37.000,114.000
161.893,95.383,37.000,114.000
162.755,96.820,37.000,114.000
163.617,96.533,37.000,114.000
166.204,98.545,37.000,114.000
165.916,95.383,37.000,114.000
166.779,93.946,37.000,114.000
168.216,95.958,37.000,114.000
169.078,95.096,37.000,114.000
169.940,93.084,37.000,114.000
171.952,91.072,37.000,114.000
172.240,91.359,37.000,114.000
171.377,90.497,37.000,114.000
170.515,92.509,37.000,114.000
168.503,89.922,37.000,114.000
169.365,87.910,37.000,114.000
171.377,86.473,37.000,114.000
171.665,85.036,37.000,114.000
169.653,85.898,37.000,114.000
169.940,86.760,37.000,114.000
169.078,87.623,37.000,114.000
169.365,89.635,37.000,114.000
166.779,91.072,37.000,114.000
163.617,89.635,37.000,114.000
162.755,90.497,37.000,114.000
161.318,89.635,37.000,114.000
159.306,86.473,37.000,114.000
155.569,83.886,37.000,114.000
150.700,88.149,36.211,111.569
147.606,86.743,36.211,111.569
144.512,85.336,36.211,111.569
144.793,87.868,36.211,111.569
142.824,90.962,36.211,111.569
143.105,92.368,36.211,111.569
142.262,88.712,36.211,111.569
144.793,88.993,36.211,111.569
145.637,87.586,36.211,111.569
147.606,86.743,36.211,111.569
150.700,91.525,36.211,111.569
156.607,93.494,36.211,111.569
160.264,89.274,36.211,111.569
163.921,86.180,36.211,111.569
166.453,88.149,36.211,111.569
168.984,86.743,36.211,111.569
168.140,84.211,36.211,111.569
171.234,81.117,36.211,111.569
172.641,79.710,36.211,111.569
176.298,81.117,36.211,111.569
176.579,83.648,36.211,111.569
176.860,86.180,36.211,111.569
176.579,87.024,36.211,111.569
177.985,85.617,36.211,111.569
178.267,83.648,36.211,111.569
177.423,81.679,36.211,111.569
178.267,83.648,36.211,111.569
177.985,82.242,36.211,111.569
179.392,84.774,36.211,111.569
179.673,86.743,36.211,111.569
180.517,89.274,36.211,111.569
176.860,88.993,36.211,111.569
165.890,92.650,36.211,111.569
164.483,94.056,36.211,111.569
164.202,90.962,36.211,111.569
162.342,87.101,37.012,114.037
162.055,85.089,37.012,114.037
162.917,83.651,37.012,114.037
164.355,83.363,37.012,114.037
166.368,84.801,37.012,114.037
168.955,82.788,37.012,114.037
170.393,81.926,37.012,114.037
173.555,81.063,37.012,114.037
173.843,77.326,37.012,114.037
176.431,75.313,37.012,114.037
181.092,76.736,37.831,116.560
183.149,74.091,37.831,116.560
184.619,76.736,37.831,116.560
184.913,79.381,37.831,116.560
186.970,81.438,37.831,116.560
186.088,83.495,37.831,116.560
184.619,83.789,37.831,116.560
183.737,81.144,37.831,116.560
182.268,81.438,37.831,116.560
183.149,78.793,37.831,116.560
181.680,80.850,37.831,116.560
180.798,80.557,37.831,116.560
179.329,77.912,37.831,116.560
180.211,79.969,37.831,116.560
179.917,79.087,37.831,116.560
180.211,77.618,37.831,116.560
176.978,72.622,37.831,116.560
174.333,67.038,37.831,116.560
172.864,63.218,37.831,116.560
170.219,60.573,37.831,116.560
166.986,57.928,37.831,116.560
163.754,57.047,37.831,116.560
160.521,59.104,37.831,116.560
157.876,63.512,37.831,116.560
155.819,66.744,37.831,116.560
154.937,68.802,37.831,116.560
153.604,68.427,38.668,119.139
151.501,72.932,38.668,119.139
150.000,75.636,38.668,119.139
152.703,78.339,38.668,119.139
156.608,76.837,38.668,119.139
158.710,79.541,38.668,119.139
161.414,79.240,38.668,119.139
164.117,78.940,38.668,119.139
167.421,76.237,38.668,119.139
170.125,79.541,38.668,119.139
171.627,82.845,38.668,119.139
173.129,80.141,38.668,119.139
175.231,79.240,38.668,119.139
176.733,82.544,38.668,119.139
178.235,86.449,38.668,119.139
179.136,89.754,38.668,119.139
180.037,87.651,38.668,119.139
181.539,91.556,38.668,119.139
181.239,95.461,38.668,119.139
183.341,99.366,38.668,119.139
184.843,101.468,38.668,119.139
183.942,102.970,38.668,119.139
183.041,102.670,38.668,119.139
181.539,105.974,38.668,119.139
180.638,103.871,38.668,119.139
181.539,105.373,38.668,119.139
181.840,100.868,38.668,119.139
182.140,99.366,38.668,119.139
181.840,100.267,38.668,119.139
179.737,96.963,38.668,119.139
181.840,93.058,38.668,119.139
183.341,95.160,38.668,119.139
182.440,97.263,38.668,119.139
182.741,93.358,38.668,119.139
184.843,89.453,38.668,119.139
185.144,86.750,38.668,119.139
184.843,87.050,38.668,119.139
183.341,84.347,38.668,119.139
181.840,84.647,38.668,119.139
179.854,79.901,39.524,121.775
178.933,76.524,39.524,121.775
177.397,78.673,39.524,121.775
175.248,79.594,39.524,121.775
177.397,78.673,39.524,121.775
182.003,77.752,39.524,121.775
185.994,79.901,39.524,121.775
185.687,76.524,39.524,121.775
187.222,76.831,39.524,121.775
188.143,78.980,39.524,121.775
187.836,81.129,39.524,121.775
188.757,83.278,39.524,121.775
188.450,79.901,39.524,121.775
189.985,83.892,39.524,121.775
189.064,87.270,39.524,121.775
188.757,87.577,39.524,121.775
188.450,89.112,39.524,121.775
186.301,85.735,39.524,121.775
183.538,86.042,39.524,121.775
182.003,89.419,39.524,121.775
184.766,89.726,39.524,121.775
183.231,90.647,39.524,121.775
181.696,87.884,39.524,121.775
181.389,89.419,39.524,121.775
181.696,87.270,39.524,121.775
183.231,86.963,39.524,121.775
185.380,88.498,39.524,121.775
182.003,89.419,39.524,121.775
174.941,92.182,39.524,121.775
175.248,87.577,39.524,121.775
170.029,85.428,39.524,121.775
169.108,82.050,39.524,121.775
168.187,84.199,39.524,121.775
167.266,80.822,39.524,121.775
168.801,78.059,39.524,121.775
173.406,74.682,39.524,121.775
177.397,78.059,39.524,121.775
177.090,80.822,39.524,121.775
180.468,83.585,39.524,121.775
183.845,80.208,39.524,121.775
186.608,76.217,39.524,121.775
189.371,76.524,39.524,121.775
188.450,73.147,39.524,121.775
187.695,72.755,40.398,124.470
186.125,75.579,40.398,124.470
188.322,79.031,40.398,124.470
191.774,81.856,40.398,124.470
196.481,84.052,40.398,124.470
195.540,85.622,40.398,124.470
197.109,83.425,40.398,124.470
198.678,86.249,40.398,124.470
197.737,83.425,40.398,124.470
198.266,87.583,41.292,127.223
200.512,93.036,41.292,127.223
202.116,95.923,41.292,127.223
205.002,93.677,41.292,127.223
202.116,97.206,41.292,127.223
201.153,98.168,41.292,127.223
198.908,100.413,41.292,127.223
194.738,103.942,41.292,127.223
191.286,106.195,42.205,130.038
189.647,107.834,42.205,130.038
184.073,110.129,42.205,130.038
184.401,113.080,42.205,130.038
183.418,116.031,42.205,130.038
183.746,110.457,42.205,130.038
182.106,108.162,42.205,130.038
182.434,103.900,42.205,130.038
180.139,98.982,42.205,130.038
180.467,96.687,42.205,130.038
178.172,92.425,42.205,130.038
173.910,88.163,42.205,130.038
172.926,91.113,42.205,130.038
171.287,92.097,42.205,130.038
170.303,89.802,42.205,130.038
166.697,89.474,42.205,130.038
165.713,88.491,42.205,130.038
166.697,86.851,42.205,130.038
167.251,84.392,43.139,132.915
163.564,79.366,43.139,132.915
158.538,74.339,43.139,132.915
154.851,69.312,43.139,132.915
157.867,65.626,43.139,132.915
166.915,69.983,43.139,132.915
169.931,74.339,43.139,132.915
174.958,75.344,43.139,132.915
179.314,75.009,43.139,132.915
179.880,73.886,44.094,135.856
178.168,70.804,44.094,135.856
177.140,71.146,44.094,135.856
176.113,72.174,44.094,135.856
177.825,75.257,44.094,135.856
178.853,78.339,44.094,135.856
181.935,80.737,44.094,135.856
182.963,83.820,44.094,135.856
183.991,84.162,44.094,135.856
188.443,84.505,44.094,135.856
188.786,85.532,44.094,135.856
189.128,85.190,44.094,135.856
186.046,86.217,44.094,135.856
187.073,88.615,44.094,135.856
187.416,86.902,44.094,135.856
189.814,90.670,44.094,135.856
192.211,91.698,44.094,135.856
193.239,94.780,44.094,135.856
194.266,98.548,44.094,135.856
194.609,96.836,44.094,135.856
192.211,95.808,44.094,135.856
182.278,101.631,44.094,135.856
177.825,106.084,44.094,135.856
176.113,107.796,44.094,135.856
173.715,104.714,44.094,135.856
174.057,102.316,44.094,135.856
170.975,99.233,44.094,135.856
168.577,95.466,44.094,135.856
168.920,91.698,44.094,135.856
171.317,89.300,44.094,135.856
170.290,89.643,44.094,135.856
167.207,92.725,44.094,135.856
162.069,89.643,44.094,135.856
159.671,94.095,44.094,135.856
159.329,100.603,44.094,135.856
155.561,100.261,44.094,135.856
155.219,101.973,44.094,135.856
154.876,105.056,44.094,135.856
153.848,102.659,44.094,135.856
153.506,94.780,44.094,135.856
158.928,93.918,43.153,132.959
161.275,100.287,43.153,132.959
162.280,100.622,43.153,132.959
163.957,100.287,43.153,132.959
161.610,99.952,43.153,132.959
157.252,96.935,43.153,132.959
156.246,94.588,43.153,132.959
155.911,96.935,43.153,132.959
158.928,99.282,43.153,132.959
157.923,100.287,43.153,132.959
159.599,100.622,43.153,132.959
159.934,102.299,43.153,132.959
157.718,103.958,44.108,135.901
157.375,101.559,44.108,135.901
160.459,106.014,44.108,135.901
160.326,105.577,45.084,138.908
156.557,100.770,46.081,141.981
154.767,99.696,46.081,141.981
154.409,101.486,46.081,141.981
153.336,98.264,46.081,141.981
150.114,98.622,46.081,141.981
148.324,95.400,46.081,141.981
145.102,92.895,46.081,141.981
139.733,90.389,46.081,141.981
