40.000,199.000,61.000,103.000
40.961,198.039,61.000,103.000
40.000,198.360,61.000,103.000
40.320,198.039,61.000,103.000
40.000,196.439,61.000,103.000
39.680,197.399,61.000,103.000
38.719,195.158,61.000,103.000
38.399,196.118,61.000,103.000
39.360,193.237,61.000,103.000
38.399,195.478,61.000,103.000
38.079,191.956,61.000,103.000
37.118,189.075,61.000,103.000
38.079,185.553,61.000,103.000
36.478,180.750,61.000,103.000
37.439,174.667,61.000,103.000
36.478,166.662,61.000,103.000
37.439,159.298,61.000,103.000
38.399,153.855,61.000,103.000
39.360,146.491,61.000,103.000
40.961,139.767,61.000,103.000
42.561,131.122,61.000,103.000
44.803,125.679,61.000,103.000
47.044,119.596,61.000,103.000
51.206,114.153,61.000,103.000
54.728,108.710,61.000,103.000
59.531,100.706,61.000,103.000
63.174,95.912,62.350,105.279
70.047,90.349,62.350,105.279
76.265,84.131,62.350,105.279
82.483,78.567,62.350,105.279
88.046,74.313,62.350,105.279
92.301,68.750,62.350,105.279
97.383,63.171,63.729,107.608
106.048,58.163,65.139,109.989
115.963,57.137,65.139,109.989
127.246,54.744,65.139,109.989
139.213,55.086,65.139,109.989
148.444,57.479,65.139,109.989
154.463,51.651,66.580,112.423
166.695,49.205,66.580,112.423
176.130,51.651,66.580,112.423
183.008,47.144,68.053,114.910
192.652,45.358,68.053,114.910
203.011,46.430,68.053,114.910
212.655,50.359,68.053,114.910
219.442,45.715,68.053,114.910
226.943,44.644,68.053,114.910
233.730,46.430,68.053,114.910
239.802,47.501,68.053,114.910
245.875,48.573,68.053,114.910
250.518,50.359,68.053,114.910
255.162,52.145,68.053,114.910
259.091,53.931,68.053,114.910
262.415,56.736,69.559,117.452
265.812,57.331,71.098,120.051
269.171,57.704,71.098,120.051
272.529,59.570,71.098,120.051
275.888,62.182,71.098,120.051
280.739,65.541,71.098,120.051
284.844,68.900,71.098,120.051
288.203,73.005,71.098,120.051
291.561,77.110,71.098,120.051
294.920,81.961,71.098,120.051
299.025,87.559,71.098,120.051
303.876,91.664,71.098,120.051
309.474,96.515,71.098,120.051
313.579,102.113,71.098,120.051
318.430,107.710,71.098,120.051
324.774,113.308,71.098,120.051
329.626,118.906,71.098,120.051
334.477,124.503,71.098,120.051
338.582,129.355,71.098,120.051
342.687,134.952,71.098,120.051
346.792,142.789,71.098,120.051
350.151,149.880,71.098,120.051
354.256,156.224,71.098,120.051
357.614,161.821,71.098,120.051
359.480,168.165,71.098,120.051
359.107,173.763,71.098,120.051
362.466,178.615,71.098,120.051
361.346,183.466,71.098,120.051
363.212,187.571,71.098,120.051
362.092,191.676,71.098,120.051
361.719,195.034,71.098,120.051
359.853,196.900,71.098,120.051
359.480,198.020,71.098,120.051
357.614,195.408,71.098,120.051
357.241,198.020,71.098,120.051
358.361,194.661,71.098,120.051
357.241,192.049,71.098,120.051
356.868,190.183,71.098,120.051
356.495,187.571,71.098,120.051
357.614,185.705,71.098,120.051
357.987,184.585,71.098,120.051
360.600,180.480,71.098,120.051
360.227,177.868,71.098,120.051
364.332,174.510,71.098,120.051
366.888,171.833,69.582,117.491
365.792,167.816,69.582,117.491
366.888,163.798,69.582,117.491
367.253,158.320,69.582,117.491
366.888,152.841,69.582,117.491
367.984,148.094,69.582,117.491
366.888,141.885,69.582,117.491
365.062,136.406,69.582,117.491
363.236,130.928,69.582,117.491
359.949,128.372,69.582,117.491
355.931,125.085,69.582,117.491
351.914,121.067,69.582,117.491
347.166,117.780,69.582,117.491
342.418,115.224,69.582,117.491
336.940,116.319,69.582,117.491
329.729,115.398,71.121,120.090
321.889,114.279,71.121,120.090
314.796,113.905,71.121,120.090
305.876,110.640,72.695,122.747
297.551,107.303,74.303,125.463
290.141,109.253,74.303,125.463
283.510,109.643,74.303,125.463
276.100,109.253,74.303,125.463
269.470,108.083,74.303,125.463
261.770,111.146,75.947,128.239
255.790,107.558,75.947,128.239
250.608,110.349,75.947,128.239
243.564,111.825,77.628,131.076
238.267,111.418,77.628,131.076
232.970,112.640,77.628,131.076
228.488,113.862,77.628,131.076
224.821,115.085,77.628,131.076
222.784,118.752,77.628,131.076
220.747,123.234,77.628,131.076
217.895,126.086,77.628,131.076
217.487,128.123,77.628,131.076
216.265,131.790,77.628,131.076
215.857,135.457,77.628,131.076
215.450,139.939,77.628,131.076
218.302,144.421,77.628,131.076
217.895,148.088,77.628,131.076
219.995,149.597,79.345,133.976
222.910,148.348,79.345,133.976
227.491,150.430,79.345,133.976
231.240,150.847,79.345,133.976
237.487,152.096,79.345,133.976
241.235,148.348,79.345,133.976
246.649,150.430,79.345,133.976
251.230,149.181,79.345,133.976
255.811,146.266,79.345,133.976
261.225,149.181,79.345,133.976
268.305,147.932,79.345,133.976
274.552,150.014,79.345,133.976
279.133,152.096,79.345,133.976
283.714,152.513,79.345,133.976
289.128,154.595,79.345,133.976
289.545,155.844,79.345,133.976
296.412,155.266,77.653,131.119
300.080,158.934,77.653,131.119
300.488,160.972,77.653,131.119
303.341,158.934,77.653,131.119
306.919,164.654,75.997,128.323
306.520,168.244,75.997,128.323
308.515,164.654,75.997,128.323
312.785,169.482,74.376,125.586
312.395,167.530,74.376,125.586
314.347,169.482,74.376,125.586
317.774,166.682,72.790,122.908
320.448,170.121,72.790,122.908
324.539,166.644,71.238,120.287
328.542,165.404,69.719,117.722
332.460,169.128,68.232,115.212
335.683,165.189,68.232,115.212
339.622,166.263,68.232,115.212
344.278,164.472,68.232,115.212
347.501,164.114,68.232,115.212
352.157,163.040,68.232,115.212
356.813,164.830,68.232,115.212
362.185,163.756,68.232,115.212
366.841,164.830,68.232,115.212
372.213,164.472,68.232,115.212
376.869,164.830,68.232,115.212
380.808,159.458,68.232,115.212
385.464,157.668,68.232,115.212
389.404,155.877,68.232,115.212
394.059,154.803,68.232,115.212
397.999,151.579,68.232,115.212
401.938,149.789,68.232,115.212
405.878,147.282,68.232,115.212
409.817,148.356,68.232,115.212
414.473,147.282,68.232,115.212
418.413,144.058,68.232,115.212
420.203,140.835,68.232,115.212
422.710,141.193,68.232,115.212
425.217,140.119,68.232,115.212
426.292,137.612,68.232,115.212
428.799,139.403,68.232,115.212
431.306,136.896,68.232,115.212
432.380,139.403,68.232,115.212
434.171,140.477,68.232,115.212
435.245,141.551,68.232,115.212
437.036,139.761,68.232,115.212
438.827,142.984,68.232,115.212
441.333,144.058,68.232,115.212
443.124,143.700,68.232,115.212
445.631,142.626,68.232,115.212
446.706,143.700,68.232,115.212
448.496,139.761,68.232,115.212
448.138,137.970,68.232,115.212
449.212,134.031,68.232,115.212
449.571,128.659,68.232,115.212
449.953,122.638,66.777,112.755
451.003,116.070,65.353,110.350
447.916,110.239,65.353,110.350
446.200,107.152,65.353,110.350
443.799,102.006,65.353,110.350
440.712,96.861,65.353,110.350
436.939,88.971,65.353,110.350
430.421,77.651,65.353,110.350
422.936,71.092,66.799,112.792
416.275,68.638,66.799,112.792
405.714,63.389,68.277,115.287
396.038,59.447,68.277,115.287
381.345,56.221,68.277,115.287
368.085,50.846,68.277,115.287
351.958,54.071,68.277,115.287
336.548,50.846,68.277,115.287
318.318,43.250,69.788,117.838
298.164,37.006,71.332,120.445
282.065,34.385,71.332,120.445
265.965,37.006,71.332,120.445
250.615,39.626,71.332,120.445
233.018,36.257,71.332,120.445
214.748,35.313,72.910,123.110
196.762,31.869,72.910,123.110
176.501,26.933,74.523,125.834
160.463,20.284,74.523,125.834
145.990,14.416,74.523,125.834
133.082,18.719,74.523,125.834
126.433,21.457,74.523,125.834
113.524,17.937,74.523,125.834
98.496,20.197,76.172,128.618
90.900,21.397,76.172,128.618
84.103,23.396,76.172,128.618
78.106,25.395,76.172,128.618
70.211,27.705,77.857,131.463
63.264,31.383,77.857,131.463
56.317,35.878,77.857,131.463
51.005,34.652,77.857,131.463
45.692,39.965,77.857,131.463
42.014,45.277,77.857,131.463
39.154,50.590,77.857,131.463
34.658,55.902,77.857,131.463
30.981,62.850,77.857,131.463
28.937,70.614,77.857,131.463
24.647,77.924,76.197,128.660
21.847,85.523,76.197,128.660
17.448,90.722,76.197,128.660
11.449,96.721,76.197,128.660
4.650,102.720,76.197,128.660
1.850,107.920,76.197,128.660
-1.749,113.119,76.197,128.660
-2.949,118.318,76.197,128.660
-4.949,121.918,76.197,128.660
-5.349,125.517,76.197,128.660
-5.749,127.517,76.197,128.660
-3.780,131.587,74.572,125.916
-2.607,135.570,72.982,123.231
-0.722,138.731,71.425,120.603
2.569,143.269,69.902,118.031
1.469,146.571,69.902,118.031
5.505,149.139,69.902,118.031
8.807,154.643,69.902,118.031
14.857,161.206,68.411,115.514
18.807,167.310,68.411,115.514
22.038,180.596,68.411,115.514
25.270,185.264,68.411,115.514
28.502,189.214,68.411,115.514
31.015,191.727,68.411,115.514
32.811,194.241,68.411,115.514
34.606,194.600,68.411,115.514
34.965,197.113,68.411,115.514
36.760,196.754,68.411,115.514
37.838,197.113,68.411,115.514
38.915,197.473,68.411,115.514
39.992,198.550,68.411,115.514
41.069,198.191,68.411,115.514
42.147,198.550,68.411,115.514
43.224,201.063,68.411,115.514
43.583,200.704,68.411,115.514
43.224,203.936,68.411,115.514
44.301,204.295,68.411,115.514
43.224,205.372,68.411,115.514
45.019,202.859,68.411,115.514
45.378,205.372,68.411,115.514
43.583,201.422,68.411,115.514
45.378,206.809,68.411,115.514
44.301,201.422,68.411,115.514
45.378,205.372,68.411,115.514
45.737,200.704,68.411,115.514
46.815,203.936,68.411,115.514
48.610,208.604,68.411,115.514
45.991,200.993,69.925,118.070
47.826,202.094,69.925,118.070
48.193,203.195,69.925,118.070
49.294,203.562,69.925,118.070
47.378,196.544,71.472,120.682
47.753,199.920,71.472,120.682
48.878,201.046,71.472,120.682
47.003,196.169,71.472,120.682
46.628,196.544,71.472,120.682
45.502,196.919,71.472,120.682
45.127,192.793,71.472,120.682
45.502,194.668,71.472,120.682
42.876,192.793,71.472,120.682
44.752,193.918,71.472,120.682
42.126,195.794,71.472,120.682
44.002,193.168,71.472,120.682
42.126,195.044,71.472,120.682
43.251,195.419,71.472,120.682
44.377,195.794,71.472,120.682
41.751,195.419,71.472,120.682
43.626,195.794,71.472,120.682
42.501,193.918,71.472,120.682
43.626,195.794,71.472,120.682
42.501,196.169,71.472,120.682
43.626,194.293,71.472,120.682
42.501,196.169,71.472,120.682
44.377,192.793,71.472,120.682
43.251,195.419,71.472,120.682
44.377,195.794,71.472,120.682
43.251,193.168,71.472,120.682
45.877,196.544,71.472,120.682
43.251,197.670,71.472,120.682
45.877,195.794,71.472,120.682
42.501,198.420,71.472,120.682
45.127,198.795,71.472,120.682
42.501,199.170,71.472,120.682
45.127,198.795,71.472,120.682
40.250,199.920,71.472,120.682
42.876,200.296,71.472,120.682
40.250,201.421,71.472,120.682
39.125,201.046,71.472,120.682
37.999,201.421,71.472,120.682
37.624,201.796,71.472,120.682
37.249,200.671,71.472,120.682
37.624,200.296,71.472,120.682
37.999,201.421,71.472,120.682
38.374,201.046,71.472,120.682
37.249,199.920,71.472,120.682
38.374,200.296,71.472,120.682
37.249,201.421,71.472,120.682
37.624,201.046,71.472,120.682
37.249,201.421,71.472,120.682
38.374,201.796,71.472,120.682
37.249,199.920,71.472,120.682
38.374,201.796,71.472,120.682
37.249,199.920,71.472,120.682
39.125,201.046,71.472,120.682
41.751,198.420,71.472,120.682
43.626,198.795,71.472,120.682
42.501,199.170,71.472,120.682
44.377,197.294,71.472,120.682
40.862,198.684,73.053,123.352
44.313,196.000,73.053,123.352
42.311,195.829,74.670,126.081
42.705,192.401,76.322,128.871
40.702,193.603,76.322,128.871
42.705,189.196,76.322,128.871
39.782,193.173,78.010,131.722
41.830,195.221,78.010,131.722
39.692,196.737,79.736,134.637
42.622,197.993,79.736,134.637
41.366,194.226,79.736,134.637
44.233,197.679,78.036,131.765
43.824,198.088,78.036,131.765
46.630,197.519,76.372,128.956
47.832,196.317,76.372,128.956
45.828,193.511,76.372,128.956
48.574,191.408,74.743,126.206
47.397,188.662,74.743,126.206
47.790,184.347,74.743,126.206
48.967,179.247,74.743,126.206
50.928,172.577,74.743,126.206
52.105,165.123,74.743,126.206
54.067,156.100,74.743,126.206
54.486,148.749,73.149,123.514
57.173,142.222,73.149,123.514
58.325,136.463,73.149,123.514
61.013,129.936,73.149,123.514
64.468,123.409,73.149,123.514
69.459,117.649,73.149,123.514
75.219,112.658,73.149,123.514
82.514,108.435,73.149,123.514
89.041,103.443,73.149,123.514
94.032,99.988,73.149,123.514
99.791,96.532,73.149,123.514
107.854,96.916,73.149,123.514
115.149,92.693,73.149,123.514
124.748,92.309,73.149,123.514
135.882,94.997,73.149,123.514
150.088,101.524,73.149,123.514
158.151,107.283,73.149,123.514
168.517,102.292,73.149,123.514
183.491,98.836,73.149,123.514
200.001,102.292,73.149,123.514
211.903,105.747,73.149,123.514
223.806,99.220,73.149,123.514
233.404,102.675,73.149,123.514
243.771,106.131,73.149,123.514
253.369,111.122,73.149,123.514
261.432,113.042,73.149,123.514
269.495,116.498,73.149,123.514
276.790,121.489,73.149,123.514
284.085,125.712,73.149,123.514
288.308,132.239,73.149,123.514
290.228,139.534,73.149,123.514
292.916,146.061,73.149,123.514
294.068,152.588,73.149,123.514
290.612,158.348,73.149,123.514
291.764,162.571,73.149,123.514
289.213,167.959,71.589,120.880
285.831,172.092,71.589,120.880
282.450,175.474,71.589,120.880
278.316,177.353,71.589,120.880
276.544,179.004,70.063,118.302
274.810,179.911,68.569,115.780
270.851,180.990,68.569,115.780
267.612,182.070,68.569,115.780
264.373,181.710,68.569,115.780
262.574,182.070,68.569,115.780
259.334,181.710,68.569,115.780
257.535,182.790,68.569,115.780
254.296,181.710,68.569,115.780
253.216,185.669,68.569,115.780
249.977,182.430,68.569,115.780
250.337,187.109,68.569,115.780
248.537,189.628,68.569,115.780
246.738,190.708,68.569,115.780
244.938,193.947,68.569,115.780
245.298,192.867,68.569,115.780
244.295,195.836,67.106,113.311
247.387,200.100,65.675,110.894
244.284,196.997,65.675,110.894
243.250,199.410,65.675,110.894
246.276,202.919,64.275,108.529
242.565,201.906,64.275,108.529
243.577,204.268,64.275,108.529
239.866,202.581,64.275,108.529
243.478,207.966,62.904,106.215
241.167,206.975,62.904,106.215
239.516,209.286,62.904,106.215
237.793,208.454,64.296,108.565
237.455,210.141,64.296,108.565
235.093,209.129,64.296,108.565
231.381,206.767,64.296,108.565
234.418,209.129,64.296,108.565
230.706,204.067,64.296,108.565
228.343,200.354,64.296,108.565
232.056,195.967,64.296,108.565
228.343,190.905,64.296,108.565
232.056,184.493,64.296,108.565
229.018,178.081,64.296,108.565
232.731,171.669,64.296,108.565
230.368,164.582,64.296,108.565
233.406,150.746,64.296,108.565
234.418,142.309,64.296,108.565
236.780,132.522,64.296,108.565
239.143,126.110,64.296,108.565
242.855,119.698,64.296,108.565
244.542,113.961,64.296,108.565
247.580,109.574,64.296,108.565
251.292,106.536,64.296,108.565
255.679,103.499,64.296,108.565
258.716,101.812,64.296,108.565
261.856,101.661,65.718,110.967
266.498,97.213,67.172,113.422
271.786,99.681,67.172,113.422
276.370,101.443,67.172,113.422
280.248,101.796,67.172,113.422
284.831,104.264,67.172,113.422
288.710,106.027,67.172,113.422
289.062,104.969,67.172,113.422
290.120,109.553,67.172,113.422
288.357,114.136,67.172,113.422
286.594,118.720,67.172,113.422
284.831,124.008,67.172,113.422
279.543,132.117,67.172,113.422
274.959,146.573,67.172,113.422
269.461,162.511,68.659,115.931
262.614,176.565,68.659,115.931
255.767,181.971,68.659,115.931
246.757,194.584,68.659,115.931
238.469,208.639,68.659,115.931
224.623,220.442,70.178,118.496
219.098,223.021,70.178,118.496
208.003,228.206,71.730,121.118
193.538,238.976,73.317,123.798
189.305,235.512,73.317,123.798
184.102,227.355,74.939,126.537
179.775,216.735,74.939,126.537
176.906,207.582,76.597,129.337
181.328,197.530,76.597,129.337
179.230,186.506,78.292,132.198
185.394,174.589,78.292,132.198
189.914,167.603,78.292,132.198
190.325,163.082,78.292,132.198
195.001,156.077,80.024,135.123
200.462,151.457,80.024,135.123
206.762,144.316,80.024,135.123
209.702,139.696,80.024,135.123
217.683,133.396,80.024,135.123
223.335,127.979,81.795,138.113
230.002,127.787,83.605,141.168
238.340,128.226,83.605,141.168
248.433,126.032,83.605,141.168
257.648,131.737,83.605,141.168
269.016,132.451,85.454,144.292
280.229,136.488,85.454,144.292
292.339,141.422,85.454,144.292
308.935,148.150,85.454,144.292
321.942,153.981,85.454,144.292
339.435,158.018,85.454,144.292
355.134,160.260,85.454,144.292
365.124,162.231,83.632,141.215
376.098,160.036,83.632,141.215
389.706,157.842,83.632,141.215
399.483,158.924,81.849,138.203
408.505,157.635,81.849,138.203
414.949,154.628,81.849,138.203
418.815,154.198,81.849,138.203
420.963,151.191,81.849,138.203
420.534,149.043,81.849,138.203
420.963,144.317,81.849,138.203
417.956,137.873,81.849,138.203
413.230,129.711,81.849,138.203
408.505,124.126,81.849,138.203
399.483,121.119,81.849,138.203
389.602,117.252,81.849,138.203
369.410,118.541,81.849,138.203
357.811,112.956,81.849,138.203
335.042,110.808,81.849,138.203
305.399,108.660,81.849,138.203
284.348,107.371,81.849,138.203
254.471,108.071,83.659,141.261
228.489,103.319,85.510,144.386
205.599,108.256,85.510,144.386
171.591,115.507,87.402,147.581
146.359,112.295,87.402,147.581
111.035,108.166,87.402,147.581
85.794,105.106,89.336,150.846
60.942,112.140,89.336,150.846
36.090,109.795,89.336,150.846
1.534,103.748,91.313,154.184
-10.448,105.186,91.313,154.184
-19.555,101.831,91.313,154.184
-27.703,100.393,91.313,154.184
-28.182,97.038,91.313,154.184
-30.578,93.683,91.313,154.184
-26.265,89.369,91.313,154.184
-22.910,82.180,91.313,154.184
-19.555,63.488,91.313,154.184
-6.614,53.423,91.313,154.184
13.036,46.234,91.313,154.184
32.950,39.101,89.365,150.896
46.553,33.941,89.365,150.896
59.218,29.720,89.365,150.896
68.130,32.065,89.365,150.896
77.980,36.286,89.365,150.896
86.892,40.508,89.365,150.896
93.928,44.730,89.365,150.896
102.840,41.446,89.365,150.896
95.525,46.103,91.343,154.234
83.539,52.336,91.343,154.234
77.582,58.140,89.395,150.945
74.159,55.009,91.373,154.285
79.434,56.448,91.373,154.285
75.936,52.253,93.394,157.698
77.406,53.724,93.394,157.698
77.896,51.273,93.394,157.698
77.406,52.744,93.394,157.698
78.877,53.234,93.394,157.698
74.465,52.744,93.394,157.698
77.896,53.234,93.394,157.698
76.426,52.744,93.394,157.698
74.955,52.253,93.394,157.698
77.482,50.000,95.461,161.187
73.975,50.501,95.461,161.187
76.480,51.002,95.461,161.187
74.977,50.501,95.461,161.187
78.484,52.005,95.461,161.187
71.971,49.499,95.461,161.187
75.478,52.005,95.461,161.187
73.975,50.501,95.461,161.187
75.478,50.000,95.461,161.187
74.977,51.503,95.461,161.187
74.476,50.000,95.461,161.187
75.979,52.506,95.461,161.187
73.474,50.000,95.461,161.187
75.979,51.503,95.461,161.187
74.476,48.998,95.461,161.187
73.975,49.499,95.461,161.187
76.480,50.000,95.461,161.187
73.975,49.499,95.461,161.187
75.478,48.998,95.461,161.187
72.973,48.497,95.461,161.187
74.516,47.234,97.573,164.754
74.004,48.770,97.573,164.754
76.564,49.282,97.573,164.754
72.979,45.697,97.573,164.754
75.540,48.258,97.573,164.754
72.979,46.722,97.573,164.754
76.564,48.258,97.573,164.754
72.979,46.722,97.573,164.754
76.564,48.258,97.573,164.754
72.979,46.722,97.573,164.754
76.564,48.258,97.573,164.754
74.004,46.722,97.573,164.754
73.492,48.258,97.573,164.754
77.077,47.746,97.573,164.754
73.492,46.210,97.573,164.754
77.077,47.746,97.573,164.754
73.492,46.210,97.573,164.754
77.077,47.746,97.573,164.754
73.492,46.210,97.573,164.754
77.077,47.746,97.573,164.754
73.492,46.210,97.573,164.754
74.006,43.856,99.731,168.399
71.389,43.332,99.731,168.399
75.053,44.903,99.731,168.399
71.389,42.285,99.731,168.399
76.260,45.310,101.938,172.125
74.655,44.775,101.938,172.125
74.082,43.426,104.193,175.933
70.254,40.692,104.193,175.933
69.707,36.863,104.193,175.933
75.930,30.945,106.499,179.825
72.217,38.789,104.228,175.991
77.019,43.302,102.005,172.238
73.271,45.980,102.005,172.238
77.142,39.075,104.262,176.048
74.286,35.424,106.569,179.943
77.082,33.746,106.569,179.943
73.002,36.978,108.926,183.925
74.717,35.263,108.926,183.925
75.289,38.122,108.926,183.925
74.717,34.120,108.926,183.925
74.145,33.548,108.926,183.925
72.430,32.976,108.926,183.925
70.715,33.548,108.926,183.925
70.143,32.976,108.926,183.925
73.002,30.117,108.926,183.925
69.000,34.120,108.926,183.925
73.133,30.305,111.336,187.994
71.380,28.552,111.336,187.994
74.302,29.137,111.336,187.994
72.673,38.464,108.962,183.985
70.957,36.748,108.962,183.985
72.673,39.607,108.962,183.985
72.101,36.748,108.962,183.985
74.961,38.464,108.962,183.985
72.264,43.182,106.638,180.061
73.988,37.125,108.998,184.045
73.415,36.553,108.998,184.045
73.988,37.125,108.998,184.045
75.704,36.553,108.998,184.045
72.843,41.702,108.998,184.045
74.560,38.841,108.998,184.045
72.965,44.663,106.673,180.120
73.525,40.744,106.673,180.120
71.845,44.663,106.673,180.120
75.764,42.984,106.673,180.120
74.085,40.184,106.673,180.120
71.285,44.103,106.673,180.120
75.204,41.304,106.673,180.120
72.405,41.864,106.673,180.120
72.965,46.903,106.673,180.120
75.764,42.984,106.673,180.120
74.085,40.184,106.673,180.120
71.285,45.223,106.673,180.120
74.085,41.304,106.673,180.120
71.285,44.104,106.673,180.120
75.204,41.304,106.673,180.120
72.405,44.104,106.673,180.120
76.324,43.544,106.673,180.120
73.525,41.864,106.673,180.120
72.965,45.783,106.673,180.120
74.644,42.984,106.673,180.120
72.883,38.087,109.034,184.106
74.600,42.093,109.034,184.106
71.902,41.298,106.708,180.179
72.462,46.338,106.708,180.179
74.142,42.418,106.708,180.179
73.543,37.519,109.069,184.166
74.115,39.237,109.069,184.166
72.519,42.856,106.743,180.239
71.959,42.295,106.743,180.239
72.519,41.735,106.743,180.239
73.079,44.536,106.743,180.239
73.640,40.615,106.743,180.239
70.838,44.536,106.743,180.239
75.881,40.615,106.743,180.239
74.200,44.536,106.743,180.239
73.640,39.494,106.743,180.239
69.718,42.295,106.743,180.239
68.037,40.615,106.743,180.239
73.079,43.416,106.743,180.239
79.242,39.494,106.743,180.239
140.312,29.969,106.743,180.239
118.786,37.857,109.105,184.226
106.291,39.978,111.519,188.302
101.023,49.929,111.519,188.302
95.538,59.385,113.986,192.469
94.940,75.538,113.986,192.469
98.024,96.376,116.508,196.727
102.304,106.772,116.508,196.727
105.362,115.945,116.508,196.727
112.089,127.564,116.508,196.727
118.816,135.514,116.508,196.727
127.989,142.241,116.508,196.727
134.715,151.414,116.508,196.727
141.442,161.810,116.508,196.727
148.169,168.536,116.508,196.727
156.119,172.817,116.508,196.727
164.069,175.875,116.508,196.727
172.019,180.156,116.508,196.727
182.415,185.659,116.508,196.727
190.365,191.163,116.508,196.727
199.537,188.105,116.508,196.727
209.933,189.940,116.508,196.727
222.776,186.882,116.508,196.727
229.502,185.048,116.508,196.727
238.675,184.436,116.508,196.727
253.964,182.602,116.508,196.727
275.836,178.216,114.024,192.532
283.616,176.420,114.024,192.532
296.946,175.589,111.592,188.426
309.991,174.775,109.212,184.408
318.338,171.769,106.883,180.475
324.345,172.071,104.604,176.626
323.872,170.250,102.373,172.860
324.446,167.432,100.190,169.174
322.980,166.701,98.054,165.566
319.377,163.099,98.054,165.566
317.943,160.399,95.963,162.035
313.409,161.910,95.963,162.035
309.092,160.240,93.916,158.580
297.754,156.789,93.916,158.580
290.679,155.154,91.913,155.198
281.512,155.637,91.913,155.198
277.171,152.259,91.913,155.198
269.934,148.882,91.913,155.198
263.939,145.422,89.953,151.888
254.968,143.062,89.953,151.888
251.832,140.585,88.035,148.649
246.980,137.271,86.158,145.479
240.197,132.297,86.158,145.479
237.032,130.940,86.158,145.479
231.153,126.870,86.158,145.479
225.274,123.704,86.158,145.479
222.108,119.634,86.158,145.479
218.038,111.042,86.158,145.479
213.968,103.354,86.158,145.479
208.994,99.284,86.158,145.479
202.210,94.310,86.158,145.479
196.591,94.553,84.320,142.377
190.238,91.379,82.522,139.341
179.888,92.085,84.348,142.423
169.266,87.202,82.549,139.386
160.167,83.303,82.549,139.386
153.668,77.670,82.549,139.386
146.302,82.436,82.549,139.386
133.400,78.493,80.789,136.414
118.559,75.525,80.789,136.414
112.198,79.341,80.789,136.414
102.445,84.006,80.789,136.414
94.388,88.670,80.789,136.414
87.180,95.031,80.789,136.414
77.047,100.121,82.576,139.432
66.211,105.756,82.576,139.432
56.754,109.160,84.403,142.517
48.337,108.717,84.403,142.517
39.919,108.274,84.403,142.517
31.502,111.375,84.403,142.517
23.085,115.362,84.403,142.517
9.741,117.003,86.271,145.670
2.043,123.795,86.271,145.670
-2.938,127.870,86.271,145.670
-6.108,135.568,86.271,145.670
-1.127,151.417,86.271,145.670
2.949,161.832,86.271,145.670
7.930,171.341,86.271,145.670
11.100,177.228,86.271,145.670
15.175,182.208,86.271,145.670
18.345,185.378,86.271,145.670
23.193,188.241,84.431,142.564
27.937,190.188,82.630,139.523
31.840,192.357,82.630,139.523
34.009,192.790,82.630,139.523
37.045,190.622,82.630,139.523
39.180,192.527,80.868,136.548
40.454,191.254,80.868,136.548
41.727,189.981,80.868,136.548
42.151,191.254,80.868,136.548
44.241,191.483,79.144,133.636
44.684,193.308,77.456,130.786
47.470,192.743,75.804,127.997
46.276,194.733,75.804,127.997
47.470,193.539,75.804,127.997
46.276,195.528,75.804,127.997
47.470,196.722,75.804,127.997
46.276,197.916,75.804,127.997
45.082,199.905,75.804,127.997
44.684,200.303,75.804,127.997
42.695,201.497,75.804,127.997
41.501,198.711,75.804,127.997
41.899,202.292,75.804,127.997
40.706,197.916,75.804,127.997
38.716,203.088,75.804,127.997
39.114,198.712,75.804,127.997
37.125,204.680,75.804,127.997
35.931,201.895,75.804,127.997
33.146,203.884,75.804,127.997
34.340,201.099,75.804,127.997
30.929,206.682,74.188,125.268
28.982,204.735,74.188,125.268
27.035,206.682,74.188,125.268
25.088,207.072,74.188,125.268
23.141,209.797,74.188,125.268
20.416,209.408,74.188,125.268
17.690,210.576,74.188,125.268
15.743,210.187,74.188,125.268
13.017,212.134,74.188,125.268
12.682,210.842,72.606,122.596
10.777,211.985,72.606,122.596
8.871,210.842,72.606,122.596
6.204,213.510,72.606,122.596
7.347,210.080,72.606,122.596
3.917,213.510,72.606,122.596
2.012,213.891,72.606,122.596
0.868,215.034,72.606,122.596
-0.275,216.177,72.606,122.596
-2.180,218.083,72.606,122.596
-0.275,216.940,72.606,122.596
-2.180,220.369,72.606,122.596
-0.275,219.988,72.606,122.596
-2.180,223.418,72.606,122.596
-0.275,224.561,72.606,122.596
-1.418,227.991,72.606,122.596
2.012,227.610,72.606,122.596
-0.656,231.802,72.606,122.596
3.536,230.659,72.606,122.596
1.631,235.613,72.606,122.596
5.060,236.756,72.606,122.596
2.393,239.424,72.606,122.596
6.585,239.805,72.606,122.596
6.257,242.949,71.057,119.982
9.614,244.068,71.057,119.982
9.241,247.424,71.057,119.982
11.105,249.289,71.057,119.982
8.495,250.408,71.057,119.982
12.597,252.273,71.057,119.982
9.987,253.392,71.057,119.982
13.457,256.321,72.629,122.636
10.676,259.315,74.236,125.350
13.404,262.043,74.236,125.350
9.897,264.770,74.236,125.350
13.522,265.405,75.879,128.123
11.531,266.600,75.879,128.123
15.115,264.608,75.879,128.123
13.124,268.193,75.879,128.123
15.912,266.998,75.879,128.123
13.833,269.299,77.558,130.958
14.240,272.149,77.558,130.958
16.338,271.967,79.274,133.855
16.755,270.719,79.274,133.855
19.667,272.800,79.274,133.855
18.419,270.719,79.274,133.855
18.837,271.397,81.028,136.817
18.382,270.325,82.820,139.844
21.425,267.282,82.820,139.844
20.121,269.455,82.820,139.844
24.033,264.673,82.820,139.844
23.598,265.977,82.820,139.844
26.641,262.935,82.820,139.844
30.554,258.153,82.820,139.844
32.795,253.449,84.653,142.938
37.682,248.561,84.653,142.938
41.583,243.661,82.847,139.890
47.076,239.704,81.081,136.907
50.056,235.874,81.081,136.907
52.183,233.746,81.081,136.907
55.162,229.916,81.081,136.907
58.993,226.937,81.081,136.907
61.186,227.630,82.875,139.936
64.231,225.455,82.875,139.936
67.276,224.150,82.875,139.936
72.061,221.975,82.875,139.936
77.716,219.800,82.875,139.936
82.666,216.898,84.708,143.032
90.225,219.121,84.708,143.032
96.894,216.898,84.708,143.032
101.954,213.932,86.582,146.196
106.044,215.295,86.582,146.196
109.329,216.979,88.498,149.431
114.615,221.591,90.456,152.737
121.989,223.349,92.457,156.116
129.525,225.146,94.503,159.571
135.974,226.635,94.503,159.571
143.414,225.146,94.503,159.571
148.870,223.658,94.503,159.571
153.335,221.178,94.503,159.571
153.831,218.698,94.503,159.571
157.303,215.226,94.503,159.571
160.775,210.762,94.503,159.571
166.231,208.282,94.503,159.571
172.680,204.809,94.503,159.571
171.191,199.353,94.503,159.571
176.836,191.927,96.594,163.101
182.413,193.448,96.594,163.101
186.976,185.843,96.594,163.101
190.525,188.378,96.594,163.101
195.088,182.801,96.594,163.101
196.650,182.575,98.731,166.710
201.314,177.911,98.731,166.710
207.014,175.319,98.731,166.710
211.678,175.838,98.731,166.710
214.269,169.101,98.731,166.710
218.818,172.377,96.626,163.155
221.354,174.913,96.626,163.155
224.904,169.334,96.626,163.155
229.469,171.870,96.626,163.155
235.048,174.406,96.626,163.155
232.656,169.790,94.565,159.675
236.131,171.279,94.565,159.675
239.605,171.776,94.565,159.675
234.145,168.301,94.565,159.675
239.605,171.776,94.565,159.675
236.131,166.316,94.565,159.675
238.612,163.834,94.565,159.675
235.138,161.352,94.565,159.675
233.649,157.878,94.565,159.675
237.123,160.360,94.565,159.675
232.656,155.893,94.565,159.675
235.138,155.396,94.565,159.675
237.620,154.900,94.565,159.675
233.153,149.440,94.565,159.675
237.620,150.929,94.565,159.675
232.160,144.476,94.565,159.675
237.620,147.951,94.565,159.675
234.145,141.498,94.565,159.675
238.612,141.002,94.565,159.675
238.116,135.542,94.565,159.675
240.598,134.053,94.565,159.675
244.072,131.571,94.565,159.675
241.590,128.097,94.565,159.675
247.050,126.608,94.565,159.675
253.503,127.104,94.565,159.675
252.014,122.637,94.565,159.675
258.692,124.475,96.657,163.208
256.156,119.909,96.657,163.208
263.766,120.417,96.657,163.208
261.229,117.880,96.657,163.208
266.810,119.402,96.657,163.208
266.373,119.675,94.596,159.728
272.828,123.151,94.596,159.728
276.304,122.654,94.596,159.728
279.893,123.463,96.689,163.262
279.386,120.925,96.689,163.262
284.968,123.463,96.689,163.262
289.536,123.970,96.689,163.262
285.983,119.403,96.689,163.262
292.581,123.970,96.689,163.262
291.058,120.418,96.689,163.262
296.641,122.955,96.689,163.262
290.832,119.570,98.828,166.874
295.501,119.051,98.828,166.874
291.870,116.457,98.828,166.874
295.501,113.864,98.828,166.874
291.870,110.233,98.828,166.874
294.464,107.639,98.828,166.874
292.907,105.045,98.828,166.874
291.351,102.452,98.828,166.874
294.982,104.008,98.828,166.874
290.314,100.377,98.828,166.874
294.982,102.970,98.828,166.874
290.314,99.339,98.828,166.874
292.907,98.821,98.828,166.874
288.239,96.227,98.828,166.874
290.832,95.708,98.828,166.874
287.201,92.077,98.828,166.874
289.795,97.783,98.828,166.874
286.164,93.115,98.828,166.874
286.718,90.394,96.721,163.315
286.281,93.603,94.658,159.832
284.791,91.119,94.658,159.832
283.300,87.641,94.658,159.832
287.772,93.107,94.658,159.832
283.300,87.641,94.658,159.832
281.915,86.951,92.639,156.424
288.236,91.327,92.639,156.424
283.860,86.951,92.639,156.424
288.128,87.213,90.664,153.088
285.749,89.592,90.664,153.088
289.080,85.310,90.664,153.088
288.604,87.689,90.664,153.088
291.935,86.261,90.664,153.088
288.604,86.737,90.664,153.088
292.887,88.165,90.664,153.088
289.556,93.399,90.664,153.088
292.887,98.634,90.664,153.088
289.556,101.965,90.664,153.088
292.887,107.200,90.664,153.088
290.508,112.434,90.664,153.088
287.036,114.197,92.670,156.475
292.387,119.547,92.670,156.475
288.982,123.925,92.670,156.475
292.387,128.303,92.670,156.475
288.982,131.708,92.670,156.475
293.359,135.112,92.670,156.475
291.900,139.490,92.670,156.475
297.251,142.895,92.670,156.475
299.645,148.783,90.694,153.138
302.025,153.067,90.694,153.138
306.310,155.447,90.694,153.138
309.642,158.779,90.694,153.138
316.574,161.789,88.760,149.873
322.630,158.528,88.760,149.873
327.755,160.857,88.760,149.873
338.131,157.516,86.867,146.676
345.882,158.883,86.867,146.676
358.193,153.868,86.867,146.676
367.768,152.500,86.867,146.676
376.431,154.780,86.867,146.676
387.829,155.236,86.867,146.676
403.787,153.868,86.867,146.676
411.814,153.664,88.789,149.922
419.737,153.198,88.789,149.922
428.591,151.800,88.789,149.922
433.895,151.592,90.753,153.239
441.040,145.400,90.753,153.239
449.138,136.349,90.753,153.239
459.141,130.157,90.753,153.239
462.475,126.822,90.753,153.239
459.989,127.598,92.761,156.629
457.554,122.243,92.761,156.629
454.146,121.756,92.761,156.629
437.461,128.610,94.813,160.095
429.996,132.094,94.813,160.095
421.536,129.606,94.813,160.095
413.076,124.132,94.813,160.095
401.184,123.909,96.911,163.637
392.537,119.331,96.911,163.637
383.889,113.736,96.911,163.637
374.225,109.158,96.911,163.637
365.577,103.563,96.911,163.637
355.913,102.037,96.911,163.637
348.283,98.476,96.911,163.637
339.294,91.916,99.055,167.257
332.265,88.448,101.247,170.958
325.080,81.594,103.487,174.740
316.932,77.792,103.487,174.740
308.461,74.168,105.777,178.606
304.575,72.503,105.777,178.606
302.909,70.837,105.777,178.606
300.133,69.171,105.777,178.606
301.843,66.620,108.117,182.558
303.591,62.834,110.509,186.597
299.531,65.734,110.509,186.597
304.751,65.154,110.509,186.597
307.651,69.214,110.509,186.597
311.712,68.634,110.509,186.597
303.869,71.986,112.954,190.725
303.277,70.207,112.954,190.725
301.498,75.543,112.954,190.725
297.348,80.879,112.954,190.725
292.012,85.029,112.954,190.725
283.996,89.685,115.453,194.945
278.542,96.351,115.453,194.945
275.512,104.229,115.453,194.945
267.635,114.531,115.453,194.945
259.757,122.409,115.453,194.945
249.455,129.075,115.453,194.945
234.975,132.577,118.007,199.258
228.161,134.435,118.007,199.258
222.587,135.054,118.007,199.258
217.012,129.480,118.007,199.258
217.632,126.383,118.007,199.258
213.296,124.524,118.007,199.258
211.438,120.189,118.007,199.258
213.293,114.552,115.491,195.009
210.262,109.096,115.491,195.009
215.583,102.412,113.028,190.851
211.431,97.072,113.028,190.851
217.782,91.674,110.618,186.781
219.524,84.126,110.618,186.781
220.144,78.842,108.259,182.797
222.941,72.576,105.950,178.899
226.834,66.459,105.950,178.899
230.727,61.454,105.950,178.899
229.058,54.224,105.950,178.899
230.727,48.107,105.950,178.899
232.395,45.327,105.950,178.899
228.502,42.546,105.950,178.899
232.395,46.439,105.950,178.899
227.390,41.434,105.950,178.899
225.722,46.439,105.950,178.899
221.665,46.191,108.294,182.857
216.549,49.033,108.294,182.857
211.433,55.285,108.294,182.857
204.044,49.033,108.294,182.857
194.381,42.780,108.294,182.857
185.855,43.348,108.294,182.857
180.739,47.327,108.294,182.857
173.350,44.485,108.294,182.857
169.371,53.012,108.294,182.857
164.255,58.127,108.294,182.857
154.592,55.285,108.294,182.857
130.394,47.955,110.690,186.903
117.717,44.079,113.139,191.038
107.622,42.297,113.139,191.038
105.754,43.264,115.643,195.265
102.719,40.230,115.643,195.265
99.551,36.180,118.201,199.585
100.171,38.041,118.201,199.585
102.032,36.180,118.201,199.585
98.930,34.319,118.201,199.585
99.551,32.458,118.201,199.585
101.412,33.078,118.201,199.585
103.273,31.217,118.201,199.585
100.171,29.356,118.201,199.585
100.794,31.653,120.816,204.001
97.624,27.215,120.816,204.001
102.063,31.653,120.816,204.001
98.892,27.215,120.816,204.001
103.331,31.653,120.816,204.001
101.429,27.215,120.816,204.001
104.599,31.653,120.816,204.001
98.892,25.946,120.816,204.001
102.063,30.385,120.816,204.001
102.697,25.946,120.816,204.001
98.258,30.385,120.816,204.001
101.429,29.751,120.816,204.001
100.794,27.849,120.816,204.001
97.624,31.019,120.816,204.001
95.721,26.580,120.816,204.001
95.087,32.288,120.816,204.001
95.721,29.117,120.816,204.001
93.819,31.019,120.816,204.001
91.916,27.849,120.816,204.001
93.819,34.824,120.816,204.001
90.648,31.653,120.816,204.001
90.014,34.824,120.816,204.001
90.648,37.995,120.816,204.001
90.014,39.897,120.816,204.001
90.648,40.531,120.816,204.001
86.209,38.629,120.816,204.001
86.846,40.978,123.489,208.515
84.902,41.626,123.489,208.515
84.254,40.978,123.489,208.515
84.902,44.219,123.489,208.515
81.661,39.681,123.489,208.515
83.606,45.515,123.489,208.515
80.365,39.681,123.489,208.515
83.606,45.515,123.489,208.515
80.365,39.681,123.489,208.515
82.309,45.515,123.489,208.515
80.365,42.274,123.489,208.515
82.309,45.515,123.489,208.515
80.365,43.570,123.489,208.515
82.309,46.811,123.489,208.515
80.365,42.274,123.489,208.515
82.309,45.515,123.489,208.515
80.365,42.274,123.489,208.515
82.309,45.515,123.489,208.515
80.365,40.978,123.489,208.515
82.309,41.626,123.489,208.515
81.661,39.681,123.489,208.515
84.852,38.781,120.856,204.068
84.218,43.221,120.856,204.068
87.389,40.050,120.856,204.068
84.218,38.147,120.856,204.068
88.658,42.587,120.856,204.068
85.486,38.147,120.856,204.068
88.658,40.050,120.856,204.068
86.755,36.878,120.856,204.068
91.195,40.050,120.856,204.068
93.099,35.609,120.856,204.068
96.270,40.050,120.856,204.068
95.636,34.341,120.856,204.068
97.539,38.781,120.856,204.068
99.442,34.341,120.856,204.068
100.076,34.975,120.856,204.068
96.905,30.534,120.856,204.068
101.345,33.706,120.856,204.068
99.442,30.534,120.856,204.068
102.614,27.363,120.856,204.068
100.711,31.803,120.856,204.068
102.614,26.094,120.856,204.068
99.442,24.191,120.856,204.068
101.345,22.288,120.856,204.068
103.248,22.922,120.856,204.068
103.882,22.288,120.856,204.068
104.517,19.116,120.856,204.068
105.151,23.557,120.856,204.068
101.979,17.848,120.856,204.068
105.151,23.557,120.856,204.068
100.711,17.848,120.856,204.068
100.032,20.197,123.530,208.583
100.680,15.658,123.530,208.583
95.950,16.714,126.263,213.198
97.991,10.918,129.057,217.915
93.250,15.660,129.057,217.915
96.637,9.563,129.057,217.915
97.317,12.072,131.912,222.736
93.855,7.225,131.912,222.736
95.933,6.533,131.912,222.736
96.625,11.380,131.912,222.736
95.884,3.887,134.830,227.664
96.592,4.595,134.830,227.664
91.429,-1.595,137.814,232.701
95.046,3.469,137.814,232.701
92.876,-0.148,137.814,232.701
93.599,0.575,137.814,232.701
95.769,4.192,137.814,232.701
90.706,-0.871,137.814,232.701
92.933,-4.196,140.863,237.850
90.715,-4.936,140.863,237.850
91.458,-5.266,143.979,243.112
92.214,-9.044,143.979,243.112
85.413,-9.800,143.979,243.112
89.308,-11.705,147.165,248.491
86.991,-15.567,147.165,248.491
87.763,-10.160,147.165,248.491
86.991,-10.933,147.165,248.491
86.218,-13.250,147.165,248.491
86.991,-9.388,147.165,248.491
89.370,-16.144,150.421,253.989
88.580,-13.775,150.421,253.989
89.370,-16.144,150.421,253.989
88.580,-12.196,150.421,253.989
89.370,-14.565,150.421,253.989
88.580,-12.196,150.421,253.989
89.374,-15.825,153.749,259.609
91.859,-16.185,157.151,265.352
90.977,-16.553,160.628,271.223
85.075,-24.141,160.628,271.223
85.975,-17.186,157.202,265.439
90.101,-13.061,157.202,265.439
87.625,-13.886,157.202,265.439
85.150,-19.662,157.202,265.439
89.403,-14.893,160.680,271.312
83.500,-24.171,160.680,271.312
87.652,-15.587,157.254,265.526
85.175,-19.714,157.254,265.526
89.430,-16.657,160.733,271.401
83.525,-24.250,160.733,271.401
87.678,-15.664,157.305,265.614
83.550,-21.444,157.305,265.614
90.981,-15.664,157.305,265.614
90.270,-10.445,153.951,259.949
89.462,-17.717,153.951,259.949
87.038,-18.525,153.951,259.949
87.846,-14.485,153.951,259.949
85.422,-20.141,153.951,259.949
91.078,-14.485,153.951,259.949
90.270,-18.525,153.951,259.949
91.078,-14.485,153.951,259.949
88.654,-20.141,153.951,259.949
87.846,-16.101,153.951,259.949
83.806,-18.525,153.951,259.949
89.462,-14.485,153.951,259.949
87.038,-20.141,153.951,259.949
91.078,-16.101,153.951,259.949
91.886,-16.909,153.951,259.949
81.845,-10.243,150.668,254.406
81.054,-6.289,150.668,254.406
63.605,-5.863,147.455,248.980
72.119,-1.993,147.455,248.980
66.701,-8.959,147.455,248.980
58.575,0.410,144.310,243.671
55.004,0.818,141.233,238.475
60.082,8.362,138.221,233.389
60.856,7.354,135.273,228.412
61.614,11.843,132.388,223.541
62.356,13.557,129.565,218.774
63.082,15.234,126.802,214.108
66.410,11.906,126.802,214.108
65.745,20.558,126.802,214.108
66.455,22.200,124.098,209.543
70.917,23.806,121.452,205.074
67.730,26.994,121.452,205.074
72.192,26.356,121.452,205.074
69.005,29.543,121.452,205.074
70.914,28.658,118.862,200.701
72.786,31.777,118.862,200.701
71.047,32.113,116.327,196.421
69.215,31.503,116.327,196.421
73.398,33.009,113.846,192.232
70.580,41.394,111.418,188.133
73.504,37.300,111.418,188.133
70.580,34.376,111.418,188.133
73.504,38.470,111.418,188.133
70.747,37.657,109.042,184.121
71.319,45.098,109.042,184.121
73.036,39.947,109.042,184.121
70.174,37.085,109.042,184.121
69.602,44.526,109.042,184.121
73.608,40.519,109.042,184.121
70.747,37.657,109.042,184.121
70.174,45.098,109.042,184.121
73.036,42.236,109.042,184.121
70.174,39.374,109.042,184.121
68.457,44.525,109.042,184.121
72.595,39.520,111.455,188.194
69.670,36.595,111.455,188.194
68.039,45.931,109.078,184.181
73.065,42.929,106.752,180.253
70.264,46.851,106.752,180.253
70.862,44.993,104.476,176.409
72.507,42.251,104.476,176.409
70.862,48.283,104.476,176.409
70.313,43.347,104.476,176.409
75.249,46.089,104.476,176.409
70.313,47.734,104.476,176.409
74.152,43.896,104.476,176.409
71.289,47.065,106.787,180.312
69.608,45.383,106.787,180.312
71.334,42.807,109.150,184.302
73.053,41.088,109.150,184.302
70.188,39.369,109.150,184.302
69.615,43.380,109.150,184.302
71.334,41.661,109.150,184.302
70.761,42.234,109.150,184.302
69.164,44.751,106.822,180.372
70.846,43.069,106.822,180.372
70.285,48.115,106.822,180.372
69.803,46.256,104.544,176.525
73.644,43.512,104.544,176.525
