0.00406599
0.01097894
0.01158667
0.01110554
0.01074219
0.01030612
0.01051497
0.01036263
0.01035500
0.01039577
0.01029897
0.01033640
0.01037240
0.01115108
0.01052618
0.01046538
0.01046777
0.01038933
0.01045084
0.01043892
0.01038933
0.01047039
0.01044774
0.01040339
0.01037312
0.01032996
0.01032329
0.01040101
0.01044321
0.01028681
0.01027894
0.01035547
0.01026917
0.01034498
0.01034164
0.01038861
0.01040149
0.01040268
0.01035333
0.01028323
0.01033807
0.01036692
0.01034665
0.01031089
0.01032686
0.01035881
0.01053095
0.01027656
0.01029658
0.01031637
0.01031518
0.01025414
0.01028299
0.01035142
0.01035595
0.01038074
0.01027775
0.01029086
0.01134372
0.01038766
0.01044655
0.01037598
0.01023889
0.01039934
0.01036072
0.01038122
0.01031494
0.01041842
0.01031661
0.01034617
0.01036239
0.01029754
0.01032829
0.01038980
0.01042151
0.01031351
0.01037002
0.01027250
0.01038694
0.01035857
0.01023912
0.01040578
0.01039767
0.01040053
0.01029229
0.01039338
0.01032495
0.01029634
0.01042128
0.01025629
0.01034212
0.01032996
0.01037121
0.01032662
0.01035500
0.01033449
0.01037455
0.01031399
0.01028013
0.01031137
0.01042557
0.01032424
0.01045704
0.01076722
0.01061511
0.01035357
0.01040387
0.01036620
0.01036787
0.01029015
0.01036143
0.01042867
0.01039267
0.01034141
0.01041174
0.01035190
0.01042819
0.01036334
0.01035666
0.01039219
0.01034546
0.01042438
0.01033282
0.01032376
0.01040268
0.01034307
0.01032424
0.01033139
0.01031208
0.01029325
0.01034951
0.01028705
0.01038575
0.01033092
0.01036811
0.01029253
0.01024723
0.01032519
0.01035523
0.01031661
0.01033592
0.01030087
0.01028609
0.01041126
0.01032448
0.01036215
0.01035976
0.01038718
0.01073408
0.01064038
0.01035595
0.01033139
0.01034212
0.01032329
0.01064110
0.01028299
0.01030993
0.01026344
0.01041055
0.01025009
0.01035237
0.01042080
0.01036549
0.01034617
0.01028872
0.01032448
0.01040554
0.01037860
0.01027417
0.01032472
0.01037025
0.01035213
0.01032495
0.01021123
0.01030993
0.01036668
0.01042414
0.01026511
0.01032686
0.01036119
0.01033425
0.01027799
0.01025701
0.01034045
0.01036263
0.01038957
0.01023555
0.01034355
0.01031017
0.01035190
0.01030064
0.01026726
0.01042151
0.01067710
0.01073837
0.01044893
0.01035309
0.01029468
0.01033473
0.01037478
0.01043725
0.01030850
0.01030707
0.01041579
0.01037073
0.01029658
0.01039052
0.01042080
0.01033497
0.01041341
0.01031899
0.01029110
0.01032591
0.01030111
0.01035166
0.01035857
0.01028776
0.01034045
0.01046276
0.01030803
0.01026845
0.01034117
0.01035929
0.01035547
0.01032305
0.01035976
0.01037312
0.01039457
0.01026535
0.01034951
0.01036429
0.01031423
0.01033235
0.01032710
0.01033902
0.01032186
0.01040673
0.01039767
0.01058316
0.01071620
0.01027894
0.01039791
0.01035070
0.01030207
0.01033258
0.01035571
0.01028752
0.01028228
0.01036406
0.01028252
0.01041174
0.01032686
0.01024246
0.01040411
0.01040363
0.01028657
0.01030064
0.01040554
0.01030350
0.01028752
0.01034641
0.01032376
0.01038957
0.01036716
0.01028943
0.01032686
0.01037049
0.01035094
0.01047349
0.01034427
0.01028728
0.01039672
0.01038837
0.01032043
0.01028085
0.01029277
0.01034355
0.01048660
0.01034951
0.01026177
0.01035643
0.01038384
0.01059365
0.01059818
0.01066327
0.01031923
0.01033330
0.01040959
0.01034617
0.01033545
0.01037645
0.01022959
0.01028132
0.01035786
0.01038432
0.01038361
0.01043844
0.01035810
0.01035547
0.01036453
0.01040387
0.01038194
0.01030993
0.01033950
0.01039386
0.01048875
0.01025701
0.01027489
0.01036882
0.01034927
0.01034093
0.01026845
0.01033735
0.01034260
0.01038313
0.01023793
0.01034093
0.01037884
0.01035094
0.01035452
0.01040077
0.01030469
0.01037216
0.01031947
0.01028967
0.01030421
0.01039648
0.01079893
0.01064897
0.01058841
0.01031566
0.01035762
0.01035285
0.01028109
0.01035261
0.01039243
0.01040840
0.01035643
0.01039553
0.01028609
0.01045156
0.01044250
0.01035976
0.01034927
0.01058221
0.01044202
0.01047754
0.01045609
0.01035666
0.01043081
0.01045752
0.01046729
0.01040220
0.01036572
0.01042962
0.01041317
0.01053143
0.01037931
0.01036525
0.01036525
0.01038814
0.01035571
0.01039338
0.01041460
0.01041865
0.01045299
0.01040745
0.01037169
0.01071620
0.01041722
0.01036072
0.01038146
0.01101565
0.01057863
0.01050258
0.01047397
0.01049995
0.01037598
0.01042366
0.01061511
0.01042867
0.01043105
0.01038575
0.01040578
0.01046944
0.01040101
0.01048231
0.01043153
0.01034236
0.01043558
0.01037097
0.01042652
0.01042080
