0.00331473
0.01426077
0.01353121
0.01294184
0.01303267
0.01310563
0.01297140
0.01290417
0.01308012
0.01281905
0.01301074
0.01304460
0.01294637
0.01298738
0.01297426
0.01308870
0.01310968
0.01297522
0.01295662
0.01307535
0.01315784
0.01298356
0.01326156
0.01306701
0.01293898
0.01299906
0.01300216
0.01291585
0.01308084
0.01304126
0.01327348
0.01323438
0.01318264
0.01296139
0.01309872
0.01298857
0.01305485
0.01313615
0.01331973
0.01294994
0.01307845
0.01281214
0.01297188
0.01305556
0.01307058
0.01290822
0.01295781
0.01307178
0.01307440
0.01309776
0.01306224
0.01296401
0.01300955
0.01298833
0.01292038
0.01292729
0.01287603
0.01304054
0.01298642
0.01293135
0.01308441
0.01300740
0.01314545
0.01292872
0.01311135
0.01306558
0.01297188
0.01315498
0.01330781
0.01260543
0.01295137
0.01317382
0.01333141
0.01310706
0.01345849
0.01294279
0.01291585
0.01308751
0.01299882
0.01295590
0.01302147
0.01307797
0.01284480
0.01313877
0.01284003
0.01276469
0.01300001
0.01306462
0.01301312
0.01280570
0.01293182
0.01302171
0.01331496
0.01294422
0.01301074
0.01293659
0.01305676
0.01435328
0.01359797
0.01302958
0.01309419
0.01311421
0.01296806
0.01297402
0.01315331
0.01294756
0.01297426
0.01297879
0.01300788
0.01301003
0.01306987
0.01297212
0.01299548
0.01302052
0.01317596
0.01277614
0.01310849
0.01308012
0.01316738
0.01332021
0.01312494
0.01293707
0.01300883
0.01293397
0.01298642
0.01298261
0.01320243
0.01305223
0.01307631
0.01311707
0.01290846
0.01297235
0.01282692
0.01293421
0.01310587
0.01285958
0.01300645
0.01298141
0.01291466
0.01295352
0.01311541
0.01291800
0.01293111
0.01285291
0.01256084
0.01315403
0.01298642
0.01296139
0.01303840
0.01299477
0.01316285
0.01305246
0.01291394
0.01300883
0.01297450
0.01318288
0.01310730
0.01297474
0.01295328
0.01314306
0.01298070
0.01319742
0.01309443
0.01299286
0.01319408
0.01305628
0.01299906
0.01309609
0.01316714
0.01293039
0.01309252
0.01281500
0.01313639
0.01308441
0.01316190
0.01301026
0.01303530
0.01314759
0.01290917
0.01290894
0.01301312
0.01313853
0.01311684
0.01301837
0.01304698
0.01299143
0.01314330
0.01295519
0.01336336
0.01293111
0.01312709
0.01309085
0.01295972
0.01309752
0.01296830
0.01292706
0.01318431
0.01308966
0.01312327
0.01290679
0.01307225
0.01309729
0.01315284
0.01307750
0.01305747
0.01307416
0.01287222
0.01299143
0.01309156
0.01310992
0.01294589
0.01284409
0.01313686
0.01334167
0.01291990
0.01308274
0.01296544
0.01313591
0.01287627
0.01300120
0.01296329
0.01309776
0.01288176
0.01296473
0.01311803
0.01305866
0.01297641
0.01309109
0.01307249
0.01300311
0.01287341
0.01300788
0.01296806
0.01313019
0.01316643
0.01296258
0.01294541
0.01301789
0.01314425
0.01300144
0.01306391
0.01295590
0.01302910
0.01299810
0.01308918
0.01307487
0.01310754
0.01299977
0.01309896
0.01312876
0.01304984
0.01297998
0.01301789
0.01306057
0.01312900
0.01295924
0.01323462
0.01310563
0.01296186
0.01292205
0.01297474
0.01296973
0.01273155
0.01311612
0.01303768
0.01309371
0.01293540
0.01316571
0.01302409
0.01298761
0.01292419
0.01303124
0.01279235
0.01315355
0.01291561
0.01291513
0.01286530
0.01281071
0.01314521
0.01295686
0.01309061
0.01305151
0.01298499
0.01298976
0.01313758
0.01314783
0.01293182
0.01289272
0.01297712
0.01311684
0.01298714
0.01307344
0.01291442
0.01326585
0.01300740
0.01312518
0.01297355
0.01280642
0.01309848
0.01309204
0.01307774
0.01287079
0.01283216
0.01298070
0.01309514
0.01311803
0.01299810
0.01307368
0.01295662
0.01311255
0.01299787
0.01298904
0.01303601
0.01308370
0.01316381
0.01302409
0.01297736
0.01284862
0.01290727
0.01292372
0.01308870
0.01310635
0.01332927
0.01298952
0.01308513
0.01306129
0.01306152
0.01306200
0.01300526
0.01287341
0.01314354
0.01310039
0.01332116
0.01291776
0.01294971
0.01296449
0.01296592
0.01286507
0.01293850
0.01296782
0.01292968
0.01309466
0.01291966
0.01296258
0.01305103
0.01302552
0.01300454
0.01308966
0.01293087
0.01304793
0.01316476
0.01313281
0.01303053
0.01292777
0.01304483
0.01307392
0.01299143
0.01294589
0.01307726
0.01296425
0.01316071
0.01301050
0.01333189
0.01303744
0.01295257
0.01293945
0.01316547
0.01314688
0.01307249
0.01295543
0.01309419
0.01313496
0.01311922
0.01300216
0.01312208
0.01309133
0.01311660
0.01291752
0.01315022
0.01296043
0.01295662
0.01291585
0.01302481
0.01299977
0.01307654
0.01307225
0.01311946
0.01311898
0.01300144
0.01303601
0.01283956
0.01302767
0.01297927
0.01318216
0.01299787
0.01311302
0.01334190
0.01304507
0.01314259
0.01314497
0.01316118
0.01295662
0.01313877
0.01320100
0.01269388
0.01277137
0.01298046
0.01300454
0.01293039
0.01300979
0.01297164
0.01307678
0.01302862
0.01318645
0.01314282
0.01354170
0.01296663
0.01308036
0.01302958
0.01291108
0.01278877
0.01306725
0.01310778
0.01301527
0.01289988
0.01296735
0.01305008
0.01287532
0.01312971
0.01291537
0.01306105
0.01293278
0.01288056
0.01305008
0.01300025
0.01309228
0.01297069
0.01292348
0.01301336
0.01278782
0.01299977
0.01307178
0.01312327
0.01295590
0.01301455
0.01297593
0.01291728
0.01301455
0.01288605
0.01311207
0.01301980
0.01312137
0.01304960
0.01320887
0.01311255
0.01268673
0.01284814
0.01290178
0.01308298
0.01281619
0.01262593
0.01314402
0.01291609
0.01293111
0.01327109
0.01333904
0.01297879
0.01284361
0.01291966
0.01309657
0.01297355
0.01277852
0.01302290
0.01304126
0.01303077
0.01293492
0.01292038
0.01289845
0.01288700
0.01325607
0.01281571
0.01328897
0.01286125
0.01297331
0.01300097
0.01291394
0.01285648
0.01274729
0.01282907
0.01293278
0.01303720
0.01317096
0.01305413
0.01303506
0.01295853
0.01284623
0.01293659
0.01303005
0.01301575
0.01270795
0.01293325
0.01295090
0.01304030
0.01304460
0.01290870
0.01291084
0.01310778
0.01300383
0.01290178
0.01303363
0.01312232
0.01288319
0.01266408
0.01304531
0.01292396
0.01288080
0.01291656
0.01300669
0.01290178
0.01292849
0.01312947
0.01299596
0.01289320
0.01295042
0.01309824
0.01293468
0.01302218
0.01289773
0.01304221
0.01302457
0.01298857
0.01289582
0.01289868
0.01305699
0.01299858
0.01307940
0.01307750
0.01288509
0.01305580
0.01254797
0.01293111
0.01292324
0.01303554
0.01293015
0.01292181
0.01310587
0.01306415
0.01311374
0.01293039
0.01314187
0.01297593
0.01293683
0.01323295
0.01308227
0.01305103
0.01315904
0.01308537
0.01295304
0.01306248
0.01280808
0.01303434
0.01292801
0.01292753
0.01305723
0.01291919
0.01291347
0.01300859
0.01297522
0.01286387
0.01309276
0.01303601
0.01295042
0.01322317
0.01322460
0.01286244
0.01291776
0.01336789
0.01305151
0.01290441
0.01310134
0.01309133
0.01292205
0.01282120
0.01309562
0.01294351
0.01310873
0.01301551
0.01327634
0.01292849
0.01304245
0.01300287
0.01299262
0.01287174
0.01307583
0.01296043
0.01308393
0.01314688
0.01310635
0.01294422
0.01292396
0.01305604
0.01293397
0.01287293
0.01300693
0.01296377
0.01298237
0.01296520
0.01295042
0.01295900
0.01312089
0.01288486
0.01296353
0.01297522
0.01307464
0.01319575
0.01290488
0.01318789
0.01300812
0.01280904
0.01296306
0.01308990
0.01317406
0.01293659
0.01310563
0.01312637
0.01310134
0.01298141
0.01300573
0.01339746
0.01310539
0.01291943
0.01311255
0.01293254
0.01297712
0.01329637
0.01301217
0.01312113
0.01295948
0.01289511
0.01320648
0.01318526
0.01303124
0.01314831
0.01317835
0.01314139
0.01298690
0.01295829
0.01309848
0.01298451
0.01329446
0.01296687
0.01294923
0.01292062
0.01344275
0.01312232
0.01336789
0.01313496
0.01276255
0.01294160
0.01298857
0.01315832
0.01295471
0.01300383
0.01310849
0.01291442
0.01305914
0.01301980
0.01318216
0.01283240
0.01311994
0.01295495
0.01299286
0.01286173
0.01311707
0.01303124
0.01295304
0.01297808
0.01275206
0.01288152
0.01315141
0.01299286
0.01294422
0.01311350
0.01310158
0.01298952
0.01318049
0.01313472
0.01311994
0.01319265
0.01316619
0.01298332
0.01321125
0.01299691
0.01294470
0.01308727
0.01300764
0.01302099
0.01313257
0.01311064
0.01312947
0.01296115
0.01304388
0.01315165
0.01312733
0.01310968
0.01300573
0.01304722
0.01306295
0.01297450
0.01298928
0.01321292
0.01296282
0.01317525
0.01333213
0.01314974
0.01297832
0.01307750
0.01315141
0.01318097
0.01296401
0.01286173
0.01311088
0.01297307
0.01310205
0.01302600
0.01314211
0.01320219
0.01314092
0.01315403
0.01317048
0.01313853
0.01300001
0.01302600
0.01297712
0.01322985
0.01315022
0.01324081
0.01338339
0.01288724
0.01313806
0.01311183
0.01311493
0.01318192
0.01319671
0.01311183
0.01301098
0.01299047
0.01299858
0.01278901
0.01299500
0.01293492
0.01303029
0.01303244
0.01314425
0.01303244
0.01304531
0.01277900
0.01293254
0.01314902
0.01304722
0.01297665
0.01297998
0.01300907
0.01293087
0.01336527
0.01295114
0.01312590
0.01307702
0.01304793
0.01302886
0.01299000
0.01278925
0.01316357
0.01303196
0.01315093
0.01313424
0.01298475
0.01310444
0.01299095
0.01293421
0.01313257
0.01308727
0.01300430
0.01292396
0.01307821
0.01324034
0.01311612
0.01286936
0.01297188
0.01305008
0.01304007
0.01306868
0.01307607
0.01307964
0.01296329
0.01307392
0.01312423
0.01313114
0.01298928
0.01310873
0.01288438
0.01307034
0.01294184
0.01306343
0.01298666
0.01331902
0.01309323
0.01297569
0.01294565
0.01297760
0.01304102
0.01277709
