0.00413871
0.01106405
0.01188397
0.01067328
0.01078320
0.01048541
0.01046848
0.01044488
0.01043534
0.01039672
0.01051688
0.01045299
0.01041985
0.01040268
0.01042724
0.01045465
0.01060843
0.01039672
0.01040173
0.01049447
0.01047063
0.01058388
0.01042223
0.01045895
0.01047230
0.01048851
0.01046705
0.01045036
0.01044822
0.01044917
0.01044369
0.01045346
0.01040506
0.01035905
0.01047564
0.01052403
0.01036763
0.01042986
0.01042223
0.01043487
0.01048136
0.01038742
0.01042795
0.01041675
0.01047540
0.01046228
0.01049399
0.01046276
0.01043606
0.01036072
0.01042771
0.01035357
0.01042819
0.01045799
0.01039886
0.01045203
0.01044512
0.01039720
0.01047754
0.01045322
0.01045680
0.01044798
0.01052308
0.01056457
0.01041317
0.01045704
0.01039600
0.01059031
0.01044917
0.01036835
0.01050782
0.01040339
0.01045489
0.01044226
0.01037788
0.01049781
0.01043534
0.01046610
0.01029015
0.01037121
0.01046062
0.01046109
0.01052284
0.01041532
0.01044226
0.01041913
0.01051831
0.01050878
0.01033354
0.01037192
0.01042247
0.01051760
0.01063728
0.01053762
0.01045299
0.01039004
0.01046371
0.01037240
0.01046348
0.01034212
0.01035047
0.01040697
0.01047373
0.01040578
0.01031899
0.01045609
0.01042581
0.01055932
0.01035428
0.01043081
0.01054692
0.01042056
0.01044035
0.01040435
0.01046824
0.01050043
0.01048851
0.01054716
0.01039124
0.01041436
0.01035476
0.01041317
0.01052022
0.01047707
0.01037407
0.01042509
0.01045465
0.01044631
0.01048255
0.01046491
0.01041436
0.01051188
0.01049209
0.01050615
0.01039290
0.01040602
0.01045847
0.01039004
0.01050282
0.01042771
0.01043224
0.01049614
0.01044679
0.01040840
0.01044059
0.01046872
0.01040363
0.01037002
0.01037121
0.01040125
0.01039743
0.01038790
0.01054287
0.01047564
0.01032877
0.01030588
0.01037097
0.01032114
0.01047969
0.01033044
0.01038074
0.01030731
0.01039577
0.01051331
0.01042295
0.01042318
0.01045179
0.01036763
0.01053286
0.01042104
0.01032901
0.01042104
0.01040721
0.01042032
0.01037621
0.01035237
0.01042604
0.01039577
0.01045823
0.01039553
0.01040721
0.01046872
0.01040339
0.01050496
0.01030803
0.01034284
0.01045203
0.01038122
0.01039243
0.01034188
0.01032877
0.01043558
0.01034951
0.01036239
0.01037621
0.01035261
0.01033521
0.01044416
0.01044393
0.01042151
0.01068854
0.01042724
0.01033711
0.01049829
0.01034689
0.01043344
0.01040530
0.01034117
0.01039410
0.01038265
0.01040006
0.01047730
0.01045179
0.01047993
0.01035047
0.01040459
0.01030421
0.01041818
0.01036096
0.01028061
0.01043105
0.01043153
0.01042819
0.01040268
0.01031280
0.01040983
0.01035285
0.01047444
0.01033664
0.01037478
0.01036525
0.01037693
0.01051068
0.01038504
0.01037192
0.01045918
0.01046181
0.01048374
0.01034355
0.01040864
0.01039219
0.01044893
0.01052737
0.01039958
0.01036406
0.01044154
0.01044440
0.01048255
0.01036739
0.01033115
0.01039386
0.01040220
0.01033473
0.01033211
0.01035261
0.01034927
0.01044345
0.01039791
0.01040268
0.01040006
0.01035571
0.01039624
0.01037478
0.01040030
0.01045251
0.01040673
0.01036954
0.01036263
0.01042104
0.01039863
0.01053452
0.01053071
0.01036286
0.01036549
0.01045394
0.01051021
0.01032853
0.01040339
0.01052308
0.01043606
0.01043844
0.01043940
0.01039290
0.01042771
0.01047873
0.01046920
0.01035762
0.01035619
0.01046801
0.01038694
0.01048112
0.01037431
0.01031661
0.01042318
0.01035905
0.01047254
0.01039886
0.01041842
0.01041102
0.01038575
0.01043749
0.01031470
0.01037359
0.01039791
0.01047969
0.01038170
0.01030135
0.01044011
0.01033163
0.01040840
0.01032519
0.01039720
0.01050901
0.01039767
0.01032853
0.01037931
0.01038671
0.01040626
0.01047111
0.01029611
0.01028180
0.01033235
0.01036048
0.01031137
0.01036525
0.01072049
0.01041079
0.01040196
0.01028728
0.01038313
0.01046753
0.01042366
0.01066184
0.01040244
0.01037693
0.01047444
0.01041818
0.01042485
0.01041651
0.01033616
0.01037598
0.01042485
0.01041937
0.01040912
0.01029634
0.01031637
0.01046443
0.01031423
0.01036239
0.01037240
0.01040006
0.01043749
0.01038837
0.01038647
0.01041579
0.01040196
0.01030898
0.01035357
0.01041818
0.01043367
0.01052499
0.01040554
0.01038003
0.01038980
0.01041698
0.01051188
0.01030993
0.01035404
0.01041150
0.01035714
0.01034188
0.01034784
0.01039290
0.01039386
0.01043272
0.01031566
0.01035500
0.01039600
0.01038551
0.01034141
0.01034379
0.01042008
0.01036954
0.01044941
0.01025605
0.01036119
0.01041961
0.01034617
0.01041031
0.01038980
0.01037383
0.01028419
0.01035237
