0.00457597
0.01131058
0.01247430
0.01108050
0.01098537
0.01108122
0.01082921
0.01092815
0.01079917
0.01085591
0.01088691
0.01094913
0.01093268
0.01088691
0.01092911
0.01097274
0.01101446
0.01102066
0.01101398
0.01090908
0.01093245
0.01082492
0.01090765
0.01087403
0.01091766
0.01096535
0.01092982
0.01093030
0.01097965
0.01100421
0.01103926
0.01104689
0.01107669
0.01097465
0.01092863
0.01099539
0.01092315
0.01088524
0.01083803
0.01094031
0.01094580
0.01095080
0.01089883
0.01092649
0.01097393
0.01104593
0.01090717
0.01090193
0.01088953
0.01089430
0.01085401
0.01094031
0.01095366
0.01117539
0.01096511
0.01099706
0.01094294
0.01094985
0.01100087
0.01095390
0.01096058
0.01100516
0.01095700
0.01092768
0.01082253
0.01090932
0.01094651
0.01082134
0.01124716
0.01096654
0.01094532
0.01098609
0.01103258
0.01101470
0.01093245
0.01095557
0.01104379
0.01097798
0.01092601
0.01093674
0.01090884
0.01083755
0.01094055
0.01092124
0.01089811
0.01095891
0.01096392
0.01098108
0.01096797
0.01098680
0.01111650
0.01110840
0.01109147
0.01107025
0.01101398
0.01105309
0.01105261
0.01095486
0.01104021
0.01103568
0.01098466
0.01091504
0.01097941
0.01104665
0.01097345
0.01102424
0.01101041
0.01105571
0.01099205
0.01091886
0.01094675
0.01103163
0.01108289
0.01104307
0.01101089
0.01096559
0.01094294
0.01098061
0.01097274
0.01096511
0.01089191
0.01094985
0.01087642
0.01093888
0.01098919
0.01095510
0.01099300
0.01100326
0.01110601
0.01103044
0.01103306
0.01107383
0.01108265
0.01107550
0.01109767
0.01110482
0.01106477
0.01096416
0.01105332
0.01093173
0.01098800
0.01093864
0.01099753
0.01104045
0.01100469
0.01098680
0.01096702
0.01104307
0.01094818
0.01102734
0.01102424
0.01100326
0.01101160
0.01097965
0.01097488
0.01106882
0.01095152
0.01087356
0.01093006
0.01086330
0.01093984
0.01093078
0.01082754
0.01094294
0.01099396
0.01104927
0.01093173
0.01099753
0.01099730
0.01088738
0.01106572
0.01109123
0.01086402
0.01092029
0.01088476
0.01104355
0.01098466
0.01102161
0.01096511
0.01099300
0.01096010
0.01104236
0.01103926
0.01093864
0.01108813
0.01095343
0.01101184
0.01089644
0.01098800
0.01106620
0.01098943
0.01100492
0.01094604
0.01096535
0.01087475
0.01091075
0.01091361
0.01081753
0.01093364
0.01089144
0.01101303
0.01101470
0.01110482
0.01102495
0.01100993
0.01106954
0.01107025
0.01100683
0.01102090
0.01106119
0.01096177
0.01092243
0.01095152
0.01086450
0.01094604
0.01094103
0.01088691
0.01094890
0.01098156
0.01095438
0.01091361
0.01098585
0.01112318
0.01103568
0.01096416
0.01096368
0.01092815
0.01090980
0.01082087
0.01096201
0.01090598
0.01091504
0.01096749
0.01092124
0.01087999
0.01089621
0.01111126
0.01105571
0.01103640
0.01090407
0.01093650
0.01089287
0.01095462
0.01098442
0.01097584
0.01098752
0.01101780
0.01097894
0.01097107
0.01101708
0.01101279
0.01097655
0.01096177
0.01099706
0.01100326
0.01105499
0.01100349
0.01097703
0.01088881
0.01095700
0.01094246
0.01100135
0.01095128
0.01098084
0.01093340
0.01097012
0.01101184
0.01102400
0.01091361
0.01103115
0.01107335
0.01101279
0.01106715
0.01106501
0.01100469
0.01091576
0.01089597
0.01096058
0.01082134
0.01093936
0.01094031
0.01082015
0.01096153
0.01102304
0.01102376
0.01096368
0.01101208
0.01113081
0.01112866
0.01096535
0.01083469
0.01092148
0.01091576
0.01091027
0.01091218
0.01085901
0.01098394
0.01089501
0.01099396
0.01099181
0.01096892
0.01097465
0.01100039
0.01104856
0.01094961
0.01086807
0.01090813
0.01090264
0.01090765
0.01090240
0.01092529
0.01088357
0.01099586
0.01101875
0.01100922
0.01092982
0.01104450
0.01101971
0.01090956
0.01096129
0.01101112
0.01088262
0.01096010
0.01098156
0.01095009
0.01095343
0.01101422
0.01101851
0.01102901
0.01096439
0.01101136
0.01099133
0.01095414
0.01090145
0.01092052
0.01090407
0.01083469
0.01096892
0.01088047
0.01095104
0.01101899
0.01095414
0.01085186
0.01097703
0.01098752
0.01106501
0.01118493
0.01111460
0.01104569
0.01108980
0.01131678
0.01105046
0.01098299
0.01096439
0.01102042
0.01095843
0.01090240
0.01095009
0.01094723
0.01097989
0.01095653
0.01100349
0.01099658
0.01099706
0.01098299
0.01109338
0.01105738
0.01103830
0.01102424
0.01097894
0.01096320
0.01099706
0.01102209
0.01104188
0.01091194
0.01098323
0.01084352
0.01100016
0.01102662
0.01102591
0.01094961
0.01101160
0.01100278
0.01093411
0.01093483
0.01099777
0.01095867
0.01092076
0.01092601
0.01100636
0.01088309
0.01098800
0.01098180
0.01087642
0.01086378
0.01099277
0.01100945
0.01093078
0.01095724
0.01104188
0.01102400
0.01098800
0.01093459
0.01089311
0.01090765
0.01095915
0.01094198
0.01092052
0.01095247
0.01096416
0.01094031
0.01104641
0.01101613
0.01099873
0.01105070
0.01105118
0.01111889
0.01097655
0.01100636
0.01105595
0.01106596
0.01100373
0.01098251
0.01095700
0.01097178
0.01101971
0.01101184
0.01093554
0.01097965
0.01105547
0.01097918
0.01111746
0.01101780
0.01098228
0.01102090
0.01105165
0.01110220
0.01093793
0.01098466
0.01092505
0.01098990
0.01094437
0.01120448
0.01092410
0.01096368
0.01092672
0.01103401
0.01098394
0.01094842
0.01095843
0.01090193
0.01092839
0.01091814
0.01102567
0.01099324
0.01094937
0.01089168
0.01090884
0.01130462
0.01102448
0.01098561
0.01096630
0.01095843
0.01096344
0.01087284
0.01089931
0.01106429
0.01105404
0.01099634
0.01104879
0.01103711
0.01102328
0.01098824
0.01107335
0.01104283
0.01104331
0.01101804
0.01106143
0.01094842
0.01086020
0.01093817
0.01095057
0.01096582
0.01103067
0.01103258
0.01104832
0.01099586
0.01105785
0.01094317
0.01104641
0.01097941
0.01098013
0.01097155
0.01096773
0.01108456
0.01106048
0.01101303
0.01101589
0.01095104
0.01088691
0.01098657
0.01101446
0.01097846
0.01101208
0.01103520
0.01103497
0.01094604
0.01103497
0.01111317
0.01104712
0.01102972
0.01103258
0.01101232
0.01104212
0.01095510
0.01116014
0.01119781
0.01105690
0.01105070
0.01099443
0.01086712
0.01093364
0.01093531
0.01084852
0.01088572
0.01107407
0.01083517
0.01097298
0.01103163
0.01092076
0.01093102
0.01099467
0.01109552
0.01111984
0.01098084
0.01107740
0.01094317
0.01097775
0.01097679
0.01085305
0.01092339
0.01094055
0.01091671
0.01117325
0.01093030
0.01101732
0.01098251
0.01091194
0.01092315
0.01101875
0.01105094
0.01106405
0.01093292
0.01099467
0.01092100
0.01088667
0.01086164
0.01093793
0.01094437
0.01098561
0.01093388
0.01102662
0.01103258
0.01103020
0.01102543
0.01103020
0.01104522
0.01108718
0.01100612
0.01098013
0.01099157
0.01092863
0.01089454
0.01095510
0.01095438
0.01101398
0.01106620
0.01105070
0.01094985
0.01106668
0.01109362
0.01102424
0.01102781
0.01114821
0.01109600
0.01101947
0.01102662
0.01096559
0.01100087
0.01099086
0.01102209
0.01102567
0.01098180
0.01091766
0.01094317
0.01114130
0.01093149
0.01090407
0.01093936
0.01094460
0.01098132
0.01125598
0.01102495
0.01104569
0.01101184
0.01099324
0.01105070
0.01100373
0.01102901
0.01097918
0.01088500
0.01095796
0.01080418
0.01088810
0.01092005
0.01096463
0.01100135
0.01106405
0.01097298
0.01098752
0.01099777
0.01106524
0.01098442
0.01104760
0.01099658
0.01091313
0.01096272
0.01088071
0.01099157
0.01095271
0.01094103
0.01099038
0.01097560
0.01111007
0.01098037
0.01107430
0.01101303
0.01107574
0.01097703
0.01103115
0.01119304
0.01100302
0.01105547
0.01109362
0.01099324
0.01100159
0.01090169
0.01098824
0.01095009
0.01095748
0.01090837
0.01094246
0.01096964
0.01100945
0.01096177
0.01096129
0.01100421
0.01102161
0.01106262
0.01102710
0.01095891
0.01093292
0.01099229
0.01092267
0.01098037
0.01105785
0.01096940
0.01096249
0.01092100
0.01101327
0.01100755
0.01096487
0.01103616
0.01101279
0.01099873
0.01113915
0.01113462
0.01106215
0.01102471
0.01109982
0.01094866
0.01100039
0.01092505
0.01094604
0.01086831
0.01097369
0.01111984
0.01093316
0.01099372
0.01106834
0.01096129
0.01099920
0.01097465
0.01103973
0.01096511
0.01093102
0.01104116
0.01090145
0.01093888
0.01095724
0.01087618
0.01099229
0.01095247
0.01101685
0.01100469
0.01098919
0.01093197
0.01100254
0.01104307
0.01103067
0.01089048
0.01096463
0.01105881
0.01100922
0.01097345
0.01093793
0.01093888
0.01084805
0.01098824
0.01108909
0.01103377
0.01091576
0.01103401
0.01100850
0.01101875
0.01098919
0.01092553
0.01090932
0.01097727
0.01095009
0.01096725
0.01094985
0.01094198
0.01100731
0.01095843
0.01097584
0.01101613
0.01096630
0.01099706
0.01100969
0.01098561
0.01091838
0.01095271
0.01093745
0.01097250
0.01094222
0.01091981
0.01095057
0.01096463
0.01098561
0.01098204
0.01090884
0.01103902
0.01087785
0.01106668
0.01104832
0.01100779
0.01103163
0.01090908
0.01090431
0.01096034
0.01098704
0.01087117
0.01095629
0.01093268
0.01091766
0.01102686
0.01098418
0.01092935
0.01101351
0.01099491
0.01113868
0.01112175
0.01104593
0.01104665
0.01094747
0.01095080
0.01092625
0.01095057
0.01097536
0.01096773
0.01094103
0.01090074
0.01098680
0.01099801
0.01097608
0.01085806
0.01103616
0.01101804
0.01092958
0.01102448
0.01094699
0.01086068
0.01097441
0.01090670
0.01091003
0.01096368
0.01100230
0.01103401
0.01104355
0.01105165
0.01094794
0.01093745
0.01109433
0.01106024
0.01097918
0.01091957
0.01088357
0.01085830
0.01094818
0.01093054
0.01100850
0.01101279
0.01098323
0.01097107
0.01095414
0.01101017
0.01107454
0.01099992
0.01097178
0.01096892
0.01096392
0.01089144
0.01095057
0.01100206
0.01094127
0.01090288
0.01091790
0.01101804
0.01088428
0.01100731
0.01096463
0.01103806
0.01106453
0.01102138
0.01105404
0.01092267
0.01101351
0.01094055
0.01093817
0.01099896
0.01096678
0.01097512
0.01089907
0.01108742
0.01104593
0.01099205
0.01103902
0.01105785
0.01100135
0.01101756
0.01106000
0.01109266
0.01098847
0.01104307
0.01097465
0.01093483
0.01103592
0.01097012
0.01101303
0.01097012
0.01098204
0.01095366
0.01099467
0.01097655
0.01106763
0.01101828
0.01097655
0.01112080
0.01097488
0.01102781
0.01098680
0.01089978
0.01096249
0.01098204
0.01099491
0.01091409
0.01093650
0.01096463
0.01099014
0.01098680
0.01097989
0.01104879
0.01134276
0.01114058
0.01108074
0.01101446
0.01103568
0.01099443
0.01112390
0.01106596
0.01096416
