0.00735879
0.01124477
0.01130462
0.01129365
0.01117635
0.01118255
0.01113582
0.01122665
0.01124477
0.01118064
0.01121259
0.01111293
0.01134062
0.01129627
0.01120448
0.01115227
0.01117873
0.01107454
0.01117134
0.01107264
0.01127672
0.01110673
0.01115155
0.01106668
0.01115513
0.01121378
0.01119590
0.01111650
0.01125169
0.01119065
0.01121664
0.01138711
0.01148129
0.01132703
0.01134086
0.01146817
0.01115274
0.01105785
0.01108289
0.01113510
0.01138425
0.01137972
0.01131678
0.01110125
0.01119804
0.01113653
0.01120877
0.01123142
0.01112723
0.01120329
0.01115060
0.01119494
0.01124144
0.01116991
0.01134777
0.01129293
0.01138377
0.01129746
0.01118517
0.01119256
0.01117492
0.01112866
0.01113462
0.01116157
0.01120329
0.01115704
0.01134753
0.01128578
0.01150799
0.01142406
0.01136780
0.01126790
0.01121163
0.01124668
0.01119518
0.01119494
0.01130104
0.01114488
0.01121020
0.01127887
0.01132345
0.01131535
0.01145434
0.01144004
0.01130319
0.01124597
0.01120925
0.01108909
0.01117849
0.01110077
0.01124072
0.01141500
0.01150084
0.01134539
0.01134014
0.01114082
0.01118398
0.01120710
0.01122808
0.01124930
0.01127195
0.01122165
0.01106477
0.01117373
0.01129317
0.01122141
0.01127315
0.01127410
0.01130342
0.01117396
0.01118755
0.01129627
0.01117849
0.01119208
0.01125002
0.01117802
0.01118731
0.01110792
0.01113963
0.01113176
0.01118040
0.01117134
0.01120186
0.01134586
0.01114178
0.01112819
0.01118755
0.01121593
0.01117873
0.01116133
0.01127958
0.01107502
0.01107931
0.01113200
0.01107073
0.01115608
0.01115561
0.01117229
0.01119184
0.01116300
0.01118159
0.01119041
0.01112485
0.01110840
0.01111031
0.01113534
0.01122141
0.01111007
0.01121187
0.01105833
0.01123905
0.01123261
0.01112795
0.01125407
0.01112127
0.01120448
0.01117039
0.01122236
0.01104617
0.01107430
0.01109004
0.01114678
0.01130533
0.01113892
0.01117110
0.01121235
0.01124001
0.01122260
0.01116920
0.01116323
0.01114488
0.01116753
0.01112056
0.01119256
0.01138687
0.01127052
0.01118731
0.01122928
0.01127410
0.01112056
0.01115608
0.01126456
0.01112437
0.01111555
0.01101804
0.01111197
0.01109719
0.01116157
0.01114774
0.01114011
0.01111269
0.01109815
0.01118374
0.01107931
0.01114273
0.01110125
0.01113224
0.01107216
0.01120210
0.01120496
0.01113153
0.01118898
0.01113033
0.01115131
0.01147246
0.01131868
0.01155138
0.01141596
0.01142669
0.01118398
0.01126337
0.01124930
0.01115465
0.01126909
0.01115227
0.01106310
0.01118994
0.01130199
0.01131105
0.01128817
0.01128983
0.01112676
0.01123643
0.01122761
0.01125312
0.01124024
0.01120520
0.01125932
0.01135683
0.01128006
0.01125717
0.01130533
0.01122594
0.01123571
0.01116157
0.01127410
0.01109576
0.01112628
0.01103115
0.01118684
0.01120019
0.01117325
0.01112747
0.01115608
0.01127481
0.01137710
0.01122379
0.01112461
0.01123309
0.01117945
0.01124477
0.01116967
0.01105475
0.01118112
0.01115251
0.01109862
0.01123118
0.01115370
0.01121902
0.01111484
0.01118779
0.01120281
0.01118636
0.01110625
0.01111841
0.01111341
0.01113248
0.01107740
0.01124477
0.01119900
0.01130700
0.01100421
0.01115918
0.01110435
0.01127243
0.01133227
0.01130629
0.01125813
0.01121426
0.01111650
0.01118803
0.01130843
0.01137185
0.01119065
0.01118541
0.01115632
0.01122260
0.01121545
0.01116300
0.01121354
0.01117015
0.01119566
0.01113224
0.01117730
0.01116395
0.01125836
0.01126909
0.01111650
0.01114821
0.01124716
0.01146698
0.01149058
0.01146555
0.01142240
0.01124668
0.01119161
0.01127005
0.01114225
0.01114202
0.01113009
0.01119089
0.01112556
0.01123118
0.01128006
0.01116014
0.01135683
0.01115394
0.01120448
0.01132441
0.01117945
0.01121759
0.01111078
0.01125813
0.01120377
0.01130629
0.01133466
0.01109624
0.01118493
0.01114821
0.01112247
0.01126957
0.01118946
0.01123381
0.01114559
0.01111889
0.01116347
0.01111412
0.01117802
0.01119590
0.01125836
0.01117706
0.01125169
0.01131487
0.01115656
0.01112223
0.01120257
0.01116157
0.01122451
0.01111007
0.01117778
0.01112485
0.01112652
0.01115990
0.01116538
0.01128125
0.01107264
0.01119900
0.01115966
0.01118135
0.01109242
0.01114845
0.01125836
0.01123309
0.01113629
0.01114345
0.01119757
0.01129675
0.01110458
0.01123738
0.01127958
0.01156306
0.01146483
0.01148438
0.01135635
0.01125431
0.01118922
0.01127625
0.01115847
0.01118207
0.01115608
