74.000,86.000,56.000,48.000
75.841,87.841,56.000,48.000
76.046,86.818,56.000,48.000
74.205,86.205,56.000,48.000
72.773,84.363,56.000,48.000
75.841,82.113,56.000,48.000
77.273,78.226,56.000,48.000
78.296,75.567,56.000,48.000
76.046,77.817,56.000,48.000
68.477,86.205,56.000,48.000
65.408,90.501,56.000,48.000
63.727,93.153,57.239,49.062
60.708,94.997,58.505,50.147
61.349,93.501,58.505,50.147
58.143,94.997,58.505,50.147
60.066,92.646,58.505,50.147
57.716,91.150,58.505,50.147
57.929,89.654,58.505,50.147
58.143,87.730,58.505,50.147
55.500,90.058,59.800,51.257
56.155,87.655,59.800,51.257
54.189,90.058,59.800,51.257
55.719,88.966,59.800,51.257
54.189,91.806,59.800,51.257
53.971,89.840,59.800,51.257
55.500,88.747,59.800,51.257
52.660,91.587,59.800,51.257
54.772,90.239,58.525,50.164
51.992,93.018,58.525,50.164
54.344,89.384,58.525,50.164
57.235,86.415,57.277,49.094
57.863,87.880,57.277,49.094
53.887,92.274,57.277,49.094
51.586,97.086,57.277,49.094
50.539,99.388,57.277,49.094
52.841,101.271,57.277,49.094
53.887,101.062,57.277,49.094
54.515,101.271,57.277,49.094
53.887,102.736,57.277,49.094
54.515,102.526,57.277,49.094
53.887,101.062,57.277,49.094
56.189,100.434,57.277,49.094
59.327,98.133,57.277,49.094
62.047,97.923,57.277,49.094
60.164,100.225,57.277,49.094
58.281,102.526,57.277,49.094
62.320,101.638,56.055,48.047
64.163,101.024,56.055,48.047
62.730,102.867,56.055,48.047
65.893,103.182,54.860,47.023
66.895,102.581,54.860,47.023
65.893,104.785,54.860,47.023
68.989,103.162,53.690,46.020
71.931,102.573,53.690,46.020
74.873,100.024,53.690,46.020
77.423,98.258,53.690,46.020
79.581,102.377,53.690,46.020
77.815,106.104,53.690,46.020
79.188,108.261,53.690,46.020
82.523,107.673,53.690,46.020
84.288,107.084,53.690,46.020
85.806,108.898,52.545,45.038
87.917,110.242,52.545,45.038
90.142,110.537,51.424,44.078
92.209,108.847,51.424,44.078
95.473,110.584,50.328,43.138
99.022,108.740,49.254,42.218
101.361,107.841,49.254,42.218
104.488,109.852,48.204,41.318
107.887,109.104,47.176,40.437
110.882,108.705,46.170,39.574
113.813,109.289,45.185,38.730
115.959,107.804,45.185,38.730
115.463,108.629,45.185,38.730
118.270,109.124,45.185,38.730
120.415,110.610,45.185,38.730
122.891,111.105,45.185,38.730
126.028,112.921,45.185,38.730
128.896,112.538,44.222,37.904
131.703,112.164,43.279,37.096
135.365,113.321,42.356,36.305
138.948,112.963,41.453,35.531
143.039,113.196,40.569,34.773
147.614,112.281,39.704,34.032
149.790,114.166,39.704,34.032
151.385,115.182,39.704,34.032
152.981,114.166,39.704,34.032
158.410,111.232,40.582,34.785
163.652,108.232,41.480,35.554
166.228,105.656,41.480,35.554
172.744,103.989,41.480,35.554
189.564,98.383,41.480,35.554
191.463,98.461,42.398,36.341
189.226,96.934,43.336,37.145
191.539,96.687,44.294,37.967
193.643,98.467,44.294,37.967
196.070,97.982,44.294,37.967
197.850,97.497,44.294,37.967
200.550,98.252,45.274,38.807
202.700,97.756,45.274,38.807
205.180,97.259,45.274,38.807
206.338,98.748,45.274,38.807
208.158,97.259,45.274,38.807
207.661,99.409,45.274,38.807
209.811,100.898,45.274,38.807
211.300,98.748,45.274,38.807
213.119,97.590,45.274,38.807
213.946,98.748,45.274,38.807
216.362,96.088,46.276,39.665
217.429,96.175,47.300,40.543
219.236,94.472,48.347,41.440
222.183,94.930,49.416,42.357
225.944,93.525,50.510,43.294
229.819,95.554,50.510,43.294
232.587,94.632,50.510,43.294
233.751,92.430,51.627,44.252
234.694,93.750,51.627,44.252
237.523,93.561,51.627,44.252
240.729,94.127,51.627,44.252
243.181,95.447,51.627,44.252
246.387,93.373,51.627,44.252
249.216,95.825,51.627,44.252
250.913,94.127,51.627,44.252
252.988,95.825,51.627,44.252
256.194,95.259,51.627,44.252
259.023,97.711,51.627,44.252
261.475,96.013,51.627,44.252
