0.00727391
0.01120377
0.01078939
0.01086926
0.01089811
0.01084352
0.01092768
0.01094127
0.01104999
0.01121974
0.01113629
0.01094818
0.01098442
0.01085401
0.01094675
0.01108527
0.01103139
0.01106954
0.01103067
0.01109195
0.01086926
0.01087880
0.01084328
0.01095271
0.01091194
0.01112342
0.01090956
0.01098824
0.01086235
0.01090765
0.01086736
0.01100373
0.01085639
0.01093602
0.01081133
0.01087475
0.01084161
0.01095176
0.01090765
0.01089978
0.01085210
0.01093292
0.01090503
0.01092982
0.01084089
0.01114988
0.01084137
0.01088929
0.01096606
0.01112008
0.01098084
0.01111865
0.01097655
0.01096582
0.01091218
0.01080728
0.01094937
0.01086950
0.01085782
0.01078653
0.01103973
0.01096773
0.01102042
0.01102448
0.01090050
0.01083398
0.01088381
0.01081848
0.01084328
0.01083136
0.01093078
0.01078129
0.01086760
0.01079535
0.01087618
0.01066875
0.01076508
0.01092243
0.01087332
0.01114917
0.01175761
0.01163316
0.01102781
0.01097798
0.01090169
0.01086235
0.01095939
0.01090741
0.01100349
0.01083875
0.01085949
0.01082826
0.01082468
0.01082563
0.01099491
0.01101661
0.01093125
0.01086092
0.01087809
0.01085734
0.01094604
0.01093721
0.01099396
0.01078629
0.01082301
0.01079917
0.01093674
0.01087070
0.01093554
0.01086569
0.01090646
0.01088667
0.01097059
0.01111674
0.01103234
0.01094246
0.01121759
0.01090550
0.01091790
0.01092196
0.01097918
0.01102686
0.01105857
0.01097703
0.01110721
0.01097035
0.01099491
0.01086879
0.01093173
0.01094079
0.01084566
0.01087093
0.01090193
0.01084352
0.01096725
0.01076484
0.01086974
0.01075745
0.01085711
0.01078081
0.01098180
0.01089764
0.01090240
0.01087070
0.01094246
0.01093316
0.01089740
0.01076651
0.01094842
0.01089883
0.01086974
0.01162672
0.01127625
0.01097846
0.01086378
0.01096201
0.01105094
0.01111889
0.01102018
0.01108336
0.01105714
0.01086879
0.01087904
0.01083541
0.01093340
0.01098943
0.01099825
0.01102257
0.01093364
0.01094866
0.01087713
0.01094151
0.01087213
0.01091862
0.01081133
0.01079297
0.01079345
0.01088834
0.01087332
0.01094246
0.01093578
0.01092577
0.01084781
0.01092482
0.01089931
0.01097155
0.01099801
0.01147056
0.01107407
0.01080084
0.01100707
0.01087546
0.01102614
0.01082158
0.01087832
0.01077986
0.01089978
0.01087284
0.01092887
0.01081419
0.01090217
0.01085329
0.01092887
0.01100683
0.01106048
0.01101923
0.01103425
0.01122260
0.01101446
0.01104045
0.01094246
0.01089215
0.01088142
0.01089382
0.01083851
0.01083350
0.01088619
0.01082039
0.01085544
0.01094437
0.01089358
0.01082754
0.01137638
0.01087999
0.01090121
0.01087832
0.01092958
0.01087570
0.01098180
0.01094317
0.01097989
0.01096439
0.01105738
0.01090550
0.01096249
0.01077032
0.01085949
0.01086140
0.01091146
0.01089644
0.01089215
0.01086450
0.01091909
0.01102233
0.01090384
0.01088572
0.01075172
0.01081371
0.01067901
0.01077819
0.01080108
0.01083207
0.01081610
0.01087713
0.01090121
0.01106644
0.01089573
0.01140094
0.01113701
0.01082397
0.01082516
0.01095867
0.01086068
0.01098824
0.01093388
0.01078272
0.01069093
0.01072717
0.01078367
0.01088595
0.01093864
0.01089168
0.01083159
0.01076460
0.01087189
0.01074076
0.01076031
0.01069260
0.01066184
0.01062512
0.01054335
0.01066685
0.01073623
0.01071739
0.01074433
0.01080370
0.01076460
0.01070166
0.01066113
0.01073384
0.01063418
0.01072717
0.01062632
0.01143909
0.01112819
0.01071715
0.01066208
0.01074195
0.01070809
0.01071119
0.01067805
0.01086855
0.01062703
0.01068735
0.01066089
0.01079178
0.01075554
0.01075149
0.01061654
0.01061296
0.01062393
0.01059890
0.01073909
0.01063275
0.01066613
0.01057243
0.01075506
0.01060820
0.01065755
0.01064229
0.01057482
0.01062655
0.01069093
0.01073074
0.01060176
0.01068139
0.01064444
0.01062179
0.01073122
0.01141381
0.01128197
0.01073694
0.01063728
0.01074290
0.01069999
0.01075792
0.01071405
0.01075125
0.01076198
0.01073956
0.01060796
0.01076746
0.01063395
0.01068020
0.01060081
0.01059651
0.01075196
0.01060081
0.01070404
0.01079202
0.01070619
0.01054740
0.01061249
0.01058888
0.01078033
0.01072097
0.01098228
0.01073217
0.01081896
0.01060462
0.01054668
0.01070046
0.01065540
0.01066160
0.01066518
0.01164031
0.01101232
0.01070189
0.01080847
0.01072288
0.01085544
0.01084542
0.01079130
0.01086569
0.01090765
0.01068830
0.01069736
0.01061463
0.01074505
0.01070857
0.01068974
0.01060748
0.01055408
0.01056623
0.01059628
0.01073408
0.01060915
0.01055789
0.01060271
0.01060104
0.01062536
0.01060057
0.01097775
0.01061177
0.01071668
0.01055503
0.01067710
0.01064682
0.01060605
0.01066160
0.01057482
0.01161265
0.01077342
0.01066613
0.01065278
0.01071548
0.01063085
0.01063633
0.01066947
0.01079130
0.01068711
0.01077056
0.01054001
0.01068234
0.01053023
0.01064610
0.01059651
0.01058888
0.01067448
0.01062655
0.01066256
0.01059294
0.01060295
0.01058340
0.01083970
0.01067805
0.01061440
0.01063132
0.01055741
0.01074743
0.01061034
0.01068521
0.01058698
0.01063275
0.01059055
0.01064396
0.01067972
0.01122069
0.01114798
0.01065707
0.01067162
0.01063895
0.01069212
0.01072264
0.01075459
0.01084399
0.01077437
0.01068258
0.01070404
0.01070738
0.01067996
0.01063752
0.01069164
0.01068497
0.01070046
0.01065588
0.01066113
0.01052880
0.01057076
0.01056671
0.01058030
0.01065588
0.01053596
0.01074290
0.01049089
0.01057482
0.01064086
0.01062226
0.01066494
0.01064372
0.01081157
0.01069021
0.01071644
0.01124001
0.01119256
0.01077390
0.01083970
0.01069736
0.01059031
0.01061940
0.01071048
0.01068330
0.01076984
0.01071858
0.01075840
0.01064229
0.01077032
0.01060057
0.01079154
0.01077843
0.01098561
0.01089931
0.01104331
0.01088834
0.01078033
0.01068354
0.01076865
0.01077080
0.01079822
0.01069832
0.01074123
0.01069999
0.01086092
0.01099539
0.01083779
0.01077509
0.01068401
0.01084137
0.01073241
0.01166630
0.01091671
0.01082540
0.01086402
0.01086187
0.01083636
0.01067781
0.01076984
0.01079011
0.01091218
0.01081038
0.01079082
0.01073098
0.01089883
0.01080751
0.01094604
0.01074028
0.01088715
0.01085639
0.01094317
0.01080537
0.01087332
0.01089883
0.01098490
0.01087570
0.01091743
0.01080489
0.01096869
0.01083255
0.01094794
0.01077294
0.01086855
0.01078963
0.01092339
0.01086283
0.01099873
0.01159739
0.01084709
0.01088929
0.01086211
0.01111627
0.01098347
0.01101804
0.01086092
0.01098704
0.01091313
0.01117706
0.01110196
0.01106691
0.01096702
0.01102328
0.01102376
0.01110935
0.01102161
0.01099849
0.01097322
0.01104760
0.01106739
0.01105618
0.01106548
0.01118970
0.01101995
0.01114035
0.01106048
0.01120496
0.01123834
0.01115704
0.01115346
0.01126838
0.01125288
0.01131892
0.01146793
0.01132894
0.01125622
0.01131725
0.01130629
