0.00420213
0.01103306
0.01160932
0.01057386
0.01058936
0.01029730
0.01028156
0.01034403
0.01033163
0.01024032
0.01033330
0.01028657
0.01024795
0.01031780
0.01032495
0.01028395
0.01029491
0.01029396
0.01034236
0.01024246
0.01033497
0.01039886
0.01020980
0.01029825
0.01030135
0.01024938
0.01039362
0.01030493
0.01021981
0.01032329
0.01034760
0.01034284
0.01022315
0.01029468
0.01042962
0.01045513
0.01054335
0.01030755
0.01045179
0.01027012
0.01028967
0.01036644
0.01027608
0.01035428
0.01034117
0.01019239
0.01022434
0.01029539
0.01022720
0.01019835
0.01033688
0.01038003
0.01033044
0.01025152
0.01035953
0.01037216
0.01022530
0.01028514
0.01029181
0.01028991
0.01032424
0.01040435
0.01018524
0.01034522
0.01034617
0.01022458
0.01025677
0.01027393
0.01021981
0.01020122
0.01026821
0.01027656
0.01027155
0.01021338
0.01033163
0.01031113
0.01031351
0.01031637
0.01032138
0.01033974
0.01027989
0.01030922
0.01115346
0.01039624
0.01034355
0.01028228
0.01037240
0.01039410
0.01033831
0.01029682
0.01038647
0.01033354
0.01044202
0.01032138
0.01038694
0.01047730
0.01025200
0.01028490
0.01031446
0.01024532
0.01032615
0.01034403
0.01027489
0.01030040
0.01025820
0.01039743
0.01027966
0.01033640
0.01034069
0.01028228
0.01028776
0.01035762
0.01040244
0.01023507
0.01031041
0.01039767
0.01028562
0.01027465
0.01029277
0.01025653
0.01030111
0.01029420
0.01028514
0.01022077
0.01033473
0.01036000
0.01034951
0.01027989
0.01108527
0.01080704
0.01026607
0.01029825
0.01032948
0.01025319
0.01033521
0.01042247
0.01041484
0.01058650
0.01033044
0.01041794
0.01043844
0.01036191
0.01032186
0.01034665
0.01029491
0.01032400
0.01037931
0.01040101
0.01031375
0.01038074
0.01036906
0.01031351
0.01038098
0.01025510
0.01033926
0.01034212
0.01035786
0.01048326
0.01032138
0.01035690
0.01046109
0.01031113
0.01033735
0.01039577
0.01046157
0.01031804
0.01032829
0.01043034
0.01031351
0.01039386
0.01039481
0.01043439
0.01035070
0.01047540
0.01120281
0.01082850
0.01038742
0.01029158
0.01040745
0.01040530
0.01030588
0.01048088
0.01032734
0.01028371
0.01036215
0.01037312
0.01043320
0.01033759
0.01042295
0.01045942
0.01042652
0.01028609
0.01043630
0.01035404
0.01028085
0.01042986
0.01035595
0.01029491
0.01034474
0.01039028
0.01048827
0.01031280
0.01036048
0.01036453
0.01034951
0.01026177
0.01037455
0.01049137
0.01024103
0.01032829
0.01043653
0.01037359
0.01035905
0.01038218
0.01032090
0.01037812
0.01037407
0.01035380
0.01037836
0.01037693
0.01118326
0.01060963
0.01044250
0.01034856
0.01026964
0.01043344
0.01035428
0.01035452
0.01036286
0.01036572
0.01033592
0.01039314
0.01042747
0.01031470
0.01034403
0.01042819
0.01042581
0.01032710
0.01034999
0.01040292
0.01030207
0.01038289
0.01028824
0.01033950
0.01035094
0.01038933
0.01046133
0.01032877
0.01031566
0.01036835
0.01036024
0.01029944
0.01036286
0.01052046
0.01031327
0.01072979
0.01044154
0.01037526
0.01033521
0.01043272
0.01034546
0.01035738
0.01039600
0.01038384
0.01044106
0.01033616
0.01119852
0.01050711
0.01040387
0.01031995
0.01046324
0.01045513
0.01046610
0.01045132
0.01040435
0.01046586
0.01048446
0.01041317
0.01041698
0.01047969
0.01036286
0.01042199
0.01044965
