0.00601339
0.01097846
0.01245093
0.01171350
0.01124144
0.01082730
0.01083159
0.01077437
0.01073623
0.01087499
0.01079059
0.01081872
0.01082587
0.01085353
0.01082802
0.01082540
0.01080918
0.01087689
0.01080537
0.01081777
0.01076841
0.01072097
0.01068497
0.01088405
0.01084161
0.01084280
0.01082611
0.01080942
0.01086450
0.01083827
0.01082969
0.01078844
0.01077890
0.01090765
0.01088786
0.01078963
0.01077771
0.01124358
0.01108193
0.01087093
0.01081967
0.01081109
0.01083708
0.01082540
0.01069951
0.01065993
0.01065469
0.01097965
0.01063704
0.01074386
0.01071072
0.01076746
0.01064324
0.01059771
0.01060557
0.01061797
0.01072788
0.01070786
0.01073265
0.01064491
0.01062155
0.01056671
0.01058674
0.01063085
0.01063466
0.01063895
0.01063728
0.01064038
0.01050282
0.01084018
0.01059532
0.01054788
0.01055145
0.01063681
0.01055932
0.01061749
0.01059294
0.01124048
0.01082301
0.01069498
0.01064801
0.01067948
0.01065254
0.01061273
0.01064849
0.01060128
0.01065826
0.01071954
0.01059890
0.01060271
0.01059389
0.01056075
0.01049495
0.01048923
0.01056314
0.01057696
0.01051354
0.01055598
0.01064444
0.01060534
0.01048326
0.01050258
0.01058578
0.01055312
0.01049733
0.01051474
0.01061726
0.01061773
0.01055264
0.01063228
0.01055670
0.01060081
0.01055288
0.01055384
0.01054239
0.01056433
0.01050425
0.01115799
0.01103854
0.01075482
0.01063848
0.01069689
0.01071286
0.01076508
0.01068974
0.01068640
0.01068926
0.01064610
0.01062918
0.01069212
0.01080966
0.01084352
0.01071000
0.01066756
0.01071286
0.01072884
0.01063013
0.01064491
0.01077724
0.01081347
0.01073647
0.01072526
0.01063251
0.01067352
0.01068330
0.01073718
0.01076221
0.01074624
0.01074553
0.01078534
0.01065063
0.01064324
0.01102972
0.01053977
0.01055002
0.01051903
0.01056671
0.01125646
0.01080298
0.01062751
0.01059604
0.01059413
0.01059127
0.01064801
0.01062036
0.01062226
0.01068544
0.01062679
0.01060343
0.01048160
0.01051998
0.01056409
0.01046681
0.01054668
0.01063085
0.01060772
0.01053882
0.01046205
0.01052809
0.01050520
0.01049447
0.01047969
0.01051474
0.01045179
0.01047659
0.01046777
0.01059604
0.01059055
0.01113486
0.01047349
0.01053476
0.01057172
0.01062799
0.01107240
0.01084399
0.01057410
0.01051211
0.01105952
0.01090693
0.01062560
0.01066327
0.01057458
0.01061463
0.01074290
0.01070094
0.01053286
0.01060176
0.01063919
0.01061368
0.01055074
0.01060653
0.01058531
0.01058435
0.01058221
0.01063037
0.01059937
0.01059604
0.01051879
0.01064157
0.01060534
0.01055956
0.01053977
0.01048565
0.01054239
0.01057315
0.01060009
0.01061869
0.01066899
0.01061678
0.01055741
0.01061773
0.01068401
0.01060820
0.01055360
0.01061606
0.01051855
0.01054788
0.01127124
0.01072621
0.01060915
0.01056647
0.01061869
0.01061821
0.01063466
0.01071143
0.01066899
0.01065946
0.01062346
0.01092386
0.01058125
0.01057506
0.01058030
0.01062632
0.01059294
0.01047564
0.01053524
0.01058435
0.01050329
0.01059937
0.01068711
0.01057172
0.01061225
0.01054192
0.01056743
0.01055932
0.01052475
0.01058245
0.01065898
0.01054311
0.01055598
0.01043653
0.01056695
0.01055336
0.01057506
0.01049924
0.01051736
0.01070619
0.01115179
0.01052809
0.01049185
0.01056933
0.01057959
0.01066399
0.01059437
0.01058793
0.01059699
0.01049542
0.01051259
0.01053667
0.01052856
0.01049829
0.01052499
0.01064897
0.01051831
0.01058817
0.01059055
0.01059794
0.01051903
0.01062202
0.01052952
0.01058149
0.01048946
0.01057029
0.01061726
0.01063371
0.01063538
0.01061392
0.01065278
0.01062775
0.01055312
0.01059580
0.01062036
0.01065683
0.01053524
0.01050544
0.01051545
0.01056623
0.01122737
0.01070237
0.01057696
0.01061082
0.01061869
0.01061535
0.01069474
0.01070881
0.01078057
0.01071668
0.01070595
0.01082420
0.01059031
0.01054978
0.01053357
0.01059246
0.01053357
0.01056147
0.01056290
0.01070929
0.01058960
0.01058674
0.01063728
0.01063943
0.01051903
0.01056266
0.01055074
0.01062298
0.01072383
0.01062083
0.01062727
0.01067305
0.01047039
0.01056409
0.01047111
0.01048708
0.01045942
0.01052904
0.01054955
0.01056838
0.01129198
0.01081777
0.01074147
0.01070499
0.01073766
0.01072097
0.01074362
0.01071978
0.01064825
