478.000,143.000,80.000,111.000
476.876,143.375,80.000,111.000
475.752,140.002,80.000,111.000
474.627,138.128,80.000,111.000
473.503,136.255,80.000,111.000
472.379,134.381,80.000,111.000
472.004,133.257,80.000,111.000
470.880,130.633,80.000,111.000
469.756,128.760,80.000,111.000
470.130,128.385,80.000,111.000
468.455,127.040,78.294,108.633
467.355,128.140,78.294,108.633
467.722,127.774,78.294,108.633
467.355,126.673,78.294,108.633
466.988,127.040,78.294,108.633
467.355,125.940,78.294,108.633
464.788,124.106,78.294,108.633
465.888,123.739,78.294,108.633
463.880,125.201,80.026,111.036
462.756,123.327,80.026,111.036
459.926,124.821,81.797,113.493
458.776,122.905,81.797,113.493
454.294,124.432,83.607,116.004
449.986,123.257,83.607,116.004
445.404,126.444,85.456,118.571
439.890,126.378,87.347,121.194
433.753,131.697,87.347,121.194
426.419,131.630,89.280,123.875
418.473,137.067,89.280,123.875
411.844,138.733,91.255,126.616
405.956,140.437,93.274,129.418
401.150,140.000,93.274,129.418
396.945,141.742,95.338,132.281
384.887,143.975,95.338,132.281
363.898,150.674,95.338,132.281
350.053,152.013,95.338,132.281
342.461,155.140,95.338,132.281
336.656,157.372,95.338,132.281
328.170,162.285,95.338,132.281
306.287,161.838,95.338,132.281
295.503,165.472,97.447,135.208
283.178,161.363,97.447,135.208
271.766,167.298,97.447,135.208
263.584,161.540,99.603,138.199
259.385,165.739,99.603,138.199
260.704,162.758,101.807,141.257
257.365,168.957,101.807,141.257
259.750,164.665,101.807,141.257
259.273,168.957,101.807,141.257
264.579,162.942,104.059,144.382
264.279,161.192,101.840,141.303
269.526,164.532,101.840,141.303
270.875,155.544,104.093,144.429
275.263,152.131,104.093,144.429
278.664,144.969,106.396,147.625
273.182,135.499,106.396,147.625
277.668,126.030,106.396,147.625
280.160,114.567,106.396,147.625
280.658,103.104,106.396,147.625
278.166,92.637,106.396,147.625
280.658,82.171,106.396,147.625
282.153,71.705,106.396,147.625
281.493,61.281,108.750,150.891
279.965,51.602,108.750,150.891
280.474,45.999,108.750,150.891
276.908,40.395,108.750,150.891
274.631,35.621,106.431,147.673
278.121,30.137,106.431,147.673
273.009,27.387,104.162,144.524
277.411,25.636,101.940,141.442
278.844,24.203,101.940,141.442
282.187,22.771,101.940,141.442
283.619,20.383,101.940,141.442
287.928,22.351,99.766,138.426
291.244,26.080,97.639,135.474
298.016,26.202,95.557,132.585
303.835,29.335,95.557,132.585
309.600,30.317,93.519,129.758
313.542,35.136,93.519,129.758
318.361,35.574,93.519,129.758
324.144,38.229,95.588,132.628
334.226,37.485,93.550,129.800
341.676,39.676,93.550,129.800
350.878,38.362,93.550,129.800
363.587,42.306,93.550,129.800
380.212,41.578,91.555,127.032
396.938,41.149,91.555,127.032
403.371,45.867,91.555,127.032
413.855,45.154,89.602,124.323
430.224,48.932,89.602,124.323
437.248,52.280,87.691,121.672
451.625,56.799,87.691,121.672
460.874,61.659,85.821,119.077
473.337,66.081,85.821,119.077
482.389,70.838,83.991,116.538
491.438,74.379,83.991,116.538
501.274,77.920,83.991,116.538
507.962,80.674,83.991,116.538
513.788,86.088,82.200,114.053
518.023,90.324,82.200,114.053
516.098,95.330,82.200,114.053
513.634,100.628,80.447,111.620
511.750,105.527,80.447,111.620
506.851,110.426,80.447,111.620
500.445,116.079,80.447,111.620
492.127,121.490,82.227,114.090
485.579,124.186,82.227,114.090
479.474,126.521,84.046,116.614
473.234,128.907,85.906,119.194
468.003,130.919,85.906,119.194
462.772,132.931,85.906,119.194
455.126,134.138,85.906,119.194
443.456,137.760,85.906,119.194
435.005,142.991,85.906,119.194
428.628,143.760,87.806,121.831
421.635,148.285,87.806,121.831
416.288,150.341,87.806,121.831
412.586,150.753,87.806,121.831
407.239,150.341,87.806,121.831
401.892,156.511,87.806,121.831
396.545,161.035,87.806,121.831
389.173,165.235,89.749,124.527
379.189,170.210,87.835,121.871
369.726,175.559,87.835,121.871
361.908,180.907,87.835,121.871
354.091,178.850,87.835,121.871
345.450,183.376,87.835,121.871
337.633,188.725,87.835,121.871
329.404,187.804,89.779,124.568
323.937,189.906,89.779,124.568
326.040,186.963,89.779,124.568
320.573,189.065,89.779,124.568
323.506,190.741,91.765,127.324
327.375,186.873,91.765,127.324
331.244,186.443,91.765,127.324
335.972,188.592,91.765,127.324
342.420,191.601,91.765,127.324
351.447,191.171,91.765,127.324
364.772,197.619,91.765,127.324
379.817,204.067,91.765,127.324
391.735,207.564,93.795,130.141
398.326,211.518,93.795,130.141
406.674,215.473,93.795,130.141
414.143,219.427,93.795,130.141
420.855,222.090,95.870,133.020
429.387,226.132,95.870,133.020
436.124,231.072,95.870,133.020
441.120,234.725,97.992,135.963
447.180,237.507,100.160,138.972
452.341,240.792,100.160,138.972
457.502,238.446,100.160,138.972
454.217,239.853,100.160,138.972
450.933,236.569,100.160,138.972
445.772,234.223,100.160,138.972
442.488,228.124,100.160,138.972
442.019,221.086,100.160,138.972
442.488,215.925,100.160,138.972
439.204,217.333,100.160,138.972
437.796,215.925,100.160,138.972
440.142,212.641,100.160,138.972
440.611,208.418,100.160,138.972
439.016,207.368,102.376,142.046
440.455,203.052,102.376,142.046
444.771,197.777,102.376,142.046
443.141,192.722,104.641,145.189
438.424,195.693,106.956,148.401
434.917,197.196,106.956,148.401
429.055,195.035,109.322,151.685
422.001,193.888,111.741,155.041
416.244,192.318,111.741,155.041
409.034,186.801,114.213,158.471
403.149,180.916,114.213,158.471
397.264,183.591,114.213,158.471
388.784,179.063,116.740,161.977
377.848,174.434,119.323,165.561
366.669,175.502,121.963,169.224
357.615,173.037,124.662,172.968
342.301,165.671,127.420,176.795
330.364,156.904,130.239,180.707
306.571,150.193,130.239,180.707
292.539,145.922,130.239,180.707
279.728,145.312,130.239,180.707
255.934,147.142,130.239,180.707
244.343,146.532,130.239,180.707
233.972,147.142,130.239,180.707
224.820,147.752,130.239,180.707
218.110,149.583,130.239,180.707
212.619,152.633,130.239,180.707
204.688,155.683,130.239,180.707
197.977,158.734,130.239,180.707
193.706,161.784,130.239,180.707
188.627,167.827,127.462,176.853
182.059,168.424,127.462,176.853
177.880,172.604,127.462,176.853
173.700,173.201,127.462,176.853
169.521,177.380,127.462,176.853
166.535,179.172,127.462,176.853
162.715,181.633,124.743,173.082
163.299,182.217,124.743,173.082
159.209,181.633,124.743,173.082
160.962,181.048,124.743,173.082
160.378,181.633,124.743,173.082
158.625,182.217,124.743,173.082
156.012,181.247,122.083,169.391
157.728,180.675,122.083,169.391
154.069,178.622,119.480,165.778
155.748,172.466,119.480,165.778
154.069,166.309,119.480,165.778
150.151,159.034,119.480,165.778
146.233,151.758,119.480,165.778
140.847,142.375,122.123,169.446
135.698,133.794,122.123,169.446
130.550,125.213,122.123,169.446
124.257,115.488,122.123,169.446
117.288,102.408,119.519,165.833
117.848,90.650,119.519,165.833
120.742,78.928,116.970,162.296
122.385,67.422,116.970,162.296
125.125,53.724,116.970,162.296
127.865,43.313,116.970,162.296
131.700,32.902,116.970,162.296
135.535,24.684,116.970,162.296
138.275,17.561,116.970,162.296
144.302,11.533,116.970,162.296
153.471,6.398,114.476,158.835
163.478,0.339,112.035,155.448
173.272,-3.568,109.645,152.133
178.897,-3.431,107.307,148.889
182.463,-5.234,105.019,145.714
190.826,-4.743,105.019,145.714
201.157,-5.234,105.019,145.714
219.821,-3.207,102.779,142.606
230.662,-3.078,100.587,139.565
238.546,-2.952,98.442,136.589
245.374,1.615,96.343,133.676
249.446,4.345,94.289,130.825
252.538,4.787,94.289,130.825
255.672,8.311,92.278,128.036
254.375,11.336,92.278,128.036
254.943,14.785,90.310,125.305
257.129,18.160,88.384,122.633
255.887,19.402,88.384,122.633
253.817,20.644,88.384,122.633
252.764,23.947,86.499,120.018
254.858,26.398,84.655,117.458
251.289,29.174,84.655,117.458
252.478,31.156,84.655,117.458
249.702,33.932,84.655,117.458
250.099,35.915,84.655,117.458
251.289,39.484,84.655,117.458
250.099,42.260,84.655,117.458
252.082,41.070,84.655,117.458
250.892,41.467,84.655,117.458
253.668,45.036,84.655,117.458
258.011,47.435,82.849,114.954
266.001,49.783,81.083,112.502
271.625,52.080,79.353,110.103
273.483,50.965,79.353,110.103
278.987,49.631,77.661,107.755
284.444,48.540,77.661,107.755
286.263,47.449,77.661,107.755
288.143,51.052,76.005,105.457
286.363,52.832,76.005,105.457
285.295,51.764,76.005,105.457
289.194,51.859,74.384,103.208
290.239,52.904,74.384,103.208
289.890,54.647,74.384,103.208
288.148,55.692,74.384,103.208
287.800,58.828,74.384,103.208
285.361,61.964,74.384,103.208
283.619,63.706,74.384,103.208
283.270,66.145,74.384,103.208
280.831,67.887,74.384,103.208
281.876,68.932,74.384,103.208
280.831,71.372,74.384,103.208
281.179,74.507,74.384,103.208
282.225,76.250,74.384,103.208
283.354,81.044,72.798,101.007
284.377,83.431,72.798,101.007
287.454,87.467,71.246,98.853
287.787,89.135,71.246,98.853
290.156,91.798,69.726,96.745
287.869,94.084,69.726,96.745
289.502,97.024,69.726,96.745
288.672,99.629,68.239,94.682
290.940,102.795,66.784,92.663
290.144,106.497,65.360,90.687
288.613,109.865,65.360,90.687
290.144,113.845,65.360,90.687
289.226,117.213,65.360,90.687
291.369,119.356,65.360,90.687
291.063,122.724,65.360,90.687
292.594,125.480,65.360,90.687
294.737,127.010,65.360,90.687
296.268,129.766,65.360,90.687
297.186,131.909,65.360,90.687
298.105,134.664,65.360,90.687
299.635,137.420,65.360,90.687
299.329,140.175,65.360,90.687
297.798,142.931,65.360,90.687
300.561,146.554,63.966,88.753
380.564,151.648,63.966,88.753
377.867,154.344,63.966,88.753
379.965,152.247,63.966,88.753
378.466,154.344,63.966,88.753
379.365,152.846,63.966,88.753
378.466,154.944,63.966,88.753
377.568,155.243,63.966,88.753
379.066,152.547,63.966,88.753
380.037,156.092,62.602,86.860
380.916,153.453,62.602,86.860
380.037,156.679,62.602,86.860
378.570,153.453,62.602,86.860
380.623,156.679,62.602,86.860
379.157,153.453,62.602,86.860
378.864,156.679,62.602,86.860
377.984,153.453,62.602,86.860
379.450,156.679,62.602,86.860
378.570,153.453,62.602,86.860
379.450,156.092,62.602,86.860
378.570,152.866,62.602,86.860
380.651,155.206,61.267,85.008
380.364,153.197,61.267,85.008
381.225,155.780,61.267,85.008
379.216,153.197,61.267,85.008
380.651,156.928,61.267,85.008
379.216,156.641,61.267,85.008
379.503,158.650,61.267,85.008
379.216,157.215,61.267,85.008
380.077,158.076,61.267,85.008
379.216,155.493,61.267,85.008
381.225,158.076,61.267,85.008
380.364,154.919,61.267,85.008
379.389,158.445,62.623,86.889
380.905,157.958,61.287,85.036
380.043,158.819,61.287,85.036
381.479,157.958,61.287,85.036
379.469,157.096,61.287,85.036
382.613,156.619,59.980,83.222
380.646,158.024,59.980,83.222
382.051,156.057,59.980,83.222
380.084,158.586,59.980,83.222
381.489,156.057,59.980,83.222
380.646,157.462,59.980,83.222
381.489,155.496,59.980,83.222
380.646,155.776,59.980,83.222
382.613,156.619,59.980,83.222
381.208,155.215,59.980,83.222
380.927,156.619,59.980,83.222
382.894,154.091,59.980,83.222
383.175,157.181,59.980,83.222
381.208,158.024,59.980,83.222
382.613,155.496,59.980,83.222
382.332,158.586,59.980,83.222
382.051,156.619,59.980,83.222
381.208,158.586,59.980,83.222
382.051,156.619,59.980,83.222
381.208,158.586,59.980,83.222
382.613,156.619,59.980,83.222
381.770,159.148,59.980,83.222
383.175,157.181,59.980,83.222
381.208,159.710,59.980,83.222
382.051,157.743,59.980,83.222
381.208,159.710,59.980,83.222
380.927,158.867,59.980,83.222
381.770,160.272,59.980,83.222
380.927,159.429,59.980,83.222
382.894,156.900,59.980,83.222
381.356,158.020,61.307,85.064
381.571,153.802,62.664,86.946
381.183,156.190,64.050,88.869
382.083,155.290,64.050,88.869
383.553,157.731,65.467,90.836
381.407,155.584,65.467,90.836
379.873,157.731,65.467,90.836
378.340,154.357,65.467,90.836
376.661,156.852,66.916,92.845
376.897,153.549,68.396,94.900
375.143,155.491,69.909,96.999
374.709,150.001,71.456,99.145
374.374,152.344,71.456,99.145
374.626,152.983,73.037,101.339
374.173,148.668,74.653,103.581
373.124,152.514,74.653,103.581
374.837,153.908,76.305,105.873
372.335,149.976,76.305,105.873
373.408,150.334,76.305,105.873
373.050,148.547,76.305,105.873
468.485,163.201,76.305,105.873
472.417,158.555,76.305,105.873
474.204,153.193,76.305,105.873
473.132,147.117,76.305,105.873
474.919,141.755,76.305,105.873
475.276,138.539,76.305,105.873
476.349,134.607,76.305,105.873
477.421,129.960,76.305,105.873
478.493,125.313,76.305,105.873
479.566,120.667,76.305,105.873
481.353,115.305,76.305,105.873
483.855,109.229,76.305,105.873
481.353,101.723,76.305,105.873
483.855,97.076,76.305,105.873
479.923,90.285,76.305,105.873
478.851,86.353,76.305,105.873
474.497,81.625,74.677,103.615
469.949,77.078,74.677,103.615
466.101,74.629,74.677,103.615
462.514,72.025,73.085,101.405
455.704,66.837,71.526,99.243
470.111,155.625,71.526,99.243
470.446,157.971,71.526,99.243
471.451,154.955,71.526,99.243
468.016,157.628,70.001,97.127
470.342,156.451,68.508,95.055
470.663,158.056,68.508,95.055
470.342,157.093,68.508,95.055
471.305,158.056,68.508,95.055
469.059,157.093,68.508,95.055
471.305,158.698,68.508,95.055
468.015,156.927,67.047,93.028
470.213,159.754,67.047,93.028
470.527,157.556,67.047,93.028
471.469,159.754,67.047,93.028
469.271,156.927,67.047,93.028
471.469,159.754,67.047,93.028
469.271,157.556,67.047,93.028
471.469,159.754,67.047,93.028
469.899,157.556,67.047,93.028
472.726,159.126,67.047,93.028
469.271,156.299,67.047,93.028
471.469,159.126,67.047,93.028
469.271,156.299,67.047,93.028
471.469,159.126,67.047,93.028
469.271,156.299,67.047,93.028
471.469,159.126,67.047,93.028
469.271,156.299,67.047,93.028
471.469,159.126,67.047,93.028
469.271,156.299,67.047,93.028
471.469,159.126,67.047,93.028
469.271,156.299,67.047,93.028
471.469,159.126,67.047,93.028
469.271,156.299,67.047,93.028
471.469,159.126,67.047,93.028
469.271,156.299,67.047,93.028
471.469,159.126,67.047,93.028
469.271,156.299,67.047,93.028
471.469,159.126,67.047,93.028
469.271,156.299,67.047,93.028
471.469,159.126,67.047,93.028
469.271,156.299,67.047,93.028
471.469,159.126,67.047,93.028
469.271,156.299,67.047,93.028
471.469,159.126,67.047,93.028
469.899,156.927,67.047,93.028
472.097,159.754,67.047,93.028
468.643,156.927,67.047,93.028
470.841,159.754,67.047,93.028
471.155,157.556,67.047,93.028
468.957,159.126,67.047,93.028
471.155,156.927,67.047,93.028
469.585,159.126,67.047,93.028
471.783,156.927,67.047,93.028
469.585,159.126,67.047,93.028
471.155,156.927,67.047,93.028
469.585,159.126,67.047,93.028
471.783,156.927,67.047,93.028
470.213,159.754,67.047,93.028
470.527,157.556,67.047,93.028
471.469,159.126,67.047,93.028
469.271,156.299,67.047,93.028
471.469,159.126,67.047,93.028
469.271,156.299,67.047,93.028
471.469,159.126,67.047,93.028
469.271,156.299,67.047,93.028
471.469,159.126,67.047,93.028
469.271,156.299,67.047,93.028
471.469,159.126,67.047,93.028
469.271,156.299,67.047,93.028
471.469,159.126,67.047,93.028
469.271,156.299,67.047,93.028
471.469,159.126,67.047,93.028
469.271,156.299,67.047,93.028
471.469,159.126,67.047,93.028
469.271,156.299,67.047,93.028
471.469,159.126,67.047,93.028
469.271,156.299,67.047,93.028
471.469,159.126,67.047,93.028
469.271,156.299,67.047,93.028
471.469,159.754,67.047,93.028
469.271,156.927,67.047,93.028
471.469,159.754,67.047,93.028
469.271,156.927,67.047,93.028
471.469,159.754,67.047,93.028
469.271,156.927,67.047,93.028
471.469,159.754,67.047,93.028
469.271,156.927,67.047,93.028
471.469,159.754,67.047,93.028
469.271,157.555,67.047,93.028
471.469,159.126,67.047,93.028
469.271,156.299,67.047,93.028
471.469,159.126,67.047,93.028
469.271,156.299,67.047,93.028
471.469,159.126,67.047,93.028
469.271,156.299,67.047,93.028
471.469,159.126,67.047,93.028
469.271,156.299,67.047,93.028
471.469,159.126,67.047,93.028
469.271,156.299,67.047,93.028
471.469,159.126,67.047,93.028
469.271,156.299,67.047,93.028
471.469,159.126,67.047,93.028
469.899,156.299,67.047,93.028
472.726,159.754,67.047,93.028
470.111,159.232,65.618,91.044
471.647,160.769,65.618,91.044
469.681,160.259,64.218,89.103
471.786,162.966,64.218,89.103
474.494,163.267,64.218,89.103
477.208,165.667,62.849,87.203
480.432,163.475,61.508,85.343
483.602,164.916,61.508,85.343
482.313,164.992,60.197,83.523
481.053,167.242,58.913,81.742
478.569,165.862,58.913,81.742
479.995,169.660,57.657,79.999
482.426,172.631,57.657,79.999
485.397,176.682,57.657,79.999
434.041,141.331,58.932,81.769
437.078,143.816,58.932,81.769
441.295,145.489,60.236,83.578
447.220,149.157,60.236,83.578
457.971,151.452,61.569,85.427
468.959,146.617,62.931,87.317
488.121,143.375,62.931,87.317
499.617,150.155,62.931,87.317
506.567,156.223,64.324,89.249
518.318,161.948,64.324,89.249
529.467,167.071,64.324,89.249
542.423,172.193,64.324,89.249
553.572,177.315,64.324,89.249
559.297,183.040,64.324,89.249
563.274,186.742,65.747,91.224
567.894,190.746,65.747,91.224
571.282,194.133,65.747,91.224
574.053,198.753,65.747,91.224
574.285,203.176,67.201,93.242
576.488,207.898,67.201,93.242
577.433,206.953,67.201,93.242
576.488,211.675,67.201,93.242
577.433,209.472,67.201,93.242
575.859,206.009,67.201,93.242
572.396,206.953,67.201,93.242
567.674,205.379,67.201,93.242
558.766,200.102,68.688,95.305
552.331,193.373,70.208,97.414
510.268,197.413,71.761,99.569
497.268,191.080,73.349,101.772
486.617,187.301,73.349,101.772
480.458,182.967,74.972,104.023
487.833,185.425,74.972,104.023
481.863,185.074,74.972,104.023
475.190,183.318,74.972,104.023
466.410,183.669,74.972,104.023
459.035,181.913,74.972,104.023
454.757,182.007,73.373,101.805
451.896,179.448,71.808,99.634
449.541,174.403,71.808,99.634
447.002,168.764,73.397,101.839
440.126,165.140,75.021,104.092
432.043,171.114,75.021,104.092
416.932,176.386,75.021,104.092
409.552,180.954,75.021,104.092
406.389,182.008,75.021,104.092
398.044,180.747,73.421,101.872
350.926,181.091,73.421,101.872
342.620,181.748,75.046,104.126
336.319,181.691,76.706,106.430
328.774,184.206,76.706,106.430
314.761,186.002,76.706,106.430
301.379,188.176,75.070,104.160
289.639,189.626,73.469,101.939
281.035,191.347,73.469,101.939
268.990,188.249,73.469,101.939
263.139,191.347,73.469,101.939
258.399,192.004,75.095,104.194
249.904,191.217,76.756,106.499
241.634,187.981,76.756,106.499
233.698,187.922,78.455,108.856
227.450,185.349,78.455,108.856
221.625,184.526,80.190,111.264
216.451,180.567,81.965,113.726
215.943,182.097,83.778,116.242
218.681,175.518,85.632,118.814
223.093,173.513,85.632,118.814
227.556,169.285,87.526,121.443
232.968,168.367,89.463,124.130
238.500,163.081,91.442,126.876
245.043,163.011,93.465,129.683
251.732,160.213,95.533,132.552
258.568,160.140,97.647,135.485
263.657,157.217,99.807,138.483
267.864,158.620,99.807,138.483
274.877,157.217,99.807,138.483
278.150,157.685,99.807,138.483
279.553,158.152,99.807,138.483
279.085,155.815,99.807,138.483
273.007,156.282,99.807,138.483
270.917,155.506,97.679,135.529
269.753,155.628,95.596,132.639
270.201,152.493,95.596,132.639
270.649,149.359,95.596,132.639
271.992,144.433,95.596,132.639
271.545,141.298,95.596,132.639
270.201,136.372,95.596,132.639
273.336,131.447,95.596,132.639
271.097,128.312,95.596,132.639
276.023,125.177,95.596,132.639
281.005,118.600,97.711,135.574
284.209,114.480,97.711,135.574
285.502,112.506,99.873,138.573
288.777,109.231,99.873,138.573
289.245,105.956,99.873,138.573
293.479,100.055,102.082,141.639
294.914,96.707,102.082,141.639
295.392,93.360,102.082,141.639
297.783,91.925,102.082,141.639
298.261,89.534,102.082,141.639
298.739,88.100,102.082,141.639
297.305,86.665,102.082,141.639
297.783,88.100,102.082,141.639
298.261,85.709,102.082,141.639
299.696,85.231,102.082,141.639
302.086,87.622,102.082,141.639
306.401,87.749,99.906,138.619
309.677,88.217,99.906,138.619
312.998,90.146,97.775,135.663
318.036,94.268,97.775,135.663
320.326,96.558,97.775,135.663
323.532,99.765,97.775,135.663
325.899,102.535,95.690,132.770
331.672,108.704,93.649,129.938
334.742,111.774,93.649,129.938
338.701,116.965,91.652,127.167
342.575,121.218,89.698,124.456
346.356,124.999,89.698,124.456
349.297,127.941,89.698,124.456
351.398,130.882,89.698,124.456
354.339,134.663,89.698,124.456
354.760,139.285,89.698,124.456
356.121,144.257,87.785,121.802
353.242,147.958,87.785,121.802
353.654,152.481,87.785,121.802
349.953,157.005,87.785,121.802
351.186,162.350,87.785,121.802
347.486,165.229,87.785,121.802
346.252,169.752,87.785,121.802
341.729,176.743,87.785,121.802
336.383,183.733,87.785,121.802
330.215,188.256,87.785,121.802
322.402,193.602,87.785,121.802
310.477,200.593,87.785,121.802
303.882,206.251,85.913,119.204
299.455,209.873,85.913,119.204
297.443,213.495,85.913,119.204
300.260,214.703,85.913,119.204
299.053,218.325,85.913,119.204
301.065,217.922,85.913,119.204
305.472,221.133,84.081,116.662
309.785,224.275,82.288,114.174
313.263,228.093,80.533,111.739
311.577,229.648,78.815,109.356
314.908,229.035,77.135,107.024
313.101,230.841,77.135,107.024
315.631,229.757,77.135,107.024
312.379,230.841,77.135,107.024
314.908,229.757,77.135,107.024
312.379,230.119,77.135,107.024
314.908,229.757,77.135,107.024
312.379,230.119,77.135,107.024
315.631,229.757,77.135,107.024
312.379,230.119,77.135,107.024
315.631,229.757,77.135,107.024
313.101,230.841,77.135,107.024
315.631,229.035,77.135,107.024
312.903,228.975,78.841,109.392
313.272,229.345,78.841,109.392
314.380,227.498,78.841,109.392
313.272,228.606,78.841,109.392
313.642,228.975,78.841,109.392
311.795,230.083,78.841,109.392
314.380,228.975,78.841,109.392
311.795,229.345,78.841,109.392
314.380,228.237,78.841,109.392
313.272,229.345,78.841,109.392
313.642,227.498,78.841,109.392
312.534,229.345,78.841,109.392
315.119,228.237,78.841,109.392
311.795,229.345,78.841,109.392
314.380,228.237,78.841,109.392
312.534,230.083,78.841,109.392
315.119,228.975,78.841,109.392
312.534,229.345,78.841,109.392
315.119,228.237,78.841,109.392
311.795,229.345,78.841,109.392
314.380,228.237,78.841,109.392
312.534,230.083,78.841,109.392
315.119,228.237,78.841,109.392
312.534,230.083,78.841,109.392
315.119,228.237,78.841,109.392
312.534,230.083,78.841,109.392
315.119,228.975,78.841,109.392
312.534,229.345,78.841,109.392
315.119,228.237,78.841,109.392
311.795,229.345,78.841,109.392
314.380,227.498,78.841,109.392
313.272,229.345,78.841,109.392
314.380,227.498,78.841,109.392
312.534,229.345,78.841,109.392
315.119,227.498,78.841,109.392
311.795,228.606,78.841,109.392
313.642,228.975,78.841,109.392
311.795,229.345,78.841,109.392
314.380,228.237,78.841,109.392
312.534,230.083,78.841,109.392
315.119,228.237,78.841,109.392
312.534,229.345,78.841,109.392
315.119,228.237,78.841,109.392
311.795,230.083,78.841,109.392
314.380,228.975,78.841,109.392
311.795,229.345,78.841,109.392
314.380,228.237,78.841,109.392
312.534,230.083,78.841,109.392
315.119,228.975,78.841,109.392
312.534,229.345,78.841,109.392
315.119,228.237,78.841,109.392
312.534,230.083,78.841,109.392
315.119,228.975,78.841,109.392
312.534,229.345,78.841,109.392
315.119,228.237,78.841,109.392
311.795,229.345,78.841,109.392
314.380,228.237,78.841,109.392
312.534,229.345,78.841,109.392
315.119,228.237,78.841,109.392
311.795,230.083,78.841,109.392
314.380,228.975,78.841,109.392
312.534,230.083,78.841,109.392
315.119,228.975,78.841,109.392
312.534,229.345,78.841,109.392
315.119,228.237,78.841,109.392
311.795,229.345,78.841,109.392
314.380,228.237,78.841,109.392
313.272,229.345,78.841,109.392
312.903,227.498,78.841,109.392
313.272,228.606,78.841,109.392
312.903,228.975,78.841,109.392
312.533,229.345,78.841,109.392
315.119,228.237,78.841,109.392
312.533,230.083,78.841,109.392
315.119,228.976,78.841,109.392
312.533,229.345,78.841,109.392
315.119,228.237,78.841,109.392
312.533,230.083,78.841,109.392
315.119,228.237,78.841,109.392
311.795,230.083,78.841,109.392
314.380,228.237,78.841,109.392
312.533,230.083,78.841,109.392
315.119,228.237,78.841,109.392
312.533,230.083,78.841,109.392
315.119,228.976,78.841,109.392
312.533,229.345,78.841,109.392
315.119,228.237,78.841,109.392
312.533,230.084,78.841,109.392
315.119,228.976,78.841,109.392
312.533,229.345,78.841,109.392
315.119,228.237,78.841,109.392
312.533,230.084,78.841,109.392
315.119,228.237,78.841,109.392
312.533,230.084,78.841,109.392
315.119,228.976,78.841,109.392
312.533,229.345,78.841,109.392
315.119,228.237,78.841,109.392
312.533,230.084,78.841,109.392
315.119,228.237,78.841,109.392
311.795,230.084,78.841,109.392
314.380,228.976,78.841,109.392
311.795,229.345,78.841,109.392
314.380,227.498,78.841,109.392
312.533,228.606,78.841,109.392
314.380,228.237,78.841,109.392
313.272,230.084,78.841,109.392
313.641,228.237,78.841,109.392
311.795,229.345,78.841,109.392
314.380,227.498,78.841,109.392
313.272,229.345,78.841,109.392
313.641,227.498,78.841,109.392
312.533,229.345,78.841,109.392
315.119,228.237,78.841,109.392
312.533,230.084,78.841,109.392
315.119,228.976,78.841,109.392
312.533,229.345,78.841,109.392
315.119,228.237,78.841,109.392
311.795,229.345,78.841,109.392
314.380,228.237,78.841,109.392
312.533,229.345,78.841,109.392
314.442,228.020,77.160,107.059
311.189,226.212,77.160,107.059
310.828,224.405,77.160,107.059
309.020,221.152,77.160,107.059
307.936,217.899,77.160,107.059
310.466,214.646,77.160,107.059
309.382,210.671,77.160,107.059
312.635,205.249,77.160,107.059
317.334,200.550,77.160,107.059
322.032,194.406,77.160,107.059
326.054,187.596,78.867,109.428
330.117,182.794,78.867,109.428
334.994,176.600,80.612,111.849
339.903,170.936,80.612,111.849
345.672,163.822,82.396,114.324
350.689,158.805,82.396,114.324
354.935,153.787,82.396,114.324
360.724,147.998,82.396,114.324
367.286,145.296,82.396,114.324
374.619,141.050,82.396,114.324
381.180,136.805,82.396,114.324
393.483,131.135,84.219,116.853
398.691,126.159,86.082,119.439
406.353,122.530,86.082,119.439
415.022,122.464,87.987,122.081
420.463,118.975,89.933,124.782
426.782,121.924,89.933,124.782
433.101,124.030,89.933,124.782
439.421,126.137,89.933,124.782
444.897,127.400,89.933,124.782
449.531,128.664,89.933,124.782
454.165,130.771,89.933,124.782
457.957,132.877,89.933,124.782
461.748,134.141,89.933,124.782
464.697,136.247,89.933,124.782
467.646,139.196,89.933,124.782
469.752,142.145,89.933,124.782
471.859,145.094,89.933,124.782
474.808,148.885,89.933,124.782
476.071,152.677,89.933,124.782
479.020,155.626,89.933,124.782
479.442,159.417,89.933,124.782
482.390,160.681,89.933,124.782
484.567,164.854,88.015,122.121
484.980,166.091,88.015,122.121
487.041,166.503,88.015,122.121
484.155,170.214,88.015,122.121
485.491,173.503,86.138,119.517
482.667,177.941,86.138,119.517
481.456,178.345,86.138,119.517
480.246,179.555,86.138,119.517
479.842,179.959,86.138,119.517
477.825,179.555,86.138,119.517
475.000,178.345,86.138,119.517
472.176,177.134,86.138,119.517
471.772,175.924,86.138,119.517
469.968,176.809,84.302,116.968
468.784,174.835,84.302,116.968
469.178,172.860,84.302,116.968
467.413,175.249,82.504,114.474
467.027,174.090,82.504,114.474
466.789,174.193,80.744,112.033
468.743,173.565,79.022,109.644
469.854,171.714,79.022,109.644
471.705,168.382,79.022,109.644
473.618,168.481,77.337,107.305
476.188,167.880,75.688,105.017
477.252,166.816,75.688,105.017
479.024,165.752,75.688,105.017
480.088,164.689,75.688,105.017
480.443,163.625,75.688,105.017
481.506,163.270,75.688,105.017
479.734,162.207,75.688,105.017
475.834,161.143,75.688,105.017
473.352,160.080,75.688,105.017
471.083,162.225,74.074,102.778
473.512,159.102,74.074,102.778
469.695,160.143,74.074,102.778
467.266,157.020,74.074,102.778
467.613,155.979,74.074,102.778
467.874,153.042,75.713,105.052
471.066,150.559,75.713,105.052
474.967,151.623,75.713,105.052
477.441,148.621,77.388,107.376
475.629,152.609,77.388,107.376
478.910,149.540,79.100,109.752
479.280,151.393,79.100,109.752
479.651,148.058,79.100,109.752
481.467,148.766,80.850,112.180
479.573,145.358,80.850,112.180
481.467,148.766,80.850,112.180
478.816,145.358,80.850,112.180
481.467,143.464,80.850,112.180
478.058,144.600,80.850,112.180
481.486,142.966,82.639,114.662
480.170,142.903,84.468,117.199
478.192,139.342,84.468,117.199
474.631,142.112,84.468,117.199
469.487,141.716,84.468,117.199
463.552,143.694,84.468,117.199
457.617,140.925,84.468,117.199
450.891,143.694,84.468,117.199
445.747,144.881,84.468,117.199
439.812,146.860,84.468,117.199
432.720,144.332,86.336,119.792
431.507,141.501,86.336,119.792
420.901,142.273,88.247,122.442
402.299,140.206,88.247,122.442
392.792,143.100,88.247,122.442
386.591,145.994,88.247,122.442
383.697,146.407,88.247,122.442
386.581,146.339,90.199,125.151
387.003,146.762,90.199,125.151
382.356,146.339,90.199,125.151
386.983,150.524,88.275,122.482
394.157,146.166,90.229,125.192
403.245,148.728,92.225,127.962
408.948,150.450,94.265,130.793
412.944,151.293,96.351,133.687
416.093,154.029,98.483,136.645
411.653,155.868,100.662,139.668
413.964,157.747,102.889,142.758
412.518,159.193,102.889,142.758
413.000,158.711,102.889,142.758
404.807,161.121,102.889,142.758
397.577,158.711,102.889,142.758
375.912,163.485,100.695,139.714
362.564,160.471,102.923,142.805
349.546,165.775,102.923,142.805
337.493,168.185,102.923,142.805
328.333,165.775,102.923,142.805
320.137,165.292,102.923,142.805
310.977,167.703,102.923,142.805
304.709,165.292,102.923,142.805
297.478,167.703,102.923,142.805
285.835,163.622,105.200,145.965
274.501,161.158,105.200,145.965
264.152,159.680,105.200,145.965
256.760,159.187,105.200,145.965
260.210,156.723,105.200,145.965
260.703,154.259,105.200,145.965
264.152,150.810,105.200,145.965
269.635,146.639,107.527,149.194
277.190,142.106,107.527,149.194
285.619,138.356,105.234,146.012
293.013,130.962,105.234,146.012
302.379,123.568,105.234,146.012
310.759,114.202,105.234,146.012
319.139,106.807,105.234,146.012
321.604,100.399,105.234,146.012
320.351,94.829,102.990,142.899
324.693,88.557,102.990,142.899
321.316,80.356,102.990,142.899
322.763,74.084,102.990,142.899
318.421,68.777,102.990,142.899
314.079,64.436,102.990,142.899
308.772,58.164,102.990,142.899
310.335,53.643,100.794,139.851
304.197,46.560,100.794,139.851
298.446,43.046,98.644,136.869
293.363,38.887,98.644,136.869
287.356,36.577,98.644,136.869
282.618,35.809,96.541,133.950
277.981,38.545,94.482,131.094
275.149,41.223,92.467,128.298
273.850,43.388,92.467,128.298
272.748,45.174,90.495,125.562
272.324,47.293,90.495,125.562
275.332,49.858,88.565,122.884
277.406,51.102,88.565,122.884
279.481,53.177,88.565,122.884
282.385,55.251,88.565,122.884
288.608,58.985,88.565,122.884
297.320,64.378,88.565,122.884
305.202,70.601,88.565,122.884
313.085,77.654,88.565,122.884
319.308,84.707,88.565,122.884
326.361,92.589,88.565,122.884
334.243,100.471,88.565,122.884
342.125,107.524,88.565,122.884
348.348,116.236,88.565,122.884
352.892,125.944,86.677,120.264
358.170,133.658,86.677,120.264
356.140,141.373,86.677,120.264
360.657,148.046,88.594,122.925
361.902,155.101,88.594,122.925
358.769,160.200,90.555,125.644
353.255,161.472,90.555,125.644
347.740,165.290,90.555,125.644
343.391,164.585,88.623,122.965
342.976,166.661,88.623,122.965
338.119,164.870,90.584,125.686
333.155,163.920,92.588,128.466
331.681,158.449,94.637,131.309
328.577,157.119,94.637,131.309
295.329,154.016,94.637,131.309
278.820,152.425,92.619,128.509
276.880,151.704,90.644,125.768
282.348,150.999,88.711,123.086
287.700,151.110,86.819,120.461
292.938,151.218,84.967,117.892
296.529,150.557,83.155,115.378
300.044,149.159,81.382,112.918
303.484,147.791,79.647,110.510
307.588,144.433,79.647,110.510
312.393,143.095,77.948,108.153
317.139,139.808,77.948,108.153
321.842,139.202,76.286,105.847
322.199,137.415,76.286,105.847
320.412,136.343,76.286,105.847
315.490,134.801,77.974,108.189
301.245,135.897,77.974,108.189
294.306,133.340,77.974,108.189
289.557,132.975,77.974,108.189
286.270,133.340,77.974,108.189
283.933,136.254,76.311,105.881
282.146,133.752,76.311,105.881
283.933,133.395,76.311,105.881
281.431,131.607,76.311,105.881
285.363,131.965,76.311,105.881
286.435,130.177,76.311,105.881
288.223,128.390,76.311,105.881
291.440,125.888,76.311,105.881
291.082,126.960,76.311,105.881
290.010,126.603,76.311,105.881
289.652,126.245,76.311,105.881
291.440,125.888,76.311,105.881
287.508,127.675,76.311,105.881
292.155,124.458,76.311,105.881
290.367,124.815,76.311,105.881
292.155,125.173,76.311,105.881
294.657,122.671,76.311,105.881
297.882,124.144,74.684,103.623
295.433,125.194,74.684,103.623
292.285,125.544,74.684,103.623
296.133,123.095,74.684,103.623
297.882,124.144,74.684,103.623
299.690,122.214,73.091,101.414
298.663,122.557,73.091,101.414
301.745,119.475,73.091,101.414
301.402,119.818,73.091,101.414
303.114,120.160,73.091,101.414
302.772,120.502,73.091,101.414
302.429,120.845,73.091,101.414
302.772,122.557,73.091,101.414
304.484,121.530,73.091,101.414
306.195,120.502,73.091,101.414
308.584,120.446,74.708,103.657
308.234,120.096,74.708,103.657
309.984,121.846,74.708,103.657
308.934,120.796,74.708,103.657
309.984,120.446,74.708,103.657
312.425,120.389,76.361,105.951
310.467,118.103,78.050,108.295
312.295,117.006,78.050,108.295
310.467,118.835,78.050,108.295
313.776,116.499,79.777,110.691
312.506,115.662,81.542,113.140
312.888,114.516,81.542,113.140
310.978,115.662,81.542,113.140
312.850,112.429,83.347,115.643
310.898,112.038,83.347,115.643
310.507,110.867,83.347,115.643
309.336,109.696,83.347,115.643
307.199,108.011,85.191,118.202
305.204,106.814,85.191,118.202
303.208,108.809,85.191,118.202
302.809,106.814,85.191,118.202
298.420,109.608,85.191,118.202
293.232,111.603,85.191,118.202
298.420,109.608,85.191,118.202
290.837,112.401,85.191,118.202
288.842,111.204,85.191,118.202
288.443,110.007,85.191,118.202
290.438,107.213,85.191,118.202
287.645,107.612,85.191,118.202
291.246,107.719,83.374,115.681
290.855,105.766,83.374,115.681
288.356,109.634,81.596,113.214
290.267,109.252,81.596,113.214
293.727,105.224,83.401,115.719
297.243,105.615,83.401,115.719
302.322,102.880,83.401,115.719
307.353,100.725,81.623,113.251
311.607,99.869,83.429,115.757
314.333,95.750,85.274,118.318
316.291,94.855,87.161,120.936
318.332,93.630,87.161,120.936
319.486,91.869,89.090,123.612
322.407,91.452,89.090,123.612
326.163,94.373,89.090,123.612
324.911,93.121,89.090,123.612
331.286,96.516,91.061,126.347
338.538,97.796,91.061,126.347
342.377,99.076,91.061,126.347
346.216,99.502,91.061,126.347
348.348,100.782,91.061,126.347
351.334,102.061,91.061,126.347
354.320,102.488,91.061,126.347
357.306,104.621,91.061,126.347
362.052,105.436,93.075,129.142
365.104,104.128,93.075,129.142
362.314,105.925,91.091,126.388
364.448,109.765,91.091,126.388
368.288,111.045,91.091,126.388
372.128,113.179,91.091,126.388
375.115,113.606,91.091,126.388
378.091,112.650,93.106,129.184
381.134,111.673,95.166,132.043
378.694,108.825,97.271,134.964
382.818,108.750,99.424,137.950
383.283,109.216,99.424,137.950
383.749,107.819,99.424,137.950
387.964,108.709,101.623,141.002
383.383,104.680,103.872,144.122
388.796,104.600,106.170,147.311
380.914,101.422,108.519,150.570
383.456,104.980,108.519,150.570
380.914,105.489,108.519,150.570
375.322,108.030,108.519,150.570
380.914,106.505,108.519,150.570
384.473,110.064,108.519,150.570
385.997,111.589,108.519,150.570
386.506,113.114,108.519,150.570
387.014,113.622,108.519,150.570
391.589,115.147,108.519,150.570
395.135,115.064,110.920,153.901
397.733,117.661,110.920,153.901
396.174,119.220,110.920,153.901
401.890,121.818,110.920,153.901
405.527,123.377,110.920,153.901
402.929,125.975,110.920,153.901
407.605,125.455,110.920,153.901
405.007,129.092,110.920,153.901
408.644,130.651,110.920,153.901
408.325,132.793,108.554,150.619
411.884,133.301,108.554,150.619
409.342,135.844,108.554,150.619
409.850,137.369,108.554,150.619
404.257,137.878,108.554,150.619
400.418,136.739,110.956,153.952
393.661,137.259,110.956,153.952
391.062,137.779,110.956,153.952
387.737,136.915,108.590,150.669
384.176,136.407,108.590,150.669
381.633,133.863,108.590,150.669
375.020,130.303,108.590,150.669
370.442,129.794,108.590,150.669
370.824,125.489,110.993,154.002
364.065,120.809,110.993,154.002
357.306,117.170,110.993,154.002
352.627,115.610,110.993,154.002
348.987,113.010,110.993,154.002
346.388,111.451,110.993,154.002
342.748,109.891,110.993,154.002
344.308,111.451,110.993,154.002
339.629,108.851,110.993,154.002
