118.000,57.000,82.000,98.000
119.062,55.230,82.000,98.000
119.416,54.168,82.000,98.000
118.354,53.814,82.000,98.000
117.080,54.566,83.814,100.168
118.889,53.481,83.814,100.168
118.527,53.843,83.814,100.168
119.612,53.481,83.814,100.168
119.250,53.119,83.814,100.168
118.889,52.757,83.814,100.168
119.250,54.566,83.814,100.168
118.165,54.928,83.814,100.168
117.803,53.119,83.814,100.168
118.889,54.205,83.814,100.168
117.803,54.566,83.814,100.168
117.441,54.205,83.814,100.168
116.356,53.119,83.814,100.168
116.718,52.757,83.814,100.168
115.632,53.119,83.814,100.168
115.994,51.310,83.814,100.168
115.632,52.395,83.814,100.168
114.547,51.310,83.814,100.168
114.185,50.948,83.814,100.168
112.376,50.586,83.814,100.168
113.461,51.672,83.814,100.168
111.652,51.310,83.814,100.168
113.461,52.395,83.814,100.168
111.652,50.586,83.814,100.168
112.014,52.395,83.814,100.168
113.100,51.310,83.814,100.168
110.567,52.395,83.814,100.168
111.652,51.310,83.814,100.168
109.843,51.672,83.814,100.168
108.758,50.586,83.814,100.168
107.672,50.948,83.814,100.168
107.311,49.139,83.814,100.168
105.502,51.672,83.814,100.168
106.744,50.299,82.027,98.032
104.974,52.777,82.027,98.032
106.036,53.132,82.027,98.032
104.974,53.486,82.027,98.032
105.328,53.840,82.027,98.032
103.557,54.902,82.027,98.032
103.203,53.840,82.027,98.032
101.433,54.902,82.027,98.032
101.787,52.423,82.027,98.032
100.724,52.777,82.027,98.032
99.210,54.847,80.278,95.942
100.943,53.114,80.278,95.942
99.460,55.139,78.566,93.896
101.156,54.800,78.566,93.896
103.530,53.104,78.566,93.896
103.869,54.800,78.566,93.896
104.209,53.782,78.566,93.896
105.226,55.478,78.566,93.896
104.887,53.782,78.566,93.896
105.904,54.800,78.566,93.896
105.565,51.747,78.566,93.896
105.904,52.087,78.566,93.896
105.565,50.391,78.566,93.896
105.226,52.765,78.566,93.896
106.116,53.485,80.304,95.973
109.236,54.525,80.304,95.973
111.585,51.665,82.081,98.096
114.774,53.437,82.081,98.096
116.439,49.779,83.897,100.267
118.250,50.141,83.897,100.267
119.336,47.606,83.897,100.267
119.699,48.692,83.897,100.267
121.509,47.606,83.897,100.267
122.596,49.416,83.897,100.267
124.407,47.606,83.897,100.267
124.769,50.865,83.897,100.267
125.855,49.054,83.897,100.267
125.493,50.865,83.897,100.267
125.131,50.503,83.897,100.267
124.769,48.692,83.897,100.267
125.131,47.606,83.897,100.267
124.045,49.416,83.897,100.267
124.407,46.881,83.897,100.267
122.596,47.968,83.897,100.267
121.509,45.433,83.897,100.267
121.147,47.243,83.897,100.267
119.336,43.984,83.897,100.267
118.974,42.897,83.897,100.267
119.336,43.260,83.897,100.267
119.184,43.980,82.108,98.129
120.247,46.461,82.108,98.129
119.184,48.233,82.108,98.129
119.538,50.005,82.108,98.129
118.475,51.777,82.108,98.129
118.829,50.714,82.108,98.129
119.893,51.069,82.108,98.129
118.829,52.132,82.108,98.129
119.184,51.777,82.108,98.129
119.538,52.132,82.108,98.129
117.766,53.195,82.108,98.129
118.829,52.841,82.108,98.129
117.057,51.777,82.108,98.129
118.120,52.841,82.108,98.129
118.475,51.777,82.108,98.129
116.703,52.132,82.108,98.129
118.475,51.069,82.108,98.129
118.829,52.132,82.108,98.129
119.893,52.486,82.108,98.129
121.665,52.132,82.108,98.129
122.019,53.195,82.108,98.129
123.792,52.841,82.108,98.129
122.728,53.195,82.108,98.129
122.374,53.550,82.108,98.129
123.437,51.777,82.108,98.129
122.374,53.550,82.108,98.129
123.437,51.777,82.108,98.129
123.083,52.841,82.108,98.129
122.728,53.195,82.108,98.129
121.665,53.550,82.108,98.129
122.019,51.068,82.108,98.129
122.374,52.132,82.108,98.129
122.019,51.068,82.108,98.129
120.956,50.005,82.108,98.129
120.602,51.777,82.108,98.129
119.538,52.132,82.108,98.129
119.893,52.486,82.108,98.129
120.247,51.423,82.108,98.129
120.602,51.777,82.108,98.129
119.538,51.423,82.108,98.129
120.602,49.651,82.108,98.129
120.956,48.587,82.108,98.129
119.893,46.815,82.108,98.129
118.120,48.587,82.108,98.129
120.602,44.688,82.108,98.129
118.829,47.879,82.108,98.129
119.893,48.233,82.108,98.129
120.247,48.587,82.108,98.129
119.184,46.815,82.108,98.129
120.247,46.461,82.108,98.129
119.893,46.815,82.108,98.129
119.538,47.170,82.108,98.129
119.893,46.815,82.108,98.129
120.956,46.461,82.108,98.129
119.893,45.397,82.108,98.129
119.538,48.587,82.108,98.129
118.475,46.106,82.108,98.129
120.247,47.170,82.108,98.129
119.893,48.233,82.108,98.129
120.247,47.170,82.108,98.129
120.602,48.233,82.108,98.129
120.956,46.461,82.108,98.129
120.602,47.524,82.108,98.129
119.538,47.878,82.108,98.129
119.184,48.233,82.108,98.129
119.538,48.587,82.108,98.129
117.766,46.106,82.108,98.129
118.120,47.878,82.108,98.129
118.475,47.524,82.108,98.129
116.703,46.461,82.108,98.129
117.057,46.815,82.108,98.129
116.703,47.878,82.108,98.129
116.553,47.217,80.357,96.036
120.419,45.900,78.643,93.988
117.364,48.956,78.643,93.988
117.024,47.937,78.643,93.988
119.401,48.277,78.643,93.988
116.065,48.294,80.383,96.067
118.595,46.308,78.669,94.019
116.897,49.364,78.669,94.019
119.274,47.666,78.669,94.019
116.897,48.685,78.669,94.019
119.274,47.666,78.669,94.019
116.897,48.685,78.669,94.019
118.595,48.345,78.669,94.019
117.576,49.364,78.669,94.019
118.595,49.704,78.669,94.019
118.255,48.006,78.669,94.019
118.595,49.704,78.669,94.019
119.613,47.327,78.669,94.019
118.595,50.383,78.669,94.019
120.972,48.006,78.669,94.019
118.340,50.137,80.409,96.099
121.464,47.707,80.409,96.099
119.728,48.748,80.409,96.099
120.075,49.095,80.409,96.099
120.422,50.137,80.409,96.099
120.770,49.790,80.409,96.099
121.811,50.831,80.409,96.099
121.464,51.178,80.409,96.099
121.117,52.914,80.409,96.099
121.464,53.261,80.409,96.099
120.422,54.302,80.409,96.099
120.770,55.343,80.409,96.099
121.117,55.691,80.409,96.099
122.158,55.343,80.409,96.099
121.117,56.385,80.409,96.099
121.464,56.038,80.409,96.099
120.422,56.385,80.409,96.099
120.075,56.038,80.409,96.099
121.811,54.996,80.409,96.099
120.075,56.038,80.409,96.099
121.811,54.996,80.409,96.099
120.770,55.343,80.409,96.099
121.117,55.691,80.409,96.099
122.158,54.649,80.409,96.099
121.117,54.996,80.409,96.099
120.770,55.343,80.409,96.099
119.728,55.691,80.409,96.099
120.075,53.955,80.409,96.099
119.034,54.996,80.409,96.099
118.687,53.955,80.409,96.099
118.340,54.996,80.409,96.099
117.993,53.955,80.409,96.099
119.728,55.691,80.409,96.099
120.770,53.261,80.409,96.099
121.811,54.302,80.409,96.099
123.546,54.649,80.409,96.099
124.588,52.914,80.409,96.099
125.629,53.955,80.409,96.099
126.671,54.996,80.409,96.099
128.406,53.955,80.409,96.099
127.365,54.996,80.409,96.099
127.712,54.649,80.409,96.099
127.365,54.302,80.409,96.099
127.018,55.343,80.409,96.099
128.753,54.302,80.409,96.099
127.712,54.649,80.409,96.099
128.059,52.914,80.409,96.099
128.406,54.649,80.409,96.099
126.671,52.914,80.409,96.099
127.712,53.955,80.409,96.099
128.059,52.914,80.409,96.099
127.712,53.261,80.409,96.099
125.742,52.558,82.188,98.225
125.387,50.784,82.188,98.225
126.451,50.429,82.188,98.225
124.678,50.784,82.188,98.225
125.032,50.429,82.188,98.225
125.387,49.365,82.188,98.225
124.323,51.848,82.188,98.225
125.387,48.655,82.188,98.225
123.613,49.719,82.188,98.225
123.258,48.655,82.188,98.225
125.032,48.300,82.188,98.225
122.549,49.365,82.188,98.225
120.775,47.591,82.188,98.225
120.420,47.945,82.188,98.225
118.646,47.591,82.188,98.225
118.291,45.817,82.188,98.225
117.936,48.300,82.188,98.225
116.872,47.945,82.188,98.225
115.808,47.591,82.188,98.225
116.342,49.664,80.436,96.130
115.300,47.233,80.436,96.130
115.823,48.593,78.720,94.080
116.990,47.303,77.042,92.074
115.993,50.297,77.042,92.074
114.330,49.299,77.042,92.074
114.662,49.631,77.042,92.074
112.999,50.629,77.042,92.074
115.993,48.301,77.042,92.074
112.999,49.299,77.042,92.074
114.662,47.636,77.042,92.074
112.334,49.964,77.042,92.074
114.662,46.971,77.042,92.074
114.330,44.643,77.042,92.074
112.907,49.792,75.399,90.111
114.535,47.513,75.399,90.111
113.143,50.670,73.791,88.189
114.735,47.803,73.791,88.189
113.143,50.670,73.791,88.189
116.009,48.440,73.791,88.189
114.417,51.307,73.791,88.189
114.098,50.352,73.791,88.189
114.934,51.028,75.423,90.140
113.306,51.354,75.423,90.140
115.586,50.377,75.423,90.140
115.448,50.397,73.815,88.218
115.130,52.627,73.815,88.218
116.723,51.672,73.815,88.218
117.679,51.990,73.815,88.218
119.909,50.397,73.815,88.218
120.228,51.990,73.815,88.218
119.742,52.006,75.448,90.170
121.370,51.680,75.448,90.170
120.874,51.697,77.117,92.165
121.872,51.364,77.117,92.165
120.874,52.362,77.117,92.165
121.872,53.361,77.117,92.165
121.540,52.362,77.117,92.165
121.872,54.027,77.117,92.165
123.537,53.694,77.117,92.165
121.872,53.361,77.117,92.165
123.537,55.026,77.117,92.165
123.029,52.970,78.824,94.204
123.370,53.991,78.824,94.204
124.390,53.650,78.824,94.204
122.689,54.671,78.824,94.204
123.029,55.012,78.824,94.204
121.328,54.671,78.824,94.204
121.668,55.012,78.824,94.204
118.606,55.352,78.824,94.204
116.224,55.692,78.824,94.204
115.884,56.032,78.824,94.204
114.182,54.331,78.824,94.204
113.842,55.352,78.824,94.204
112.141,54.331,78.824,94.204
113.842,55.352,78.824,94.204
112.141,53.650,78.824,94.204
113.842,55.352,78.824,94.204
113.502,53.650,78.824,94.204
114.523,54.671,78.824,94.204
114.182,53.650,78.824,94.204
112.481,54.671,78.824,94.204
112.821,55.012,78.824,94.204
109.759,55.352,78.824,94.204
108.738,55.692,78.824,94.204
106.356,55.352,78.824,94.204
105.335,55.012,78.824,94.204
103.634,55.352,78.824,94.204
101.252,55.692,78.824,94.204
101.592,56.713,78.824,94.204
98.530,56.373,78.824,94.204
98.190,55.352,78.824,94.204
97.169,57.734,78.824,94.204
94.787,56.032,78.824,94.204
93.766,56.373,78.824,94.204
92.065,57.393,78.824,94.204
88.722,55.292,80.568,96.288
87.469,54.588,82.350,98.419
84.714,53.868,84.172,100.596
82.898,53.505,84.172,100.596
83.988,54.595,84.172,100.596
84.187,55.367,86.035,102.822
81.588,52.767,86.035,102.822
84.930,53.881,86.035,102.822
85.302,54.995,86.035,102.822
83.445,55.367,86.035,102.822
80.845,54.253,86.035,102.822
83.552,56.423,84.200,100.629
77.718,52.670,86.063,102.855
81.805,54.527,86.063,102.855
76.613,52.233,87.967,105.131
74.714,53.372,87.967,105.131
75.853,53.752,87.967,105.131
73.195,51.094,87.967,105.131
76.556,53.477,89.913,107.457
73.063,49.984,89.913,107.457
72.674,52.701,89.913,107.457
69.958,49.984,89.913,107.457
74.198,50.808,91.902,109.835
70.627,52.792,91.902,109.835
74.198,49.221,91.902,109.835
71.421,51.998,91.902,109.835
76.578,49.549,93.936,112.265
73.740,50.765,93.936,112.265
77.389,47.927,93.936,112.265
78.606,51.576,93.936,112.265
74.956,47.116,93.936,112.265
77.703,49.660,96.014,114.749
73.973,46.759,96.014,114.749
76.874,49.660,96.014,114.749
76.460,46.759,96.014,114.749
77.703,48.831,96.014,114.749
78.791,49.712,98.138,117.287
76.673,48.441,98.138,117.287
81.395,44.383,96.046,114.786
83.468,48.115,96.046,114.786
88.888,44.943,93.997,112.338
91.728,47.783,93.997,112.338
96.192,44.943,93.997,112.338
98.220,46.971,93.997,112.338
101.960,47.778,91.993,109.943
103.946,48.970,91.993,109.943
105.310,45.931,90.031,107.598
105.146,47.453,88.111,105.304
107.808,49.355,88.111,105.304
109.710,52.018,88.111,105.304
112.373,56.202,88.111,105.304
111.992,52.778,88.111,105.304
113.133,56.962,88.111,105.304
117.317,63.428,88.111,105.304
122.262,70.655,88.111,105.304
126.446,68.754,88.111,105.304
123.783,62.287,88.111,105.304
124.925,55.821,88.111,105.304
125.305,60.005,88.111,105.304
121.568,65.549,90.061,107.633
118.846,62.827,90.061,107.633
115.833,68.494,92.053,110.015
110.667,63.328,92.053,110.015
105.501,52.599,92.053,110.015
101.925,49.022,92.053,110.015
97.554,50.214,92.053,110.015
94.322,51.770,90.090,107.669
88.489,48.270,90.090,107.669
83.827,45.295,88.169,105.373
81.162,47.959,88.169,105.373
77.423,47.189,90.120,107.704
73.509,43.462,88.198,105.407
75.298,47.431,90.149,107.739
71.383,44.454,88.227,105.442
74.811,47.120,88.227,105.442
71.383,44.454,88.227,105.442
74.049,47.882,88.227,105.442
71.383,44.454,88.227,105.442
69.020,43.743,86.345,103.193
69.582,45.921,84.504,100.993
69.947,44.097,84.504,100.993
71.770,43.003,84.504,100.993
71.406,44.827,84.504,100.993
69.582,42.273,84.504,100.993
75.054,44.097,84.504,100.993
71.770,40.814,84.504,100.993
75.783,42.638,84.504,100.993
72.817,42.660,82.702,98.839
76.744,43.731,82.702,98.839
81.385,45.230,84.532,101.026
75.911,42.676,84.532,101.026
80.655,45.230,84.532,101.026
74.451,41.946,84.532,101.026
78.518,44.782,82.729,98.871
81.732,47.282,82.729,98.871
76.074,44.550,80.965,96.763
77.822,45.598,80.965,96.763
76.327,44.946,79.238,94.699
79.406,45.972,79.238,94.699
75.305,47.311,77.548,92.680
70.953,48.985,77.548,92.680
69.521,47.069,75.895,90.703
70.015,51.510,74.276,88.769
67.770,53.755,74.276,88.769
65.526,52.151,74.276,88.769
65.847,54.396,74.276,88.769
63.602,55.358,74.276,88.769
64.444,56.039,75.920,90.733
65.427,58.333,75.920,90.733
68.376,55.384,75.920,90.733
73.293,55.403,74.301,88.798
71.689,56.366,74.301,88.798
69.444,57.969,74.301,88.798
71.689,56.366,74.301,88.798
68.161,58.611,74.301,88.798
63.991,61.498,74.301,88.798
64.833,56.189,75.944,90.763
62.538,56.517,75.944,90.763
64.833,54.222,75.944,90.763
65.959,54.874,74.325,88.827
66.279,52.628,74.325,88.827
67.242,53.591,74.325,88.827
68.205,51.986,74.325,88.827
68.525,53.591,74.325,88.827
68.846,51.986,74.325,88.827
68.525,51.665,74.325,88.827
70.771,51.345,74.325,88.827
73.017,51.665,74.325,88.827
72.882,52.303,72.740,86.933
75.080,50.733,72.740,86.933
72.882,52.303,72.740,86.933
76.336,50.105,72.740,86.933
75.598,52.545,71.189,85.079
77.750,51.009,71.189,85.079
78.805,53.397,69.671,83.265
78.678,53.415,68.185,81.489
80.738,54.887,68.185,81.489
82.884,56.040,66.731,79.751
82.020,54.599,66.731,79.751
84.120,56.283,65.308,78.051
83.838,55.437,65.308,78.051
86.436,57.084,63.915,76.386
86.320,57.101,62.552,74.757
87.670,57.911,62.552,74.757
86.320,57.101,62.552,74.757
87.670,58.451,62.552,74.757
86.860,58.181,62.552,74.757
86.050,57.911,62.552,74.757
86.860,57.641,62.552,74.757
86.050,58.451,62.552,74.757
87.400,59.801,62.552,74.757
86.050,58.991,62.552,74.757
88.018,61.090,61.218,73.163
86.888,63.653,59.913,71.603
87.147,63.394,59.913,71.603
87.922,64.170,59.913,71.603
88.698,64.946,59.913,71.603
87.592,64.961,58.635,70.076
88.858,65.215,58.635,70.076
90.123,65.974,58.635,70.076
89.529,65.989,57.385,68.582
91.263,66.237,57.385,68.582
90.203,66.252,56.161,67.119
91.900,67.949,56.161,67.119
91.798,68.898,54.963,65.688
92.984,68.661,54.963,65.688
92.273,67.949,54.963,65.688
92.035,68.186,54.963,65.688
91.798,67.949,54.963,65.688
93.459,68.661,54.963,65.688
92.444,69.590,53.791,64.287
90.819,68.894,53.791,64.287
89.826,68.908,52.644,62.916
89.598,69.589,52.644,62.916
89.371,68.453,52.644,62.916
87.780,68.226,52.644,62.916
87.099,67.544,52.644,62.916
86.127,67.120,51.521,61.574
87.239,67.787,51.521,61.574
84.792,66.230,51.521,61.574
81.901,65.563,51.521,61.574
83.458,66.675,51.521,61.574
79.677,65.563,51.521,61.574
80.789,67.564,51.521,61.574
78.142,68.499,52.661,62.937
80.643,66.907,52.661,62.937
82.183,67.390,53.826,64.329
82.880,68.087,53.826,64.329
83.490,68.581,55.017,65.752
86.102,66.919,55.017,65.752
86.726,67.423,56.234,67.207
90.367,64.267,56.234,67.207
88.486,65.791,57.479,68.694
89.137,65.288,58.750,70.214
91.381,64.775,60.050,71.767
94.751,62.441,60.050,71.767
92.204,63.530,61.379,73.355
91.409,64.855,61.379,73.355
89.906,65.968,62.737,74.978
86.683,67.667,64.125,76.637
86.261,68.830,65.544,78.333
87.003,68.844,66.994,80.066
88.449,69.711,66.994,80.066
90.409,69.726,68.476,81.837
94.252,69.741,69.991,83.648
97.552,66.621,71.540,85.499
100.332,69.400,71.540,85.499
101.142,68.775,73.122,87.390
102.721,70.353,73.122,87.390
103.036,66.881,73.122,87.390
103.983,69.091,73.122,87.390
104.930,66.881,73.122,87.390
106.509,68.459,73.122,87.390
107.456,68.144,73.122,87.390
108.403,68.459,73.122,87.390
109.350,69.406,73.122,87.390
109.665,67.828,73.122,87.390
111.243,69.406,73.122,87.390
110.928,67.197,73.122,87.390
112.506,68.775,73.122,87.390
110.928,67.197,73.122,87.390
112.506,68.144,73.122,87.390
110.928,67.197,73.122,87.390
113.137,69.406,73.122,87.390
110.928,69.722,73.122,87.390
114.400,70.669,73.122,87.390
115.347,70.353,73.122,87.390
116.925,70.669,73.122,87.390
117.872,70.985,73.122,87.390
118.188,71.300,73.122,87.390
119.135,72.879,73.122,87.390
120.713,70.669,73.122,87.390
121.660,73.510,73.122,87.390
123.238,73.194,73.122,87.390
124.817,72.247,73.122,87.390
127.658,72.563,73.122,87.390
126.711,72.879,73.122,87.390
127.026,73.825,73.122,87.390
124.185,72.879,73.122,87.390
125.132,76.351,73.122,87.390
124.817,76.666,73.122,87.390
124.501,78.245,73.122,87.390
126.079,77.929,73.122,87.390
125.764,80.770,73.122,87.390
128.605,82.980,73.122,87.390
127.658,82.033,73.122,87.390
130.499,84.873,73.122,87.390
131.446,87.083,73.122,87.390
132.393,91.187,73.122,87.390
130.814,88.977,73.122,87.390
129.867,85.505,73.122,87.390
128.289,83.927,73.122,87.390
126.079,82.348,73.122,87.390
125.132,80.770,73.122,87.390
124.817,79.192,73.122,87.390
125.764,77.613,73.122,87.390
125.448,77.298,73.122,87.390
123.870,76.351,73.122,87.390
125.353,71.127,74.740,89.324
126.321,74.676,74.740,89.324
126.499,72.014,76.394,91.300
123.531,73.663,76.394,91.300
123.201,71.354,76.394,91.300
123.531,73.003,76.394,91.300
121.882,71.354,76.394,91.300
124.850,71.684,76.394,91.300
127.818,72.014,76.394,91.300
125.946,68.609,78.084,93.320
128.230,65.828,79.812,95.385
123.751,68.929,79.812,95.385
127.541,67.206,79.812,95.385
124.440,70.307,79.812,95.385
126.163,69.962,79.812,95.385
125.129,68.240,79.812,95.385
126.852,72.029,79.812,95.385
127.196,68.929,79.812,95.385
123.406,72.718,79.812,95.385
125.129,68.929,79.812,95.385
123.406,72.718,79.812,95.385
125.818,68.929,79.812,95.385
124.095,72.718,79.812,95.385
124.440,69.618,79.812,95.385
122.717,72.718,79.812,95.385
124.440,68.929,79.812,95.385
122.717,71.340,79.812,95.385
125.129,68.240,79.812,95.385
122.028,68.584,79.812,95.385
124.440,65.483,79.812,95.385
124.785,67.206,79.812,95.385
125.689,67.223,81.578,97.495
126.041,65.462,81.578,97.495
127.696,62.557,83.383,99.652
125.896,65.797,83.383,99.652
125.536,68.316,83.383,99.652
125.896,65.077,83.383,99.652
126.256,67.596,83.383,99.652
127.336,64.357,83.383,99.652
124.097,68.316,83.383,99.652
126.616,66.516,83.383,99.652
124.383,72.089,81.604,97.527
127.553,68.919,81.604,97.527
128.610,66.453,81.604,97.527
127.553,70.328,81.604,97.527
130.724,67.862,81.604,97.527
132.485,70.328,81.604,97.527
134.247,68.566,81.604,97.527
133.894,71.032,81.604,97.527
132.837,68.566,81.604,97.527
129.667,68.919,81.604,97.527
127.906,71.385,81.604,97.527
129.667,68.919,81.604,97.527
126.497,72.794,81.604,97.527
128.258,68.214,81.604,97.527
124.383,69.271,81.604,97.527
126.144,64.691,81.604,97.527
124.383,61.521,81.604,97.527
122.622,65.396,81.604,97.527
122.269,63.635,81.604,97.527
124.031,66.805,81.604,97.527
123.678,64.339,81.604,97.527
121.917,60.464,81.604,97.527
124.383,63.635,81.604,97.527
123.326,59.055,81.604,97.527
122.269,61.521,81.604,97.527
122.622,62.578,81.604,97.527
122.269,64.339,81.604,97.527
121.212,61.873,81.604,97.527
121.406,56.774,83.410,99.685
121.046,59.295,83.410,99.685
124.287,61.095,83.410,99.685
123.927,62.175,83.410,99.685
123.567,60.375,83.410,99.685
122.486,61.455,83.410,99.685
125.007,62.535,83.410,99.685
124.647,63.615,83.410,99.685
126.447,64.696,83.410,99.685
123.927,66.496,83.410,99.685
126.447,63.255,83.410,99.685
122.162,63.273,85.255,101.890
124.738,63.641,85.255,101.890
122.162,65.481,85.255,101.890
123.128,60.154,87.142,104.145
119.743,62.035,87.142,104.145
121.624,61.659,87.142,104.145
122.915,63.132,85.283,101.924
121.075,60.555,85.283,101.924
123.652,58.714,85.283,101.924
122.787,60.865,83.465,99.750
123.868,60.505,83.465,99.750
122.787,60.865,83.465,99.750
124.588,58.343,83.465,99.750
122.066,60.145,83.465,99.750
124.588,57.623,83.465,99.750
122.066,60.145,83.465,99.750
123.868,61.226,83.465,99.750
123.507,58.703,83.465,99.750
122.426,59.784,83.465,99.750
124.949,57.983,83.465,99.750
121.706,59.784,83.465,99.750
124.949,55.100,83.465,99.750
120.985,58.343,83.465,99.750
123.426,57.613,85.311,101.957
125.401,55.506,83.492,99.783
122.878,56.587,83.492,99.783
124.680,57.668,83.492,99.783
127.203,54.425,83.492,99.783
124.967,57.226,81.711,97.655
125.319,54.756,81.711,97.655
125.672,55.815,81.711,97.655
126.883,57.196,79.969,95.573
127.919,57.541,79.969,95.573
125.502,54.434,79.969,95.573
127.228,56.160,79.969,95.573
126.883,57.196,79.969,95.573
126.738,53.889,78.264,93.534
125.724,55.579,78.264,93.534
126.062,56.592,78.264,93.534
125.724,54.227,78.264,93.534
126.738,56.592,78.264,93.534
125.724,56.930,78.264,93.534
125.386,57.268,78.264,93.534
124.373,57.606,78.264,93.534
123.156,58.324,79.995,95.604
124.192,54.525,79.995,95.604
125.815,55.975,81.765,97.719
123.345,56.328,81.765,97.719
125.110,58.799,81.765,97.719
123.106,52.957,83.574,99.881
125.632,56.204,83.574,99.881
121.663,52.236,83.574,99.881
124.910,56.204,83.574,99.881
120.220,52.957,83.574,99.881
123.467,56.204,83.574,99.881
121.663,52.957,83.574,99.881
124.910,56.926,83.574,99.881
120.942,51.514,83.574,99.881
124.189,55.483,83.574,99.881
122.385,52.957,83.574,99.881
126.353,54.761,83.574,99.881
124.115,52.697,81.792,97.751
128.050,56.121,80.048,95.667
124.940,55.776,80.048,95.667
126.668,56.812,80.048,95.667
125.190,58.165,78.341,93.627
128.233,59.180,78.341,93.627
126.787,60.504,76.670,91.630
128.442,59.511,76.670,91.630
124.801,61.828,76.670,91.630
126.357,59.098,78.366,93.657
125.342,61.466,78.366,93.657
126.357,61.804,78.366,93.657
126.018,62.819,78.366,93.657
126.357,63.834,78.366,93.657
126.018,60.112,78.366,93.657
124.327,63.834,78.366,93.657
126.695,65.525,78.366,93.657
125.680,61.127,78.366,93.657
125.342,62.142,78.366,93.657
124.327,63.834,78.366,93.657
125.342,66.202,78.366,93.657
123.650,64.510,78.366,93.657
125.342,66.202,78.366,93.657
123.650,69.246,78.366,93.657
125.342,64.172,78.366,93.657
123.650,67.893,78.366,93.657
124.538,61.592,80.100,95.729
124.193,64.704,80.100,95.729
123.155,67.125,80.100,95.729
123.501,61.938,80.100,95.729
124.538,64.359,80.100,95.729
122.809,64.704,80.100,95.729
123.155,60.209,80.100,95.729
123.501,62.630,80.100,95.729
123.155,65.050,80.100,95.729
122.118,60.555,80.100,95.729
123.155,64.359,80.100,95.729
122.118,66.779,80.100,95.729
123.155,65.050,80.100,95.729
122.118,69.545,80.100,95.729
123.025,65.258,81.872,97.847
122.876,70.048,80.126,95.761
123.222,69.702,80.126,95.761
120.801,71.432,80.126,95.761
123.322,75.453,78.418,93.719
121.630,73.084,78.418,93.719
123.999,71.391,78.418,93.719
123.204,75.979,76.745,91.720
122.210,75.648,76.745,91.720
122.542,75.979,76.745,91.720
122.873,77.636,76.745,91.720
123.867,77.305,76.745,91.720
123.535,77.636,76.745,91.720
123.867,78.630,76.745,91.720
124.861,78.299,76.745,91.720
123.867,77.967,76.745,91.720
124.198,78.299,76.745,91.720
122.542,77.967,76.745,91.720
123.536,77.636,76.745,91.720
123.030,74.903,78.443,93.749
123.540,78.840,76.771,91.750
122.546,78.508,76.771,91.750
122.215,79.503,76.771,91.750
121.220,79.171,76.771,91.750
121.552,78.177,76.771,91.750
120.558,79.171,76.771,91.750
120.889,78.840,76.771,91.750
120.558,78.508,76.771,91.750
119.365,75.087,78.469,93.780
118.348,74.070,78.469,93.780
119.365,77.119,78.469,93.780
118.348,74.748,78.469,93.780
118.687,77.119,78.469,93.780
118.348,75.425,78.469,93.780
118.010,77.796,78.469,93.780
117.493,74.299,80.205,95.855
117.147,73.260,80.205,95.855
117.493,76.376,80.205,95.855
117.147,73.953,80.205,95.855
117.493,77.761,80.205,95.855
116.454,75.338,80.205,95.855
117.493,73.606,80.205,95.855
117.147,77.415,80.205,95.855
116.108,74.991,80.205,95.855
116.454,74.645,80.205,95.855
116.108,74.299,80.205,95.855
115.762,76.030,80.205,95.855
116.800,73.606,80.205,95.855
