0.00594854
0.01143289
0.01245070
0.01189613
0.01145554
0.01110721
0.01106977
0.01115513
0.01120639
0.01113892
0.01112390
0.01108599
0.01107907
0.01107383
0.01108575
0.01120448
0.01120591
0.01111531
0.01110458
0.01141214
0.01112723
0.01189208
0.01158333
0.01112628
0.01105309
0.01100421
0.01110291
0.01122212
0.01122046
0.01121545
0.01115727
0.01115298
0.01114726
0.01112986
0.01123571
0.01113367
0.01120043
0.01120639
0.01122165
0.01123857
0.01128435
0.01126385
0.01111054
0.01103044
0.01119518
0.01120639
0.01120043
0.01117754
0.01118660
0.01142955
0.01131558
0.01126885
0.01160860
0.01124716
0.01153636
0.01134658
0.01126027
0.01120710
0.01133871
0.01121545
0.01188350
0.01187468
0.01125455
0.01130056
0.01121044
0.01127553
0.01125407
0.01116824
0.01118565
0.01118040
0.01152349
0.01121759
0.01121116
0.01118040
0.01112962
0.01115084
0.01118803
0.01115298
0.01122332
0.01122618
0.01106882
0.01116681
0.01122499
0.01115656
0.01119518
0.01113176
0.01110911
0.01111507
0.01113129
0.01113605
0.01122665
0.01118279
0.01121640
0.01114273
0.01116371
0.01115322
0.01132441
0.01120043
0.01150537
0.01146221
0.01191950
0.01154590
0.01149178
0.01146317
0.01140714
0.01156616
0.01149511
0.01150370
0.01149106
0.01138401
0.01130176
0.01127696
0.01122022
0.01113009
0.01108861
0.01103902
0.01119637
0.01120305
0.01111507
0.01113820
0.01106381
0.01108742
0.01105976
0.01102972
