0.01971674
0.01341343
0.01134634
0.01081681
0.01078033
0.01086569
0.01086164
0.01078057
0.01080275
0.01084208
0.01073480
0.01076865
0.01077127
0.01082563
0.01084590
0.01073980
0.01071000
0.01076818
0.01077318
0.01074362
0.01080060
0.01090074
0.01078820
0.01068902
0.01076317
0.01090026
0.01080489
0.01068258
0.01073313
0.01472902
0.01187491
0.01091695
0.01085258
0.01072621
0.01082492
0.01088214
0.01089191
0.01079202
0.01081753
0.01084018
0.01082516
0.01141334
0.01097941
0.01075768
0.01088715
0.01094127
0.01088238
0.01081014
0.01082802
0.01089144
0.01088786
0.01086235
0.01088858
0.01088595
0.01075506
0.01095533
0.01088667
0.01082015
0.01094365
0.01090574
0.01078200
0.01085329
0.01090693
0.01083922
0.01070261
0.01069450
0.01067710
0.01076627
0.01087999
0.01094341
0.01084280
0.01085877
0.01087999
0.01086736
0.01087093
0.01088786
0.01090908
0.01089907
0.01090884
0.01089740
0.01092649
0.01075530
0.01086330
0.01090074
0.01088548
0.01080894
0.01082540
0.01105952
0.01113486
0.01093006
0.01098180
0.01093554
0.01086903
0.01104140
0.01098108
0.01085114
0.01093149
0.01091981
0.01079822
0.01083875
0.01096177
0.01092887
0.01091099
0.01087141
0.01089120
0.01088881
0.01102257
0.01087642
0.01085138
0.01091075
0.01090860
0.01094699
0.01093745
