0.00933766
0.01355171
0.01130605
0.01088929
0.01085138
0.01074219
0.01082659
0.01090956
0.01085949
0.01097107
0.01093316
0.01092219
0.01083612
0.01086831
0.01098919
0.01089311
0.01091266
0.01087666
0.01090670
0.01081586
0.01092005
0.01090789
0.01089549
0.01092291
0.01094222
0.01093388
0.01090145
0.01092076
0.01086569
0.01096368
0.01087236
0.01092172
0.01100707
0.01099682
0.01090693
0.01100564
0.01094007
0.01088810
0.01088786
0.01096916
0.01103449
0.01095271
0.01089811
0.01102138
0.01095271
0.01090097
0.01093364
0.01140952
0.01105905
0.01095152
0.01092720
0.01092601
0.01090693
0.01097631
0.01095867
0.01080823
0.01091266
0.01095939
0.01086831
0.01090646
0.01091337
0.01094842
0.01088572
0.01093554
0.01098943
0.01093531
0.01091838
0.01097059
0.01094198
0.01090479
0.01095080
0.01095080
0.01091766
0.01093698
0.01095033
0.01095319
0.01091838
0.01093793
0.01096916
0.01096869
0.01088524
0.01096106
0.01097202
0.01093602
0.01089168
0.01095963
0.01093888
0.01094270
0.01100397
0.01091051
0.01093149
0.01089835
0.01090431
0.01090598
0.01084280
0.01090312
0.01101708
0.01091075
0.01107430
0.01104212
0.01095271
0.01093149
0.01087570
0.01097298
0.01095486
0.01089144
0.01090837
0.01096320
0.01090479
0.01091313
0.01095390
0.01093841
0.01093507
0.01092839
0.01098824
0.01090169
0.01091862
0.01099110
0.01092100
0.01091361
0.01097512
0.01093674
0.01094317
0.01089287
0.01090455
0.01092505
0.01089525
0.01090264
0.01093531
0.01091099
0.01084447
0.01087332
0.01094437
0.01090670
0.01090240
0.01086426
0.01090622
0.01092172
0.01092887
0.01096702
0.01093650
0.01089859
0.01098251
0.01093340
0.01090932
0.01088190
0.01091981
0.01095605
0.01105690
0.01094460
0.01096463
0.01087666
0.01087785
0.01096821
0.01093745
0.01091528
0.01096392
0.01087356
0.01089334
0.01088858
0.01096869
0.01090789
0.01090360
0.01087165
0.01094389
0.01092672
0.01091146
0.01094151
0.01096487
0.01097155
0.01092243
0.01092386
0.01090431
0.01087904
0.01091504
0.01094055
0.01090932
0.01092267
0.01099420
0.01100349
0.01096034
0.01097798
0.01097965
0.01090932
0.01096058
0.01093507
0.01101565
0.01100492
0.01096272
0.01096821
0.01095033
0.01097941
0.01097417
0.01097083
0.01100588
0.01094913
0.01109624
0.01112485
0.01121759
0.01115012
0.01110888
0.01105595
0.03007460
0.02044201
0.01119113
0.01092625
0.01102805
0.01111841
0.01099133
0.01096058
0.01105046
0.01104903
0.01097751
0.01105547
0.01707101
0.01271677
0.01140809
0.01109672
0.01111126
0.01101041
0.01109409
0.01108265
0.01103830
0.01100755
0.01097274
0.01101303
0.01095605
0.01091218
0.01095748
0.01099682
0.01098776
0.01102471
0.01098204
0.01094103
0.01098061
0.01097441
0.01096153
0.01093507
0.01097417
0.01091671
0.01096177
0.01158404
0.01102805
0.01093674
0.01094937
0.01095772
0.01092386
0.01090431
0.01093650
0.01092410
0.01092410
0.01092458
0.01092911
0.01086855
0.01096678
0.01082444
0.01098275
0.01096010
0.01090360
0.01099944
0.01095462
0.01085448
0.01091051
0.01088691
0.01089001
0.01090908
0.01091886
0.01101351
0.01093364
0.01092362
0.01085567
0.01095700
0.01080489
0.01087093
0.01090217
0.01093912
0.01097870
0.01089954
0.01097751
0.01090431
0.01086617
0.01090884
0.01103711
0.01094294
0.01089311
0.01094770
0.01094985
0.01090002
0.01097345
0.01089144
0.01088977
0.01157165
0.01127172
0.01093459
0.01084423
0.01091409
0.01092768
0.01086569
0.01093459
0.01101613
0.01108170
0.01099277
0.01093388
0.01096630
0.01094580
0.01086426
0.01095128
0.01094937
0.01093841
0.01095986
0.01099157
0.01091242
0.01097608
0.01094389
0.01097107
0.01093745
0.01097012
0.01099992
0.01099467
0.01094484
0.01092553
0.01088595
0.01087666
0.01087236
0.01101708
0.01093650
0.01088548
0.01081443
0.01094389
0.01092887
0.01093578
0.01088834
0.01099181
0.01095819
0.01092720
0.01100588
0.01096225
0.01096678
0.01096892
0.01095414
0.01099777
0.01141787
0.01132965
0.01091623
0.01079297
0.01086283
0.01094604
0.01092196
0.01092577
0.01097703
0.01097250
0.01079178
0.01100874
0.01097679
0.01093006
0.01096606
0.01102972
0.01100254
0.01090765
0.01095390
0.01101470
0.01090240
0.01097941
0.01103306
0.01098013
0.01095152
0.01094842
0.01092839
0.01099849
0.01097989
0.01097059
0.01093125
0.01092958
0.01090980
0.01095104
0.01100397
0.01097274
0.01088810
0.01100540
0.01096034
0.01096797
0.01092243
0.01091552
0.01092172
0.01089859
0.01095510
0.01082778
0.01086473
0.01094866
0.01093364
0.01083112
0.01104403
0.01125026
0.01097560
0.01086426
0.01093197
0.01094007
0.01080060
0.01084232
0.01088095
0.01090384
0.01085186
0.01087546
0.01082778
0.01085472
0.01085830
0.01087189
0.01084995
0.01085043
0.01085615
0.01092649
0.01082516
0.01087022
0.01093936
0.01087022
0.01087928
0.01089215
0.01087451
0.01089764
0.01093078
0.01096082
0.01091623
0.01092029
0.01099300
0.01099300
0.01116347
0.01099658
0.01090097
0.01095271
0.01090360
0.01087523
0.01086354
0.01091337
0.01087427
0.01092458
0.01090455
0.01079893
0.01093936
0.01095152
0.01095295
0.01092553
0.01092148
0.01127338
0.01092768
0.01087785
0.01095343
0.01087332
0.01087117
0.01096058
0.01088905
0.01092100
0.01093173
0.01098275
0.01091266
0.01097751
0.01092410
0.01095986
0.01089549
0.01094174
0.01102066
0.01096869
0.01093554
0.01095939
0.01101732
0.01099229
0.01097059
0.01104021
0.01099205
0.01100826
0.01094818
0.01097536
0.01094437
0.01099896
0.01090574
0.01096487
0.01093054
0.01093721
0.01091671
0.01092124
0.01106477
0.01097870
0.01088476
0.01095939
0.01096010
0.01098275
0.01095033
0.01091838
0.01095462
0.01094055
0.01088309
0.01107597
0.01097155
0.01138997
0.01127410
0.01085711
0.01103568
0.01092911
0.01089549
0.01092863
0.01096010
0.01097560
0.01100802
0.01098824
0.01096702
0.01099086
0.01100492
0.01097846
0.01099205
0.01096749
0.01102352
0.01098466
0.01097059
0.01095748
0.01101470
0.01092410
0.01094747
0.01100636
0.01098967
0.01091790
0.01097798
0.01090908
0.01092172
0.01092553
0.01105952
0.01094198
0.01092005
0.01095510
0.01101995
0.01107311
0.01101208
0.01091671
0.01101208
0.01100588
0.01099777
0.01092863
0.01095319
0.01100278
0.01096416
0.01092434
0.01097417
0.01083803
0.01086950
0.01121306
0.01129913
0.01097035
0.01096535
0.01098990
0.01095724
0.01094198
0.01097059
0.01096749
0.01093841
0.01095819
0.01099420
0.01089239
0.01095319
0.01096058
0.01096892
0.01095676
0.01118231
0.01543283
0.01170206
0.01246357
0.01104569
0.01095271
0.01102757
0.01101565
0.01104832
0.01107693
0.01102901
0.01107001
0.01103020
0.01105690
0.01101017
0.01098561
0.01104140
0.01098442
0.01097703
0.01096749
0.01091528
0.01097870
0.01097870
0.01112556
0.01102018
0.01121688
0.01107979
0.01099205
0.01100564
0.01091838
0.01096869
0.01089287
0.01099968
0.01103520
0.01088929
0.01093984
0.01097226
0.01090050
0.01658297
0.01261139
0.01127625
0.01090550
0.01095653
0.01095510
0.01095772
0.01095819
0.01093674
0.01091170
0.01091743
0.01101279
0.01093316
0.01094961
0.01087022
0.01090503
0.01088595
0.01088834
0.01096010
0.01085711
0.01083088
0.01088190
0.01085329
0.01099038
0.01096749
0.01090288
0.01101637
0.01096606
0.01088524
0.01093316
0.01100636
0.01095295
0.01088095
0.01102090
0.01118398
0.01124287
0.01089597
0.01089334
0.01096582
0.01092744
0.01084805
0.01092911
0.01099586
0.01094580
0.01091743
0.01086998
0.01094031
0.01099682
0.01096559
0.01086998
0.01095176
0.01093864
0.01094413
0.01093340
0.01097608
0.01094842
0.01094556
0.01090288
0.01090431
0.01094508
0.01091814
0.01087904
0.01098776
0.01095319
0.01860213
0.01351166
0.01162672
0.01102424
0.01094460
0.01091623
0.01081204
0.01094675
0.01093984
0.01093602
0.01088452
0.01094961
0.01095772
0.01086760
0.01092029
0.01092291
0.01084757
0.01086140
0.01120234
0.01094413
0.01081634
0.01090884
0.01088071
0.01085925
0.01082611
0.01086545
0.01088476
0.01087880
0.01079416
0.01093030
0.01088405
0.01090384
0.01085520
0.01091719
0.01089144
0.01085114
0.01090598
0.01092219
0.01087308
0.01088095
0.01090789
0.01091146
0.01093054
0.01090860
0.01090717
0.01089072
0.01083136
0.01098466
0.01090407
0.01084661
0.01091671
0.01091599
0.01093173
0.01092601
0.01092100
0.01088619
0.01091290
0.01082993
0.01096845
0.01098466
0.01092196
0.01097631
0.01094627
0.01101494
0.01099491
0.01104069
0.01104069
0.01097059
0.01107264
0.01135540
0.01101255
0.01096654
0.01097965
0.01099730
0.01091695
0.01096129
0.01089859
0.01090503
0.01094270
0.01093745
0.01098943
0.01095104
0.01096392
0.01093173
0.01100111
0.01129746
0.01099610
0.01108909
0.01093793
0.01091790
0.01089406
0.01103735
0.01102924
0.01088834
0.01094508
0.01097631
0.01091599
0.01094794
0.01089811
0.01092458
0.01093817
0.01093006
0.01094723
0.01099372
0.01089787
0.01092267
0.01094699
0.01092362
0.01092315
0.01092172
0.01089311
0.01087403
0.01089597
0.01088929
0.01086068
0.01090765
0.01087618
0.01160836
0.01134896
0.01101708
0.01097107
0.01091671
0.01093459
0.01092649
0.01098061
0.01092625
0.01097655
0.01095104
0.01093149
0.01092839
0.01096869
0.01093364
0.01098514
0.01098466
0.01094770
0.01087260
0.01085520
0.01086020
0.01080346
0.01082778
0.01083016
0.01093626
0.01091266
0.01095343
0.01090693
0.01087093
0.01095271
0.01095080
0.01089835
0.01097393
0.01100230
0.01100755
0.01095390
0.01100039
0.01095128
0.01097989
0.01095414
0.01104474
0.01098418
0.01094627
0.01095963
0.01095200
0.01094770
0.01098180
0.01100874
0.01103067
0.01095605
0.01110172
0.01100016
0.01101804
0.01096082
0.01095605
0.01093936
0.01096034
0.01095486
0.01097584
0.01094866
0.01092672
0.01098251
0.01099062
0.01093578
0.01098013
0.01097798
0.01098561
0.01103783
0.01102996
0.01102924
0.01100993
0.01097035
0.01093626
0.01097536
0.01099753
0.01093841
0.01085234
0.01093554
0.01091552
0.01086998
0.01086926
0.01080680
0.01092887
0.01107359
0.01109862
0.01102304
0.01116848
0.01100659
0.01093864
0.01104093
0.01096487
0.01103210
0.01102185
0.01099825
0.01100898
0.01094866
0.01095867
0.01095939
0.01098895
0.01155686
0.01142192
0.01103354
0.01103520
0.01098824
0.01095152
0.01096201
0.01095748
0.01099110
0.01086736
0.01096916
0.01089430
0.01090479
0.01087689
0.01090956
