0.00456548
0.01122808
0.01235628
0.01073766
0.01068258
0.01063514
0.01058507
0.01057267
0.01059365
0.01056814
0.01526856
0.01205111
0.01093793
0.01056862
0.01060343
0.01057792
0.01057959
0.01057553
0.01062560
0.01063991
0.01058745
0.01121664
0.01095223
0.01058078
0.01057768
0.01061177
0.01055574
0.01052260
0.01053643
0.01055670
0.01046944
0.01045108
0.01045585
0.01052022
0.01517081
0.01634836
0.01046753
0.01043224
0.01042223
0.01055479
0.01046968
0.01045346
0.01052594
0.01050615
0.01050663
0.01039863
0.01046085
0.01043034
0.01046491
0.01052976
0.01051617
0.01048660
0.01049209
0.01055598
0.01051331
0.01053834
0.01045489
0.01050258
0.01050138
0.01047683
0.01047921
0.01050735
0.01048946
0.01045108
0.01049876
0.01083302
0.01054811
0.01051712
0.01055598
0.01051188
0.01047564
0.01053691
0.01051641
0.01051617
0.01049638
0.01057386
0.01050377
0.01050472
0.01053739
0.01047277
0.01051188
0.01053500
0.01053476
0.01051617
0.01052237
0.01052642
0.01052403
0.01053095
0.01041961
0.01060295
0.01060367
0.01048660
0.01052856
0.01058865
0.01049924
0.01049924
0.01059389
0.01053834
0.01048446
0.01051617
0.01052570
0.01047015
0.01048446
0.01050568
0.01049995
0.01046538
0.01052642
0.01053858
0.01042056
0.01053333
0.01057005
0.01058221
0.01055169
0.01054168
0.01069331
0.01093316
0.01064014
0.01046753
0.01051760
0.01056504
0.01050162
0.01050735
0.01056290
0.01060343
0.01041412
0.01056695
0.01053953
0.01051712
0.01051831
0.01052785
0.01056170
0.01049447
0.01054382
0.01053667
0.01048064
0.01056647
0.01052856
0.01043415
0.01053214
0.01054168
0.01054096
0.01052213
0.01544046
0.01185179
0.01075578
0.01051831
0.01060534
0.01052332
0.01052141
0.01049280
0.01053691
0.01051545
0.01048398
0.01060724
0.01055908
0.01061964
0.01059246
0.01061106
0.01056314
0.01060748
0.01059890
0.01058388
0.01053905
0.01108932
0.01096416
0.01058841
0.01057076
0.01064277
0.01069736
0.01063108
0.01064229
0.01064849
0.01061869
0.01065564
0.01060200
