0.00737453
0.01066661
0.01052570
0.01084065
0.01047516
0.01053762
0.01072717
0.01049447
0.01050258
0.01061773
0.01058435
0.01064301
0.01053143
0.01059818
0.01053190
0.01055789
0.01060033
0.01056314
0.01041937
0.01058793
0.01053238
0.01064038
0.01056790
0.01053214
0.01055598
0.01053596
0.01060295
0.01053309
0.01059103
0.01067162
0.01050186
0.01058984
0.01053572
0.01065779
0.01050925
0.01057029
0.01053190
0.01043653
0.01057696
0.01049876
0.01048708
0.01064682
0.01049256
0.01053476
0.01046062
0.01052141
0.01056314
0.01056051
0.01048660
0.01050234
0.01044536
0.01066375
0.01044321
0.01046824
0.01053905
0.01048183
0.01063728
0.01052809
0.01049805
0.01056147
0.01050997
0.01065612
0.01052237
0.01048684
0.01051044
0.01057386
0.01048279
0.01060176
0.01047897
0.01053190
0.01044464
0.01056790
0.01057577
0.01059437
0.01059675
0.01052022
0.01039147
0.01051092
0.01048923
0.01062942
0.01061416
0.01051211
0.01053762
0.01058793
0.01059794
0.01054287
0.01047468
0.01060271
0.01055145
0.01061249
0.01051307
0.01051331
0.01055002
0.01052380
0.01066089
0.01058483
0.01050663
0.01057625
0.01049352
0.01060104
0.01048636
0.01051569
0.01055121
0.01053262
0.01062417
0.01083517
0.01055431
0.01053095
0.01049829
0.01059961
0.01045847
0.01055431
0.01055574
0.01048088
0.01061773
0.01055717
0.01042795
0.01056504
0.01044226
0.01061702
0.01049733
0.01056623
0.01060510
0.01043010
0.01053476
0.01053429
0.01057458
0.01063585
0.01042700
0.01062083
0.01048565
0.01054001
0.01052427
0.01051259
0.01058316
0.01063633
0.01051188
0.01063251
0.01059246
0.01060891
0.01050115
0.01051879
0.01058674
0.01056147
0.01070452
0.01050639
0.01050234
0.01063895
0.01052523
0.01059294
0.01050758
0.01043987
0.01055002
0.01053834
0.01073956
0.01059151
0.01054120
0.01075482
0.01054287
0.01057887
0.01059604
0.01059413
0.01059866
0.01062703
0.01059818
0.01057720
0.01061630
0.01054120
0.01051807
0.01059198
0.01053333
0.01074886
0.01052284
0.01054716
0.01064563
0.01063919
0.01058888
0.01055503
0.01052046
0.01057100
0.01056981
0.01064014
0.01056838
0.01052880
0.01057816
0.01066327
0.01070666
0.01062250
0.01056004
0.01061797
0.01051927
0.01062322
0.01057553
0.01076484
0.01057553
0.01057029
0.01059914
0.01062679
0.01066852
0.01065469
0.01066971
0.01062417
0.01071668
0.01066232
0.01049137
0.01063037
0.01052427
0.01058888
0.01057196
0.01062107
0.01065516
0.01051855
0.01064873
0.01091456
0.01063490
0.01060200
0.01059413
0.01065612
0.01056790
0.01071858
0.01055264
0.01060939
0.01059651
0.01054597
0.01066113
0.01057124
0.01058340
0.01072073
0.01061273
0.01060271
0.01061511
0.01079488
0.01051879
0.01052952
0.01060724
0.01059556
0.01061201
0.01063132
0.01055217
0.01056981
0.01049685
0.01061797
0.01057458
0.01067686
0.01057506
0.01061559
0.01057410
0.01054859
0.01065207
0.01060414
0.01050377
0.01057673
0.01058197
0.01062512
0.01056004
0.01055479
0.01053119
0.01061797
0.01067710
0.01063013
0.01055670
0.01061177
0.01048064
0.01065326
0.01055098
0.01056099
0.01057076
0.01056933
0.01067662
0.01057982
0.01056147
0.01061678
0.01047540
0.01060796
0.01064062
0.01058245
0.01054859
0.01056790
0.01058602
0.01064181
0.01060176
0.01052499
0.01051426
0.01054645
0.01055574
0.01059818
0.01068354
0.01052547
0.01052451
0.01066422
0.01062250
0.01068950
0.01056337
0.01061630
0.01057172
0.01056480
0.01058745
0.01052141
0.01053262
0.01063538
0.01061749
0.01061273
0.01063728
0.01069260
0.01069641
0.01056314
0.01060939
0.01066279
0.01062512
0.01045394
0.01056480
0.01062465
0.01053381
0.01067924
0.01060534
0.01055026
0.01054454
0.01059532
0.01064157
0.01063204
0.01057792
0.01056600
0.01050687
0.01065683
0.01059866
0.01061869
0.01063585
0.01050019
0.01057529
0.01053882
0.01053405
0.01061058
0.01053715
0.01064205
0.01055861
0.01056623
0.01059842
0.01053715
0.01060581
0.01059484
0.01058507
0.01062870
0.01056838
0.01066852
0.01054597
0.01058698
0.01061654
0.01059556
0.01062822
0.01052523
0.01052356
0.01070285
0.01045966
0.01072073
0.01050639
0.01059651
0.01067066
0.01055527
0.01068950
0.01058364
0.01058245
0.01065040
0.01047540
0.01069880
0.01054549
0.01053166
0.01061296
0.01061153
0.01055837
0.01060891
0.01049685
0.01056910
0.01066136
0.01058054
0.01074171
0.01054025
0.01057768
0.01062894
0.01067972
0.01053786
0.01050758
0.01052904
0.01057506
0.01063657
0.01058674
0.01058364
0.01066828
0.01051903
0.01056957
0.01062679
0.01061654
0.01059604
0.01056075
0.01055980
0.01057935
0.01058817
0.01048827
0.01060152
0.01058674
0.01067114
0.01047993
0.01058602
0.01064897
0.01060414
0.01068449
0.01056337
0.01052761
0.01051664
0.01048517
0.01063180
0.01058793
0.01058745
0.01062441
0.01061559
0.01063895
0.01061749
0.01051736
0.01069403
0.01057053
0.01072145
0.01060605
0.01065803
0.01062894
0.01059461
0.01048660
0.01106644
0.01090598
0.01060295
0.01062489
0.01063442
0.01058125
0.01068687
0.01057911
0.01070571
0.01061988
0.01057982
0.01065063
0.01071143
0.01075435
0.01062489
0.01058888
0.01059628
0.01054096
0.01064992
0.01054835
0.01068425
0.01056647
0.01081800
0.01071310
0.01069736
0.01057625
0.01065993
0.01068473
0.01060319
0.01056027
0.01059508
0.01056838
0.01062894
0.01055861
0.01054883
0.01065016
0.01061583
0.01075315
0.01059437
0.01050138
0.01062846
0.01048303
0.01080608
0.01061869
0.01061201
0.01059079
0.01065707
0.01060390
0.01055336
0.01068950
0.01063037
0.01060987
0.01068759
0.01062369
0.01066089
0.01060796
0.01078153
0.01096296
0.01058769
0.01061678
0.01060843
0.01059031
0.01061797
0.01058936
0.01055670
0.01057982
0.01057315
0.01059127
0.01064348
0.01052189
0.01054335
0.01057863
0.01048660
0.01060891
0.01066613
0.01048613
0.01057673
0.01058578
0.01060319
0.01064181
0.01058841
0.01066089
0.01061797
0.01051664
0.01069283
0.01060295
0.01072335
0.01057243
0.01052761
0.01060820
0.01061106
0.01056743
0.01060581
0.01051378
0.01052594
0.01075220
0.01079106
0.01053143
0.01064515
0.01063704
0.01062799
0.01061487
0.01063013
0.01068950
0.01053071
0.01052690
0.01064754
0.01056910
0.01064944
0.01060700
0.01061893
0.01059055
0.01064134
0.01066017
0.01061296
0.01051688
0.01060271
0.01057816
0.01059508
0.01052547
0.01063085
0.01065898
0.01061440
0.01071477
0.01060295
0.01063538
0.01061583
0.01064372
0.01076889
0.01060843
0.01070070
0.01053715
0.01071548
0.01058269
0.01063943
0.01061440
0.01059723
0.01060891
0.01060629
0.01056838
0.01063061
0.01050353
0.01082134
0.01066494
0.01070905
0.01062918
0.01064444
0.01060581
0.01057148
0.01067853
0.01062131
0.01076150
0.01065779
0.01055837
0.01060820
0.01045799
0.01071191
0.01056004
0.01060772
0.01057076
0.01056886
0.01065564
0.01058960
0.01061749
0.01062655
0.01055646
0.01062179
0.01056552
0.01058865
0.01059699
0.01067591
0.01065850
0.01056838
0.01085210
0.01064491
0.01074004
0.01097322
