0.00415421
0.01101875
0.01178670
0.01089740
0.01079106
0.01065612
0.01058936
0.01079321
0.01064038
0.01063418
0.01061511
0.01057482
0.01065874
0.01066256
0.01057315
0.01061153
0.01066899
0.01059818
0.01061630
0.01057649
0.01052260
0.01063585
0.01061249
0.01051664
0.01063800
0.01067019
0.01074815
0.01067233
0.01055789
0.01069546
0.01059747
0.01064515
0.01050806
0.01062942
0.01063466
0.01054096
0.01068616
0.01072979
0.01058507
0.01067138
0.01064873
0.01072240
0.01058888
0.01064348
0.01059699
0.01073599
0.01063180
0.01061773
0.01066232
0.01065898
0.01062608
0.01063228
0.01060629
0.01062369
0.01054049
0.01056123
0.01064730
0.01066303
0.01060534
0.01059556
0.01051307
0.01066446
0.01056361
0.01070476
0.01058817
0.01060677
0.01060891
0.01057220
0.01060772
0.01062989
0.01050615
0.01066256
0.01059818
0.01054621
0.01061177
0.01056170
0.01057029
0.01060534
0.01065803
0.01064587
0.01058817
0.01055479
0.01047945
0.01068568
0.01065302
0.01057363
0.01062012
0.01070714
0.01059890
0.01061678
0.01059961
0.01053786
0.01060343
0.01055670
0.01059365
0.01068735
0.01057100
0.01044989
0.01066113
0.01051903
0.01061416
0.01054835
0.01060319
0.01056385
0.01064801
0.01052618
0.01060700
0.01068854
0.01056123
0.01060104
0.01056409
0.01064777
0.01045966
0.01059151
0.01058125
0.01058674
0.01062727
0.01046538
0.01061463
0.01064038
0.01054168
0.01050210
0.01058769
0.01064014
0.01054025
0.01057792
0.01061797
0.01068044
0.01070976
0.01057386
0.01071739
0.01067090
0.01056981
0.01058030
0.01067090
0.01065874
0.01061559
0.01059008
0.01065493
0.01065111
0.01058769
0.01055527
0.01063466
0.01068234
0.01056981
0.01056671
0.01056719
0.01071191
0.01049542
0.01053405
0.01071644
0.01067352
0.01056337
0.01058674
0.01064110
0.01065445
0.01054430
0.01058984
0.01061583
0.01060367
0.01064086
0.01056027
0.01070642
0.01067257
0.01070738
0.01049924
0.01067233
0.01066303
0.01058078
0.01066828
0.01068544
0.01069474
0.01050997
0.01063061
0.01064229
0.01062942
0.01067638
0.01055551
0.01065159
0.01066351
0.01063609
0.01063848
0.01065397
0.01065707
0.01054406
0.01052547
0.01063991
0.01062369
0.01059031
0.01063895
0.01067185
0.01061630
0.01068211
0.01058221
0.01061535
0.01065254
0.01050544
0.01057959
0.01068115
0.01063466
0.01056814
0.01053500
0.01062584
0.01068902
0.01056218
0.01062489
0.01062870
0.01068997
0.01054597
0.01060104
0.01064730
0.01061630
0.01062489
0.01059294
0.01050329
0.01060772
0.01059794
0.01061821
0.01065159
0.01074672
0.01064038
0.01058292
0.01066852
0.01063490
0.01059198
0.01057267
0.01051784
0.01064587
0.01061130
0.01057625
0.01059604
0.01062918
0.01058364
0.01065493
0.01064086
0.01056910
0.01065683
0.01049471
0.01065207
0.01068830
0.01052141
0.01069093
0.01071262
0.01058555
0.01057315
0.01063824
0.01063275
0.01070309
0.01060414
0.01050401
0.01061153
0.01067615
0.01055479
0.01055861
0.01067233
0.01064277
0.01059508
0.01059890
0.01063013
0.01064038
0.01063752
0.01074171
0.01067519
0.01072598
0.01059151
0.01057959
0.01062059
0.01063228
0.01059246
0.01046729
0.01059604
0.01053786
0.01056004
0.01058197
0.01056123
0.01061654
0.01054978
0.01054549
0.01063013
0.01049781
0.01061392
0.01058435
0.01069474
0.01060772
0.01057649
0.01062274
0.01077414
0.01054716
0.01065373
0.01067758
0.01072836
0.01060534
0.01060987
0.01063919
0.01066780
0.01064444
0.01057529
0.01059031
0.01069188
0.01055169
0.01055479
0.01067305
0.01062751
0.01059008
0.01061988
0.01059175
0.01056838
0.01058769
0.01062393
0.01071572
0.01081705
0.01058960
0.01059628
0.01067805
0.01068592
0.01059365
0.01056433
0.01056814
0.01060343
0.01061487
0.01052523
0.01070285
0.01070666
0.01057744
0.01061773
0.01063991
0.01068020
0.01069760
0.01052284
0.01066422
0.01072669
0.01053691
0.01058578
0.01056314
0.01059675
0.01051211
0.01049423
0.01061034
0.01070762
0.01052737
0.01057267
0.01056862
0.01068306
0.01055813
0.01058793
0.01059532
0.01063156
0.01057506
0.01056552
0.01062059
0.01064324
0.01057005
0.01056671
0.01061678
0.01057410
0.01058221
0.01067472
0.01068401
0.01058602
0.01062322
0.01060152
0.01072955
0.01058745
0.01061559
0.01055050
0.01068854
0.01056647
0.01058221
0.01064181
0.01065016
0.01056027
0.01068616
0.01055813
0.01066875
0.01058149
0.01060367
0.01062083
0.01072574
0.01055431
0.01054740
0.01065707
0.01063943
0.01062465
0.01055694
0.01056647
0.01068449
0.01067734
0.01067543
0.01092863
0.01072907
0.01056743
0.01064825
0.01058650
0.01066160
0.01060319
0.01058221
0.01050377
0.01058841
0.01063228
0.01057529
0.01054978
0.01077271
0.01062799
0.01067519
0.01063919
0.01068640
0.01061201
0.01063037
0.01060319
0.01066828
0.01055026
0.01060462
0.01057529
0.01055717
0.01057839
0.01068521
0.01059604
0.01052570
0.01053071
0.01053977
0.01061368
0.01062870
0.01056933
0.01070333
0.01072025
0.01055193
0.01066971
0.01065397
0.01057649
0.01059103
0.01063681
0.01065230
0.01058435
0.01050186
0.01062822
0.01064634
0.01074052
0.01055861
0.01067257
0.01063514
0.01059532
0.01065254
0.01056290
0.01064253
0.01078367
0.01060033
0.01061773
0.01062965
0.01065707
0.01058865
0.01066494
0.01065969
0.01065779
0.01064301
0.01067996
0.01061893
0.01059413
0.01057625
0.01068091
0.01077867
0.01065755
0.01057720
0.01055789
0.01059580
0.01065660
0.01061010
0.01064348
0.01063871
0.01064277
0.01058507
0.01063776
0.01069760
0.01067328
0.01054430
0.01062322
0.01063561
0.01068115
0.01060557
0.01058960
0.01060367
0.01063395
0.01054955
0.01067400
0.01062655
0.01064610
0.01060867
0.01065063
0.01056337
0.01057386
0.01050901
0.01058745
0.01064157
0.01056051
0.01064396
0.01071787
0.01060128
0.01058841
0.01063514
0.01071382
0.01067305
0.01063275
0.01048350
0.01059413
0.01062202
0.01053929
0.01060033
0.01066756
0.01059866
0.01061440
0.01069188
0.01063204
0.01072001
0.01064348
0.01056314
0.01066446
0.01066065
0.01051426
0.01060796
0.01066637
0.01066613
0.01052976
0.01075435
0.01055574
0.01068640
0.01060319
0.01064253
0.01065135
0.01069498
0.01062918
0.01061416
0.01064610
0.01067877
0.01056623
0.01069140
0.01074767
0.01074791
0.01060700
0.01054239
0.01074433
0.01063442
0.01062822
0.01059604
0.01073694
0.01067352
0.01070523
0.01066566
0.01069164
0.01071119
0.01083708
0.01066256
0.01072264
0.01070690
0.01063371
0.01068616
0.01065326
0.01057649
0.01070404
0.01068854
0.01055980
0.01072001
0.01069641
0.01069903
0.01070023
0.01055574
0.01067924
0.01075649
0.01096749
0.01065016
0.01077318
0.01062942
0.01063418
0.01072168
0.01062083
0.01061130
0.01055431
0.01064634
0.01066232
0.01069188
0.01063609
0.01063657
0.01072121
0.01067638
0.01067996
0.01071191
0.01068950
0.01070881
0.01081300
0.01102686
0.01081443
0.01099658
0.01073122
0.01072216
0.01065159
0.01063108
0.01064324
0.01071525
0.01048851
0.01066852
0.01066160
0.01069570
0.01061869
0.01065135
0.01055837
0.01064515
0.01066470
0.01059914
0.01074266
0.01074243
0.01056099
0.01064515
0.01064968
0.01068234
0.01059437
0.01061273
0.01066685
0.01074719
0.01065230
0.01059484
0.01061893
0.01063657
0.01062894
0.01061010
0.01065636
0.01062226
0.01062775
0.01069736
0.01066732
0.01072693
0.01069379
0.01061511
0.01068258
0.01068425
0.01066661
0.01068544
0.01068473
0.01063561
0.01070857
0.01065063
0.01070571
0.01060557
0.01057220
0.01059890
0.01073813
0.01059985
0.01064825
0.01063657
0.01062727
0.01063371
0.01065898
0.01062751
0.01060987
0.01073337
0.01062751
0.01058292
0.01069403
0.01066661
0.01064348
0.01070261
0.01054692
0.01063633
0.01063633
0.01059985
0.01055312
0.01063585
0.01059532
0.01062822
0.01061654
0.01058578
0.01062632
0.01060796
0.01067948
0.01072741
0.01063967
0.01057076
0.01072931
0.01071239
0.01057553
0.01072669
0.01073503
0.01066923
0.01067495
0.01081324
0.01060343
0.01064563
0.01063538
0.01069713
0.01064539
0.01060820
0.01061773
0.01071024
0.01063991
0.01057434
0.01057839
0.01066947
0.01064229
0.01065612
0.01060224
0.01068020
0.01067472
0.01066589
0.01061273
0.01074767
0.01060367
0.01057863
0.01076841
0.01063871
0.01055980
0.01062822
0.01060033
0.01066685
0.01066613
0.01063848
0.01055074
0.01065826
0.01059175
0.01063132
0.01070118
0.01064301
0.01059651
0.01063418
0.01055241
0.01070237
0.01061678
0.01058865
0.01066875
0.01062799
0.01062989
0.01063299
0.01065183
0.01059890
0.01059651
0.01064849
0.01060510
0.01061988
0.01067042
0.01056242
0.01065731
0.01066017
0.01056600
0.01064873
0.01064014
0.01062250
0.01060486
0.01062632
0.01060653
0.01073337
0.01056457
0.01064682
0.01058316
0.01064467
0.01058078
0.01065660
0.01063132
0.01071882
0.01056123
0.01066732
0.01059508
0.01073527
0.01062608
0.01062369
0.01065969
0.01061893
0.01061559
0.01070571
0.01064587
0.01075578
0.01069999
0.01055145
0.01068616
0.01056623
0.01058269
0.01058650
0.01071072
0.01064086
0.01058555
0.01055789
0.01055264
0.01072478
0.01055026
0.01065636
0.01060963
0.01064301
0.01056647
0.01068997
0.01059747
0.01070786
0.01058602
0.01058483
0.01055956
0.01062942
0.01064730
0.01066947
0.01061726
0.01072478
0.01060057
0.01063609
0.01064968
0.01062441
0.01070237
0.01059008
0.01060343
0.01076221
0.01057506
0.01065874
0.01060367
0.01064849
0.01057410
0.01076841
0.01072073
0.01060653
0.01058316
0.01057482
0.01065183
0.01074791
0.01057410
0.01078439
0.01068902
0.01062036
0.01054931
0.01059842
0.01052713
0.01066375
0.01061130
0.01070571
0.01061368
0.01070189
0.01064563
0.01052499
0.01064920
0.01064754
0.01065779
0.01069283
0.01059675
0.01074719
0.01058650
0.01063585
0.01067162
0.01070547
0.01062059
0.01064253
0.01063681
0.01066041
0.01063490
0.01063180
0.01062489
0.01066351
0.01059270
0.01063275
0.01062989
0.01068521
0.01061368
0.01061320
0.01063681
0.01856494
0.01090789
0.01068616
0.01069140
0.01069832
0.01074600
0.01068330
0.01067424
0.01068497
0.01072502
0.01060462
0.01067519
0.01073289
0.01067901
0.01065207
0.01064873
0.01063585
0.01078582
0.01064777
0.01058149
0.01065350
0.01072526
0.01067686
0.01063943
0.01066804
0.01073647
0.01063085
0.01059484
0.01063776
0.01070213
0.01067996
0.01061916
0.01072574
0.01063156
0.01072049
0.01066589
0.01062369
0.01069045
0.01076770
0.01051855
0.01055956
0.01061487
0.01073575
0.01049471
0.01073742
0.01079464
0.01071978
0.01062822
0.01070452
0.01067472
0.01071763
0.01053071
0.01064658
0.01072001
0.01061702
0.01060581
0.01067448
0.01062322
0.01056457
0.01057649
0.01059508
0.01068974
0.01065087
0.01059508
0.01057720
0.01066303
0.01066303
0.01050758
0.01062965
0.01068449
0.01078987
0.01051664
0.01063609
0.01070738
0.01069236
0.01059961
0.01067877
0.01070237
0.01064157
0.01063037
0.01061344
0.01064801
0.01069331
0.01057720
0.01062584
0.01066637
0.01069045
0.01051521
0.01064825
0.01057792
0.01065063
0.01065421
