0.00752878
0.01094127
0.01073742
0.01078868
0.01092863
0.01059079
0.01055527
0.01050234
0.01063204
0.01068187
0.01062131
0.01071429
0.01058888
0.01061010
0.01063776
0.01057339
0.01058722
0.01057911
0.01048207
0.01064801
0.01054597
0.01064587
0.01059437
0.01059604
0.01054192
0.01057911
0.01066399
0.01059008
0.01055241
0.01058817
0.01056337
0.01061034
0.01057148
0.01069069
0.01053953
0.01062775
0.01052237
0.01127219
0.01079273
0.01060033
0.01064181
0.01054239
0.01059103
0.01057029
0.01071024
0.01061296
0.01068783
0.01065683
0.01061559
0.01060152
0.01063728
0.01058292
0.01050949
0.01066566
0.01048803
0.01067972
0.01055169
0.01065397
0.01058960
0.01060176
0.01059365
0.01057220
0.01064229
0.01054931
0.01066637
0.01056433
0.01057053
0.01054120
0.01066542
0.01069760
0.01049566
0.01061964
0.01056981
0.01126957
0.01120567
0.01063228
0.01060319
0.01066470
0.01056790
0.01062560
0.01068449
0.01063466
0.01056743
0.01059341
0.01059651
0.01062846
0.01065850
0.01052642
0.01065636
0.01051784
0.01055765
0.01063633
0.01057863
0.01062155
0.01056933
0.01064968
0.01048660
0.01056409
0.01064587
0.01044393
0.01061678
0.01060677
0.01065755
0.01058030
0.01055050
0.01052022
0.01052618
0.01060915
0.01057434
0.01099467
0.01114583
0.01064348
0.01058674
0.01065874
0.01056218
0.01060557
0.01063013
0.01051760
0.01052523
0.01060843
0.01067352
0.01057124
0.01059604
0.01053166
0.01055360
0.01067352
0.01049352
0.01065445
0.01053905
0.01056170
0.01057935
0.01072168
0.01061440
0.01055694
0.01056981
0.01054430
0.01061773
0.01058698
0.01069617
0.01073790
0.01069808
0.01060677
0.01065159
0.01069593
0.01055574
0.01059365
0.01156735
0.01071453
0.01072383
0.01120448
0.01055884
0.01065397
0.01056170
0.01065302
0.01066875
0.01072764
0.01064801
0.01056576
0.01070261
0.01064062
0.01057911
0.01063728
0.01056552
0.01054764
0.01061010
0.01057720
0.01069880
0.01056814
0.01064539
0.01045704
0.01074839
0.01068306
0.01062036
0.01066279
0.01054454
0.01063561
0.01059604
0.01060748
0.01066422
0.01059365
0.01064825
0.01054263
0.01144910
0.01088476
0.01081133
0.01087666
0.01067638
0.01064634
0.01062679
0.01063299
0.01072168
0.01070356
0.01058006
0.01065469
0.01061511
0.01064515
0.01070476
0.01052618
0.01057339
0.01059341
0.01057673
0.01063466
0.01055360
0.01071405
0.01049113
0.01045609
0.01061392
0.01056027
0.01070118
0.01057029
0.01057720
0.01060510
0.01057673
0.01064563
0.01065230
0.01067686
0.01054454
0.01068807
0.01125479
0.01075768
0.01067996
0.01071978
0.01062179
0.01057124
0.01059484
0.01061583
0.01071572
0.01064157
0.01064396
0.01060510
0.01069736
0.01068616
0.01078677
0.01058054
0.01048446
0.01058698
0.01059842
0.01061511
0.01054239
0.01060534
0.01050377
0.01059461
0.01063776
0.01057935
0.01060891
0.01056409
0.01061010
0.01057887
0.01060605
0.01063395
0.01049995
0.01064992
0.01057029
0.01071310
0.01060724
0.01111269
0.01056099
0.01060891
0.01058912
0.01055241
0.01065993
0.01056409
0.01058507
0.01053190
0.01057673
0.01064444
0.01060605
0.01065588
0.01058483
0.01066303
0.01062202
0.01049685
0.01062417
0.01049209
0.01061964
0.01091409
0.01062894
0.01059866
0.01063848
0.01053286
0.01053548
0.01064110
0.01051497
0.01061845
0.01058865
0.01051450
0.01061988
0.01063132
0.01070333
0.01053262
0.01060700
0.01136994
0.01069498
0.01060128
0.01075315
0.01054502
0.01057816
0.01057196
0.01058507
0.01062322
0.01051331
0.01069617
0.01054692
0.01048732
0.01063991
0.01064062
0.01063156
0.01051521
0.01068377
0.01055717
0.01057243
0.01070118
0.01050115
0.01053357
0.01052952
0.01060462
0.01057196
0.01059222
0.01055765
0.01056838
0.01058412
0.01056504
0.01065469
0.01059413
0.01062346
0.01052189
0.01054287
0.01111007
0.01093459
0.01071620
0.01062012
0.01065373
0.01063824
0.01065946
0.01066518
0.01070237
0.01059294
0.01067805
0.01065207
0.01062226
0.01061082
0.01069617
0.01059556
0.01066804
0.01059055
0.01068664
0.01059079
0.01058745
0.01052833
0.01055169
0.01060629
0.01053524
0.01065373
0.01059794
0.01065731
0.01086473
0.01076698
