0.00412846
0.01090455
0.01170015
0.01110196
0.01094770
0.01058364
0.01051807
0.01052976
0.01042271
0.01042604
0.01050377
0.01056409
0.01051688
0.01052713
0.01056194
0.01053858
0.01055408
0.01047564
0.01056170
0.01052117
0.01059532
0.01050258
0.01053524
0.01053739
0.01054788
0.01041770
0.01057577
0.01059461
0.01049662
0.01047468
0.01116896
0.01107717
0.01050997
0.01047730
0.01047444
0.01050329
0.01056385
0.01045704
0.01049280
0.01052380
0.01052117
0.01046753
0.01052594
0.01046562
0.01043725
0.01042581
0.01046562
0.01052952
0.01051426
0.01047873
0.01047993
0.01043129
0.01046586
0.01065040
0.01055837
0.01044512
0.01035500
0.01051211
0.01050544
0.01039004
0.01045895
0.01045108
0.01050115
0.01035881
0.01042771
0.01052475
0.01045418
0.01044226
0.01079535
0.01050544
0.01044059
0.01045895
0.01040220
0.01043820
0.01041436
0.01037240
0.01142955
0.01090193
0.01046157
0.01076865
0.01049185
0.01046538
0.01042366
0.01043129
0.01042318
0.01041412
0.01039863
0.01038146
0.01047254
0.01046443
0.01038361
0.01040840
0.01051474
0.01034904
0.01046991
0.01038957
0.01041389
0.01034927
0.01039314
0.01043081
0.01036692
0.01037979
0.01043320
0.01034880
0.01035094
0.01044703
0.01045418
0.01032329
0.01041842
0.01041436
0.01029348
0.01031637
0.01044297
0.01032853
0.01040006
0.01034307
0.01039767
0.01034641
0.01034570
0.01039624
0.01033998
0.01041102
0.01128721
0.01084828
0.01031089
0.01038909
0.01035881
0.01035023
0.01032615
0.01046062
0.01033139
0.01033902
0.01038599
0.01036525
0.01034737
0.01038575
0.01036453
0.01032710
0.01029992
0.01035905
0.01047492
0.01035929
0.01040506
0.01032066
0.01037955
0.01041651
0.01038003
0.01038480
0.01038814
0.01039577
0.01041603
0.01043129
0.01043987
0.01038098
0.01044250
0.01032710
0.01047039
0.01048636
0.01039886
0.01044273
0.01041889
0.01028991
0.01040173
0.01043534
0.01036835
0.01035905
0.01044750
0.01041341
0.01117611
0.01079941
0.01039028
0.01046133
0.01053023
0.01036549
0.01041412
0.01046324
0.01037979
0.01044893
0.01044869
0.01056671
0.01047969
0.01042700
0.01045775
0.01039481
0.01036620
0.01050711
0.01045799
0.01036429
0.01037478
0.01051140
0.01033688
0.01039958
0.01045632
0.01038527
0.01038933
0.01042056
0.01046705
0.01040983
0.01043153
0.01037574
0.01041102
0.01035666
0.01038384
0.01040363
0.01034141
0.01048088
0.01039505
0.01036930
0.01035118
0.01051188
0.01045465
0.01043057
0.01045990
0.01039243
0.01113439
0.01070094
0.01042771
0.01041150
0.01036453
0.01035023
0.01044345
0.01043510
0.01032829
0.01045275
0.01042342
0.01044226
0.01042652
0.01044440
0.01045799
0.01041675
0.01044393
0.01040077
0.01035523
0.01039839
0.01044726
0.01045203
0.01038933
0.01044369
0.01038432
0.01035714
0.01034427
0.01043057
0.01039386
0.01034927
0.01040673
0.01039934
0.01038241
0.01038909
0.01032734
0.01028347
0.01036930
0.01038289
0.01043177
0.01040292
0.01046228
0.01046467
0.01035619
0.01044846
0.01041412
0.01037002
0.01105213
0.01085877
0.01043749
0.01053047
0.01028657
0.01040077
0.01046228
0.01035094
0.01035929
0.01044869
0.01039195
0.01036549
0.01049900
0.01042628
0.01037574
0.01040697
0.01041389
0.01033950
0.01032043
0.01036930
0.01038861
0.01037431
0.01034760
0.01045823
0.01036525
0.01040840
0.01038361
0.01029778
0.01031232
0.01043844
0.01037288
0.01036429
0.01051188
0.01037383
0.01034284
0.01040673
0.01038909
0.01035905
0.01040125
0.01037240
0.01038885
0.01032114
0.01035476
0.01042747
0.01033688
0.01040030
0.01088309
0.01099205
0.01044035
0.01034451
0.01036167
0.01040387
0.01067638
0.01040268
0.01044607
0.01035047
0.01035953
0.01040626
0.01037812
0.01036143
0.01034474
0.01047969
0.01035714
0.01036429
0.01042581
0.01034594
0.01044154
0.01038098
0.01040173
0.01032043
0.01035738
0.01039815
0.01033425
0.01032662
0.01036811
0.01030660
0.01034760
0.01034975
0.01036596
0.01025152
0.01040792
0.01042581
0.01030755
0.01038885
0.01032829
0.01032066
0.01032829
0.01037621
0.01033545
0.01034474
0.01032233
0.01032472
0.01035857
0.01059675
0.01049757
0.01033378
0.01037312
0.01038837
0.01031494
0.01029682
0.01040411
0.01035428
0.01028013
0.01040840
0.01042247
0.01036167
0.01036620
0.01034546
0.01018882
0.01039791
0.01034975
0.01034737
0.01037312
0.01031852
0.01033902
0.01032948
0.01034594
0.01034546
0.01024842
0.01039529
0.01038194
0.01031446
0.01038361
0.01031494
0.01026464
0.01036429
0.01034904
0.01028681
0.01031709
0.01038933
0.01032281
0.01032543
0.01033878
0.01039171
0.01027346
0.01027632
0.01038957
0.01027346
0.01035976
0.01116729
0.01079273
0.01034617
0.01030278
0.01034975
0.01030493
0.01030445
0.01034212
0.01031423
0.01033235
0.01024961
0.01034832
0.01054049
0.01021194
0.01036763
0.01027894
0.01030469
0.01031828
0.01031423
0.01033950
0.01032329
0.01030231
0.01031923
0.01032829
0.01031804
0.01031280
0.01036119
0.01035094
0.01023650
0.01035261
0.01034498
0.01026201
0.01028013
0.01036978
0.01031375
0.01033044
0.01033378
0.01031709
0.01028061
0.01028252
0.01026440
0.01026320
0.01034451
0.01037002
0.01026535
0.01032948
0.01087356
0.01081395
0.01030612
0.01037407
0.01041937
0.01033735
0.01031780
0.01033401
0.01031876
0.01037431
0.01034880
0.01033831
0.01033330
0.01038051
0.01051545
0.01026702
0.01033354
0.01038122
0.01032662
0.01030517
0.01031613
0.01030016
0.01034284
0.01032519
0.01025796
0.01029468
0.01038861
0.01031399
0.01032233
0.01033282
0.01035047
0.01038766
0.01034498
0.01030731
0.01034164
0.01030064
0.01034546
0.01033115
0.01026106
0.01034451
0.01043057
0.01031733
0.01040339
0.01034045
0.01029897
0.01038909
0.01039338
0.01061225
0.01040268
0.01034760
0.01033473
0.01024675
0.01027441
0.01032209
0.01020432
0.01023293
0.01029968
0.01018906
0.01025486
0.01037335
0.01024866
0.01030087
0.01038504
0.01021647
0.01029325
0.01039219
0.01029491
0.01032114
0.01036644
0.01025724
0.01024938
0.01031303
0.01017499
0.01021600
0.01032257
0.01025486
0.01021504
0.01029706
0.01025319
0.01026058
0.01027346
0.01027894
0.01032114
0.01027441
0.01029015
0.01034927
0.01031613
0.01028800
0.01025987
0.01024342
0.01024580
0.01020646
0.01029658
0.01066113
0.01058698
0.01038146
0.01035500
0.01034379
0.01029801
0.01029181
0.01015878
0.01030827
0.01035118
0.01029515
0.01039648
0.01029468
0.01041794
0.01028037
0.01031303
0.01036334
0.01027966
0.01032996
0.01030731
0.01031590
0.01033664
0.01040077
0.01019979
0.01035476
0.01026559
0.01029444
0.01025963
0.01031995
0.01024342
0.01029992
0.01035666
0.01026249
0.01026225
0.01031065
0.01027322
0.01024270
0.01032305
0.01043582
0.01031351
0.01030827
0.01036906
0.01028419
0.01030517
0.01031089
0.01023388
0.01021838
0.01108217
0.01073647
0.01035285
0.01035666
0.01029682
0.01027822
0.01026487
0.01028275
0.01028085
0.01027203
0.01032186
0.01022696
0.01028609
0.01020145
0.01026535
0.01030135
0.01030517
0.01030970
0.01023102
0.01023436
0.01034379
0.01021862
0.01018286
0.01040196
0.01025176
0.01028347
0.01042390
0.01024890
0.01032591
0.01035643
0.01017332
0.01028705
0.01030469
0.01024580
0.01019931
0.01034999
0.01023173
0.01035929
0.01029921
0.01023483
0.01025128
0.01030493
0.01019597
0.01026917
0.01029515
0.01031446
0.01033497
0.01065159
0.01044989
0.01021338
0.01028037
0.01030159
0.01023126
0.01021266
0.01032305
0.01023960
0.01030922
0.01033688
0.01023912
0.01033545
0.01032114
0.01028919
0.01026630
0.01032424
0.01015615
0.01026678
0.01032448
0.01031876
0.01032138
0.01030350
0.01030993
0.01018834
0.01020241
0.01035142
0.01027060
0.01027799
0.01028514
0.01025677
0.01025987
0.01027417
0.01019049
0.01026773
0.01028752
0.01023388
0.01032329
0.01028252
0.01031756
0.01029015
0.01036191
0.01027155
0.01032233
0.01032400
0.01033831
0.01080203
0.01070380
0.01031947
0.01031828
0.01027727
0.01029921
0.01044059
0.01028991
0.01026893
0.01040673
0.01026821
0.01065278
0.01025653
0.01018000
0.01020265
0.01030779
0.01025796
0.01023173
0.01027632
0.01028800
0.01024032
0.01026392
0.01038122
0.01016021
0.01026273
0.01039410
0.01024652
0.01031423
0.01034307
0.01029086
0.01024127
0.01029325
0.01023960
0.01030540
0.01026201
0.01020265
0.01028419
0.01035070
0.01028657
0.01022696
0.01032472
0.01018643
0.01029253
0.01028275
0.01026988
0.01023960
0.01035047
0.01077271
0.01034522
0.01025105
0.01039052
0.01027417
0.01024652
0.01028275
0.01029873
0.01020908
0.01028919
0.01030302
0.01029277
0.01035166
0.01038170
0.01027274
0.01030803
0.01038504
0.01016068
0.01038432
0.01029968
0.01027155
0.01023436
0.01029825
0.01026726
0.01033401
0.01031089
0.01022959
0.01030302
0.01030755
0.01038027
0.01026297
0.01024342
0.01038432
0.01023197
0.01026583
0.01029491
0.01028609
0.01037717
0.01033449
0.01027322
0.01022339
0.01027536
0.01021671
0.01015472
0.01031232
0.01021123
0.01086354
0.01078844
0.01033497
0.01024723
0.01021361
0.01027656
0.01029229
0.01023722
0.01027918
0.01036668
0.01023984
0.01027155
0.01031899
0.01023030
0.01030874
0.01037002
0.01023507
0.01039815
0.01031065
0.01022410
0.01031494
0.01042652
0.01029944
0.01034451
0.01030850
0.01022434
0.01030827
0.01026177
0.01020622
0.01023102
0.01033926
0.01031184
0.01026869
0.01033258
0.01036549
0.01022768
0.01034379
0.01033211
0.01025891
0.01031327
0.01036739
0.01023149
0.01023650
0.01032758
0.01022506
0.01035094
0.01037025
0.01055288
0.01042438
0.01027989
0.01030254
0.01031566
0.01017523
0.01033568
0.01026201
0.01022029
0.01036453
0.01024580
0.01030207
0.01034212
0.01031184
0.01035929
0.01037359
0.01057148
0.01030493
0.01037240
0.01036596
0.01026130
0.01031780
0.01037812
0.01027393
0.01029634
0.01032472
0.01024008
0.01031637
0.01032448
0.01025748
0.01024914
0.01034641
0.01029134
0.01026988
0.01033282
0.01030397
0.01024914
0.01032805
0.01032066
0.01023841
0.01030493
0.01041365
0.01021743
0.01027751
0.01042962
0.01027417
0.01094174
0.01081395
0.01034808
0.01028824
0.01031709
0.01028657
0.01048350
0.01028585
0.01032424
0.01025081
0.01023579
0.01030016
0.01054144
0.01025319
0.01029968
0.01032138
0.01019645
0.01033092
0.01037574
0.01029181
0.01031017
0.01033092
0.01027870
0.01033878
0.01034617
0.01021504
0.01023340
0.01032853
0.01018929
0.01032567
0.01054072
0.01039481
0.01030993
0.01034427
0.01040983
0.01031327
0.01026821
0.01039696
0.01036310
0.01031709
0.01032853
0.01035261
0.01037574
0.01042747
0.01036334
0.01037812
0.01053858
0.01065874
0.01032948
0.01032662
0.01031685
0.01036692
0.01029301
0.01032901
0.01038551
0.01027369
0.01027727
0.01041198
0.01041198
0.01040459
0.01045632
0.01025915
0.01033926
0.01028228
0.01022744
0.01037788
0.01027226
0.01032615
0.01028490
0.01030946
0.01038265
0.01029205
0.01025438
0.01034975
0.01027894
0.01029706
0.01035857
0.01030993
0.01032448
0.01039648
0.01039791
0.01031923
0.01032662
0.01032853
0.01033092
0.01035309
0.01028323
0.01028776
0.01032066
0.01040220
0.01032996
0.01030231
0.01030278
0.01100421
0.01058173
0.01031780
0.01043463
0.01031137
0.01026201
0.01034784
0.01038361
0.01027822
0.01034188
0.01028395
0.01023364
0.01034069
0.01038718
0.01034951
0.01032305
0.01045775
0.01029491
0.01034117
0.01032734
0.01036620
0.01058531
0.01040077
0.01029468
0.01031709
0.01033735
0.01035547
0.01029539
0.01027346
0.01034927
0.01025176
0.01035857
0.01034570
0.01026011
0.01038289
0.01037407
0.01028895
0.01036501
0.01028991
0.01029897
0.01029062
0.01038384
0.01029062
0.01025558
0.01032639
0.01035833
0.01036978
0.01058793
0.01056480
0.01027822
0.01069379
0.01040459
0.01036191
0.01031208
0.01032615
0.01042795
0.01033545
0.01032996
0.01042795
0.01033163
0.01038170
0.01037264
0.01032567
