0.00420117
0.01093149
0.01185298
0.01086712
0.01091003
0.01054049
0.01032043
0.01041365
0.01049423
0.01049304
0.01057744
0.01042986
0.01049948
0.01055694
0.01054573
0.01053596
0.01057553
0.01045465
0.01054525
0.01056910
0.01053905
0.01059318
0.01063490
0.01043439
0.01052785
0.01056337
0.01060843
0.01045179
0.01049018
0.01057243
0.01053953
0.01055908
0.01046324
0.01042652
0.01051188
0.01055717
0.01053882
0.01055837
0.01046705
0.01048517
0.01052570
0.01143885
0.01091695
0.01069355
0.01066947
0.01045442
0.01052976
0.01055479
0.01049161
0.01047277
0.01057720
0.01039124
0.01047039
0.01059031
0.01057935
0.01051497
0.01057625
0.01109576
0.01049232
0.01052022
0.01052594
0.01054502
0.01053476
0.01049995
0.01054406
0.01044846
0.01053810
0.01048565
0.01042962
0.01037145
0.01046777
0.01074338
0.01050305
0.01037240
0.01045895
0.01049256
0.01037455
0.01045322
0.01045489
0.01037955
0.01046228
0.01039791
0.01044965
0.01035452
0.01041102
0.01105952
0.01065040
0.01048446
0.01047802
0.01041818
0.01039410
0.01040554
0.01034045
0.01046824
0.01037526
0.01038313
0.01048517
0.01040792
0.01036978
0.01039410
0.01048613
0.01046586
0.01055527
0.01036191
0.01029396
0.01040244
0.01041508
0.01041770
0.01034975
0.01031470
0.01046419
0.01052928
0.01040030
0.01030993
0.01047683
0.01041198
0.01047969
0.01030064
0.01038289
0.01047087
0.01042295
0.01052308
0.01038599
0.01041889
0.01046371
0.01044512
0.01047349
