0.00653720
0.01437402
0.01422429
0.01307487
0.01300049
0.01304436
0.01307297
0.01280570
0.01284933
0.01305604
0.01299429
0.01277781
0.01303816
0.01291251
0.01298332
0.01293182
0.01294136
0.01307106
0.01307797
0.01300001
0.01289630
0.01326728
0.01307368
0.01301575
0.01294136
0.01294565
0.01300383
0.01301193
0.01302981
0.01307082
0.01312447
0.01295924
0.01291275
0.01292157
0.01290464
0.01304483
0.01287317
0.01306438
0.01293063
0.01314044
0.01305199
0.01329732
0.01294518
0.01339483
0.01292086
0.01290083
0.01302004
0.01273370
0.01302862
0.01289511
0.01306701
0.01303649
0.01294923
0.01305342
0.01290107
0.01287556
0.01288581
0.01262712
0.01303482
0.01307368
0.01304603
0.01299524
0.01286554
0.01288772
0.01295590
0.01300955
0.01315665
0.01302743
0.01323199
0.01310730
0.01305056
0.01308775
0.01318884
0.01313806
0.01292539
0.01287413
0.01305366
0.01282215
0.01302600
0.01299930
0.01292086
0.01308846
0.01294470
0.01306534
0.01282883
0.01290202
0.01345062
0.01291704
0.01277351
0.01288509
0.01300788
0.01294470
0.01306725
0.01297855
0.01291990
0.01324749
0.01292443
0.01290989
0.01279378
0.01299000
0.01305246
0.01289988
0.01293063
0.01293826
0.01298952
0.01272130
0.01313210
0.01316214
0.01290178
0.01297641
0.01292729
0.01285768
0.01291394
0.01296401
0.01303697
0.01291990
0.01317859
0.01323581
0.01288939
0.01288056
0.01296735
0.01301074
0.01301074
0.01298237
0.01286793
0.01300430
0.01304746
0.01274514
0.01310182
0.01293588
0.01265097
0.01296544
0.01302576
0.01309586
0.01302123
0.01289535
0.01301146
0.01291466
0.01300716
0.01298738
0.01292706
0.01288295
0.01299548
0.01284313
0.01274037
0.01299787
0.01284981
0.01284146
0.01305032
0.01292515
0.01300859
0.01272941
0.01301384
0.01337314
0.01284266
0.01298785
0.01330280
0.01289272
0.01294732
0.01300931
0.01290059
0.01293373
0.01322126
0.01297069
0.01284838
0.01286554
0.01281404
0.01285744
0.01292825
0.01299858
0.01312733
0.01300740
0.01280832
0.01288819
0.01284838
0.01292109
0.01286101
0.01300287
0.01286435
0.01302099
0.01290131
0.01294088
0.01298141
0.01295471
0.01288819
0.01295948
0.01299453
0.01296473
0.01288652
0.01297879
0.01290417
0.01293516
0.01293397
0.01304269
0.01286507
0.01306367
0.01299310
0.01249599
0.01288056
0.01287150
0.01295447
0.01289558
0.01306486
0.01313782
0.01303196
0.01306033
0.01310968
0.01281977
0.01300836
0.01301503
0.01296496
0.01282191
0.01293564
0.01294613
0.01291156
0.01314950
0.01305127
0.01305580
0.01294088
0.01281190
0.01304317
0.01308441
0.01310682
0.01298451
0.01295519
0.01307559
0.01308298
0.01313925
0.01327395
0.01300788
0.01285267
0.01301837
0.01301885
0.01290703
0.01295280
0.01288819
0.01300049
0.01306581
0.01298952
0.01304793
0.01323366
0.01309776
0.01312184
0.01294613
0.01288247
0.01309538
0.01289153
0.01301599
0.01292634
0.01312494
0.01270175
0.01285815
0.01301455
0.01291966
0.01291108
0.01292324
0.01282907
0.01291776
0.01310158
0.01297855
0.01285005
0.01323104
0.01289773
0.01280951
0.01299214
0.01267576
0.01294971
0.01315784
0.01285696
0.01304650
0.01312828
0.01308417
0.01287842
0.01302552
0.01289535
0.01292562
0.01296425
0.01312590
0.01291370
0.01303244
0.01299524
0.01308608
0.01331472
0.01306009
0.01302838
0.01313186
0.01302242
0.01299858
0.01322031
0.01303887
0.01310396
0.01321602
0.01316905
0.01300955
0.01336360
0.01340127
0.01305866
0.01303768
0.01308656
0.01312351
0.01320601
0.01308465
0.01325512
0.01318812
0.01317406
0.01299310
0.01298833
0.01307845
0.01314640
0.01297569
0.01292801
0.01330757
0.01313663
0.01285243
0.01301885
0.01314950
0.01298332
0.01293540
0.01294613
0.01286387
0.01293945
0.01307988
0.01288724
0.01297903
0.01342010
0.01314497
0.01316881
0.01313591
0.01319766
0.01323295
0.01312828
0.01320910
0.01288581
0.01308680
0.01305676
0.01315999
0.01325941
0.01322031
0.01309848
0.01315403
0.01322627
0.01323342
0.01307964
0.01312017
0.01311326
0.01322293
0.01317525
0.01310539
0.01330948
0.01311207
0.01306844
0.01313949
0.01322317
0.01318932
0.01303363
0.01309514
0.01309323
0.01304555
0.01311684
0.01328444
0.01320291
0.01320720
0.01302743
0.01302099
0.01315331
0.01324058
0.01315975
0.01314306
0.01309443
0.01329255
0.01311541
0.01306963
0.01327682
0.01314092
0.01313853
0.01335764
0.01294518
0.01307821
0.01320267
0.01322937
0.01307559
0.01309586
0.01307058
0.01299810
0.01315188
0.01334882
0.01328421
0.01312661
0.01284122
0.01317859
0.01318336
0.01324725
0.01320672
0.01320100
0.01326370
0.01312399
0.01329947
0.01323342
0.01321125
0.01317334
0.01315236
0.01306772
0.01318049
0.01301265
0.01303840
0.01321006
0.01326942
0.01311755
0.01303458
0.01305795
0.01324606
0.01312351
0.01323867
0.01325989
0.01314569
0.01308298
0.01310205
0.01302481
0.01327801
0.01305819
0.01323962
0.01307917
0.01315713
0.01313496
0.01303840
0.01319528
0.01328683
0.01353574
0.01311636
0.01307607
0.01304626
0.01311040
0.01324606
0.01301527
0.01329136
0.01321340
0.01312113
0.01320291
0.01315165
0.01284647
0.01309657
0.01315784
0.01313782
0.01340413
0.01308298
0.01297021
0.01332355
0.01302600
0.01295733
0.01306748
0.01309657
0.01282763
0.01320076
0.01303005
0.01303768
0.01307607
0.01322007
0.01309180
0.01292992
0.01308107
0.01299405
0.01315355
0.01294708
0.01290035
0.01298165
0.01317811
0.01322627
0.01310396
0.01319289
0.01312423
0.01327682
0.01318312
0.01319075
0.01316500
0.01314974
0.01308274
0.01307440
0.01296592
0.01306295
0.01314831
0.01321864
0.01307154
0.01319265
0.01324797
0.01302028
0.01304936
0.01294065
0.01311564
0.01330638
0.01311040
0.01325679
0.01325250
0.01312065
0.01306581
0.01326108
0.01322675
0.01312375
0.01317477
0.01320624
0.01319098
0.01321459
0.01312017
0.01303101
0.01308608
0.01318216
0.01324081
0.01310658
0.01325798
0.01320696
0.01325679
0.01325440
0.01334381
0.01318574
0.01310110
0.01322198
0.01306295
0.01322317
0.01323080
0.01329899
0.01305842
0.01334858
0.01311183
0.01335263
0.01327515
0.01320434
0.01314902
0.01277614
0.01325560
0.01323009
0.01326275
0.01318526
0.01310015
0.01304889
0.01323080
0.01313138
0.01349568
0.01295853
0.01317596
0.01304650
0.01320958
0.01308322
0.01308107
0.01314592
0.01316738
0.01316023
0.01356983
0.01315212
0.01324964
0.01326251
0.01314831
0.01303482
0.01329803
0.01303458
0.01323247
0.01343799
0.01323080
0.01308846
0.01314855
0.01327515
0.01333833
0.01332951
0.01305676
0.01346898
0.01325345
0.01311207
0.01317620
0.01327705
0.01313162
0.01317167
0.01310921
0.01324105
0.01319575
0.01326299
0.01319361
0.01332688
0.01306176
0.01300001
0.01308584
0.01329660
0.01332092
0.01314378
0.01327538
0.01318240
0.01343346
0.01323438
0.01325226
0.01299453
0.01336503
0.01328993
0.01334715
0.01320672
0.01322389
0.01313519
0.01315236
0.01315355
0.01304412
0.01307106
0.01327753
0.01314139
0.01334310
0.01316643
0.01313639
0.01330972
0.01311207
0.01326609
0.01325178
0.01328540
0.01311994
0.01326728
0.01303291
0.01305699
0.01323438
0.01323605
0.01330805
0.01324391
0.01325941
0.01303434
0.01320934
0.01313829
0.01309276
0.01321959
0.01304245
0.01363635
0.01306605
0.01328087
0.01315999
0.01316619
0.01305294
0.01315999
0.01324606
0.01329947
0.01328468
0.01333404
0.01347637
0.01322985
0.01330757
0.01321959
0.01318431
0.01332712
0.01329470
0.01324749
0.01340365
0.01340485
0.01330328
0.01325703
0.01328611
0.01330280
0.01334524
0.01339293
0.01322317
0.01314855
0.01333880
0.01328468
0.01328921
0.01328230
0.01338410
0.01336503
0.01312995
0.01339626
0.01340699
0.01341248
0.01321030
0.01288772
0.01325154
0.01319170
0.01317525
0.01342797
0.01333833
0.01331401
0.01343608
0.01331925
0.01320028
0.01325941
0.01338100
0.01318264
0.01322865
0.01336718
0.01323128
0.01321435
0.01326537
0.01326728
0.01340508
0.01328444
0.01338553
0.01329803
0.01321507
0.01330948
0.01321936
0.01334214
0.01316094
0.01318884
0.01333451
0.01318216
0.01332307
0.01325202
0.01341820
0.01337671
0.01333690
0.01337075
0.01330233
0.01344824
0.01327300
0.01324439
0.01330590
0.01332808
0.01333237
0.01324034
0.01324892
0.01320767
0.01311779
0.01316786
0.01341891
0.01326132
0.01323628
0.01347709
0.01321030
0.01344895
0.01319933
0.01351023
0.01334572
0.01334858
0.01336622
0.01330447
0.01330972
0.01327419
0.01357913
0.01329756
0.01319933
0.01318955
0.01342630
0.01301122
0.01308084
0.01320243
0.01351094
0.01330543
0.01319432
0.01318455
0.01329470
0.01321054
0.01317859
0.01329279
0.01335239
0.01329470
0.01329374
0.01317644
0.01325274
0.01328969
0.01321840
0.01335764
0.01345181
0.01315069
0.01324368
0.01334453
0.01313543
0.01341796
0.01319051
0.01328087
0.01333547
0.01319861
0.01336384
0.01310301
0.01316905
0.01322341
0.01325417
0.01317501
0.01314044
0.01331902
0.01327014
0.01333666
0.01320767
0.01330519
0.01327658
0.01325440
0.01321054
0.01321745
0.01323032
0.01326275
0.01301980
0.01299453
0.01300836
0.01309252
0.01310492
0.01324153
0.01307535
0.01282859
0.01321292
0.01303816
0.01306343
0.01301360
0.01309609
0.01352715
0.01306224
0.01319671
0.01309896
0.01310897
0.01317859
0.01325178
0.01303005
0.01303601
0.01305175
0.01311278
0.01304150
0.01313329
0.01300406
0.01301098
0.01320148
0.01317048
0.01317811
0.01305056
0.01315522
0.01309276
0.01317573
0.01305413
0.01315641
0.01316357
0.01300693
0.01318860
0.01306438
0.01349425
0.01323938
0.01309443
0.01307631
0.01323152
0.01313686
0.01305199
0.01317167
0.01315522
0.01307058
0.01311922
0.01304030
0.01314378
0.01326299
0.01284242
0.01320386
0.01301694
0.01310492
0.01347971
0.01300049
0.01299810
0.01310444
0.01300812
0.01300573
0.01319337
0.01303101
0.01309299
0.01303768
0.01322174
0.01325178
0.01318860
0.01311135
0.01296473
0.01314187
0.01285481
0.01306391
0.01308632
0.01312613
0.01320148
0.01320887
0.01311779
0.01306081
0.01313353
0.01284218
0.01313424
0.01314640
0.01312065
0.01294684
0.01307940
0.01331687
0.01317954
0.01327896
0.01299167
0.01320529
0.01314545
0.01307058
0.01317382
0.01290417
0.01311183
0.01317286
0.01307845
0.01317692
0.01306605
0.01306152
0.01300454
0.01315379
0.01318121
0.01322961
0.01304722
0.01316237
0.01303387
0.01287103
0.01317358
0.01303554
0.01315689
0.01299620
0.01302576
0.01295304
0.01321292
0.01302266
0.01301098
0.01293397
0.01293635
0.01288676
0.01299119
0.01276684
0.01297426
0.01312900
0.01307106
0.01293969
0.01306367
0.01307392
0.01285934
0.01295996
0.01285481
0.01284504
0.01272178
0.01292467
0.01305747
0.01287723
0.01307368
0.01308274
0.01313376
0.01265216
0.01300144
0.01313138
0.01293683
0.01298380
0.01307249
0.01302600
0.01315570
0.01308918
0.01316690
0.01310062
0.01299858
0.01279950
0.01294112
0.01287770
0.01289392
0.01306415
0.01273513
0.01298451
0.01283860
0.01280093
0.01269984
0.01295209
0.01294732
0.01300693
0.01291990
0.01297832
0.01299429
0.01301384
0.01300025
0.01282191
0.01290035
0.01321125
0.01291847
0.01315069
0.01289487
0.01281857
0.01299310
0.01301885
0.01301765
0.01303816
0.01300621
0.01292896
0.01316905
0.01273751
0.01292229
0.01296949
0.01281047
0.01282787
0.01289129
0.01297379
0.01277709
0.01313210
0.01288652
0.01276040
0.01297331
0.01315546
0.01293898
0.01277614
0.01299953
0.01288080
0.01286721
0.01282382
0.01297355
0.01303124
0.01285863
0.01280665
0.01294279
0.01295352
0.01283646
0.01248622
0.01288033
0.01297259
0.01303816
0.01304221
0.01304245
0.01270366
0.01290274
0.01278019
0.01299047
0.01300097
0.01296639
0.01310611
0.01306915
0.01288700
0.01302433
0.01279736
0.01305532
0.01295066
0.01308322
0.01284242
0.01287174
0.01287627
0.01297903
0.01290464
0.01327348
0.01321411
0.01303267
0.01305771
0.01282811
0.01302981
0.01287580
0.01303577
0.01302290
0.01301932
0.01297975
0.01291680
0.01293159
0.01312327
0.01303244
0.01286292
0.01286125
0.01299405
0.01307225
0.01291609
0.01300097
0.01304460
0.01303625
0.01296115
0.01268864
0.01286387
0.01288009
0.01295304
0.01291370
0.01308870
0.01317525
0.01301479
0.01302791
0.01306629
0.01308942
0.01328611
0.01323056
0.01294875
0.01292944
0.01301885
0.01305556
0.01301384
0.01306415
0.01324916
0.01309562
0.01312804
0.01327920
0.01317000
0.01321530
0.01321411
0.01305604
0.01300788
0.01322675
0.01313686
0.01314163
0.01327586
0.01316690
0.01326299
0.01332426
0.01318502
0.01333332
0.01323199
0.01312113
0.01326251
0.01324701
0.01311636
0.01316381
0.01318026
0.01319432
0.01357055
0.01322031
0.01313138
0.01330590
0.01323986
0.01322961
0.01328182
0.01311350
0.01322913
0.01321173
0.01308846
0.01325202
0.01318955
0.01339149
0.01323938
0.01337075
0.01337171
0.01320243
0.01322937
0.01316833
0.01329756
0.01323652
0.01321316
0.01303148
0.01317763
0.01341939
0.01323771
0.01341367
0.01343060
0.01321292
0.01322341
0.01331186
0.01336384
0.01323652
0.01329827
0.01327229
0.01343727
0.01305437
0.01338267
0.01321411
0.01325655
0.01323509
0.01336408
0.01327348
0.01325774
0.01375961
0.01315022
0.01338410
0.01345253
0.01323938
0.01313210
0.01332617
0.01334095
0.01333714
0.01350331
0.01344824
0.01332188
0.01339507
0.01324534
0.01340103
0.01340818
0.01338935
0.01339149
0.01356554
0.01309633
0.01343274
0.01329088
0.01336384
0.01333714
0.01327991
0.01348734
0.01353288
0.01346993
0.01349616
0.01349115
0.01353264
0.01351881
0.01348042
0.01342797
0.01374316
0.01351428
0.01359510
0.01359963
0.01351285
0.01362634
0.01356864
0.01364660
0.01378250
0.01360726
0.01365900
0.01372099
0.01382875
0.01391149
0.01377249
0.01395535
0.01385713
0.01385283
0.01397538
0.01363492
0.01366091
0.01380229
0.01367140
0.01371527
0.01372313
0.01378298
0.01388144
0.01387477
0.01371503
0.01383066
0.01386905
0.01338840
0.01369619
0.01353765
0.01354146
0.01357079
0.01360917
0.01327348
0.01367736
0.01368880
0.01352882
0.01352811
0.01367688
0.01341772
0.01370573
0.01367760
0.01398063
0.01327991
0.01367116
0.01353765
0.01367474
0.01380849
0.01345134
0.01360369
0.01378202
0.01378250
0.01381636
0.01385593
0.01384425
0.01386428
0.01366830
0.01377392
0.01374054
0.01381254
0.01354194
0.01384282
0.01388454
0.01361680
0.01371980
0.01364803
0.01362991
0.01383615
0.01373315
0.01368427
0.01380897
0.01379585
0.01373720
0.01364255
0.01381612
0.01343226
0.01373982
0.01341629
0.01354551
0.01342416
0.01350236
0.01331782
0.01333666
0.01335239
0.01350164
0.01327729
0.01329470
0.01315522
0.01330590
0.01349521
0.01334119
0.01341248
0.01330566
0.01346612
0.01345539
0.01342893
0.01323009
0.01325369
0.01330328
0.01319265
0.01329708
0.01336598
0.01344323
0.01302433
0.01322031
0.01317739
0.01331162
0.01334429
0.01339293
0.01336336
0.01336455
0.01322174
0.01322508
0.01339269
0.01327395
0.01339555
0.01345634
0.01345229
0.01341200
0.01350141
0.01322484
0.01338768
0.01322746
0.01327634
0.01329279
0.01345420
0.01326036
0.01341677
0.01353574
0.01344919
0.01325488
0.01344585
0.01331186
0.01339555
0.01337600
0.01333928
0.01348281
0.01330233
0.01331615
0.01361036
0.01335859
0.01332283
0.01312280
0.01318383
0.01338243
0.01326776
0.01345563
0.01324058
0.01328397
0.01344800
0.01331186
0.01333976
0.01329041
0.01328564
0.01330400
0.01315451
0.01325798
0.01317310
0.01331902
0.01319551
0.01319551
0.01327014
0.01336932
0.01320839
0.01307178
0.01329589
0.01327133
0.01324892
0.01318431
0.01314855
0.01325679
0.01305032
0.01315379
0.01316977
0.01327682
0.01319861
0.01325750
0.01328397
0.01301265
0.01329732
0.01314735
0.01325870
0.01310658
0.01318717
0.01334167
0.01311278
0.01330233
0.01319170
0.01323390
0.01329017
0.01321030
0.01325226
0.01315165
0.01307631
0.01321626
0.01308370
0.01325488
0.01315522
0.01307011
0.01329041
0.01328516
0.01328182
0.01297402
0.01307535
0.01322913
0.01304102
0.01321054
0.01309657
0.01342773
0.01319456
0.01302266
0.01322579
0.01304436
0.01323462
0.01320910
0.01309705
0.01314187
0.01270461
0.01310754
0.01301265
0.01326919
0.01324558
0.01307464
0.01304531
0.01309586
0.01319075
0.01312518
0.01309061
0.01286149
0.01309252
0.01298165
0.01312590
0.01295233
0.01310921
0.01275039
0.01306486
0.01305914
0.01295781
0.01310992
0.01294231
0.01326394
0.01297140
0.01303840
0.01302648
0.01303434
0.01304960
0.01320696
0.01305461
0.01303005
0.01308250
0.01292825
0.01306272
0.01295280
0.01305294
0.01286197
0.01286006
0.01281857
0.01300263
0.01298356
0.01304865
0.01306701
0.01265359
0.01282692
0.01324368
0.01299381
0.01296449
0.01289701
0.01290607
0.01315188
0.01305032
0.01301146
0.01312208
0.01306844
0.01307034
0.01307988
0.01304603
0.01316357
0.01305270
0.01304889
0.01332545
0.01335597
0.01304293
0.01321793
0.01311111
0.01312089
0.01304817
0.01325655
0.01315641
0.01315308
0.01322317
0.01313090
0.01311374
0.01310372
0.01322246
0.01337218
0.01319504
0.01311874
0.01328301
0.01313591
0.01322055
0.01322460
0.01311445
0.01307845
0.01310825
0.01328230
0.01322055
0.01292920
0.01354671
0.01310349
0.01303363
0.01330042
0.01314664
0.01342416
0.01315451
0.01311588
0.01323533
0.01315951
0.01303458
0.01320195
0.01319599
0.01328063
0.01330042
0.01310420
0.01309514
0.01311660
0.01335812
0.01306844
0.01323056
0.01325417
0.01310992
0.01321387
0.01328611
