129.000,80.000,64.000,78.000
122.020,75.254,64.000,78.000
115.041,71.624,64.000,78.000
108.061,66.320,64.000,78.000
102.198,61.015,64.000,78.000
96.335,56.269,64.000,78.000
93.822,54.873,64.000,78.000
94.102,56.827,64.000,78.000
91.589,62.132,64.000,78.000
89.635,67.437,64.000,78.000
87.122,73.299,64.000,78.000
84.051,77.487,64.000,78.000
79.305,80.558,64.000,78.000
73.442,79.721,64.000,78.000
67.579,78.325,64.000,78.000
62.274,74.137,64.000,78.000
60.320,69.391,64.000,78.000
61.716,65.761,64.000,78.000
64.228,66.041,64.000,78.000
67.858,64.645,64.000,78.000
72.604,68.833,64.000,78.000
75.675,72.462,64.000,78.000
77.629,76.091,64.000,78.000
81.259,76.371,64.000,78.000
85.447,79.442,64.000,78.000
90.193,79.721,64.000,78.000
94.939,76.091,64.000,78.000
100.244,71.345,64.000,78.000
104.990,64.924,64.000,78.000
114.761,57.944,64.000,78.000
122.858,53.198,64.000,78.000
129.838,51.802,64.000,78.000
135.701,56.548,64.000,78.000
138.772,60.178,64.000,78.000
141.843,61.574,64.000,78.000
144.355,62.970,64.000,78.000
144.635,65.482,64.000,78.000
144.914,65.203,64.000,78.000
142.959,62.690,64.000,78.000
144.914,61.294,64.000,78.000
143.518,59.340,64.000,78.000
141.563,56.269,64.000,78.000
142.959,57.107,64.000,78.000
141.563,58.503,64.000,78.000
139.407,60.247,65.416,79.726
137.980,61.103,65.416,79.726
136.554,61.959,65.416,79.726
136.268,61.103,65.416,79.726
137.124,60.817,65.416,79.726
139.122,59.961,65.416,79.726
140.549,56.251,65.416,79.726
142.546,51.971,65.416,79.726
147.397,49.403,65.416,79.726
151.107,47.976,65.416,79.726
154.817,52.827,65.416,79.726
156.244,58.820,65.416,79.726
153.675,65.383,65.416,79.726
152.249,70.805,65.416,79.726
153.105,72.803,65.416,79.726
148.254,70.805,65.416,79.726
146.256,65.383,65.416,79.726
151.107,60.532,65.416,79.726
157.031,57.806,64.021,78.026
161.751,59.984,62.656,76.362
162.683,62.116,61.320,74.733
163.079,67.296,60.012,73.140
159.152,70.699,60.012,73.140
153.483,72.740,58.732,71.580
148.103,72.484,58.732,71.580
143.049,72.507,57.480,70.053
133.270,67.742,57.480,70.053
129.291,64.864,56.254,68.559
128.064,59.220,56.254,68.559
131.745,57.011,56.254,68.559
132.482,58.729,56.254,68.559
130.764,60.447,56.254,68.559
133.019,64.253,55.054,67.097
131.523,66.589,53.880,65.667
132.228,68.704,53.880,65.667
128.702,67.999,53.880,65.667
126.117,70.114,53.880,65.667
123.532,66.589,53.880,65.667
127.057,64.003,53.880,65.667
130.583,60.948,53.880,65.667
133.638,60.243,53.880,65.667
143.275,64.238,53.880,65.667
147.741,67.764,53.880,65.667
152.677,67.529,53.880,65.667
161.373,65.414,53.880,65.667
165.369,63.298,53.880,65.667
168.895,61.183,53.880,65.667
171.508,59.844,52.731,64.266
173.118,59.154,52.731,64.266
171.048,55.243,52.731,64.266
174.493,53.046,51.607,62.896
173.958,50.896,50.506,61.554
172.416,49.795,50.506,61.554
173.517,51.777,50.506,61.554
176.392,57.743,49.429,60.242
173.801,64.828,48.375,58.957
170.636,69.682,48.375,58.957
166.626,72.847,48.375,58.957
160.929,72.214,48.375,58.957
155.953,70.198,47.343,57.700
156.159,66.274,47.343,57.700
160.496,60.285,47.343,57.700
162.768,58.426,47.343,57.700
164.627,61.111,47.343,57.700
164.420,64.622,47.343,57.700
165.920,68.621,46.334,56.469
167.740,71.653,46.334,56.469
166.325,71.047,46.334,56.469
168.952,74.887,46.334,56.469
169.963,76.706,46.334,56.469
171.782,75.696,46.334,56.469
174.809,73.765,45.346,55.265
173.195,71.113,44.379,54.087
175.712,69.758,44.379,54.087
179.390,73.049,44.379,54.087
178.184,77.171,43.432,52.933
176.478,80.771,43.432,52.933
173.837,84.075,42.506,51.804
169.572,84.631,42.506,51.804
167.162,83.333,42.506,51.804
165.122,81.664,42.506,51.804
162.895,79.536,41.600,50.700
159.447,77.902,41.600,50.700
155.517,76.169,40.713,49.618
152.853,74.571,40.713,49.618
149.834,68.710,40.713,49.618
147.881,62.139,40.713,49.618
145.927,60.895,40.713,49.618
143.618,64.270,40.713,49.618
145.217,66.934,40.713,49.618
144.329,69.598,40.713,49.618
142.020,72.972,40.713,49.618
139.711,75.636,40.713,49.618
139.888,76.880,40.713,49.618
137.580,77.057,40.713,49.618
140.954,76.524,40.713,49.618
147.170,76.702,40.713,49.618
153.169,75.232,41.613,50.716
160.248,74.324,41.613,50.716
163.698,74.143,41.613,50.716
166.439,72.263,42.534,51.838
168.086,70.342,43.475,52.985
168.276,68.256,43.475,52.985
168.778,65.505,44.437,54.158
172.462,62.985,44.437,54.158
170.329,63.955,44.437,54.158
169.360,64.536,44.437,54.158
164.514,61.241,44.437,54.158
159.280,61.435,44.437,54.158
161.800,62.404,44.437,54.158
161.218,65.312,44.437,54.158
162.575,68.219,44.437,54.158
160.443,71.127,44.437,54.158
157.923,73.259,44.437,54.158
162.382,74.616,44.437,54.158
164.126,74.810,44.437,54.158
166.655,76.695,43.489,53.003
167.983,78.782,43.489,53.003
169.361,77.702,42.562,51.872
167.690,77.887,42.562,51.872
167.876,78.444,42.562,51.872
165.834,77.145,42.562,51.872
163.791,77.330,42.562,51.872
160.635,76.402,42.562,51.872
158.221,75.474,42.562,51.872
156.179,76.031,42.562,51.872
152.651,75.474,42.562,51.872
148.009,74.545,42.562,51.872
145.596,76.588,42.562,51.872
143.182,75.288,42.562,51.872
140.768,74.731,42.562,51.872
137.983,73.803,42.562,51.872
137.426,72.874,42.562,51.872
139.469,71.575,42.562,51.872
141.140,69.904,42.562,51.872
142.788,67.596,43.504,53.020
143.357,68.166,43.504,53.020
145.824,66.458,43.504,53.020
146.773,68.545,43.504,53.020
145.445,69.494,43.504,53.020
142.598,68.166,43.504,53.020
143.547,68.735,43.504,53.020
143.737,68.166,43.504,53.020
145.445,67.596,43.504,53.020
146.014,66.647,43.504,53.020
148.124,66.664,42.576,51.889
146.824,64.621,42.576,51.889
149.981,64.064,42.576,51.889
152.024,62.021,42.576,51.889
154.067,62.206,42.576,51.889
147.195,59.421,42.576,51.889
145.895,58.492,42.576,51.889
144.224,60.535,42.576,51.889
140.324,61.092,42.576,51.889
138.652,63.507,42.576,51.889
135.495,62.578,42.576,51.889
137.909,63.507,42.576,51.889
137.352,61.835,42.576,51.889
142.738,60.163,42.576,51.889
145.152,56.263,42.576,51.889
149.053,54.220,42.576,51.889
154.067,53.663,42.576,51.889
158.339,56.449,42.576,51.889
160.754,57.749,42.576,51.889
164.283,59.421,42.576,51.889
167.068,57.378,42.576,51.889
166.511,53.106,42.576,51.889
168.554,49.948,42.576,51.889
171.340,48.277,42.576,51.889
174.498,47.348,42.576,51.889
172.083,50.506,42.576,51.889
171.154,56.635,42.576,51.889
167.997,61.278,42.576,51.889
160.382,64.435,42.576,51.889
153.510,67.593,42.576,51.889
148.496,68.893,42.576,51.889
140.138,66.850,42.576,51.889
138.466,66.664,42.576,51.889
135.680,64.621,42.576,51.889
133.637,60.721,42.576,51.889
136.052,60.906,42.576,51.889
138.095,62.949,42.576,51.889
140.509,63.135,42.576,51.889
144.410,64.807,42.576,51.889
147.195,67.964,42.576,51.889
149.610,71.493,42.576,51.889
153.882,75.022,42.576,51.889
156.301,76.953,43.518,53.037
159.528,74.485,43.518,53.037
161.213,66.611,44.481,54.211
161.728,63.394,45.465,55.410
162.254,61.752,46.471,56.636
163.673,63.171,46.471,56.636
165.497,65.806,46.471,56.636
163.090,65.390,47.499,57.889
163.712,63.940,47.499,57.889
160.604,61.661,47.499,57.889
157.714,57.366,48.550,59.170
157.926,52.494,48.550,59.170
156.290,48.104,49.624,60.479
152.177,43.126,49.624,60.479
149.796,44.208,49.624,60.479
145.683,48.321,49.624,60.479
140.704,52.001,49.624,60.479
138.322,51.352,49.624,60.479
138.106,52.434,49.624,60.479
137.889,52.217,49.624,60.479
135.941,53.300,49.624,60.479
133.127,53.083,49.624,60.479
131.612,52.001,49.624,60.479
133.127,49.187,49.624,60.479
135.941,51.135,49.624,60.479
137.024,53.949,49.624,60.479
138.972,57.629,49.624,60.479
139.621,63.041,49.624,60.479
137.673,66.288,49.624,60.479
139.621,69.535,49.624,60.479
136.807,68.886,49.624,60.479
139.188,63.907,49.624,60.479
141.570,55.032,49.624,60.479
145.683,50.053,49.624,60.479
148.497,49.836,49.624,60.479
150.012,53.949,49.624,60.479
150.229,58.495,49.624,60.479
147.847,62.175,49.624,60.479
146.332,63.691,49.624,60.479
145.250,65.639,49.624,60.479
144.600,66.721,49.624,60.479
145.683,64.773,49.624,60.479
148.497,63.691,49.624,60.479
150.012,65.639,49.624,60.479
145.899,64.557,49.624,60.479
141.786,66.072,49.624,60.479
138.106,65.422,49.624,60.479
133.993,65.639,49.624,60.479
127.282,65.422,49.624,60.479
122.303,63.041,49.624,60.479
117.757,62.825,49.624,60.479
114.077,61.309,49.624,60.479
117.324,61.093,49.624,60.479
118.840,58.712,49.624,60.479
120.788,55.465,49.624,60.479
124.468,54.815,49.624,60.479
127.715,58.495,49.624,60.479
130.529,63.907,49.624,60.479
133.776,68.453,49.624,60.479
139.621,70.401,49.624,60.479
146.765,68.020,49.624,60.479
151.676,64.283,48.566,59.189
155.701,61.105,48.566,59.189
158.879,57.928,48.566,59.189
161.633,55.597,48.566,59.189
163.989,54.799,47.530,57.927
165.025,56.250,47.530,57.927
165.233,56.458,47.530,57.927
165.025,58.738,47.530,57.927
165.233,61.434,47.530,57.927
161.708,63.300,47.530,57.927
158.598,64.337,47.530,57.927
158.390,62.885,47.530,57.927
151.134,59.775,47.530,57.927
152.640,58.194,46.516,56.692
150.813,56.774,46.516,56.692
150.610,58.194,46.516,56.692
150.813,59.615,46.516,56.692
149.393,59.006,46.516,56.692
150.408,60.832,46.516,56.692
152.640,60.224,46.516,56.692
155.278,62.862,46.516,56.692
155.480,61.847,46.516,56.692
154.466,63.267,46.516,56.692
156.292,65.094,46.516,56.692
154.466,66.920,46.516,56.692
150.610,69.964,46.516,56.692
149.596,74.225,46.516,56.692
151.422,78.080,46.516,56.692
151.219,81.530,46.516,56.692
148.581,84.168,46.516,56.692
145.537,83.153,46.516,56.692
144.929,80.110,46.516,56.692
145.537,78.283,46.516,56.692
142.900,75.645,46.516,56.692
144.726,72.602,46.516,56.692
147.770,70.775,46.516,56.692
150.002,69.355,46.516,56.692
153.451,71.181,46.516,56.692
157.307,70.572,46.516,56.692
159.539,71.587,46.516,56.692
162.177,70.978,46.516,56.692
164.003,69.152,46.516,56.692
163.394,66.920,46.516,56.692
163.191,65.094,46.516,56.692
159.742,62.862,46.516,56.692
156.292,60.224,46.516,56.692
152.031,61.644,46.516,56.692
147.364,65.094,46.516,56.692
143.102,68.137,46.516,56.692
138.841,69.964,46.516,56.692
134.986,71.790,46.516,56.692
130.724,73.210,46.516,56.692
126.463,73.413,46.516,56.692
124.231,72.805,46.516,56.692
120.781,70.167,46.516,56.692
121.796,66.311,46.516,56.692
124.028,64.485,46.516,56.692
126.260,65.905,46.516,56.692
128.492,68.949,46.516,56.692
131.536,72.805,46.516,56.692
136.609,77.066,46.516,56.692
141.276,80.921,46.516,56.692
148.618,82.113,45.524,55.483
151.596,81.120,45.524,55.483
158.944,78.935,45.524,55.483
166.689,77.148,45.524,55.483
170.429,78.696,44.554,54.300
174.122,80.446,44.554,54.300
177.037,84.527,44.554,54.300
176.843,87.442,44.554,54.300
173.927,89.192,44.554,54.300
170.623,88.220,44.554,54.300
167.164,86.738,43.604,53.142
164.311,84.646,43.604,53.142
161.838,83.695,43.604,53.142
158.605,83.505,43.604,53.142
156.893,82.554,43.604,53.142
157.464,81.983,43.604,53.142
156.132,81.793,43.604,53.142
154.040,84.646,43.604,53.142
151.567,85.597,43.604,53.142
149.855,84.646,43.604,53.142
148.143,83.695,43.604,53.142
147.192,82.744,43.604,53.142
146.241,81.793,43.604,53.142
146.812,80.081,43.604,53.142
147.382,77.989,43.604,53.142
149.855,75.896,43.604,53.142
152.328,75.326,43.604,53.142
158.605,78.179,43.604,53.142
164.121,81.032,43.604,53.142
166.974,83.885,43.604,53.142
169.066,87.499,43.604,53.142
171.159,86.928,43.604,53.142
172.871,86.358,43.604,53.142
174.963,85.026,43.604,53.142
176.294,83.314,43.604,53.142
175.343,80.842,43.604,53.142
176.294,74.184,43.604,53.142
176.485,64.483,43.604,53.142
178.577,62.011,43.604,53.142
178.859,62.761,42.674,52.009
182.023,55.501,42.674,52.009
185.188,53.453,42.674,52.009
184.629,55.873,42.674,52.009
187.776,57.325,41.764,50.899
189.416,56.778,41.764,50.899
188.632,55.389,40.873,49.814
188.453,57.350,40.873,49.814
186.135,58.955,40.873,49.814
186.238,61.919,41.777,50.916
194.804,65.382,41.777,50.916
193.893,67.751,41.777,50.916
185.692,82.877,41.777,50.916
182.958,87.069,41.777,50.916
180.953,84.700,41.777,50.916
177.490,85.975,41.777,50.916
174.392,84.700,41.777,50.916
170.565,82.695,41.777,50.916
167.467,79.961,41.777,50.916
165.303,75.427,42.702,52.043
166.607,73.006,42.702,52.043
163.068,70.957,42.702,52.043
168.097,69.653,42.702,52.043
171.264,70.584,42.702,52.043
174.431,73.006,42.702,52.043
177.597,76.545,42.702,52.043
178.529,77.476,42.702,52.043
180.569,77.480,43.646,53.194
183.044,78.052,43.646,53.194
180.950,76.719,43.646,53.194
178.094,76.909,43.646,53.194
175.999,74.053,43.646,53.194
177.332,71.959,43.646,53.194
174.857,71.007,43.646,53.194
171.620,73.863,43.646,53.194
170.668,77.480,43.646,53.194
169.335,80.717,43.646,53.194
167.241,83.573,43.646,53.194
163.242,81.860,43.646,53.194
157.721,79.765,43.646,53.194
154.865,77.290,43.646,53.194
152.009,75.196,43.646,53.194
149.153,73.482,43.646,53.194
147.820,72.530,43.646,53.194
144.964,73.101,43.646,53.194
143.251,72.911,43.646,53.194
144.634,76.231,42.716,52.060
146.683,78.280,42.716,52.060
149.114,77.219,41.805,50.950
152.900,76.532,40.913,49.863
160.217,78.495,40.913,49.863
163.608,77.960,40.913,49.863
168.070,76.353,40.913,49.863
170.390,76.532,40.913,49.863
173.425,74.926,40.913,49.863
175.388,75.104,40.913,49.863
176.994,77.781,40.913,49.863
177.886,81.529,40.913,49.863
176.637,85.634,40.913,49.863
174.317,87.597,40.913,49.863
172.711,89.918,40.913,49.863
171.461,91.524,40.913,49.863
169.141,92.416,40.913,49.863
164.679,89.025,40.913,49.863
163.430,84.563,40.913,49.863
160.039,82.600,40.913,49.863
157.362,82.065,40.913,49.863
151.115,85.456,40.913,49.863
148.795,88.490,40.913,49.863
147.903,87.954,40.913,49.863
146.653,85.991,40.913,49.863
143.976,85.456,40.913,49.863
144.155,85.634,40.913,49.863
141.477,84.028,40.913,49.863
139.514,83.493,40.913,49.863
137.551,83.314,40.913,49.863
134.874,82.422,40.913,49.863
132.554,80.815,40.913,49.863
