264.000,311.000,37.000,69.000
266.269,309.556,37.000,69.000
265.238,308.112,37.000,69.000
267.094,305.018,37.000,69.000
268.125,299.036,37.000,69.000
269.569,297.592,37.000,69.000
271.013,296.561,37.000,69.000
272.045,295.530,37.000,69.000
271.013,294.498,37.000,69.000
272.457,293.880,37.000,69.000
269.776,295.323,37.000,69.000
267.507,296.767,37.000,69.000
267.713,297.386,37.000,69.000
266.682,293.880,37.000,69.000
268.125,294.911,37.000,69.000
265.031,294.292,37.000,69.000
262.350,293.261,37.000,69.000
260.081,292.229,37.000,69.000
257.812,291.611,37.000,69.000
256.761,291.489,37.819,70.527
253.598,290.014,37.819,70.527
251.279,288.116,37.819,70.527
251.517,287.555,38.655,72.087
248.630,282.509,39.511,73.682
245.326,280.967,39.511,73.682
242.903,281.187,39.511,73.682
242.237,279.230,40.385,75.312
240.281,280.684,39.524,73.706
236.976,283.107,39.524,73.706
235.874,287.294,39.524,73.706
236.535,290.599,39.524,73.706
238.868,293.721,38.681,72.134
243.229,293.035,37.856,70.596
250.616,294.935,37.856,70.596
259.268,296.834,37.856,70.596
268.419,298.197,37.049,69.091
275.235,296.338,37.049,69.091
279.159,296.958,37.049,69.091
285.562,297.164,37.049,69.091
292.526,295.711,36.258,67.617
299.601,294.296,36.258,67.617
305.059,296.924,36.258,67.617
313.346,295.913,36.258,67.617
323.669,299.557,35.485,66.175
331.780,300.941,35.485,66.175
339.100,304.305,35.485,66.175
349.584,307.489,34.729,64.764
358.725,308.366,33.988,63.383
366.575,310.320,33.263,62.031
375.688,312.948,32.554,60.708
384.581,313.129,32.554,60.708
395.598,315.701,31.860,59.414
406.381,317.875,31.180,58.147
415.593,318.049,31.180,58.147
424.806,317.875,31.180,58.147
433.671,319.439,31.180,58.147
442.189,317.875,31.180,58.147
451.054,320.482,31.180,58.147
454.905,322.275,30.515,56.907
457.690,326.325,29.864,55.693
461.852,306.180,29.864,55.693
464.016,304.682,29.864,55.693
464.849,304.182,29.864,55.693
463.309,303.048,30.525,56.925
462.442,304.360,31.201,58.185
462.616,304.186,31.201,58.185
463.534,305.528,31.891,59.472
463.001,307.483,31.891,59.472
464.245,306.239,31.891,59.472
462.645,305.705,31.891,59.472
463.534,304.816,31.891,59.472
462.645,303.572,31.891,59.472
463.534,304.461,31.891,59.472
463.356,303.928,31.891,59.472
462.823,302.683,31.891,59.472
464.423,304.639,31.891,59.472
463.178,303.750,31.891,59.472
462.645,303.216,31.891,59.472
462.112,303.039,31.891,59.472
463.050,301.827,32.597,60.788
462.878,303.229,33.318,62.133
461.949,305.272,33.318,62.133
461.021,305.086,33.318,62.133
460.074,305.748,34.055,63.508
459.884,307.836,34.055,63.508
461.213,306.887,34.055,63.508
461.033,308.351,34.808,64.913
462.057,306.626,35.578,66.349
461.046,305.686,36.366,67.817
404.484,267.286,37.170,69.317
402.684,269.423,36.378,67.839
404.103,270.843,36.378,67.839
407.032,272.934,35.602,66.393
409.516,274.982,34.843,64.977
411.947,276.985,34.100,63.591
415.792,278.213,33.372,62.235
419.555,280.849,32.661,60.908
423.589,282.727,31.964,59.609
426.618,282.192,31.964,59.609
430.717,283.439,31.964,59.609
434.102,286.112,31.964,59.609
437.132,284.865,31.964,59.609
440.392,288.420,31.283,58.338
442.311,289.990,31.283,58.338
445.166,291.453,30.615,57.094
447.631,294.200,29.963,55.876
449.077,297.533,29.324,54.685
451.202,298.677,29.324,54.685
453.655,297.860,29.324,54.685
436.163,320.256,29.324,54.685
437.307,323.035,29.324,54.685
439.759,322.871,29.324,54.685
442.211,322.054,29.324,54.685
444.336,322.871,29.324,54.685
446.135,324.670,29.324,54.685
447.933,324.506,29.324,54.685
449.979,327.138,28.698,53.518
451.099,326.978,28.698,53.518
451.579,326.498,28.698,53.518
453.339,325.698,28.698,53.518
455.098,324.258,28.698,53.518
456.175,323.441,28.086,52.377
455.052,323.998,28.708,53.536
456.493,325.119,28.708,53.536
457.293,325.279,28.708,53.536
458.370,325.387,28.095,52.394
460.029,327.002,27.496,51.277
431.806,288.100,26.910,50.183
432.598,286.144,27.505,51.294
434.592,285.684,27.505,51.294
436.674,283.367,28.114,52.429
438.151,281.974,28.736,53.589
441.516,279.891,28.736,53.589
447.443,279.090,28.736,53.589
449.951,275.672,29.372,54.774
404.267,229.707,30.022,55.986
402.760,230.878,30.022,55.986
405.606,232.050,30.022,55.986
408.116,231.883,30.022,55.986
410.292,233.724,30.022,55.986
412.802,232.887,30.022,55.986
414.978,233.054,30.022,55.986
416.819,234.226,30.022,55.986
418.325,235.062,30.022,55.986
419.832,234.226,30.022,55.986
421.003,234.393,30.022,55.986
421.171,233.556,30.022,55.986
421.338,233.054,30.022,55.986
422.844,232.887,30.022,55.986
424.016,233.054,30.022,55.986
424.183,234.226,30.022,55.986
426.024,234.728,30.022,55.986
427.531,234.560,30.022,55.986
429.372,234.058,30.022,55.986
431.547,234.226,30.022,55.986
433.388,233.724,30.022,55.986
435.564,234.560,30.022,55.986
438.409,235.397,30.022,55.986
441.255,235.230,30.022,55.986
443.765,234.728,30.022,55.986
446.276,236.234,30.022,55.986
448.786,235.062,30.022,55.986
451.631,235.565,30.022,55.986
453.807,236.067,30.022,55.986
455.983,234.560,30.022,55.986
458.493,235.732,30.022,55.986
460.265,237.781,29.381,54.792
461.684,231.892,28.755,53.624
463.126,228.846,28.755,53.624
464.569,227.083,28.755,53.624
466.884,226.573,28.142,52.480
425.310,211.355,28.142,52.480
429.546,211.512,28.142,52.480
432.213,210.728,28.142,52.480
434.176,212.951,27.541,51.361
436.786,213.718,27.541,51.361
438.782,214.486,27.541,51.361
441.000,216.957,26.954,50.266
442.953,216.807,26.954,50.266
445.808,219.061,26.954,50.266
448.363,219.211,26.954,50.266
450.617,220.564,26.954,50.266
449.851,223.282,27.550,51.378
452.365,225.754,26.963,50.282
453.957,226.435,26.388,49.210
454.947,229.370,25.825,48.161
456.531,230.954,25.825,48.161
456.387,230.810,25.825,48.161
454.803,210.510,25.825,48.161
456.459,206.840,26.397,49.226
454.840,206.105,26.397,49.226
454.413,207.622,25.834,48.176
453.981,208.630,25.834,48.176
455.040,206.753,26.405,49.242
456.953,207.194,26.405,49.242
457.689,206.164,26.405,49.242
456.634,208.215,26.989,50.332
454.618,210.312,27.587,51.445
411.710,252.346,28.197,52.584
412.769,248.209,27.596,51.462
413.845,248.671,27.596,51.462
415.230,247.286,27.596,51.462
414.461,247.748,27.596,51.462
415.845,249.748,27.596,51.462
417.845,249.902,27.596,51.462
420.461,250.363,27.596,51.462
422.230,251.230,28.206,52.601
424.904,252.017,28.206,52.601
427.262,252.803,28.206,52.601
429.306,254.218,28.206,52.601
431.980,252.803,28.206,52.601
434.653,253.904,28.206,52.601
436.697,254.375,28.206,52.601
437.798,252.331,28.206,52.601
440.156,253.432,28.206,52.601
442.515,254.533,28.206,52.601
445.392,254.942,27.605,51.479
447.701,255.096,27.605,51.479
449.701,255.557,27.605,51.479
452.010,256.019,27.605,51.479
454.529,255.826,27.016,50.381
455.253,257.380,26.440,49.307
456.874,259.296,26.440,49.307
458.790,260.623,26.440,49.307
460.486,266.347,27.025,50.398
461.281,269.385,27.623,51.513
441.004,232.228,28.234,52.653
442.162,231.155,28.859,53.817
441.036,231.316,28.859,53.817
443.127,232.121,28.859,53.817
442.001,233.890,28.859,53.817
444.736,232.764,28.859,53.817
446.827,231.316,28.859,53.817
446.023,233.408,28.859,53.817
447.471,232.603,28.859,53.817
446.667,232.121,28.859,53.817
448.114,231.316,28.859,53.817
448.275,229.868,28.859,53.817
448.436,228.420,28.859,53.817
449.562,229.225,28.859,53.817
451.332,229.386,28.859,53.817
451.171,226.973,28.859,53.817
451.332,224.881,28.859,53.817
452.780,222.146,28.859,53.817
455.515,216.193,28.859,53.817
456.288,214.441,28.243,52.670
456.131,216.173,28.243,52.670
457.798,218.708,27.641,51.547
456.692,219.256,28.252,52.687
455.590,212.799,28.252,52.687
457.322,210.436,28.252,52.687
454.330,209.649,28.252,52.687
452.912,211.066,28.252,52.687
452.125,211.539,28.252,52.687
454.487,214.531,28.252,52.687
457.165,212.484,28.252,52.687
455.747,210.121,28.252,52.687
455.275,210.594,28.252,52.687
457.007,211.066,28.252,52.687
455.905,209.019,28.252,52.687
454.840,210.643,27.650,51.563
457.152,208.639,27.650,51.563
455.765,210.335,27.650,51.563
457.152,210.797,27.650,51.563
458.848,212.185,27.650,51.563
457.769,211.106,27.650,51.563
456.663,211.655,28.262,52.704
458.396,214.018,28.262,52.704
457.293,215.121,28.262,52.704
455.183,212.413,28.887,53.870
453.411,211.930,28.887,53.870
456.047,212.659,28.271,52.722
454.629,211.556,28.271,52.722
457.513,213.789,27.668,51.597
456.742,213.018,27.668,51.597
458.672,215.204,27.078,50.497
457.313,216.864,27.078,50.497
459.203,215.802,26.501,49.420
458.759,218.018,26.501,49.420
458.330,220.966,25.936,48.366
457.631,221.063,25.382,47.335
460.037,220.356,25.382,47.335
458.261,220.179,24.841,46.325
457.569,221.979,24.841,46.325
459.569,221.272,24.311,45.337
460.247,222.763,24.311,45.337
431.920,254.613,24.311,45.337
431.788,253.659,23.793,44.371
433.192,252.215,23.286,43.424
435.399,249.748,23.286,43.424
437.087,248.839,23.286,43.424
437.736,247.931,23.286,43.424
439.423,246.762,23.286,43.424
441.890,247.152,23.286,43.424
444.356,245.464,23.286,43.424
446.563,244.296,23.286,43.424
449.289,245.205,23.286,43.424
451.756,245.594,23.286,43.424
454.741,247.022,23.286,43.424
456.948,247.931,23.286,43.424
458.895,246.503,23.286,43.424
461.020,248.342,22.789,42.498
462.164,247.199,22.789,42.498
449.332,235.892,22.789,42.498
451.848,235.026,23.293,43.439
457.172,235.416,23.293,43.439
459.380,235.026,23.293,43.439
462.257,236.616,22.796,42.512
464.163,202.683,22.796,42.512
466.323,201.540,22.796,42.512
446.371,175.995,22.796,42.512
452.344,177.139,22.796,42.512
455.013,177.520,22.796,42.512
452.928,179.811,22.310,41.606
454.101,178.447,22.804,42.526
455.202,180.003,22.318,41.619
454.840,181.766,21.842,40.732
454.475,183.836,21.842,40.732
448.995,189.803,21.842,40.732
450.822,191.873,21.842,40.732
452.892,191.020,21.842,40.732
455.936,191.629,21.842,40.732
457.762,189.803,21.842,40.732
460.076,186.759,21.842,40.732
461.659,185.663,21.842,40.732
462.268,187.976,21.842,40.732
462.152,189.926,22.325,41.633
463.584,187.787,22.819,42.554
462.694,186.133,22.819,42.554
464.093,184.988,22.819,42.554
463.457,183.080,22.819,42.554
465.365,185.243,22.819,42.554
463.925,183.320,23.324,43.496
465.095,185.530,23.324,43.496
465.242,183.296,23.840,44.458
464.046,178.378,23.840,44.458
462.850,180.637,23.840,44.458
462.185,185.821,23.840,44.458
465.898,186.423,23.331,43.510
467.849,191.496,23.331,43.510
469.800,189.284,23.331,43.510
470.971,188.114,23.331,43.510
469.339,186.948,22.834,42.582
470.739,185.548,22.834,42.582
468.830,190.258,22.834,42.582
469.466,187.330,22.834,42.582
467.811,185.675,22.834,42.582
468.423,186.497,22.347,41.674
467.800,181.888,22.347,41.674
467.426,181.016,22.347,41.674
466.305,179.396,22.347,41.674
465.184,180.766,22.347,41.674
465.558,182.386,22.347,41.674
466.928,186.497,22.347,41.674
467.052,188.366,22.347,41.674
466.430,190.484,22.347,41.674
467.052,192.103,22.347,41.674
467.177,194.221,22.347,41.674
468.736,196.227,21.870,40.785
469.590,195.373,21.870,40.785
468.005,199.884,21.870,40.785
468.614,201.469,21.870,40.785
468.249,202.567,21.870,40.785
468.858,203.908,21.870,40.785
468.249,203.786,21.870,40.785
469.102,202.932,21.870,40.785
467.469,202.861,22.354,41.688
468.590,201.241,22.354,41.688
466.472,198.873,22.354,41.688
464.353,196.754,22.354,41.688
461.736,196.879,22.354,41.688
458.870,209.964,22.354,41.688
457.000,212.581,22.354,41.688
456.377,215.448,22.354,41.688
456.003,219.560,22.354,41.688
455.380,223.673,22.354,41.688
456.751,227.536,22.354,41.688
457.667,230.824,22.849,42.610
457.285,233.754,22.849,42.610
457.922,235.155,22.849,42.610
456.744,235.080,23.354,43.553
455.573,237.294,23.354,43.553
454.661,238.465,23.354,43.553
453.187,238.389,23.871,44.516
452.256,239.587,23.871,44.516
450.473,239.232,24.399,45.501
448.976,240.728,24.399,45.501
447.480,245.761,24.399,45.501
451.018,246.902,23.879,44.531
448.222,249.431,23.879,44.531
446.715,251.010,24.407,45.516
447.940,252.235,24.407,45.516
446.987,253.187,24.407,45.516
447.141,254.237,24.947,46.523
444.989,255.887,25.499,47.553
445.131,258.872,25.499,47.553
445.273,260.151,25.499,47.553
446.909,258.593,26.063,48.605
446.182,260.772,26.063,48.605
443.421,265.858,26.063,48.605
441.475,266.978,26.640,49.680
442.567,268.432,27.229,50.779
444.313,267.398,27.832,51.903
445.776,267.950,28.448,53.051
447.203,269.060,28.448,53.051
448.313,269.219,28.448,53.051
449.424,270.329,28.448,53.051
451.485,269.536,28.448,53.051
453.864,266.840,28.448,53.051
456.560,264.461,28.448,53.051
457.036,263.668,28.448,53.051
459.098,262.241,28.448,53.051
460.525,241.148,28.448,53.051
462.587,234.646,28.448,53.051
465.183,238.116,27.841,51.920
467.201,241.375,27.841,51.920
469.529,239.047,27.841,51.920
433.055,256.586,27.841,51.920
429.043,243.612,28.457,53.068
432.057,239.329,28.457,53.068
434.870,235.944,29.087,54.243
438.754,236.185,29.730,55.443
441.903,237.345,29.730,55.443
445.383,237.511,29.730,55.443
445.570,238.101,30.388,56.669
447.871,239.407,31.060,57.923
449.083,241.312,31.060,57.923
450.715,237.977,31.747,59.205
451.246,238.154,31.747,59.205
452.131,238.685,31.747,59.205
454.005,240.169,31.070,57.942
452.403,237.910,31.758,59.224
451.134,231.194,32.461,60.534
452.762,229.565,32.461,60.534
454.391,229.746,32.461,60.534
453.848,228.479,32.461,60.534
451.857,225.041,32.461,60.534
454.210,228.117,32.461,60.534
452.219,225.041,32.461,60.534
450.921,221.180,33.179,61.874
447.037,219.885,33.179,61.874
446.852,221.549,33.179,61.874
447.777,221.734,33.179,61.874
447.962,221.180,33.179,61.874
448.147,220.625,33.179,61.874
450.462,218.610,32.471,60.554
449.919,220.239,32.471,60.554
451.486,221.757,31.779,59.263
450.601,220.872,31.779,59.263
452.135,222.699,31.101,57.999
451.631,225.156,30.438,56.762
449.710,226.816,31.111,58.018
446.666,226.354,31.800,59.302
440.461,227.950,31.800,59.302
439.575,227.418,31.800,59.302
441.171,228.304,31.800,59.302
440.639,229.191,31.800,59.302
442.943,229.723,31.800,59.302
444.893,226.000,31.800,59.302
444.358,225.896,32.503,60.614
446.351,226.077,32.503,60.614
447.619,224.446,32.503,60.614
449.250,226.802,32.503,60.614
450.881,225.896,32.503,60.614
449.613,221.728,32.503,60.614
452.331,222.272,32.503,60.614
453.237,223.540,32.503,60.614
454.143,223.721,32.503,60.614
452.512,221.366,32.503,60.614
454.867,222.634,32.503,60.614
453.237,223.540,32.503,60.614
455.592,224.446,32.503,60.614
457.585,226.077,32.503,60.614
458.854,225.171,32.503,60.614
457.223,222.815,32.503,60.614
458.491,225.896,32.503,60.614
458.673,227.526,32.503,60.614
459.941,226.620,32.503,60.614
459.035,228.614,32.503,60.614
459.941,229.882,32.503,60.614
461.859,227.559,31.810,59.321
463.456,226.672,31.810,59.321
463.966,228.160,31.132,58.056
462.751,226.251,31.132,58.056
461.883,224.689,31.132,58.056
464.139,227.292,31.132,58.056
466.496,224.669,31.820,59.341
417.003,273.153,32.524,60.654
414.198,275.680,33.244,61.996
412.484,275.571,33.980,63.367
413.877,276.639,34.731,64.769
414.095,274.516,35.500,66.202
416.372,271.525,36.285,67.667
418.699,269.308,37.088,69.164
421.800,267.860,37.088,69.164
419.459,268.597,37.909,70.694
421.452,266.280,38.747,72.259
419.006,266.153,39.605,73.857
422.921,265.107,40.481,75.491
424.049,265.784,40.481,75.491
422.018,267.363,40.481,75.491
425.082,268.636,41.376,77.162
422.545,271.173,41.376,77.162
426.466,272.788,41.376,77.162
430.387,271.634,41.376,77.162
427.297,272.935,42.292,78.869
430.988,270.350,43.228,80.614
427.855,271.073,43.228,80.614
429.542,274.206,43.228,80.614
426.409,274.447,43.228,80.614
429.060,273.242,43.228,80.614
425.927,273.965,43.228,80.614
429.542,272.760,43.228,80.614
426.891,272.519,43.228,80.614
427.614,272.760,43.228,80.614
430.747,273.001,43.228,80.614
428.653,274.092,42.306,78.895
432.662,272.913,42.306,78.895
430.613,275.346,41.404,77.212
434.998,273.268,41.404,77.212
431.998,274.884,41.404,77.212
435.460,272.807,41.404,77.212
432.921,274.884,41.404,77.212
436.383,274.653,41.404,77.212
432.812,276.433,42.320,78.921
435.879,275.254,42.320,78.921
433.284,275.490,42.320,78.921
437.146,276.104,41.417,77.238
434.606,277.720,41.417,77.238
432.066,279.798,41.417,77.238
435.530,278.644,41.417,77.238
432.528,280.722,41.417,77.238
435.992,280.029,41.417,77.238
433.914,279.798,41.417,77.238
437.377,279.567,41.417,77.238
434.837,280.722,41.417,77.238
438.617,279.542,40.534,75.590
439.295,276.605,40.534,75.590
441.781,274.571,40.534,75.590
441.124,274.288,39.670,73.978
443.892,274.437,38.824,72.401
440.543,274.759,39.683,74.003
442.534,272.768,39.683,74.003
440.100,274.317,39.683,74.003
438.994,274.538,39.683,74.003
440.985,274.759,39.683,74.003
438.994,274.095,39.683,74.003
439.658,276.529,39.683,74.003
437.667,275.865,39.683,74.003
436.561,276.086,39.683,74.003
438.552,275.865,39.683,74.003
436.047,276.653,40.561,75.640
434.012,275.070,40.561,75.640
437.856,274.392,40.561,75.640
435.821,273.714,40.561,75.640
432.322,275.457,41.458,77.314
436.252,275.226,41.458,77.314
437.869,273.146,41.458,77.314
435.327,275.226,41.458,77.314
438.332,274.071,41.458,77.314
439.487,273.840,41.458,77.314
437.924,276.669,40.574,75.665
439.508,278.705,40.574,75.665
438.829,278.931,40.574,75.665
437.246,280.966,40.574,75.665
440.186,280.740,40.574,75.665
437.246,282.324,40.574,75.665
435.662,283.907,40.574,75.665
433.174,284.586,40.574,75.665
437.472,283.455,40.574,75.665
434.442,280.975,41.472,77.339
431.436,282.131,41.472,77.339
435.366,280.975,41.472,77.339
434.210,279.357,41.472,77.339
437.216,277.738,41.472,77.339
434.673,280.744,41.472,77.339
437.678,279.125,41.472,77.339
436.060,276.582,41.472,77.339
438.603,275.426,41.472,77.339
440.684,273.345,41.472,77.339
437.678,272.189,41.472,77.339
439.759,273.808,41.472,77.339
436.754,274.964,41.472,77.339
438.372,272.883,41.472,77.339
440.453,272.652,41.472,77.339
436.985,274.270,41.472,77.339
438.603,271.727,41.472,77.339
437.931,271.437,40.587,75.690
436.347,273.474,40.587,75.690
436.574,273.700,40.587,75.690
433.073,272.628,41.485,77.364
435.617,273.322,41.485,77.364
433.535,274.941,41.485,77.364
430.529,275.635,41.485,77.364
434.923,274.478,41.485,77.364
432.379,274.247,41.485,77.364
429.835,274.016,41.485,77.364
433.304,272.859,41.485,77.364
431.223,273.091,41.485,77.364
433.767,272.397,41.485,77.364
429.708,274.180,42.403,79.076
433.578,273.429,41.499,77.390
430.571,275.973,41.499,77.390
433.912,274.792,40.614,75.739
431.874,276.377,40.614,75.739
434.365,274.792,40.614,75.739
431.332,273.719,41.512,77.415
429.712,276.265,41.512,77.415
433.646,276.033,41.512,77.415
430.637,277.653,41.512,77.415
434.572,277.422,41.512,77.415
431.563,279.042,41.512,77.415
429.480,277.422,41.512,77.415
432.952,277.653,41.512,77.415
429.371,277.517,42.431,79.128
426.296,279.173,42.431,79.128
429.017,278.052,43.370,80.878
431.193,278.294,43.370,80.878
429.017,280.954,43.370,80.878
433.127,280.712,43.370,80.878
432.397,280.068,44.329,82.668
436.919,284.522,43.384,80.905
440.546,283.313,43.384,80.905
440.788,282.104,43.384,80.905
441.998,281.862,43.384,80.905
444.174,280.169,43.384,80.905
443.932,279.443,43.384,80.905
442.239,279.685,43.384,80.905
444.416,278.476,43.384,80.905
443.713,278.639,42.459,79.180
443.003,276.982,42.459,79.180
441.820,276.746,42.459,79.180
442.530,275.562,42.459,79.180
443.240,272.958,42.459,79.180
443.003,270.828,42.459,79.180
440.399,268.224,42.459,79.180
442.449,266.559,41.553,77.491
440.364,264.474,41.553,77.491
438.279,261.462,41.553,77.491
436.194,261.231,41.553,77.491
434.109,264.242,41.553,77.491
431.098,267.254,41.553,77.491
434.573,268.412,41.553,77.491
432.025,269.570,41.553,77.491
435.963,267.485,41.553,77.491
433.415,268.644,41.553,77.491
430.866,270.729,41.553,77.491
434.804,272.350,41.553,77.491
432.256,271.192,41.553,77.491
435.731,273.277,41.553,77.491
433.646,273.045,41.553,77.491
437.121,271.887,41.553,77.491
434.110,274.435,41.553,77.491
437.121,275.593,41.553,77.491
434.573,278.142,41.553,77.491
437.584,276.983,41.553,77.491
435.499,277.215,41.553,77.491
432.488,280.690,41.553,77.491
429.940,281.848,41.553,77.491
427.855,279.763,41.553,77.491
424.380,278.605,41.553,77.491
420.442,279.300,41.553,77.491
417.430,277.678,41.553,77.491
413.631,280.068,40.667,75.839
409.777,278.480,40.667,75.839
405.923,275.080,40.667,75.839
402.642,275.670,39.800,74.221
399.430,275.820,38.951,72.639
396.607,273.865,38.951,72.639
393.785,272.345,38.951,72.639
391.479,273.329,38.120,71.090
388.813,276.340,37.308,69.574
386.605,280.089,36.512,68.090
380.295,282.735,36.512,68.090
377.241,284.974,36.512,68.090
379.396,289.036,35.733,66.638
377.665,294.163,34.971,65.217
371.232,299.037,34.971,65.217
363.628,302.351,34.971,65.217
360.807,300.603,34.226,63.826
357.309,300.364,33.496,62.465
355.327,299.051,32.781,61.133
351.273,296.356,32.082,59.829
350.378,295.461,32.082,59.829
349.126,295.998,32.082,59.829
352.525,297.250,32.082,59.829
355.565,295.998,32.082,59.829
359.321,292.957,32.082,59.829
363.077,292.063,32.082,59.829
368.622,294.031,32.082,59.829
370.589,296.356,32.082,59.829
376.491,295.461,32.082,59.829
378.816,293.852,32.082,59.829
380.426,292.600,32.082,59.829
383.824,292.063,32.082,59.829
386.865,291.169,32.082,59.829
389.548,290.275,32.082,59.829
392.230,288.307,32.082,59.829
395.401,284.862,32.792,61.153
397.504,283.616,33.518,62.506
399.653,282.343,34.259,63.889
401.850,279.853,35.017,65.302
404.501,278.523,35.792,66.747
407.210,279.648,36.584,68.224
415.904,276.989,37.393,69.733
419.448,277.197,37.393,69.733
422.992,277.823,37.393,69.733
431.956,277.614,37.393,69.733
435.917,277.406,37.393,69.733
440.295,279.282,37.393,69.733
442.693,279.592,38.221,71.276
443.375,277.698,39.066,72.853
441.813,275.762,39.931,74.465
444.707,276.875,39.931,74.465
444.496,274.435,40.814,76.113
443.814,271.022,40.814,76.113
442.654,265.695,41.717,77.797
445.212,261.741,41.717,77.797
445.910,257.322,41.717,77.797
446.608,254.764,41.717,77.797
444.980,250.810,41.717,77.797
448.137,248.261,42.640,79.518
451.858,246.641,43.583,81.277
451.615,245.912,43.583,81.277
427.075,258.790,43.583,81.277
430.879,261.672,44.548,83.075
436.591,258.940,44.548,83.075
440.812,258.195,44.548,83.075
444.041,253.973,44.548,83.075
447.149,257.013,43.598,81.304
429.406,249.965,43.598,81.304
437.913,247.291,43.598,81.304
441.559,230.521,43.598,81.304
443.746,231.736,43.598,81.304
433.781,235.382,43.598,81.304
429.516,230.195,44.562,83.103
430.828,227.987,45.548,84.941
429.007,233.107,46.556,86.821
417.846,238.557,46.556,86.821
416.029,242.970,46.556,86.821
420.631,243.894,47.586,88.742
417.814,249.187,46.571,86.849
421.878,250.651,47.602,88.771
424.931,247.741,48.655,90.735
425.799,248.145,49.731,92.742
424.962,244.530,50.832,94.794
427.633,240.835,51.956,96.891
425.556,242.468,53.106,99.035
420.976,239.837,54.281,101.226
426.725,236.508,54.281,101.226
422.671,232.563,55.482,103.466
422.362,236.583,55.482,103.466
421.434,236.893,55.482,103.466
424.218,236.583,55.482,103.466
427.134,237.685,56.709,105.755
420.930,236.187,57.964,108.095
424.485,239.742,57.964,108.095
426.191,234.188,59.246,110.487
425.192,231.937,60.557,112.931
424.180,234.976,60.557,112.931
427.893,233.288,60.557,112.931
424.855,237.001,60.557,112.931
423.874,240.483,59.266,110.523
421.002,239.433,58.002,108.166
426.064,235.217,59.285,110.559
421.636,237.765,60.597,113.005
426.704,238.779,60.597,113.005
417.271,235.776,61.938,115.505
414.163,234.050,61.938,115.505
419.150,238.942,60.617,113.042
420.164,243.336,60.617,113.042
417.039,239.631,61.958,115.543
418.766,244.121,61.958,115.543
413.585,247.230,61.958,115.543
417.242,253.456,60.637,113.079
420.961,257.174,60.637,113.079
420.641,252.065,61.978,115.581
418.222,248.264,61.978,115.581
417.185,243.773,61.978,115.581
415.458,239.972,61.978,115.581
416.494,235.480,61.978,115.581
413.299,230.258,63.350,118.138
410.827,226.373,63.350,118.138
419.332,224.570,61.999,115.619
418.327,221.472,60.676,113.153
413.796,217.763,62.019,115.657
412.033,211.820,63.391,118.216
408.032,206.479,64.794,120.831
413.686,202.519,66.227,123.505
414.748,207.039,64.815,120.871
415.788,205.193,63.433,118.293
420.895,200.660,62.080,115.771
416.259,201.893,63.453,118.332
422.050,208.269,62.100,115.809
417.549,210.693,62.100,115.809
419.880,212.261,60.776,113.339
418.153,209.953,62.121,115.847
414.343,214.455,62.121,115.847
419.538,212.031,62.121,115.847
419.867,212.932,60.796,113.376
418.850,211.237,60.796,113.376
419.867,214.966,60.796,113.376
416.733,212.657,62.141,115.885
414.308,217.160,62.141,115.885
412.575,216.121,62.141,115.885
417.772,219.239,62.141,115.885
415.287,214.003,63.516,118.449
412.100,218.606,63.516,118.449
416.704,217.544,63.516,118.449
415.634,219.540,64.921,121.069
419.615,219.178,64.921,121.069
419.253,224.607,64.921,121.069
417.443,222.797,64.921,121.069
416.358,226.779,64.921,121.069
418.167,230.036,64.921,121.069
414.820,226.068,66.358,123.748
417.410,227.918,66.358,123.748
415.622,230.307,64.943,121.109
415.260,229.221,64.943,121.109
418.518,227.411,64.943,121.109
416.708,231.393,64.943,121.109
416.346,229.583,64.943,121.109
420.328,227.773,64.943,121.109
418.578,231.507,63.558,118.526
416.806,231.861,63.558,118.526
420.147,230.182,64.964,121.149
418.396,233.917,63.578,118.565
417.333,230.019,63.578,118.565
416.262,225.397,64.985,121.188
415.175,222.861,64.985,121.188
418.435,221.775,64.985,121.188
418.081,226.908,63.599,118.604
417.726,223.717,63.599,118.604
420.113,224.640,62.243,116.075
418.378,222.211,62.243,116.075
421.383,227.127,60.916,113.600
417.538,223.404,62.263,116.113
423.220,228.323,60.936,113.637
418.125,226.624,60.936,113.637
415.688,222.900,62.284,116.151
413.952,223.942,62.284,116.151
411.522,227.067,62.284,116.151
417.206,231.317,60.956,113.674
414.769,226.887,62.304,116.189
413.032,230.013,62.304,116.189
417.379,235.604,60.976,113.711
417.039,232.544,60.976,113.711
422.138,231.524,60.976,113.711
419.759,235.944,60.976,113.711
424.668,240.760,59.675,111.286
423.005,239.097,59.675,111.286
422.038,241.245,58.403,108.913
426.459,237.676,59.695,111.323
422.925,241.108,58.422,108.949
425.996,235.510,59.714,111.359
421.668,232.514,59.714,111.359
415.827,227.483,61.036,113.823
422.709,226.401,59.734,111.396
421.741,229.193,58.460,109.020
425.326,231.475,58.460,109.020
423.696,235.712,58.460,109.020
427.933,239.948,58.460,109.020
425.000,246.792,58.460,109.020
419.958,249.982,59.754,111.432
418.260,247.021,61.076,113.898
416.557,244.638,61.076,113.898
421.475,244.211,59.773,111.469
421.142,240.546,59.773,111.469
420.135,236.893,61.096,113.935
419.113,241.321,61.096,113.935
422.063,244.177,59.793,111.505
425.063,246.510,59.793,111.505
423.396,250.177,59.793,111.505
426.282,251.687,58.518,109.128
424.076,256.938,57.270,106.800
426.424,258.738,58.537,109.163
422.834,262.328,58.537,109.163
419.817,264.167,59.832,111.579
424.634,268.894,58.556,109.199
425.003,272.088,59.852,111.615
419.148,275.354,61.176,114.085
417.443,279.788,61.176,114.085
415.737,278.765,61.176,114.085
411.168,276.441,62.529,116.609
413.609,282.367,62.529,116.609
419.987,285.290,61.196,114.122
421.626,289.467,59.891,111.688
425.967,288.465,59.891,111.688
421.626,293.473,59.891,111.688
415.768,298.127,61.216,114.160
414.744,303.928,61.216,114.160
419.863,308.365,61.216,114.160
419.522,312.801,61.216,114.160
424.450,312.374,59.911,111.725
422.112,306.028,59.911,111.725
427.790,304.358,59.911,111.725
419.851,302.082,61.236,114.197
414.569,297.632,62.591,116.724
415.687,291.634,63.976,119.306
418.896,289.137,63.976,119.306
426.110,288.691,62.611,116.762
425.761,285.549,62.611,116.762
425.412,284.502,62.611,116.762
423.667,282.757,62.611,116.762
424.016,281.710,62.611,116.762
425.063,287.644,62.611,116.762
425.412,287.295,62.611,116.762
422.909,285.641,63.997,119.345
424.693,285.284,63.997,119.345
422.909,283.500,63.997,119.345
424.693,281.716,63.997,119.345
422.195,280.646,63.997,119.345
425.406,285.284,63.997,119.345
425.049,282.787,63.997,119.345
423.979,281.003,63.997,119.345
425.693,281.244,62.632,116.800
426.024,280.806,61.296,114.309
428.416,277.047,61.296,114.309
432.175,271.922,61.296,114.309
431.834,269.529,61.296,114.309
407.572,281.490,61.296,114.309
403.813,279.781,61.296,114.309
400.737,282.857,61.296,114.309
405.377,284.074,62.652,116.838
413.115,291.043,61.316,114.347
416.338,297.935,62.673,116.877
413.892,308.067,62.673,116.877
411.446,316.103,62.673,116.877
417.386,319.946,62.673,116.877
413.543,315.404,62.673,116.877
417.386,305.971,62.673,116.877
419.133,301.429,62.673,116.877
423.505,304.359,61.336,114.384
426.583,304.701,61.336,114.384
428.293,299.571,61.336,114.384
433.231,295.188,60.028,111.945
416.131,290.898,58.748,109.558
412.423,296.143,60.048,111.982
419.453,293.130,60.048,111.982
424.474,288.778,60.048,111.982
423.470,286.434,60.048,111.982
419.680,284.154,61.377,114.459
417.285,281.074,61.377,114.459
416.290,279.326,60.068,112.018
413.276,281.671,60.068,112.018
407.583,277.317,60.068,112.018
424.039,278.189,58.787,109.630
430.266,283.105,58.787,109.630
428.628,279.500,58.787,109.630
427.644,277.206,58.787,109.630
426.006,278.189,58.787,109.630
426.334,283.105,58.787,109.630
423.303,281.552,60.088,112.055
426.318,281.887,60.088,112.055
423.973,285.572,60.088,112.055
424.978,288.587,60.088,112.055
421.185,284.914,61.417,114.534
423.582,284.572,61.417,114.534
422.555,289.708,61.417,114.534
423.582,287.311,61.417,114.534
424.609,285.599,61.417,114.534
424.952,286.626,61.417,114.534
423.917,284.293,62.776,117.068
422.167,282.544,62.776,117.068
421.117,279.394,62.776,117.068
424.267,281.844,62.776,117.068
422.575,281.405,61.437,114.572
424.973,286.543,61.437,114.572
422.575,284.145,61.437,114.572
424.288,281.748,61.437,114.572
421.890,279.350,61.437,114.572
426.177,284.203,60.127,112.129
423.160,280.516,60.127,112.129
426.177,281.522,60.127,112.129
424.468,277.847,61.457,114.609
428.237,273.393,61.457,114.609
427.902,271.643,60.147,112.165
432.744,275.101,58.864,109.773
431.104,271.491,58.864,109.773
434.578,269.183,57.609,107.432
432.972,267.577,57.609,107.432
433.277,270.270,56.380,105.141
431.077,271.213,56.380,105.141
435.163,272.156,56.380,105.141
433.591,275.613,56.380,105.141
431.337,271.515,57.628,107.468
431.016,268.624,57.628,107.468
428.767,270.230,57.628,107.468
431.658,271.194,57.628,107.468
430.694,267.660,57.628,107.468
427.803,269.267,57.628,107.468
430.052,268.945,57.628,107.468
429.731,264.769,57.628,107.468
428.124,266.375,57.628,107.468
429.088,271.194,57.628,107.468
426.784,272.338,58.903,109.845
426.456,269.383,58.903,109.845
427.507,271.915,60.206,112.276
426.500,267.552,60.206,112.276
424.151,265.203,60.206,112.276
422.473,270.909,60.206,112.276
425.494,274.601,60.206,112.276
425.158,270.909,60.206,112.276
427.507,274.601,60.206,112.276
424.487,276.950,60.206,112.276
423.472,273.270,61.538,114.760
426.560,272.927,61.538,114.760
424.159,274.643,61.538,114.760
423.129,273.613,61.538,114.760
421.414,269.840,61.538,114.760
425.188,270.183,61.538,114.760
424.845,267.095,61.538,114.760
424.502,264.694,61.538,114.760
428.134,262.280,60.226,112.313
427.805,259.918,58.941,109.917
429.448,264.190,58.941,109.917
429.776,266.490,58.941,109.917
428.791,263.532,58.941,109.917
427.805,260.575,58.941,109.917
430.762,258.932,58.941,109.917
429.807,256.620,57.684,107.573
427.556,256.299,57.684,107.573
426.621,254.656,56.454,105.279
427.629,256.430,57.703,107.609
428.595,256.752,57.703,107.609
426.955,257.230,58.980,109.990
424.653,255.586,58.980,109.990
426.955,259.203,58.980,109.990
425.311,257.559,58.980,109.990
428.270,260.518,58.980,109.990
425.912,255.549,60.285,112.423
425.594,250.470,61.619,114.910
427.311,248.752,61.619,114.910
426.975,246.335,60.305,112.460
425.967,243.982,60.305,112.460
429.665,242.301,60.305,112.460
428.656,243.982,60.305,112.460
426.975,242.974,60.305,112.460
423.949,239.948,60.305,112.460
427.817,242.540,61.639,114.948
424.724,238.761,61.639,114.948
423.006,237.042,61.639,114.948
426.099,242.884,61.639,114.948
424.380,248.039,61.639,114.948
417.638,245.697,63.003,117.491
413.774,250.966,63.003,117.491
412.753,255.265,61.659,114.986
408.972,254.922,61.659,114.986
413.441,259.390,61.659,114.986
419.972,263.171,61.659,114.986
416.878,262.828,61.659,114.986
415.159,265.234,61.659,114.986
418.253,264.203,61.659,114.986
415.847,266.609,61.659,114.986
414.816,263.515,61.659,114.986
420.659,260.422,61.659,114.986
416.191,257.328,61.659,114.986
413.097,254.234,61.659,114.986
407.065,249.039,63.023,117.530
410.378,245.916,64.418,120.130
412.892,242.684,64.418,120.130
413.251,239.452,64.418,120.130
415.765,236.938,64.418,120.130
418.279,234.425,64.418,120.130
415.850,236.052,63.044,117.568
419.013,233.591,63.044,117.568
422.057,238.571,61.700,115.061
418.273,235.476,61.700,115.061
417.241,237.883,61.700,115.061
413.458,234.100,61.700,115.061
415.866,233.068,61.700,115.061
412.770,232.036,61.700,115.061
406.922,228.252,61.700,115.061
406.578,224.469,61.700,115.061
408.986,226.876,61.700,115.061
406.578,224.469,61.700,115.061
411.249,224.266,63.065,117.607
407.382,223.915,63.065,117.607
411.249,227.079,63.065,117.607
415.819,223.915,63.065,117.607
412.655,225.673,63.065,117.607
410.194,223.915,63.065,117.607
413.358,227.079,63.065,117.607
411.659,226.639,61.720,115.099
415.302,232.177,60.404,112.644
411.597,229.820,60.404,112.644
406.546,230.157,60.404,112.644
410.250,233.861,60.404,112.644
405.199,232.177,60.404,112.644
409.577,237.902,60.404,112.644
413.451,238.403,61.740,115.137
418.124,240.343,63.106,117.684
414.254,239.287,63.106,117.684
412.461,237.621,64.502,120.288
414.259,237.980,64.502,120.288
411.023,239.778,64.502,120.288
407.786,238.699,64.502,120.288
412.461,237.621,64.502,120.288
409.944,237.980,64.502,120.288
407.427,235.463,64.502,120.288
412.821,237.261,64.502,120.288
409.584,234.025,64.502,120.288
409.225,234.384,64.502,120.288
406.708,235.463,64.502,120.288
412.821,233.665,64.502,120.288
409.584,234.025,64.502,120.288
412.821,232.946,64.502,120.288
409.584,231.867,64.502,120.288
414.259,233.665,64.502,120.288
412.461,235.463,64.502,120.288
409.944,235.103,64.502,120.288
414.619,234.025,64.502,120.288
411.382,235.103,64.502,120.288
411.023,233.305,64.502,120.288
412.821,233.665,64.502,120.288
411.742,232.586,64.502,120.288
416.417,232.227,64.502,120.288
413.180,231.867,64.502,120.288
411.382,228.631,64.502,120.288
408.057,227.673,65.929,122.949
404.863,229.338,64.523,120.327
412.417,229.698,64.523,120.327
417.093,231.497,64.523,120.327
413.856,235.453,64.523,120.327
411.338,232.216,64.523,120.327
408.012,228.273,65.951,122.990
404.817,232.773,64.545,120.367
409.703,231.815,65.973,123.030
404.921,227.769,65.973,123.030
409.703,228.873,65.973,123.030
412.277,226.298,65.973,123.030
410.438,222.253,65.973,123.030
413.013,219.678,65.973,123.030
416.907,224.889,64.566,120.406
418.706,222.370,64.566,120.406
421.226,220.570,64.566,120.406
423.026,222.370,64.566,120.406
424.106,224.889,64.566,120.406
422.306,223.090,64.566,120.406
427.504,226.802,63.189,117.839
425.743,227.154,63.189,117.839
409.100,231.467,61.841,115.326
412.203,229.743,61.841,115.326
413.927,234.225,61.841,115.326
413.582,232.501,61.841,115.326
416.685,236.983,61.841,115.326
419.098,234.569,61.841,115.326
418.064,239.051,61.841,115.326
422.546,235.948,61.841,115.326
422.873,241.498,60.522,112.866
427.259,239.136,60.522,112.866
426.929,241.966,59.232,110.459
431.882,247.579,59.232,110.459
428.910,250.551,59.232,110.459
431.222,246.258,59.232,110.459
428.910,245.268,59.232,110.459
425.938,250.221,59.232,110.459
423.570,247.286,60.542,112.903
421.883,246.948,60.542,112.903
418.845,245.261,60.542,112.903
415.807,243.573,60.542,112.903
401.294,240.536,60.542,112.903
394.206,242.898,60.542,112.903
398.594,245.261,60.542,112.903
400.216,244.838,59.251,110.496
395.921,241.865,59.251,110.496
408.804,246.820,59.251,110.496
411.116,245.829,59.251,110.496
408.804,243.517,59.251,110.496
406.492,247.150,59.251,110.496
412.348,244.900,60.562,112.940
413.360,248.614,60.562,112.940
410.322,245.575,60.562,112.940
415.386,243.212,60.562,112.940
413.023,240.848,60.562,112.940
419.201,246.934,59.271,110.532
420.192,243.960,59.271,110.532
421.844,240.325,59.271,110.532
423.496,241.977,59.271,110.532
423.827,239.004,59.271,110.532
427.461,241.317,59.271,110.532
428.453,241.647,59.271,110.532
430.766,247.264,59.271,110.532
432.418,244.951,59.271,110.532
430.766,240.656,59.271,110.532
433.881,244.575,60.582,112.977
428.815,249.641,60.582,112.977
424.290,204.591,61.922,115.477
429.941,198.835,60.602,113.014
422.611,195.131,61.943,115.515
419.503,194.095,61.943,115.515
422.611,190.987,61.943,115.515
426.410,193.405,61.943,115.515
408.169,186.036,63.313,118.071
406.370,182.167,64.714,120.683
414.668,186.135,64.714,120.683
419.358,180.002,64.714,120.683
421.162,175.312,64.714,120.683
424.409,172.065,64.714,120.683
424.816,170.356,66.146,123.353
321.935,196.154,67.609,126.082
320.014,192.804,69.105,128.872
324.445,186.982,70.634,131.723
328.975,185.933,72.197,134.637
333.605,185.697,73.794,137.616
336.630,179.479,75.427,140.661
342.096,183.264,75.427,140.661
346.061,182.144,77.096,143.773
349.221,180.108,78.801,146.954
350.628,180.761,80.545,150.205
353.771,180.312,80.545,150.205
357.813,178.965,80.545,150.205
361.854,176.720,80.545,150.205
366.793,173.576,80.545,150.205
370.834,169.535,80.545,150.205
372.181,169.984,80.545,150.205
374.427,168.637,80.545,150.205
375.774,163.698,80.545,150.205
378.019,160.555,80.545,150.205
381.162,161.004,80.545,150.205
382.509,161.453,80.545,150.205
379.289,160.257,82.327,153.529
380.666,157.962,82.327,153.529
380.207,151.996,82.327,153.529
379.748,153.372,82.327,153.529
378.371,151.078,82.327,153.529
379.748,145.111,82.327,153.529
381.125,145.570,82.327,153.529
385.255,138.686,82.327,153.529
386.632,134.555,82.327,153.529
388.009,135.014,82.327,153.529
390.304,130.883,82.327,153.529
389.845,130.424,82.327,153.529
385.857,130.734,80.571,150.255
387.204,126.692,80.571,150.255
385.857,124.446,80.571,150.255
381.814,123.997,80.571,150.255
379.568,122.649,80.571,150.255
379.119,118.607,80.571,150.255
379.568,114.564,80.571,150.255
377.322,113.216,80.571,150.255
380.466,111.869,80.571,150.255
383.611,107.826,80.571,150.255
386.755,109.174,80.571,150.255
390.798,110.521,80.571,150.255
394.840,106.479,80.571,150.255
398.883,106.928,80.571,150.255
402.027,110.971,80.571,150.255
399.781,113.216,80.571,150.255
404.722,113.666,80.571,150.255
409.477,111.371,78.853,147.050
414.132,115.058,77.172,143.915
418.687,117.836,75.526,140.846
421.634,115.731,75.526,140.846
425.280,118.450,73.915,137.842
425.692,120.511,73.915,137.842
424.456,119.274,73.915,137.842
428.024,121.936,72.339,134.902
429.184,123.763,70.796,132.026
428.790,125.736,70.796,132.026
424.599,122.959,69.287,129.210
423.440,121.028,69.287,129.210
421.509,123.732,69.287,129.210
422.746,125.108,70.820,132.069
419.982,125.503,70.820,132.069
424.162,126.530,69.309,129.253
426.202,125.501,70.843,132.112
426.597,129.846,70.843,132.112
426.992,131.820,70.843,132.112
431.336,132.215,70.843,132.112
434.756,132.482,69.332,129.295
436.613,133.488,67.854,126.538
436.243,131.556,66.407,123.839
435.167,129.665,64.990,121.198
437.606,136.894,63.604,118.614
440.676,133.716,62.248,116.084
443.681,131.274,60.921,113.609
444.021,130.934,60.921,113.609
446.307,135.092,59.621,111.186
440.657,128.777,59.621,111.186
404.478,113.408,60.941,113.646
393.667,107.743,59.641,111.222
393.341,109.890,58.369,108.851
397.572,105.660,58.369,108.851
403.754,105.986,58.369,108.851
407.334,108.914,58.369,108.851
410.262,110.541,58.369,108.851
414.962,108.252,57.124,106.529
415.878,104.784,55.906,104.258
412.569,106.796,54.714,102.034
409.824,107.101,54.714,102.034
407.173,103.779,53.547,99.858
405.154,104.556,52.405,97.729
402.053,103.627,51.288,95.645
402.375,104.052,52.423,97.761
399.160,104.345,52.423,97.761
402.375,102.883,52.423,97.761
398.576,102.007,52.423,97.761
401.791,106.390,52.423,97.761
402.083,107.852,52.423,97.761
400.622,106.975,52.423,97.761
403.252,106.098,52.423,97.761
409.974,105.806,52.423,97.761
415.321,104.313,51.305,95.676
421.327,101.167,51.305,95.676
426.762,98.021,51.305,95.676
429.908,96.591,51.305,95.676
429.622,98.593,51.305,95.676
433.340,96.591,51.305,95.676
435.342,97.449,51.305,95.676
435.614,95.988,50.211,93.636
435.894,97.947,50.211,93.636
439.397,102.453,49.140,91.639
438.072,100.526,48.092,89.685
436.732,101.866,48.092,89.685
435.928,105.352,48.092,89.685
439.413,109.373,48.092,89.685
438.117,108.004,47.066,87.772
432.968,104.583,48.108,89.714
432.700,103.242,48.108,89.714
430.286,105.119,48.108,89.714
430.018,102.169,48.108,89.714
427.604,99.219,48.108,89.714
425.191,97.878,48.108,89.714
419.559,101.364,48.108,89.714
413.927,101.096,48.108,89.714
410.976,98.146,48.108,89.714
410.197,103.497,47.082,87.801
411.458,106.204,46.078,85.929
411.715,103.379,46.078,85.929
408.889,106.718,46.078,85.929
409.660,104.406,46.078,85.929
410.483,101.590,47.097,87.830
411.795,102.378,47.097,87.830
410.483,105.791,47.097,87.830
414.048,101.278,48.139,89.773
416.463,102.083,48.139,89.773
416.195,107.182,48.139,89.773
414.270,104.240,49.204,91.759
416.739,102.320,49.204,91.759
414.818,108.080,49.204,91.759
418.543,110.765,50.293,93.789
414.898,113.849,50.293,93.789
411.253,115.812,50.293,93.789
413.216,118.896,50.293,93.789
414.618,121.980,50.293,93.789
413.216,120.017,50.293,93.789
415.278,120.434,51.406,95.864
417.385,119.671,52.543,97.985
421.615,119.304,51.422,95.896
423.622,115.577,51.422,95.896
427.349,116.437,51.422,95.896
424.698,115.674,52.560,98.018
428.365,114.742,51.439,95.927
432.093,112.161,51.439,95.927
435.821,112.448,51.439,95.927
434.987,112.089,50.342,93.882
440.664,110.114,49.269,91.880
440.924,105.005,48.218,89.920
445.843,101.041,47.190,88.003
440.845,99.726,47.190,88.003
435.320,100.515,47.190,88.003
437.800,100.906,48.234,89.950
440.221,98.486,48.234,89.950
435.649,101.982,48.234,89.950
440.221,105.477,48.234,89.950
443.716,102.519,48.234,89.950
447.212,97.948,48.234,89.950
451.245,87.461,48.234,89.950
453.665,73.747,48.234,89.950
457.161,68.638,48.234,89.950
417.503,65.710,47.205,88.032
414.082,70.184,47.205,88.032
417.503,73.078,47.205,88.032
420.398,70.710,47.205,88.032
416.450,74.131,47.205,88.032
419.871,72.815,47.205,88.032
415.800,71.022,48.250,89.979
419.834,73.981,48.250,89.979
419.022,75.497,49.317,91.970
417.050,73.054,50.408,94.005
420.025,72.702,49.333,92.000
422.500,72.427,49.333,92.000
428.063,72.082,48.281,90.038
425.205,71.745,47.252,88.118
429.875,74.323,48.297,90.068
427.016,71.391,47.267,88.147
431.496,69.019,47.267,88.147
436.503,66.648,47.267,88.147
440.816,64.794,46.259,86.267
446.032,60.991,45.273,84.428
401.359,127.874,45.273,84.428
404.136,132.165,45.273,84.428
405.992,128.350,46.274,86.296
403.606,130.340,47.298,88.205
424.148,161.372,48.345,90.156
428.730,163.258,48.345,90.156
431.694,161.911,48.345,90.156
429.761,161.193,49.414,92.151
430.037,158.163,49.414,92.151
429.210,155.132,49.414,92.151
430.588,155.408,49.414,92.151
428.040,151.816,50.508,94.190
429.448,152.098,50.508,94.190
431.982,152.942,50.508,94.190
432.264,150.971,50.508,94.190
430.245,151.974,51.625,96.274
433.410,151.111,51.625,96.274
435.348,149.086,50.524,94.221
431.686,137.538,50.524,94.221
433.582,131.212,49.447,92.212
431.033,127.046,50.541,94.252
430.188,130.146,50.541,94.252
427.089,125.356,50.541,94.252
423.314,125.775,51.659,96.337
419.456,120.227,52.802,98.469
416.734,115.168,53.970,100.647
421.849,114.265,53.970,100.647
424.557,112.760,53.970,100.647
408.610,32.426,53.970,100.647
420.344,3.241,53.970,100.647
427.265,1.135,53.970,100.647
431.974,1.583,55.164,102.874
433.512,3.120,55.164,102.874
437.361,3.328,53.988,100.680
440.547,4.692,52.837,98.533
444.234,4.323,51.710,96.432
446.828,-0.001,51.710,96.432
451.547,1.305,50.607,94.375
455.779,4.972,50.607,94.375
399.072,53.216,50.607,94.375
401.515,55.038,49.528,92.363
403.906,56.821,48.472,90.393
406.767,59.088,47.438,88.466
406.502,57.236,47.438,88.466
409.812,58.435,46.426,86.579
410.071,52.999,46.426,86.579
412.312,55.669,45.436,84.733
414.994,56.816,44.467,82.926
416.729,54.585,44.467,82.926
418.464,55.329,44.467,82.926
418.712,52.602,44.467,82.926
420.943,50.867,44.467,82.926
420.200,51.115,44.467,82.926
421.439,52.354,44.467,82.926
424.166,53.594,44.467,82.926
425.406,54.833,44.467,82.926
429.620,52.602,44.467,82.926
433.834,52.354,44.467,82.926
433.586,52.602,44.467,82.926
437.801,52.850,44.467,82.926
440.032,52.106,44.467,82.926
444.090,55.619,43.519,81.157
447.594,54.847,42.591,79.427
447.361,53.177,41.683,77.733
445.790,49.750,40.794,76.075
438.553,51.219,39.924,74.453
440.556,49.661,39.924,74.453
443.005,49.438,39.924,74.453
446.343,50.551,39.924,74.453
447.056,50.420,40.807,76.100
383.586,-2.583,41.710,77.784
374.841,1.608,40.821,76.125
372.864,5.271,39.950,74.502
372.216,6.280,39.098,72.913
374.104,7.268,38.264,71.358
376.362,9.056,37.448,69.836
377.824,8.848,37.448,69.836
376.780,9.474,37.448,69.836
377.783,12.835,36.650,68.347
376.353,16.308,36.650,68.347
378.910,20.385,35.868,66.889
377.943,23.218,35.103,65.463
377.374,27.500,34.355,64.067
375.341,32.059,33.622,62.701
378.409,35.799,32.905,61.364
380.794,33.781,32.905,61.364
383.179,35.432,32.905,61.364
386.535,34.849,32.203,60.055
390.305,35.028,32.203,60.055
393.716,32.336,32.203,60.055
397.487,31.438,32.203,60.055
401.257,29.104,32.203,60.055
405.926,26.803,31.517,58.774
413.833,24.870,31.517,58.774
416.820,26.100,31.517,58.774
423.321,26.627,31.517,58.774
425.253,27.857,31.517,58.774
428.943,27.330,31.517,58.774
435.795,26.100,31.517,58.774
439.134,26.627,31.517,58.774
442.121,28.208,31.517,58.774
444.405,29.790,31.517,58.774
446.604,28.215,30.845,57.521
446.432,29.418,30.845,57.521
449.910,29.535,30.187,56.294
449.096,29.324,29.543,55.094
447.943,30.477,29.543,55.094
447.782,33.128,28.913,53.919
449.555,31.032,28.913,53.919
448.399,29.265,29.553,55.112
449.223,30.089,29.553,55.112
448.399,31.572,29.553,55.112
450.541,32.396,29.553,55.112
452.603,30.601,28.923,53.937
455.553,32.886,28.306,52.786
439.276,2.269,27.702,51.661
445.608,1.497,27.702,51.661
451.230,1.726,28.315,52.804
456.553,0.007,27.711,51.678
458.784,0.707,27.120,50.576
452.283,-2.770,27.120,50.576
452.434,-3.829,27.120,50.576
452.604,-2.663,27.720,51.695
454.922,-4.981,27.720,51.695
456.622,-4.208,27.720,51.695
458.322,-3.744,27.720,51.695
460.640,-3.899,27.720,51.695
462.340,-4.672,27.720,51.695
419.225,-0.915,28.334,52.838
418.435,1.139,28.334,52.838
417.961,1.613,28.334,52.838
420.015,-1.073,28.334,52.838
419.225,-1.862,28.334,52.838
421.811,0.071,27.729,51.712
421.361,-0.718,27.138,50.609
419.697,-0.264,27.138,50.609
418.941,1.097,27.138,50.609
417.882,0.643,27.138,50.609
419.546,2.005,27.138,50.609
417.882,0.341,27.138,50.609
416.520,-0.113,27.138,50.609
414.251,1.551,27.138,50.609
406.838,1.702,27.138,50.609
405.173,2.761,27.138,50.609
403.509,1.400,27.138,50.609
401.542,2.459,27.138,50.609
401.391,3.215,27.138,50.609
400.030,2.459,27.138,50.609
398.668,4.426,27.138,50.609
395.072,0.883,27.738,51.728
394.608,1.657,27.738,51.728
392.907,-0.044,27.738,51.728
387.494,0.729,27.738,51.728
380.845,-0.044,27.738,51.728
370.558,-0.536,27.147,50.625
369.801,-1.293,27.147,50.625
366.623,-1.444,27.147,50.625
362.391,-0.759,26.568,49.546
360.533,-2.086,26.001,48.489
359.273,-1.988,25.447,47.455
358.587,-0.525,24.904,46.443
358.726,-2.885,24.904,46.443
359.143,-4.413,24.904,46.443
359.274,-5.389,24.373,45.453
359.682,-6.341,24.373,45.453
358.731,-4.574,24.373,45.453
358.074,-3.435,23.853,44.483
358.473,-2.238,23.853,44.483
357.830,-2.661,23.345,43.535
357.179,-3.832,23.345,43.535
358.557,-1.486,22.847,42.606
357.450,0.318,22.360,41.698
356.079,-0.056,22.360,41.698
353.461,2.313,22.360,41.698
352.090,0.443,22.360,41.698
350.968,0.568,22.360,41.698
349.099,2.188,22.360,41.698
349.722,2.313,22.360,41.698
350.345,2.936,22.360,41.698
349.473,4.058,22.360,41.698
348.870,6.064,21.883,40.809
348.748,7.894,21.883,40.809
349.114,9.724,21.883,40.809
350.212,11.554,21.883,40.809
352.042,9.968,21.883,40.809
354.604,9.358,21.883,40.809
357.653,7.040,21.883,40.809
361.679,5.455,21.883,40.809
366.925,4.601,21.883,40.809
370.707,2.527,21.883,40.809
374.489,3.869,21.883,40.809
379.246,5.211,21.883,40.809
384.492,2.405,21.883,40.809
390.226,2.039,21.883,40.809
395.227,2.405,21.883,40.809
398.521,0.575,21.883,40.809
401.083,1.185,21.883,40.809
403.401,2.771,21.883,40.809
406.939,1.185,21.883,40.809
409.501,2.527,21.883,40.809
411.819,1.185,21.883,40.809
413.648,3.259,21.883,40.809
412.551,7.284,21.883,40.809
414.380,8.870,21.883,40.809
415.437,10.364,21.416,39.938
416.273,6.663,21.416,39.938
416.631,4.394,21.416,39.938
415.795,4.514,21.416,39.938
414.959,3.439,21.416,39.938
412.691,4.036,21.416,39.938
410.661,4.394,21.416,39.938
409.587,3.797,21.416,39.938
406.363,2.245,21.416,39.938
403.945,0.945,20.960,39.087
400.790,-0.107,20.960,39.087
397.168,-1.626,20.960,39.087
395.181,-0.107,20.960,39.087
393.265,-0.929,20.513,38.253
392.464,-2.644,20.513,38.253
393.265,-3.902,20.513,38.253
392.236,-3.102,20.513,38.253
393.667,-1.481,20.075,37.437
394.674,-0.250,20.075,37.437
395.859,-0.822,19.647,36.639
398.159,-0.493,19.647,36.639
400.240,0.273,19.647,36.639
402.321,0.383,19.647,36.639
404.840,1.807,19.647,36.639
405.388,0.821,19.647,36.639
407.469,0.054,19.647,36.639
409.550,2.354,19.647,36.639
410.755,3.121,19.647,36.639
410.864,3.669,19.647,36.639
412.069,1.150,19.647,36.639
412.398,0.164,19.647,36.639
411.193,1.369,19.647,36.639
409.769,2.135,19.647,36.639
409.221,1.150,19.647,36.639
410.170,0.168,19.228,35.858
409.205,-1.011,19.228,35.858
410.753,-1.146,18.818,35.093
410.651,-1.884,18.417,34.345
409.488,-3.009,18.824,35.104
409.173,-4.164,18.824,35.104
409.698,-5.948,18.824,35.104
408.334,-4.164,18.824,35.104
407.179,-2.170,18.824,35.104
406.268,-2.503,18.423,34.356
404.932,-0.963,18.423,34.356
403.392,-1.271,18.423,34.356
403.291,-0.014,18.030,33.623
400.577,1.896,18.030,33.623
399.673,3.404,18.030,33.623
397.492,3.970,18.429,34.367
398.622,4.895,18.429,34.367
397.246,5.048,18.836,35.128
396.536,10.382,18.435,34.378
396.022,8.840,18.435,34.378
396.991,3.235,18.843,35.139
397.726,1.239,18.843,35.139
399.302,1.765,18.843,35.139
400.247,1.239,18.843,35.139
402.453,0.294,18.843,35.139
403.609,-0.861,18.843,35.139
404.974,-1.597,18.843,35.139
408.021,-3.803,18.843,35.139
409.806,-5.168,18.843,35.139
431.341,-0.651,18.843,35.139
433.547,-0.336,18.843,35.139
434.072,-1.492,18.843,35.139
432.076,-1.177,18.843,35.139
432.391,-0.651,18.843,35.139
433.126,0.294,18.843,35.139
431.341,0.819,18.843,35.139
432.076,1.134,18.843,35.139
432.811,1.870,18.843,35.139
431.866,0.714,18.843,35.139
429.870,4.601,18.843,35.139
428.294,5.336,18.843,35.139
427.979,5.021,18.843,35.139
426.614,7.017,18.843,35.139
423.567,11.534,18.843,35.139
422.202,13.110,18.843,35.139
420.626,14.475,18.843,35.139
419.050,15.841,18.843,35.139
420.416,15.946,18.843,35.139
421.571,16.471,18.843,35.139
421.886,15.736,18.843,35.139
422.832,13.110,18.843,35.139
423.357,12.794,18.843,35.139
423.462,10.799,18.843,35.139
422.549,11.072,18.441,34.390
423.063,8.296,18.441,34.390
423.783,6.549,18.441,34.390
423.088,7.213,18.048,33.656
423.377,7.862,17.663,32.939
424.067,5.794,17.663,32.939
422.590,3.727,17.663,32.939
423.518,2.443,18.054,33.667
424.424,1.738,18.054,33.667
425.531,-0.174,18.054,33.667
425.833,-0.677,18.054,33.667
425.128,0.229,18.054,33.667
423.820,-0.878,18.054,33.667
423.317,0.027,18.054,33.667
422.008,-1.281,18.054,33.667
422.511,-2.388,18.054,33.667
