84.000,53.000,62.000,70.000
86.338,51.182,62.000,70.000
89.194,50.922,62.000,70.000
90.493,52.740,62.000,70.000
92.311,52.481,62.000,70.000
92.051,52.740,62.000,70.000
91.792,53.000,62.000,70.000
92.571,52.740,62.000,70.000
90.753,51.442,62.000,70.000
90.493,50.662,62.000,70.000
88.675,50.403,62.000,70.000
87.376,50.143,62.000,70.000
86.078,49.883,62.000,70.000
84.260,50.663,62.000,70.000
82.442,50.403,62.000,70.000
81.143,50.143,62.000,70.000
79.325,51.442,62.000,70.000
78.026,52.221,62.000,70.000
76.208,53.000,62.000,70.000
75.949,54.818,62.000,70.000
75.689,56.117,62.000,70.000
74.910,54.818,62.000,70.000
76.208,56.117,62.000,70.000
75.429,54.818,62.000,70.000
76.728,55.078,62.000,70.000
78.026,53.779,62.000,70.000
77.247,55.597,62.000,70.000
79.585,54.299,62.000,70.000
80.364,53.000,62.000,70.000
81.663,51.701,62.000,70.000
83.481,51.442,62.000,70.000
84.260,51.182,62.000,70.000
85.558,51.442,62.000,70.000
86.857,51.701,62.000,70.000
88.156,51.961,62.000,70.000
88.935,52.221,62.000,70.000
90.753,51.442,62.000,70.000
91.532,51.701,62.000,70.000
92.311,51.961,62.000,70.000
92.571,52.221,62.000,70.000
93.869,51.442,62.000,70.000
95.168,51.701,62.000,70.000
94.389,51.961,62.000,70.000
95.688,52.221,62.000,70.000
96.467,51.442,62.000,70.000
96.726,52.740,62.000,70.000
97.506,53.000,62.000,70.000
97.246,53.779,62.000,70.000
96.986,53.519,62.000,70.000
98.285,53.260,62.000,70.000
96.986,53.000,62.000,70.000
97.765,53.779,62.000,70.000
96.467,53.519,62.000,70.000
96.726,53.779,62.000,70.000
96.467,54.039,62.000,70.000
95.688,52.740,62.000,70.000
95.947,53.000,62.000,70.000
95.688,52.740,62.000,70.000
94.389,52.481,62.000,70.000
93.610,52.221,62.000,70.000
94.021,52.216,60.678,68.507
92.750,52.979,60.678,68.507
91.987,52.725,60.678,68.507
91.733,53.487,60.678,68.507
90.462,53.233,60.678,68.507
90.716,52.979,60.678,68.507
88.937,52.725,60.678,68.507
88.174,53.996,60.678,68.507
87.412,53.233,60.678,68.507
87.158,52.979,60.678,68.507
86.395,52.725,60.678,68.507
85.632,53.996,60.678,68.507
85.378,52.725,60.678,68.507
84.616,53.487,60.678,68.507
84.870,53.233,60.678,68.507
83.091,52.979,60.678,68.507
83.345,52.725,60.678,68.507
83.091,53.487,60.678,68.507
82.328,53.233,60.678,68.507
82.582,52.979,60.678,68.507
82.836,52.216,60.678,68.507
81.057,53.487,60.678,68.507
82.328,52.725,60.678,68.507
81.566,53.487,60.678,68.507
82.328,52.725,60.678,68.507
81.057,53.996,60.678,68.507
81.311,52.216,60.678,68.507
81.057,52.979,60.678,68.507
80.803,52.216,60.678,68.507
80.040,52.979,60.678,68.507
80.803,52.216,60.678,68.507
79.532,52.979,60.678,68.507
80.803,52.216,60.678,68.507
79.532,52.979,60.678,68.507
80.803,51.708,60.678,68.507
79.024,53.996,60.678,68.507
79.786,52.216,60.678,68.507
79.024,52.470,60.678,68.507
79.786,52.725,60.678,68.507
79.532,53.487,60.678,68.507
80.295,52.725,60.678,68.507
80.040,53.487,60.678,68.507
80.295,52.725,60.678,68.507
80.549,52.979,60.678,68.507
81.311,52.216,60.678,68.507
81.057,52.979,60.678,68.507
81.311,52.216,60.678,68.507
82.074,52.979,60.678,68.507
81.311,52.216,60.678,68.507
82.582,53.487,60.678,68.507
83.345,52.725,60.678,68.507
82.582,53.996,60.678,68.507
83.853,52.725,60.678,68.507
83.091,53.996,60.678,68.507
84.362,52.725,60.678,68.507
84.616,53.996,60.678,68.507
85.378,53.233,60.678,68.507
85.632,52.979,60.678,68.507
86.395,53.233,60.678,68.507
86.141,53.487,60.678,68.507
86.395,53.741,60.678,68.507
86.649,54.504,60.678,68.507
87.412,54.250,60.678,68.507
87.158,53.996,60.678,68.507
87.412,53.741,60.678,68.507
88.174,55.012,60.678,68.507
87.412,53.741,60.678,68.507
88.174,55.012,60.678,68.507
87.412,53.741,60.678,68.507
87.666,54.504,60.678,68.507
86.395,54.250,60.678,68.507
86.141,53.487,60.678,68.507
85.378,53.233,60.678,68.507
84.616,53.487,60.678,68.507
84.870,53.741,60.678,68.507
83.091,53.996,60.678,68.507
83.345,53.233,60.678,68.507
83.599,53.996,60.678,68.507
82.328,53.233,60.678,68.507
83.091,53.996,60.678,68.507
81.311,53.233,60.678,68.507
83.091,53.487,60.678,68.507
82.328,53.741,60.678,68.507
83.599,53.996,60.678,68.507
84.361,52.725,60.678,68.507
84.107,53.996,60.678,68.507
84.870,52.725,60.678,68.507
85.124,54.504,60.678,68.507
85.887,53.741,60.678,68.507
86.649,55.012,60.678,68.507
87.412,53.233,60.678,68.507
87.666,54.504,60.678,68.507
86.395,53.741,60.678,68.507
87.666,54.504,60.678,68.507
85.887,53.233,60.678,68.507
86.649,53.996,60.678,68.507
86.903,52.725,60.678,68.507
85.632,54.504,60.678,68.507
85.887,53.233,60.678,68.507
84.616,53.487,60.678,68.507
84.870,54.250,60.678,68.507
83.091,52.979,60.678,68.507
83.345,53.741,60.678,68.507
82.582,53.487,60.678,68.507
81.820,53.233,60.678,68.507
80.040,52.979,60.678,68.507
79.786,52.216,60.678,68.507
79.024,52.979,60.678,68.507
78.261,51.708,60.678,68.507
78.515,52.979,60.678,68.507
77.753,51.708,60.678,68.507
76.990,52.470,60.678,68.507
76.736,51.708,60.678,68.507
76.482,52.470,60.678,68.507
77.244,52.216,60.678,68.507
76.482,51.454,60.678,68.507
77.244,52.216,60.678,68.507
76.990,51.962,60.678,68.507
77.244,51.708,60.678,68.507
78.007,53.487,60.678,68.507
78.261,52.216,60.678,68.507
79.532,53.487,60.678,68.507
80.295,52.725,60.678,68.507
81.057,53.996,60.678,68.507
81.311,52.216,60.678,68.507
83.091,53.487,60.678,68.507
84.361,53.233,60.678,68.507
86.141,52.979,60.678,68.507
87.412,53.233,60.678,68.507
89.191,53.487,60.678,68.507
90.462,54.758,60.678,68.507
92.241,52.979,60.678,68.507
93.512,54.758,60.678,68.507
94.275,52.979,60.678,68.507
95.037,54.250,60.678,68.507
95.291,53.487,60.678,68.507
96.054,53.233,60.678,68.507
96.308,52.470,60.678,68.507
96.562,53.233,60.678,68.507
96.308,52.470,60.678,68.507
95.546,53.233,60.678,68.507
95.291,51.962,60.678,68.507
94.020,51.708,60.678,68.507
92.241,52.979,60.678,68.507
90.970,50.691,60.678,68.507
89.191,51.454,60.678,68.507
87.920,50.691,60.678,68.507
86.141,51.454,60.678,68.507
84.870,50.183,60.678,68.507
83.091,49.929,60.678,68.507
81.820,49.674,60.678,68.507
80.040,51.454,60.678,68.507
78.769,50.691,60.678,68.507
77.499,51.962,60.678,68.507
77.244,50.691,60.678,68.507
76.990,50.945,60.678,68.507
75.719,49.674,60.678,68.507
75.465,50.437,60.678,68.507
75.719,50.183,60.678,68.507
75.465,49.420,60.678,68.507
76.228,49.674,60.678,68.507
76.482,49.420,60.678,68.507
77.244,48.149,60.678,68.507
78.007,47.387,60.678,68.507
78.769,47.133,60.678,68.507
78.889,46.111,62.020,70.023
80.708,45.332,62.020,70.023
82.527,45.072,62.020,70.023
84.345,44.812,62.020,70.023
86.684,46.111,62.020,70.023
89.022,45.332,62.020,70.023
91.360,45.591,62.020,70.023
95.777,46.371,62.020,70.023
99.134,45.866,63.393,71.572
103.668,45.349,64.795,73.156
107.739,46.164,64.795,73.156
113.439,45.892,64.795,73.156
119.682,45.621,64.795,73.156
125.382,44.807,64.795,73.156
132.168,45.078,64.795,73.156
137.325,44.807,64.795,73.156
143.025,43.992,64.795,73.156
147.640,44.807,64.795,73.156
152.254,43.449,64.795,73.156
158.962,43.968,63.413,71.596
164.009,44.234,63.413,71.596
167.994,42.905,63.413,71.596
171.979,44.234,63.413,71.596
175.432,42.905,63.413,71.596
177.823,44.234,63.413,71.596
180.745,42.905,63.413,71.596
183.136,44.234,63.413,71.596
185.526,42.905,63.413,71.596
186.855,44.234,63.413,71.596
188.714,42.905,63.413,71.596
189.511,44.765,63.413,71.596
190.308,43.968,63.413,71.596
190.574,45.296,63.413,71.596
190.839,43.968,63.413,71.596
190.574,45.296,63.413,71.596
189.777,43.968,63.413,71.596
188.448,45.296,63.413,71.596
187.120,43.968,63.413,71.596
186.323,45.296,63.413,71.596
183.401,43.968,63.413,71.596
181.542,45.827,63.413,71.596
179.151,45.030,63.413,71.596
177.291,45.827,63.413,71.596
174.369,45.562,63.413,71.596
170.385,45.827,63.413,71.596
166.931,46.624,63.413,71.596
163.478,46.359,63.413,71.596
158.962,46.093,63.413,71.596
154.977,47.421,63.413,71.596
149.930,47.156,63.413,71.596
145.414,49.015,63.413,71.596
140.367,48.218,63.413,71.596
135.851,47.421,63.413,71.596
131.335,48.218,63.413,71.596
125.757,47.953,63.413,71.596
121.241,48.749,63.413,71.596
116.725,49.015,63.413,71.596
111.677,49.812,63.413,71.596
107.162,50.609,63.413,71.596
103.708,50.875,63.413,71.596
99.724,51.672,63.413,71.596
96.270,50.875,63.413,71.596
94.411,51.672,63.413,71.596
90.957,50.875,63.413,71.596
89.098,51.672,63.413,71.596
87.238,50.875,63.413,71.596
85.379,51.672,63.413,71.596
83.519,50.875,63.413,71.596
82.191,51.672,63.413,71.596
81.925,51.406,63.413,71.596
80.597,51.672,63.413,71.596
79.800,51.937,63.413,71.596
80.066,51.672,63.413,71.596
79.800,51.937,63.413,71.596
79.535,52.203,63.413,71.596
79.269,50.875,63.413,71.596
80.597,51.672,63.413,71.596
80.863,52.468,63.413,71.596
82.191,50.609,63.413,71.596
83.519,51.937,63.413,71.596
84.847,51.672,63.413,71.596
87.316,52.179,62.061,70.069
90.233,53.678,60.738,68.575
92.014,52.914,60.738,68.575
95.322,54.187,60.738,68.575
98.120,55.459,60.738,68.575
101.428,53.678,60.738,68.575
104.736,54.950,60.738,68.575
108.552,54.187,60.738,68.575
112.369,54.950,60.738,68.575
116.185,54.187,60.738,68.575
120.511,55.968,60.738,68.575
125.854,54.187,60.738,68.575
131.197,55.968,60.738,68.575
135.522,54.187,60.738,68.575
140.356,54.950,60.738,68.575
144.682,54.187,60.738,68.575
149.516,54.950,60.738,68.575
154.350,54.695,60.738,68.575
159.185,53.932,60.738,68.575
163.510,55.204,60.738,68.575
168.344,55.459,60.738,68.575
172.161,54.695,60.738,68.575
175.977,54.441,60.738,68.575
180.303,54.187,60.738,68.575
183.102,55.459,60.738,68.575
187.427,54.187,60.738,68.575
189.717,55.459,60.738,68.575
193.024,53.678,60.738,68.575
195.823,54.950,60.738,68.575
198.113,55.204,60.738,68.575
200.403,55.968,60.738,68.575
202.184,55.713,60.738,68.575
203.567,55.218,59.442,67.112
205.311,56.463,59.442,67.112
206.556,55.716,59.442,67.112
207.303,56.463,59.442,67.112
206.556,55.218,59.442,67.112
207.801,55.467,59.442,67.112
205.560,55.716,59.442,67.112
206.805,55.467,59.442,67.112
204.564,55.218,59.442,67.112
205.311,54.471,59.442,67.112
203.069,55.218,59.442,67.112
202.322,54.471,59.442,67.112
201.077,54.720,59.442,67.112
199.334,54.969,59.442,67.112
198.089,53.226,59.442,67.112
195.848,53.475,59.442,67.112
194.105,53.724,59.442,67.112
192.362,53.475,59.442,67.112
190.121,52.728,59.442,67.112
187.382,52.977,59.442,67.112
185.141,51.732,59.442,67.112
182.402,52.977,59.442,67.112
180.161,51.732,59.442,67.112
177.422,52.977,59.442,67.112
174.683,51.234,59.442,67.112
172.939,52.479,59.442,67.112
168.706,51.732,59.442,67.112
168.457,52.977,59.442,67.112
164.722,51.732,59.442,67.112
161.485,51.981,59.442,67.112
158.502,50.464,60.757,68.597
154.685,49.700,60.757,68.597
153.921,51.991,60.757,68.597
150.103,50.718,60.757,68.597
148.322,50.464,60.757,68.597
145.013,50.209,60.757,68.597
145.776,50.973,60.757,68.597
141.450,50.209,60.757,68.597
140.686,49.955,60.757,68.597
138.395,50.209,60.757,68.597
137.123,48.937,60.757,68.597
135.850,50.209,60.757,68.597
136.105,48.937,60.757,68.597
134.323,49.191,60.757,68.597
133.560,49.955,60.757,68.597
133.305,49.191,60.757,68.597
133.051,50.464,60.757,68.597
133.305,49.191,60.757,68.597
132.542,50.464,60.757,68.597
132.796,49.191,60.757,68.597
134.069,50.464,60.757,68.597
134.323,49.191,60.757,68.597
134.578,50.464,60.757,68.597
135.850,49.191,60.757,68.597
137.123,49.446,60.757,68.597
137.377,48.173,60.757,68.597
139.159,48.937,60.757,68.597
140.941,48.173,60.757,68.597
143.231,47.918,60.757,68.597
145.013,47.664,60.757,68.597
147.813,46.900,60.757,68.597
150.612,46.646,60.757,68.597
153.412,46.391,60.757,68.597
156.721,45.628,60.757,68.597
160.539,46.391,60.757,68.597
163.847,45.628,60.757,68.597
168.174,45.373,60.757,68.597
171.483,44.610,60.757,68.597
174.792,44.864,60.757,68.597
179.118,44.610,60.757,68.597
182.936,43.846,60.757,68.597
186.754,44.101,60.757,68.597
190.572,44.355,60.757,68.597
194.389,44.101,60.757,68.597
197.698,43.846,60.757,68.597
201.516,43.592,60.757,68.597
204.825,43.337,60.757,68.597
208.642,43.083,60.757,68.597
211.442,43.846,60.757,68.597
214.242,43.592,60.757,68.597
217.041,43.337,60.757,68.597
219.802,43.370,62.102,70.115
222.664,43.110,62.102,70.115
224.485,42.850,62.102,70.115
226.306,43.631,62.102,70.115
227.607,43.370,62.102,70.115
228.269,41.785,63.476,71.666
229.599,42.583,63.476,71.666
229.724,40.962,64.880,73.252
229.996,41.234,64.880,73.252
230.268,41.506,64.880,73.252
229.996,40.691,64.880,73.252
228.637,40.962,64.880,73.252
227.278,40.691,64.880,73.252
227.550,40.419,64.880,73.252
225.647,39.603,64.880,73.252
223.201,40.419,64.880,73.252
221.842,39.060,64.880,73.252
219.396,40.419,64.880,73.252
216.950,39.060,64.880,73.252
213.960,39.875,64.880,73.252
210.427,39.060,64.880,73.252
207.981,39.332,64.880,73.252
203.904,39.060,64.880,73.252
199.827,38.245,64.880,73.252
195.751,37.973,64.880,73.252
191.674,37.157,64.880,73.252
187.597,37.429,64.880,73.252
183.520,36.614,64.880,73.252
179.987,36.886,64.880,73.252
175.366,36.614,64.880,73.252
172.377,36.342,64.880,73.252
168.300,37.701,64.880,73.252
162.789,36.609,66.316,74.872
159.177,36.331,66.316,74.872
154.454,36.609,66.316,74.872
151.399,36.331,66.316,74.872
147.787,37.164,66.316,74.872
145.843,36.886,66.316,74.872
141.676,37.164,66.316,74.872
140.842,37.442,66.316,74.872
136.675,37.720,66.316,74.872
137.509,37.442,66.316,74.872
133.342,37.720,66.316,74.872
133.064,37.442,66.316,74.872
130.564,38.275,66.316,74.872
131.397,38.553,66.316,74.872
130.008,38.831,66.316,74.872
129.730,38.553,66.316,74.872
131.119,39.942,66.316,74.872
129.730,39.109,66.316,74.872
131.119,39.942,66.316,74.872
131.953,40.776,66.316,74.872
132.786,41.053,66.316,74.872
134.731,41.331,66.316,74.872
136.120,42.165,66.316,74.872
136.953,41.887,66.316,74.872
138.898,42.165,66.316,74.872
140.287,42.442,66.316,74.872
142.231,43.831,66.316,74.872
143.620,42.998,66.316,74.872
145.565,45.498,66.316,74.872
146.954,45.776,66.316,74.872
147.787,44.943,66.316,74.872
149.732,46.887,66.316,74.872
150.565,46.609,66.316,74.872
152.076,47.676,64.901,73.276
152.348,49.035,64.901,73.276
153.826,49.030,63.517,71.713
154.092,50.361,63.517,71.713
154.358,49.562,63.517,71.713
155.292,51.609,62.163,70.184
155.552,50.307,62.163,70.184
153.729,52.130,62.163,70.184
154.510,51.349,62.163,70.184
152.688,51.088,62.163,70.184
152.948,51.349,62.163,70.184
151.646,51.088,62.163,70.184
150.344,50.828,62.163,70.184
150.604,51.609,62.163,70.184
147.740,50.307,62.163,70.184
146.959,52.130,62.163,70.184
145.136,50.828,62.163,70.184
143.313,51.609,62.163,70.184
141.490,50.828,62.163,70.184
138.626,51.609,62.163,70.184
136.803,51.349,62.163,70.184
134.459,53.172,62.163,70.184
131.074,52.911,62.163,70.184
128.730,52.651,62.163,70.184
125.345,52.911,62.163,70.184
122.481,52.651,62.163,70.184
118.575,53.432,62.163,70.184
115.974,53.929,60.837,68.687
113.430,55.890,59.540,67.222
110.939,57.809,58.270,65.789
107.766,58.541,58.270,65.789
105.799,59.478,57.027,64.386
104.127,59.239,57.027,64.386
101.022,60.911,57.027,64.386
98.394,60.195,57.027,64.386
97.677,61.867,57.027,64.386
95.527,60.195,57.027,64.386
94.333,61.867,57.027,64.386
92.660,60.672,57.027,64.386
91.944,60.911,57.027,64.386
91.227,61.628,57.027,64.386
89.077,60.911,57.027,64.386
88.838,62.106,57.027,64.386
87.834,61.180,55.811,63.013
88.655,62.528,54.621,61.669
88.884,62.757,54.621,61.669
87.739,62.528,54.621,61.669
87.968,63.215,54.621,61.669
88.197,62.528,54.621,61.669
88.426,63.215,54.621,61.669
89.112,62.071,54.621,61.669
89.341,63.672,54.621,61.669
91.026,62.345,53.456,60.354
91.250,63.017,53.456,60.354
92.370,62.793,53.456,60.354
93.490,62.121,53.456,60.354
94.609,62.793,53.456,60.354
96.177,61.673,53.456,60.354
97.296,62.345,53.456,60.354
98.864,61.673,53.456,60.354
99.984,62.345,53.456,60.354
101.999,60.778,53.456,60.354
104.014,61.897,53.456,60.354
106.030,62.569,53.456,60.354
108.045,61.001,53.456,60.354
110.061,62.121,53.456,60.354
112.076,61.449,53.456,60.354
114.539,60.778,53.456,60.354
117.002,61.449,53.456,60.354
119.018,60.778,53.456,60.354
121.481,61.449,53.456,60.354
124.392,60.778,53.456,60.354
126.408,61.449,53.456,60.354
128.871,61.225,53.456,60.354
130.886,62.793,53.456,60.354
133.350,61.673,53.456,60.354
136.261,62.345,53.456,60.354
138.724,61.673,53.456,60.354
141.187,63.241,53.456,60.354
142.755,63.913,53.456,60.354
145.218,63.241,53.456,60.354
146.786,64.360,53.456,60.354
147.905,62.793,53.456,60.354
149.473,63.913,53.456,60.354
151.040,63.241,53.456,60.354
152.160,64.360,53.456,60.354
153.280,62.793,53.456,60.354
154.399,63.913,53.456,60.354
155.071,64.137,53.456,60.354
155.295,63.913,53.456,60.354
155.967,63.689,53.456,60.354
155.295,63.465,53.456,60.354
155.967,63.241,53.456,60.354
154.399,63.913,53.456,60.354
155.071,62.793,53.456,60.354
153.504,62.569,53.456,60.354
154.175,62.793,53.456,60.354
151.712,61.673,53.456,60.354
152.832,61.449,53.456,60.354
149.921,60.778,53.456,60.354
149.249,60.554,53.456,60.354
148.129,59.882,53.456,60.354
146.562,60.106,53.456,60.354
145.890,59.434,53.456,60.354
143.427,58.314,53.456,60.354
143.203,58.090,53.456,60.354
140.739,57.866,53.456,60.354
140.515,57.195,53.456,60.354
138.500,57.866,53.456,60.354
136.932,57.195,53.456,60.354
134.917,57.419,53.456,60.354
134.245,56.747,53.456,60.354
133.126,56.971,53.456,60.354
132.006,56.747,53.456,60.354
130.886,56.523,53.456,60.354
130.215,56.299,53.456,60.354
129.543,56.971,53.456,60.354
127.790,55.606,54.639,61.689
128.019,55.377,54.639,61.689
127.790,55.148,54.639,61.689
127.103,55.835,54.639,61.689
127.790,56.064,54.639,61.689
127.561,55.835,54.639,61.689
128.705,56.064,54.639,61.689
128.476,56.293,54.639,61.689
129.059,55.373,55.848,63.054
130.697,56.075,55.848,63.054
131.399,55.373,55.848,63.054
132.569,56.075,55.848,63.054
134.206,55.373,55.848,63.054
135.376,55.607,55.848,63.054
137.482,54.437,55.848,63.054
139.587,55.139,55.848,63.054
140.668,53.228,57.084,64.449
143.777,53.945,57.084,64.449
146.407,53.228,57.084,64.449
149.038,52.989,57.084,64.449
151.668,52.271,57.084,64.449
155.733,52.032,57.084,64.449
158.842,51.793,57.084,64.449
160.940,49.839,58.347,65.875
164.606,50.084,58.347,65.875
168.272,49.351,58.347,65.875
171.450,48.617,58.347,65.875
175.116,49.351,58.347,65.875
177.804,48.617,58.347,65.875
181.471,48.373,58.347,65.875
184.648,48.129,58.347,65.875
187.826,47.884,58.347,65.875
191.003,48.617,58.347,65.875
193.203,48.373,58.347,65.875
196.380,48.129,58.347,65.875
199.069,47.884,58.347,65.875
201.758,48.617,58.347,65.875
204.446,48.373,58.347,65.875
206.646,48.617,58.347,65.875
209.334,48.862,58.347,65.875
210.464,47.372,59.637,67.333
211.713,46.623,59.637,67.333
213.462,47.372,59.637,67.333
214.711,46.623,59.637,67.333
215.960,46.873,59.637,67.333
217.209,47.122,59.637,67.333
216.960,47.372,59.637,67.333
217.077,45.850,60.957,68.822
216.822,46.616,60.957,68.822
217.588,45.339,60.957,68.822
217.333,45.594,60.957,68.822
217.077,45.850,60.957,68.822
216.311,45.084,60.957,68.822
215.902,45.117,62.306,70.345
215.119,44.334,62.306,70.345
214.336,43.551,62.306,70.345
213.553,44.334,62.306,70.345
210.682,43.551,62.306,70.345
210.421,43.812,62.306,70.345
207.028,43.551,62.306,70.345
206.767,42.768,62.306,70.345
203.374,43.029,62.306,70.345
200.503,42.768,62.306,70.345
197.632,41.985,62.306,70.345
195.283,41.724,62.306,70.345
192.934,41.463,62.306,70.345
189.019,41.202,62.306,70.345
186.148,41.463,62.306,70.345
182.755,40.680,62.306,70.345
178.839,40.419,62.306,70.345
175.446,40.158,62.306,70.345
172.053,40.419,62.306,70.345
169.182,40.158,62.306,70.345
165.267,40.419,62.306,70.345
161.874,39.636,62.306,70.345
156.582,39.129,63.684,71.901
152.580,38.328,63.684,71.901
148.578,38.595,63.684,71.901
145.644,37.795,63.684,71.901
142.709,37.528,63.684,71.901
138.707,37.795,63.684,71.901
135.773,38.062,63.684,71.901
132.838,38.328,63.684,71.901
130.437,38.595,63.684,71.901
128.036,38.862,63.684,71.901
125.102,39.129,63.684,71.901
123.234,39.395,63.684,71.901
120.833,39.662,63.684,71.901
118.432,39.395,63.684,71.901
118.699,39.129,63.684,71.901
114.697,38.862,63.684,71.901
114.964,39.129,63.684,71.901
112.563,39.395,63.684,71.901
113.897,39.662,63.684,71.901
110.429,39.395,63.684,71.901
111.763,39.129,63.684,71.901
109.895,39.395,63.684,71.901
111.229,39.662,63.684,71.901
112.030,39.929,63.684,71.901
110.696,39.662,63.684,71.901
112.030,39.929,63.684,71.901
112.830,39.662,63.684,71.901
113.630,39.395,63.684,71.901
114.964,39.129,63.684,71.901
115.231,38.862,63.684,71.901
116.565,38.062,63.684,71.901
118.432,37.795,63.684,71.901
119.233,38.062,63.684,71.901
120.567,38.862,63.684,71.901
122.434,38.062,63.684,71.901
123.768,39.396,63.684,71.901
124.568,40.196,63.684,71.901
126.436,39.396,63.684,71.901
128.915,40.934,62.326,70.368
130.220,41.717,62.326,70.368
131.526,41.978,62.326,70.368
132.831,43.283,62.326,70.368
134.136,44.067,62.326,70.368
135.442,44.328,62.326,70.368
133.614,43.022,62.326,70.368
135.442,43.806,62.326,70.368
136.747,44.589,62.326,70.368
137.531,44.328,62.326,70.368
135.703,44.067,62.326,70.368
137.008,44.850,62.326,70.368
137.792,45.111,62.326,70.368
134.920,44.850,62.326,70.368
136.225,44.589,62.326,70.368
133.875,44.328,62.326,70.368
134.659,44.589,62.326,70.368
130.742,44.328,62.326,70.368
131.003,44.589,62.326,70.368
127.609,44.328,62.326,70.368
125.259,44.067,62.326,70.368
124.998,46.416,62.326,70.368
120.560,44.589,62.326,70.368
116.643,45.372,62.326,70.368
113.249,45.111,62.326,70.368
110.642,46.616,60.997,68.868
106.299,45.339,60.997,68.868
102.466,48.149,60.997,68.868
98.122,46.872,60.997,68.868
94.289,48.149,60.997,68.868
89.945,47.383,60.997,68.868
85.601,49.171,60.997,68.868
80.746,47.383,60.997,68.868
76.403,49.683,60.997,68.868
72.570,47.383,60.997,68.868
68.226,50.194,60.997,68.868
65.415,49.427,60.997,68.868
62.604,51.216,60.997,68.868
58.772,48.916,60.997,68.868
56.983,51.216,60.997,68.868
54.683,49.427,60.997,68.868
53.406,51.216,60.997,68.868
54.172,49.938,60.997,68.868
51.621,51.904,59.696,67.399
52.498,50.935,58.423,65.962
51.275,51.669,58.423,65.962
52.988,51.914,58.423,65.962
51.488,53.325,57.177,64.555
52.685,51.649,57.177,64.555
53.883,52.846,57.177,64.555
55.081,53.086,57.177,64.555
55.194,52.123,58.442,65.983
56.418,52.368,58.442,65.983
57.152,52.613,58.442,65.983
58.866,51.389,58.442,65.983
61.069,54.082,58.442,65.983
62.783,51.878,58.442,65.983
64.986,54.082,58.442,65.983
67.190,52.368,58.442,65.983
69.883,54.571,58.442,65.983
72.576,52.368,58.442,65.983
75.269,55.061,58.442,65.983
78.451,53.347,58.442,65.983
81.634,55.550,58.442,65.983
85.306,53.347,58.442,65.983
88.489,55.550,58.442,65.983
92.161,53.347,58.442,65.983
95.834,56.040,58.442,65.983
99.052,55.564,57.196,64.576
102.646,57.720,57.196,64.576
106.240,57.481,57.196,64.576
109.391,59.324,55.976,63.199
111.970,60.496,55.976,63.199
115.018,58.855,55.976,63.199
117.197,62.015,54.783,61.851
119.263,61.785,54.783,61.851
121.328,62.474,54.783,61.851
122.935,63.162,54.783,61.851
124.541,62.474,54.783,61.851
125.688,63.621,54.783,61.851
126.836,62.474,54.783,61.851
127.983,64.080,54.783,61.851
128.672,62.933,54.783,61.851
128.901,63.621,54.783,61.851
129.131,62.933,54.783,61.851
127.524,63.621,54.783,61.851
128.672,63.851,54.783,61.851
127.983,64.080,54.783,61.851
128.213,64.769,54.783,61.851
126.147,63.621,54.783,61.851
125.918,63.392,54.783,61.851
126.147,64.998,54.783,61.851
124.082,63.851,54.783,61.851
125.330,65.616,53.614,60.532
123.308,66.290,53.614,60.532
123.533,66.515,53.614,60.532
123.758,67.188,53.614,60.532
123.533,66.964,53.614,60.532
123.758,67.638,53.614,60.532
124.431,68.311,53.614,60.532
123.308,67.638,53.614,60.532
124.529,68.932,52.471,59.241
125.189,67.833,52.471,59.241
126.288,69.372,52.471,59.241
126.947,68.273,52.471,59.241
128.046,68.493,52.471,59.241
129.585,68.273,52.471,59.241
130.780,68.693,51.352,57.978
132.716,68.478,51.352,57.978
134.652,68.263,51.352,57.978
136.158,67.617,51.352,57.978
138.524,67.402,51.352,57.978
140.891,67.187,51.352,57.978
143.257,66.542,51.352,57.978
146.484,67.187,51.352,57.978
149.280,66.111,51.352,57.978
152.937,65.896,51.352,57.978
156.594,66.972,51.352,57.978
159.391,66.757,51.352,57.978
163.048,66.542,51.352,57.978
167.135,66.327,51.352,57.978
170.792,66.111,51.352,57.978
174.449,65.896,51.352,57.978
177.676,66.542,51.352,57.978
180.902,66.327,51.352,57.978
184.559,66.542,51.352,57.978
187.356,66.327,51.352,57.978
190.152,66.542,51.352,57.978
193.379,67.187,51.352,57.978
195.315,66.111,51.352,57.978
198.112,66.757,51.352,57.978
200.478,66.972,51.352,57.978
201.554,66.757,51.352,57.978
203.490,66.542,51.352,57.978
204.996,66.327,51.352,57.978
206.932,66.542,51.352,57.978
208.007,66.757,51.352,57.978
209.083,66.972,51.352,57.978
209.728,67.187,51.352,57.978
209.943,66.111,51.352,57.978
210.158,66.757,51.352,57.978
210.374,66.972,51.352,57.978
208.868,67.187,51.352,57.978
209.513,66.111,51.352,57.978
207.577,66.327,51.352,57.978
207.792,66.542,51.352,57.978
206.286,66.327,51.352,57.978
206.071,65.681,51.352,57.978
203.705,65.896,51.352,57.978
201.769,65.681,51.352,57.978
199.403,64.606,51.352,57.978
197.036,63.960,51.352,57.978
195.961,64.175,51.352,57.978
192.734,63.100,51.352,57.978
190.157,61.342,52.488,59.261
187.299,61.123,52.488,59.261
183.561,60.463,52.488,59.261
181.142,59.803,52.488,59.261
178.723,59.144,52.488,59.261
175.425,58.484,52.488,59.261
172.567,58.704,52.488,59.261
170.148,58.484,52.488,59.261
167.730,58.264,52.488,59.261
165.311,58.044,52.488,59.261
162.453,57.824,52.488,59.261
160.034,58.484,52.488,59.261
157.400,56.688,53.649,60.572
155.827,57.362,53.649,60.572
153.135,55.526,54.836,61.912
151.986,56.215,54.836,61.912
151.297,55.526,54.836,61.912
149.230,56.675,54.836,61.912
147.908,54.322,56.050,63.282
146.557,53.378,57.290,64.682
145.837,54.098,57.290,64.682
145.597,53.378,57.290,64.682
145.213,52.413,58.557,66.113
145.458,53.640,58.557,66.113
144.722,52.413,58.557,66.113
145.458,53.640,58.557,66.113
146.194,52.413,58.557,66.113
147.420,54.130,58.557,66.113
147.666,52.904,58.557,66.113
147.781,51.409,59.853,67.576
148.533,52.161,59.853,67.576
150.790,50.908,59.853,67.576
151.542,50.155,59.853,67.576
153.297,49.905,59.853,67.576
154.551,49.153,59.853,67.576
156.306,49.403,59.853,67.576
158.061,48.651,59.853,67.576
159.816,48.400,59.853,67.576
161.571,47.648,59.853,67.576
164.329,46.896,59.853,67.576
166.586,45.141,59.853,67.576
166.704,44.133,61.177,69.071
168.498,43.877,61.177,69.071
170.292,43.108,61.177,69.071
172.599,42.852,61.177,69.071
173.880,42.595,61.177,69.071
176.186,41.827,61.177,69.071
177.371,40.265,62.531,70.599
179.204,40.527,62.531,70.599
179.872,39.474,63.914,72.161
181.210,38.671,63.914,72.161
180.781,37.595,65.328,73.758
182.149,36.774,65.328,73.758
182.278,35.674,66.774,75.390
183.677,35.394,66.774,75.390
183.397,34.555,66.774,75.390
184.796,34.835,66.774,75.390
183.767,33.711,68.251,77.058
182.909,34.568,68.251,77.058
182.623,33.139,68.251,77.058
181.766,33.425,68.251,77.058
180.908,33.139,68.251,77.058
179.478,32.281,68.251,77.058
177.833,32.318,69.761,78.763
175.203,31.442,69.761,78.763
173.158,31.734,69.761,78.763
170.528,32.026,69.761,78.763
167.898,31.734,69.761,78.763
164.098,32.026,69.761,78.763
160.299,31.734,69.761,78.763
156.500,30.857,69.761,78.763
152.701,29.981,69.761,78.763
148.318,29.688,69.761,78.763
145.103,29.396,69.761,78.763
141.304,29.104,69.761,78.763
138.090,30.565,69.761,78.763
134.290,29.688,69.761,78.763
131.076,29.396,69.761,78.763
127.861,28.519,69.761,78.763
124.647,28.812,69.761,78.763
122.017,29.104,69.761,78.763
118.516,27.929,71.305,80.505
115.828,28.228,71.305,80.505
114.932,28.527,71.305,80.505
113.438,29.423,71.305,80.505
111.347,29.722,71.305,80.505
111.646,30.020,71.305,80.505
109.928,30.679,72.882,82.286
109.012,30.984,72.882,82.286
109.928,31.290,72.882,82.286
110.233,32.816,72.882,82.286
111.149,34.953,72.882,82.286
111.454,34.038,72.882,82.286
112.981,36.785,72.882,82.286
113.897,38.312,72.882,82.286
114.202,38.007,72.882,82.286
115.118,39.533,72.882,82.286
116.034,40.449,72.882,82.286
116.339,40.754,72.882,82.286
116.644,41.060,72.882,82.286
116.339,40.144,72.882,82.286
117.999,42.493,71.328,80.532
117.700,41.596,71.328,80.532
117.401,41.297,71.328,80.532
116.505,40.999,71.328,80.532
116.206,40.700,71.328,80.532
117.255,41.846,69.807,78.814
115.793,42.139,69.807,78.814
114.330,41.846,69.807,78.814
114.038,42.724,69.807,78.814
111.991,41.846,69.807,78.814
110.529,42.724,69.807,78.814
109.652,43.016,69.807,78.814
106.435,43.893,69.807,78.814
105.558,44.186,69.807,78.814
103.511,43.893,69.807,78.814
100.879,45.356,69.807,78.814
98.247,45.063,69.807,78.814
95.615,46.525,69.807,78.814
92.983,45.648,69.807,78.814
90.352,46.525,69.807,78.814
88.305,46.818,69.807,78.814
85.673,47.695,69.807,78.814
82.456,47.403,69.807,78.814
80.409,47.695,69.807,78.814
78.362,48.572,69.807,78.814
75.730,48.865,69.807,78.814
73.098,49.742,69.807,78.814
71.306,50.300,68.318,77.134
71.207,52.502,66.861,75.489
69.246,51.662,66.861,75.489
67.846,52.502,66.861,75.489
67.209,51.957,65.435,73.879
68.171,54.594,64.040,72.303
66.829,53.253,64.040,72.303
66.561,54.058,64.040,72.303
65.220,53.790,64.040,72.303
67.196,53.785,62.674,70.761
65.883,54.572,62.674,70.761
67.196,53.785,62.674,70.761
66.408,54.572,62.674,70.761
67.721,53.785,62.674,70.761
69.148,54.286,61.338,69.252
69.919,54.029,61.338,69.252
71.204,54.286,61.338,69.252
73.516,54.543,61.338,69.252
75.409,54.539,60.030,67.776
78.175,56.299,60.030,67.776
80.941,55.042,60.030,67.776
83.707,55.293,60.030,67.776
86.473,56.047,60.030,67.776
90.245,55.796,60.030,67.776
94.017,56.550,60.030,67.776
97.286,57.305,60.030,67.776
101.561,57.053,60.030,67.776
105.333,56.802,60.030,67.776
110.111,56.550,60.030,67.776
113.883,57.808,60.030,67.776
117.655,56.550,60.030,67.776
121.930,57.808,60.030,67.776
126.205,56.550,60.030,67.776
130.480,58.311,60.030,67.776
134.755,57.556,60.030,67.776
137.522,58.311,60.030,67.776
140.288,59.065,60.030,67.776
144.060,58.814,60.030,67.776
146.826,59.065,60.030,67.776
149.592,59.317,60.030,67.776
151.855,60.071,60.030,67.776
154.622,59.317,60.030,67.776
156.382,60.071,60.030,67.776
159.651,59.317,60.030,67.776
162.472,59.797,58.750,66.330
164.195,61.520,58.750,66.330
165.918,60.781,58.750,66.330
167.148,61.520,58.750,66.330
168.871,60.781,58.750,66.330
170.102,62.012,58.750,66.330
171.332,60.289,58.750,66.330
172.563,61.520,58.750,66.330
173.793,60.781,58.750,66.330
174.039,62.012,58.750,66.330
175.270,60.781,58.750,66.330
176.008,62.012,58.750,66.330
176.747,60.781,58.750,66.330
176.993,62.012,58.750,66.330
177.731,60.781,58.750,66.330
177.485,62.012,58.750,66.330
178.715,60.289,58.750,66.330
177.977,61.027,58.750,66.330
178.715,59.797,58.750,66.330
178.469,61.520,58.750,66.330
179.208,59.305,58.750,66.330
178.962,60.043,58.750,66.330
177.731,57.828,58.750,66.330
177.977,59.059,58.750,66.330
176.747,57.336,58.750,66.330
176.501,58.074,58.750,66.330
175.762,56.351,58.750,66.330
173.055,56.105,58.750,66.330
173.301,55.367,58.750,66.330
171.086,54.629,58.750,66.330
170.348,55.859,58.750,66.330
168.625,53.152,58.750,66.330
167.887,53.890,58.750,66.330
164.687,52.168,58.750,66.330
164.441,53.398,58.750,66.330
162.933,52.919,57.497,64.916
162.210,54.124,57.497,64.916
161.488,53.401,57.497,64.916
161.247,53.642,57.497,64.916
160.042,53.401,57.497,64.916
159.320,53.160,57.497,64.916
159.561,52.919,57.497,64.916
158.838,53.160,57.497,64.916
157.634,51.956,57.497,64.916
158.838,52.678,57.497,64.916
157.152,52.438,57.497,64.916
158.356,52.197,57.497,64.916
158.597,51.474,57.497,64.916
159.320,52.197,57.497,64.916
159.561,51.474,57.497,64.916
160.283,51.715,57.497,64.916
161.006,51.956,57.497,64.916
161.729,52.197,57.497,64.916
163.415,51.474,57.497,64.916
164.619,51.715,57.497,64.916
165.823,51.474,57.497,64.916
167.509,51.233,57.497,64.916
168.622,49.266,58.769,66.352
170.346,49.019,58.769,66.352
172.561,47.789,58.769,66.352
174.777,48.527,58.769,66.352
176.500,47.789,58.769,66.352
179.208,47.050,58.769,66.352
181.916,46.311,58.769,66.352
184.132,45.573,58.769,66.352
186.840,45.327,58.769,66.352
189.548,45.080,58.769,66.352
193.241,44.342,58.769,66.352
195.949,43.603,58.769,66.352
197.087,42.103,60.069,67.820
199.855,41.851,60.069,67.820
202.623,42.103,60.069,67.820
205.391,41.348,60.069,67.820
207.076,39.815,61.398,69.321
208.876,40.586,61.398,69.321
210.677,40.329,61.398,69.321
211.866,38.228,62.757,70.854
213.706,37.439,62.757,70.854
214.494,37.702,62.757,70.854
215.283,37.965,62.757,70.854
216.072,38.228,62.757,70.854
216.861,37.439,62.757,70.854
215.020,37.176,62.757,70.854
215.809,36.914,62.757,70.854
213.443,37.176,62.757,70.854
211.077,36.388,62.757,70.854
211.201,35.331,64.145,72.422
207.708,35.600,64.145,72.422
205.289,35.869,64.145,72.422
202.871,35.600,64.145,72.422
199.095,34.520,65.564,74.024
196.623,35.344,65.564,74.024
193.333,34.240,67.015,75.662
190.245,36.205,67.015,75.662
186.595,34.802,67.015,75.662
182.650,35.421,68.498,77.336
179.494,33.412,68.498,77.336
175.763,34.273,68.498,77.336
171.459,35.134,68.498,77.336
169.147,35.682,67.037,75.687
164.935,35.401,67.037,75.687
161.284,36.805,67.037,75.687
155.949,35.401,67.037,75.687
150.254,33.690,68.520,77.361
145.375,34.551,68.520,77.361
141.069,33.690,68.520,77.361
136.189,33.977,68.520,77.361
131.884,34.838,68.520,77.361
127.578,35.699,68.520,77.361
123.847,35.986,68.520,77.361
119.541,36.273,68.520,77.361
115.810,37.134,68.520,77.361
111.504,37.995,68.520,77.361
108.347,37.708,68.520,77.361
105.189,39.717,68.520,77.361
101.458,38.282,68.520,77.361
99.449,41.440,68.520,77.361
96.291,38.856,68.520,77.361
94.282,41.440,68.520,77.361
91.699,38.282,68.520,77.361
92.560,42.014,68.520,77.361
88.828,38.856,68.520,77.361
89.115,42.014,68.520,77.361
86.532,38.282,68.520,77.361
87.967,42.014,68.520,77.361
84.236,38.856,68.520,77.361
86.819,42.014,68.520,77.361
88.254,44.597,68.520,77.361
86.245,40.866,68.520,77.361
88.828,44.023,68.520,77.361
86.819,40.292,68.520,77.361
89.402,43.449,68.520,77.361
91.412,40.292,68.520,77.361
93.421,44.023,68.520,77.361
95.430,45.458,68.520,77.361
93.421,42.875,68.520,77.361
97.152,46.606,68.520,77.361
99.162,48.042,68.520,77.361
100.597,49.477,68.520,77.361
100.884,46.893,68.520,77.361
102.893,49.477,68.520,77.361
101.458,47.467,68.520,77.361
104.041,48.903,68.520,77.361
106.051,50.912,68.520,77.361
102.319,48.329,68.520,77.361
104.902,48.042,68.520,77.361
102.319,50.051,68.520,77.361
104.328,49.190,68.520,77.361
101.171,49.477,68.520,77.361
99.736,47.467,68.520,77.361
101.171,48.329,68.520,77.361
97.439,48.042,68.520,77.361
98.301,50.051,68.520,77.361
93.995,48.616,68.520,77.361
91.412,48.903,68.520,77.361
90.551,49.190,68.520,77.361
87.967,48.329,68.520,77.361
83.662,47.467,68.520,77.361
85.097,50.625,68.520,77.361
79.643,49.190,68.520,77.361
74.764,49.477,68.520,77.361
70.458,48.042,68.520,77.361
67.301,50.051,68.520,77.361
64.143,48.616,68.520,77.361
61.831,53.590,67.059,75.712
59.302,51.624,67.059,75.712
56.774,52.467,67.059,75.712
53.969,55.711,65.629,74.097
52.045,54.336,65.629,74.097
49.830,57.511,64.229,72.517
48.484,55.628,64.229,72.517
47.139,54.821,64.229,72.517
47.046,56.372,62.860,70.971
45.432,58.398,61.519,69.457
46.720,57.109,61.519,69.457
45.947,57.882,61.519,69.457
48.267,57.109,61.519,69.457
46.463,57.367,61.519,69.457
49.297,57.109,61.519,69.457
50.202,59.092,60.207,67.976
51.967,57.831,60.207,67.976
54.237,59.092,60.207,67.976
56.003,57.831,60.207,67.976
58.777,58.587,60.207,67.976
62.056,57.831,60.207,67.976
64.830,58.587,60.207,67.976
68.109,57.326,60.207,67.976
71.388,57.074,60.207,67.976
75.171,57.831,60.207,67.976
78.954,59.092,60.207,67.976
83.746,58.335,60.207,67.976
90.556,59.596,60.207,67.976
94.843,60.353,60.207,67.976
99.131,59.092,60.207,67.976
103.923,59.848,60.207,67.976
107.706,59.092,60.207,67.976
112.498,59.848,60.207,67.976
116.786,60.605,60.207,67.976
120.569,59.344,60.207,67.976
124.371,62.743,58.923,66.526
127.617,61.311,57.667,65.108
130.757,63.485,57.667,65.108
133.468,62.549,56.437,63.719
135.595,64.204,56.437,63.719
137.250,62.549,56.437,63.719
139.447,65.735,55.233,62.360
140.604,64.116,55.233,62.360
141.761,65.735,55.233,62.360
142.455,64.116,55.233,62.360
141.929,65.450,54.056,61.030
143.514,67.035,54.056,61.030
142.382,64.997,54.056,61.030
141.250,64.770,54.056,61.030
140.117,64.544,54.056,61.030
138.532,63.865,54.056,61.030
137.853,65.450,54.056,61.030
135.362,64.317,54.056,61.030
132.871,64.544,54.056,61.030
131.286,63.412,54.056,61.030
128.152,65.590,52.903,59.729
124.828,64.039,52.903,59.729
121.504,62.931,52.903,59.729
117.736,62.266,52.903,59.729
113.969,62.044,52.903,59.729
110.645,61.380,52.903,59.729
106.434,62.044,52.903,59.729
102.223,60.493,52.903,59.729
97.569,59.385,52.903,59.729
93.359,58.720,52.903,59.729
88.705,57.169,52.903,59.729
84.494,57.390,52.903,59.729
80.283,57.612,52.903,59.729
76.073,56.947,52.903,59.729
71.862,55.839,52.903,59.729
68.981,55.618,52.903,59.729
66.100,56.282,52.903,59.729
61.890,55.618,52.903,59.729
59.895,55.839,52.903,59.729
57.014,54.288,52.903,59.729
55.906,55.396,52.903,59.729
53.025,55.174,52.903,59.729
52.803,54.953,52.903,59.729
50.366,54.288,52.903,59.729
49.258,54.509,52.903,59.729
49.479,55.174,52.903,59.729
48.814,54.953,52.903,59.729
49.479,55.618,52.903,59.729
48.814,56.282,52.903,59.729
49.922,56.061,52.903,59.729
50.587,55.839,52.903,59.729
51.252,56.504,52.903,59.729
51.917,57.169,52.903,59.729
53.468,56.504,52.903,59.729
54.576,56.726,52.903,59.729
56.128,55.174,52.903,59.729
57.612,54.284,54.073,61.050
60.103,54.057,54.073,61.050
62.142,53.378,54.073,61.050
64.181,52.698,54.073,61.050
67.125,51.112,54.073,61.050
70.070,50.433,54.073,61.050
73.015,50.659,54.073,61.050
76.413,49.074,54.073,61.050
79.810,46.753,55.270,62.401
83.283,47.448,55.270,62.401
86.755,47.216,55.270,62.401
89.747,46.286,56.492,63.782
92.805,45.826,57.742,65.193
96.433,45.584,57.742,65.193
99.578,45.342,57.742,65.193
103.206,44.872,59.020,66.635
106.420,45.613,59.020,66.635
110.128,45.861,59.020,66.635
112.848,46.108,59.020,66.635
116.062,47.344,59.020,66.635
117.793,46.108,59.020,66.635
120.512,47.344,59.020,66.635
121.748,46.602,59.020,66.635
123.974,47.344,59.020,66.635
125.704,47.097,59.020,66.635
126.940,47.839,59.020,66.635
127.570,45.306,60.326,68.110
128.328,46.064,60.326,68.110
129.592,45.306,60.326,68.110
129.711,44.290,61.660,69.617
130.486,44.032,61.660,69.617
130.228,43.774,61.660,69.617
129.969,42.999,61.660,69.617
130.228,42.224,61.660,69.617
128.936,40.932,61.660,69.617
129.194,41.191,61.660,69.617
127.903,40.416,61.660,69.617
128.678,39.641,61.660,69.617
126.870,38.349,61.660,69.617
128.678,38.091,61.660,69.617
127.386,38.349,61.660,69.617
127.128,37.574,61.660,69.617
127.903,37.833,61.660,69.617
126.095,37.574,61.660,69.617
127.386,37.833,61.660,69.617
126.095,38.091,61.660,69.617
126.353,38.349,61.660,69.617
125.062,36.541,61.660,69.617
126.255,38.183,63.025,71.157
124.935,36.863,63.025,71.157
126.255,36.599,63.025,71.157
126.164,35.576,61.681,69.639
128.489,36.351,61.681,69.639
128.748,35.060,61.681,69.639
129.523,34.284,61.681,69.639
131.848,33.509,61.681,69.639
132.624,33.251,61.681,69.639
135.466,34.026,61.681,69.639
136.758,32.734,61.681,69.639
138.050,31.442,61.681,69.639
140.892,34.801,61.681,69.639
142.622,33.227,63.045,71.180
144.471,34.019,63.045,71.180
147.904,35.339,63.045,71.180
150.769,36.470,64.440,72.755
153.697,35.945,65.866,74.365
158.388,35.669,65.866,74.365
161.953,34.560,67.323,76.010
165.619,34.278,67.323,76.010
169.850,33.996,67.323,76.010
172.952,33.150,67.323,76.010
176.054,33.432,67.323,76.010
178.592,34.278,67.323,76.010
182.259,33.996,67.323,76.010
184.797,33.714,67.323,76.010
182.823,34.560,67.323,76.010
187.053,32.586,67.323,76.010
182.259,34.560,67.323,76.010
184.797,32.586,67.323,76.010
187.271,30.868,68.813,77.692
189.799,31.503,70.335,79.411
192.451,30.620,70.335,79.411
188.031,29.736,70.335,79.411
190.094,31.798,70.335,79.411
192.067,33.671,71.891,81.168
188.754,32.165,71.891,81.168
190.146,34.079,73.482,82.964
189.223,35.618,73.482,82.964
191.377,38.389,73.482,82.964
189.223,36.234,73.482,82.964
189.368,38.190,75.108,84.799
190.941,40.393,75.108,84.799
189.368,39.449,75.108,84.799
190.941,42.281,75.108,84.799
190.626,41.966,75.108,84.799
189.682,44.168,75.108,84.799
190.626,45.742,75.108,84.799
188.424,45.427,75.108,84.799
190.626,48.259,75.108,84.799
188.424,47.944,75.108,84.799
190.626,47.629,75.108,84.799
190.941,47.944,75.108,84.799
192.652,47.332,73.506,82.991
194.919,48.514,71.939,81.221
196.426,48.815,71.939,81.221
197.330,49.719,71.939,81.221
198.837,50.020,71.939,81.221
200.946,49.719,71.939,81.221
202.453,49.418,71.939,81.221
203.357,49.719,71.939,81.221
206.158,51.456,70.404,79.489
208.898,53.157,68.903,77.794
211.496,54.023,68.903,77.794
212.939,52.580,68.903,77.794
216.178,55.356,67.434,76.135
218.720,55.074,67.434,76.135
220.697,55.921,67.434,76.135
222.110,56.769,67.434,76.135
222.957,57.616,67.434,76.135
223.805,57.334,67.434,76.135
221.827,59.311,67.434,76.135
223.240,57.899,67.434,76.135
222.787,57.936,68.926,77.819
221.343,57.070,68.926,77.819
219.900,57.936,68.926,77.819
218.456,57.070,68.926,77.819
217.012,57.936,68.926,77.819
213.836,57.070,68.926,77.819
211.237,57.936,68.926,77.819
208.061,57.070,68.926,77.819
204.885,57.358,68.926,77.819
200.554,56.492,68.926,77.819
196.223,55.048,68.926,77.819
192.784,54.487,67.456,76.160
189.417,58.840,66.017,74.536
185.269,59.669,66.017,74.536
180.568,59.393,66.017,74.536
174.760,59.669,66.017,74.536
169.506,59.946,66.017,74.536
164.251,59.116,66.017,74.536
158.997,57.733,66.017,74.536
154.636,56.662,64.609,72.946
148.411,53.685,64.609,72.946
143.810,51.249,64.609,72.946
139.750,47.189,64.609,72.946
136.773,51.790,64.609,72.946
133.796,55.850,64.609,72.946
129.736,54.497,64.609,72.946
125.676,53.144,64.609,72.946
123.240,53.956,64.609,72.946
119.180,53.685,64.609,72.946
118.368,55.038,64.609,72.946
114.101,53.990,63.232,71.391
109.829,52.925,64.631,72.970
108.475,52.655,64.631,72.970
105.497,51.842,64.631,72.970
103.060,53.196,64.631,72.970
101.165,52.925,64.631,72.970
99.270,52.655,64.631,72.970
96.833,51.842,64.631,72.970
95.479,51.030,64.631,72.970
93.584,49.676,64.631,72.970
91.147,49.406,64.631,72.970
91.418,49.135,64.631,72.970
87.899,47.781,64.631,72.970
86.545,50.218,64.631,72.970
83.567,48.864,64.631,72.970
81.130,48.594,64.631,72.970
79.235,47.240,64.631,72.970
76.798,46.428,64.631,72.970
75.444,45.074,64.631,72.970
72.201,43.424,66.061,74.585
69.711,43.147,66.061,74.585
67.220,43.977,66.061,74.585
65.836,44.808,66.061,74.585
63.899,42.870,66.061,74.585
61.409,43.701,66.061,74.585
59.472,41.764,66.061,74.585
56.428,42.594,66.061,74.585
54.261,43.778,67.522,76.235
51.715,42.930,67.522,76.235
50.301,43.213,67.522,76.235
47.190,44.627,67.522,76.235
45.210,46.041,67.522,76.235
42.664,46.324,67.522,76.235
38.987,48.304,67.522,76.235
35.876,48.587,67.522,76.235
33.330,51.133,67.522,76.235
30.784,50.850,67.522,76.235
28.238,52.830,67.522,76.235
26.824,54.244,67.522,76.235
23.713,53.395,67.522,76.235
21.167,54.244,67.522,76.235
20.884,55.093,67.522,76.235
17.773,54.244,67.522,76.235
