83.000,200.000,35.000,131.000
84.564,198.436,35.000,131.000
86.754,197.497,35.000,131.000
89.569,197.185,35.000,131.000
94.887,200.626,35.000,131.000
100.830,199.687,35.000,131.000
104.897,201.251,35.000,131.000
108.338,201.564,35.000,131.000
111.779,201.251,35.000,131.000
114.594,203.441,35.000,131.000
116.158,202.503,35.000,131.000
119.599,201.564,35.000,131.000
122.414,201.877,35.000,131.000
124.604,202.190,35.000,131.000
128.045,203.128,35.000,131.000
131.228,201.354,35.774,133.898
135.384,202.314,35.774,133.898
140.180,201.354,35.774,133.898
143.697,200.395,35.774,133.898
146.575,199.436,35.774,133.898
150.092,201.674,35.774,133.898
152.330,200.715,35.774,133.898
153.929,199.756,35.774,133.898
156.519,197.943,36.566,136.861
161.421,198.270,36.566,136.861
165.016,198.596,36.566,136.861
169.918,196.309,36.566,136.861
174.166,194.021,36.566,136.861
177.761,192.387,36.566,136.861
179.052,191.212,37.375,139.889
178.050,189.542,37.375,139.889
181.724,188.540,37.375,139.889
185.123,185.953,38.202,142.984
188.879,184.245,38.202,142.984
192.634,181.855,38.202,142.984
195.707,178.100,38.202,142.984
200.146,171.613,38.202,142.984
205.037,176.761,39.047,146.148
208.876,171.526,39.047,146.148
215.506,176.063,39.047,146.148
219.781,172.636,39.911,149.381
225.132,178.700,39.911,149.381
230.482,174.776,39.911,149.381
235.119,170.139,39.911,149.381
237.269,176.998,40.794,152.686
242.008,180.280,40.794,152.686
246.748,179.186,40.794,152.686
252.454,182.571,39.924,149.430
257.093,183.642,39.924,149.430
261.732,183.285,39.924,149.430
265.940,183.846,39.073,146.243
270.480,182.100,39.073,146.243
275.020,180.354,39.073,146.243
278.861,182.100,39.073,146.243
284.798,181.751,39.073,146.243
289.338,184.894,39.073,146.243
293.179,187.338,39.073,146.243
297.719,188.386,39.073,146.243
303.184,190.955,38.239,143.125
308.994,191.981,38.239,143.125
314.121,190.955,38.239,143.125
319.470,190.834,37.424,140.073
321.811,190.500,37.424,140.073
325.490,188.827,37.424,140.073
330.080,191.288,36.626,137.085
333.026,190.961,36.626,137.085
337.282,192.597,36.626,137.085
342.192,195.544,36.626,137.085
347.102,197.180,36.626,137.085
352.667,199.472,36.626,137.085
357.356,198.295,37.436,140.118
361.706,196.622,37.436,140.118
366.055,194.949,37.436,140.118
369.736,188.592,37.436,140.118
372.747,194.949,37.436,140.118
375.758,189.261,37.436,140.118
379.857,189.447,38.264,143.219
384.303,185.685,38.264,143.219
389.911,187.294,39.111,146.387
394.708,187.844,38.277,143.266
400.063,192.998,37.461,140.210
403.076,196.012,37.461,140.210
399.925,199.766,36.662,137.220
401.564,204.681,36.662,137.220
397.959,197.144,36.662,137.220
392.389,193.540,36.662,137.220
387.564,196.441,37.473,140.256
382.540,192.757,37.473,140.256
378.743,195.867,36.674,137.265
381.038,197.506,36.674,137.265
384.373,199.728,37.485,140.302
382.220,197.133,38.315,143.407
385.987,194.051,38.315,143.407
380.234,191.399,39.162,146.579
376.384,195.249,39.162,146.579
373.234,196.999,39.162,146.579
369.384,200.849,39.162,146.579
367.634,198.399,39.162,146.579
369.063,197.601,38.327,143.454
367.350,196.573,38.327,143.454
370.125,198.185,39.175,146.627
368.855,196.036,38.340,143.501
367.827,194.322,38.340,143.501
370.911,199.462,38.340,143.501
369.198,196.378,38.340,143.501
370.911,201.518,38.340,143.501
369.883,205.288,38.340,143.501
368.855,207.686,38.340,143.501
370.569,209.400,38.340,143.501
370.911,208.372,38.340,143.501
372.625,208.714,38.340,143.501
372.967,207.686,38.340,143.501
371.939,205.973,38.340,143.501
372.967,206.316,38.340,143.501
372.625,205.288,38.340,143.501
372.282,204.945,38.340,143.501
375.366,203.232,38.340,143.501
371.597,206.316,38.340,143.501
373.995,208.714,38.340,143.501
375.709,211.798,38.340,143.501
376.051,212.141,38.340,143.501
378.450,213.854,38.340,143.501
376.959,209.778,39.188,146.676
381.512,207.326,39.188,146.676
385.365,204.875,39.188,146.676
389.918,208.727,39.188,146.676
394.471,204.174,39.188,146.676
399.025,203.824,39.188,146.676
405.495,201.838,40.055,149.921
413.729,203.628,40.055,149.921
424.057,198.627,40.941,153.238
432.473,199.725,40.941,153.238
443.085,200.090,40.941,153.238
452.964,198.261,40.941,153.238
460.648,199.359,40.941,153.238
466.137,198.993,40.941,153.238
471.626,198.627,40.941,153.238
475.651,197.529,40.941,153.238
480.672,203.043,40.068,149.970
484.206,204.296,39.214,146.772
486.659,207.451,39.214,146.772
490.793,210.705,38.378,143.642
494.566,208.304,38.378,143.642
500.596,212.150,37.559,140.579
505.631,211.814,37.559,140.579
510.666,212.150,37.559,140.579
515.702,213.157,37.559,140.579
520.066,214.164,37.559,140.579
523.481,207.384,38.390,143.689
528.190,211.231,37.571,140.625
530.540,213.582,37.571,140.625
528.028,216.700,36.770,137.626
523.756,217.028,36.770,137.626
518.169,216.042,36.770,137.626
511.268,213.085,36.770,137.626
500.973,209.176,37.584,140.671
493.919,208.840,37.584,140.671
486.865,207.160,37.584,140.671
479.828,205.255,38.415,143.783
472.618,204.225,38.415,143.783
466.094,203.882,38.415,143.783
460.944,204.225,38.415,143.783
455.794,204.569,38.415,143.783
452.704,204.225,38.415,143.783
452.361,203.195,38.415,143.783
453.391,202.165,38.415,143.783
454.421,201.135,38.415,143.783
456.138,198.045,38.415,143.783
455.108,197.702,38.415,143.783
453.391,197.359,38.415,143.783
453.048,199.075,38.415,143.783
451.331,200.105,38.415,143.783
448.927,198.389,38.415,143.783
449.957,195.985,38.415,143.783
447.554,193.582,38.415,143.783
449.271,192.552,38.415,143.783
447.554,196.329,38.415,143.783
444.464,194.612,38.415,143.783
440.833,196.227,39.265,146.964
437.122,195.694,40.134,150.216
431.024,196.053,40.134,150.216
424.209,197.129,40.134,150.216
418.111,192.466,40.134,150.216
414.736,190.956,39.278,147.012
412.981,191.307,39.278,147.012
412.384,193.213,38.441,143.877
413.125,197.727,37.621,140.809
411.258,202.145,36.819,137.806
414.505,205.835,36.033,134.868
412.251,201.004,36.033,134.868
408.708,197.462,36.033,134.868
403.878,195.207,36.033,134.868
397.759,193.597,36.033,134.868
392.245,191.621,35.265,131.992
388.778,185.632,35.265,131.992
385.942,178.383,35.265,131.992
385.406,183.740,34.513,129.177
384.481,198.854,34.513,129.177
383.555,207.182,34.513,129.177
382.013,208.108,34.513,129.177
378.003,206.566,34.513,129.177
374.610,203.789,34.513,129.177
374.086,200.113,33.777,126.422
370.664,190.695,33.057,123.726
370.731,190.590,32.352,121.088
371.599,197.240,32.352,121.088
370.731,200.421,32.352,121.088
373.912,201.288,32.352,121.088
371.454,205.649,33.067,123.767
371.750,205.353,33.067,123.767
368.499,208.013,33.067,123.767
365.839,202.398,33.067,123.767
364.198,192.608,32.362,121.127
362.173,188.269,32.362,121.127
361.305,185.666,32.362,121.127
363.330,188.848,32.362,121.127
359.671,189.008,33.078,123.807
360.558,185.756,33.078,123.807
358.658,200.643,33.810,126.546
356.090,198.302,34.558,129.346
353.310,194.905,34.558,129.346
349.808,181.697,33.821,126.588
347.088,178.372,33.821,126.588
343.763,175.651,33.821,126.588
342.856,177.767,33.821,126.588
340.135,179.279,33.821,126.588
337.415,176.558,33.821,126.588
334.218,176.099,34.570,129.389
332.056,178.261,34.570,129.389
329.429,178.433,35.334,132.251
328.482,176.222,35.334,132.251
325.640,179.696,35.334,132.251
324.692,181.907,35.334,132.251
321.850,180.959,35.334,132.251
319.166,184.411,36.116,135.178
321.110,185.929,36.915,138.168
318.801,184.280,36.915,138.168
319.131,183.950,36.915,138.168
316.821,186.919,36.915,138.168
313.852,186.589,36.915,138.168
311.542,186.919,36.915,138.168
308.573,183.950,36.915,138.168
306.741,183.833,36.128,135.222
305.772,182.219,36.128,135.222
303.512,181.250,36.128,135.222
299.960,179.635,36.128,135.222
296.408,179.313,36.128,135.222
293.502,179.635,36.128,135.222
289.950,182.541,36.128,135.222
285.107,182.864,36.128,135.222
279.618,184.479,36.128,135.222
275.420,182.864,36.128,135.222
