340.000,358.000,18.000,55.000
338.749,356.471,18.000,55.000
338.054,357.722,18.000,55.000
337.359,359.529,18.000,55.000
335.830,359.112,18.000,55.000
334.579,358.695,18.000,55.000
332.771,359.112,18.000,55.000
330.686,357.861,18.000,55.000
327.489,357.166,18.000,55.000
324.570,355.915,18.000,55.000
321.929,357.444,18.000,55.000
319.566,358.139,18.000,55.000
317.202,358.278,18.000,55.000
314.561,359.251,18.000,55.000
312.198,360.780,18.000,55.000
312.059,362.587,18.000,55.000
310.252,363.282,18.000,55.000
307.611,363.421,18.000,55.000
304.692,365.228,18.000,55.000
302.884,365.646,18.000,55.000
303.301,366.063,18.000,55.000
303.719,367.036,18.000,55.000
302.467,368.287,18.000,55.000
303.162,369.260,18.000,55.000
301.911,370.233,18.000,55.000
300.104,369.538,18.000,55.000
298.853,370.511,18.000,55.000
297.324,372.318,18.000,55.000
296.629,373.291,18.000,55.000
295.656,374.542,18.000,55.000
296.073,375.793,18.000,55.000
295.656,377.044,18.000,55.000
294.127,377.739,18.000,55.000
295.378,378.434,18.000,55.000
296.629,378.017,18.000,55.000
295.656,377.600,18.000,55.000
295.239,378.017,18.000,55.000
297.324,377.878,18.000,55.000
297.463,379.129,18.000,55.000
297.602,378.712,18.000,55.000
295.239,377.461,18.000,55.000
294.266,376.210,18.000,55.000
293.849,376.627,18.000,55.000
292.876,376.210,18.000,55.000
292.459,375.515,18.000,55.000
291.486,375.654,18.000,55.000
291.625,376.627,18.000,55.000
290.374,376.488,18.000,55.000
289.957,374.959,18.000,55.000
290.374,375.376,18.000,55.000
290.791,374.403,18.000,55.000
289.540,373.986,18.000,55.000
289.679,375.793,18.000,55.000
288.706,376.766,18.000,55.000
288.288,376.905,18.000,55.000
289.262,377.322,18.000,55.000
288.010,377.739,18.000,55.000
287.037,378.990,18.000,55.000
285.786,380.241,18.000,55.000
283.979,380.102,18.000,55.000
282.172,381.076,18.000,55.000
280.921,383.161,18.000,55.000
279.114,384.412,18.000,55.000
278.419,385.385,18.000,55.000
277.446,387.192,18.000,55.000
275.917,386.497,18.000,55.000
274.387,385.524,18.000,55.000
273.136,384.273,18.000,55.000
271.885,383.022,18.000,55.000
272.024,382.049,18.000,55.000
270.217,379.963,18.000,55.000
271.468,380.102,18.000,55.000
272.719,377.461,18.000,55.000
270.912,375.098,18.000,55.000
269.661,372.735,18.000,55.000
267.576,371.484,18.000,55.000
266.047,370.511,18.000,55.000
265.074,369.538,18.000,55.000
264.101,369.121,18.000,55.000
265.074,368.426,18.000,55.000
264.657,368.287,18.000,55.000
265.074,370.094,18.000,55.000
264.657,370.511,18.000,55.000
263.962,372.318,18.000,55.000
262.989,371.345,18.000,55.000
261.460,370.928,18.000,55.000
259.930,369.955,18.000,55.000
258.679,368.704,18.000,55.000
257.150,366.897,18.000,55.000
256.455,367.036,18.000,55.000
255.204,366.897,18.000,55.000
252.841,368.148,18.000,55.000
251.868,367.175,18.000,55.000
250.895,366.202,18.000,55.000
250.200,364.951,18.000,55.000
248.671,364.812,18.000,55.000
247.420,365.229,18.000,55.000
248.949,363.699,18.000,55.000
248.532,362.448,18.000,55.000
247.281,361.753,18.000,55.000
248.532,363.560,18.000,55.000
246.447,362.865,18.000,55.000
247.142,363.282,18.000,55.000
245.056,360.919,18.000,55.000
244.361,360.502,18.000,55.000
244.500,361.475,18.000,55.000
242.415,363.004,18.000,55.000
241.442,361.475,18.000,55.000
240.469,362.726,18.000,55.000
240.052,364.255,18.000,55.000
238.523,363.282,18.000,55.000
237.550,361.197,18.000,55.000
239.079,360.224,18.000,55.000
241.442,359.529,18.000,55.000
246.864,357.444,18.000,55.000
248.671,351.745,18.000,55.000
250.478,348.825,18.000,55.000
251.173,347.574,18.000,55.000
249.366,348.547,18.000,55.000
249.227,348.964,18.000,55.000
250.478,347.435,18.000,55.000
252.285,347.574,18.000,55.000
253.536,349.381,18.000,55.000
254.787,349.798,18.000,55.000
256.872,350.494,18.000,55.000
258.401,349.798,18.000,55.000
260.487,350.494,18.000,55.000
261.460,349.520,18.000,55.000
262.155,349.659,18.000,55.000
260.626,350.355,18.000,55.000
259.096,350.772,18.000,55.000
260.348,352.023,18.000,55.000
261.043,350.494,18.000,55.000
261.182,351.745,18.000,55.000
262.155,352.718,18.000,55.000
262.294,350.911,18.000,55.000
261.321,349.103,18.000,55.000
261.182,348.130,18.000,55.000
260.765,346.601,18.000,55.000
262.016,346.462,18.000,55.000
261.599,345.211,18.000,55.000
261.182,345.350,18.000,55.000
259.931,346.045,18.000,55.000
258.401,346.184,18.000,55.000
259.096,346.879,18.000,55.000
258.957,347.296,18.000,55.000
260.209,346.879,18.000,55.000
259.513,348.964,18.000,55.000
257.428,352.440,18.000,55.000
256.455,355.081,18.000,55.000
254.648,355.498,18.000,55.000
251.451,356.193,18.000,55.000
248.254,356.610,18.000,55.000
245.056,357.861,18.000,55.000
242.693,357.722,18.000,55.000
241.442,356.193,18.000,55.000
242.415,355.498,18.000,55.000
241.720,355.637,18.000,55.000
239.913,355.776,18.000,55.000
238.662,356.749,18.000,55.000
237.411,358.556,18.000,55.000
236.994,359.807,18.000,55.000
234.920,360.208,18.398,56.217
233.925,360.635,18.398,56.217
232.931,359.640,18.398,56.217
231.936,360.350,18.398,56.217
230.406,361.940,18.805,57.461
228.808,359.761,18.805,57.461
227.546,358.372,19.221,58.732
225.022,357.036,19.221,58.732
224.039,355.616,19.647,60.031
222.370,353.644,19.647,60.031
221.051,350.619,20.081,61.360
219.703,346.883,20.526,62.717
218.653,344.380,20.980,64.105
216.908,344.847,21.444,65.523
215.087,346.669,21.444,65.523
212.934,344.516,21.444,65.523
214.756,344.682,21.444,65.523
212.628,343.442,21.918,66.973
211.443,344.965,21.918,66.973
209.269,347.210,22.403,68.455
209.919,347.709,22.899,69.969
207.647,347.852,23.406,71.517
206.451,347.249,23.924,73.100
204.461,346.632,24.453,74.717
202.761,349.464,24.453,74.717
200.684,350.786,24.453,74.717
198.607,351.353,24.453,74.717
195.397,348.763,24.994,76.370
192.517,349.320,25.547,78.060
189.983,350.708,26.112,79.787
187.362,352.926,26.112,79.787
184.771,350.160,26.690,81.552
182.916,352.016,26.690,81.552
181.061,355.107,26.690,81.552
178.841,359.551,27.280,83.356
176.135,359.285,27.884,85.201
173.816,358.566,28.501,87.086
170.532,357.831,29.131,89.012
169.043,358.013,29.776,90.982
167.893,360.543,29.776,90.982
166.283,363.532,29.776,90.982
162.375,362.764,30.435,92.995
160.819,362.955,31.108,95.052
162.021,367.519,31.108,95.052
161.300,371.123,31.108,95.052
159.618,373.765,31.108,95.052
157.456,372.564,31.108,95.052
157.361,374.753,31.796,97.155
153.188,378.009,32.500,99.305
150.929,375.750,32.500,99.305
150.176,373.491,32.500,99.305
147.473,375.778,33.219,101.502
142.581,373.324,33.954,103.748
138.668,367.008,34.705,106.043
133.001,360.551,35.473,108.389
129.482,357.363,36.258,110.788
127.048,351.198,37.060,113.239
129.624,344.043,37.060,113.239
134.489,342.612,37.060,113.239
139.927,346.333,37.060,113.239
149.910,347.753,37.880,115.744
160.734,344.535,37.880,115.744
170.330,339.309,38.718,118.305
180.760,333.347,39.575,120.923
187.615,332.326,40.450,123.598
194.622,337.117,41.345,126.333
201.784,340.026,42.260,129.128
207.073,342.322,43.195,131.985
211.094,343.976,44.151,134.905
215.204,344.960,45.127,137.890
217.959,345.966,46.126,140.940
214.123,346.255,47.146,144.059
217.400,351.716,47.146,144.059
218.492,357.906,47.146,144.059
216.082,360.468,48.190,147.246
221.340,363.858,49.256,150.504
225.137,366.534,50.346,153.834
229.824,370.077,51.459,157.237
235.439,373.697,52.598,160.716
241.179,367.284,53.762,164.272
240.153,359.005,54.951,167.906
237.344,353.185,56.167,171.621
231.772,341.836,57.410,175.418
227.782,331.638,57.410,175.418
223.007,320.038,58.680,179.300
222.554,307.803,58.680,179.300
228.445,299.192,58.680,179.300
223.564,288.276,59.978,183.267
229.586,292.444,59.978,183.267
227.270,288.276,59.978,183.267
233.291,279.475,59.978,183.267
239.313,287.349,59.978,183.267
243.482,295.224,59.978,183.267
246.182,290.793,61.305,187.321
253.284,283.692,61.305,187.321
261.332,287.953,61.305,187.321
264.647,292.214,61.305,187.321
267.014,294.581,61.305,187.321
271.275,296.948,61.305,187.321
268.908,300.262,61.305,187.321
267.487,305.470,61.305,187.321
265.120,305.944,61.305,187.321
260.859,298.842,61.305,187.321
257.545,295.528,61.305,187.321
252.337,295.054,61.305,187.321
246.182,288.900,61.305,187.321
242.868,283.692,61.305,187.321
238.607,284.165,61.305,187.321
240.974,287.479,61.305,187.321
245.235,283.218,61.305,187.321
255.178,288.426,61.305,187.321
262.279,281.325,61.305,187.321
269.381,273.276,61.305,187.321
270.801,268.068,61.305,187.321
276.009,262.860,61.305,187.321
284.058,254.812,61.305,187.321
286.818,247.336,62.662,191.466
285.366,250.724,62.662,191.466
284.882,257.015,62.662,191.466
290.205,261.370,62.662,191.466
296.496,262.822,62.662,191.466
297.948,265.241,62.662,191.466
297.464,268.629,62.662,191.466
294.077,267.177,62.662,191.466
299.400,265.725,62.662,191.466
296.012,262.338,62.662,191.466
290.689,265.725,62.662,191.466
283.431,268.145,62.662,191.466
278.107,269.597,62.662,191.466
272.784,269.113,62.662,191.466
271.333,264.757,62.662,191.466
266.009,258.466,62.662,191.466
265.525,257.982,62.662,191.466
256.331,260.402,62.662,191.466
251.008,265.725,62.662,191.466
249.556,263.306,62.662,191.466
246.169,265.725,62.662,191.466
241.961,266.117,64.048,195.702
243.445,262.655,64.048,195.702
243.940,264.139,64.048,195.702
240.477,266.612,64.048,195.702
239.983,267.107,64.048,195.702
234.542,261.666,64.048,195.702
231.079,260.182,64.048,195.702
225.638,252.762,64.048,195.702
234.047,256.225,64.048,195.702
240.477,260.677,64.048,195.702
249.875,265.128,64.048,195.702
256.305,270.569,64.048,195.702
261.746,274.031,64.048,195.702
267.187,279.472,64.048,195.702
274.606,292.827,64.048,195.702
282.026,313.107,64.048,195.702
283.510,317.559,64.048,195.702
288.951,320.032,64.048,195.702
290.434,326.462,64.048,195.702
292.908,332.892,64.048,195.702
295.381,336.354,64.048,195.702
296.865,335.860,64.048,195.702
297.359,338.333,64.048,195.702
295.875,339.817,64.048,195.702
297.359,344.268,64.048,195.702
298.843,349.709,64.048,195.702
294.392,356.139,64.048,195.702
289.940,361.580,64.048,195.702
285.488,363.064,64.048,195.702
286.972,366.527,64.048,195.702
281.531,369.000,64.048,195.702
276.090,377.408,64.048,195.702
270.649,384.828,64.048,195.702
269.166,381.365,64.048,195.702
273.617,376.914,64.048,195.702
271.144,380.376,64.048,195.702
266.692,370.978,64.048,195.702
265.209,367.516,64.048,195.702
264.714,362.075,64.048,195.702
263.230,358.613,64.048,195.702
266.692,350.204,64.048,195.702
266.198,342.785,64.048,195.702
270.649,338.333,64.048,195.702
268.176,334.871,64.048,195.702
266.692,336.354,64.048,195.702
264.444,339.834,65.465,200.032
266.972,343.373,65.465,200.032
262.422,342.868,65.465,200.032
266.972,345.396,65.465,200.032
261.527,348.953,66.913,204.458
261.010,350.503,66.913,204.458
256.517,355.211,68.394,208.981
249.733,361.119,69.907,213.605
252.432,356.260,69.907,213.605
250.813,360.039,69.907,213.605
250.273,360.579,69.907,213.605
251.892,352.481,69.907,213.605
252.432,355.180,69.907,213.605
252.972,382.714,69.907,213.605
256.751,380.015,69.907,213.605
262.690,375.156,69.907,213.605
268.628,369.217,69.907,213.605
277.806,342.763,69.907,213.605
287.675,342.081,71.454,218.331
297.056,332.700,71.454,218.331
309.748,327.733,71.454,218.331
321.336,330.492,71.454,218.331
331.140,334.416,69.930,213.675
340.321,331.716,69.930,213.675
349.916,326.186,68.439,209.118
368.414,330.943,68.439,209.118
378.823,337.757,66.979,204.659
389.010,342.433,65.551,200.294
396.604,339.901,65.551,200.294
407.235,337.370,65.551,200.294
418.878,331.802,65.551,200.294
428.848,329.546,64.153,196.023
434.298,335.987,64.153,196.023
433.549,343.330,62.785,191.843
436.555,352.385,61.446,187.752
434.183,369.943,61.446,187.752
436.210,372.402,60.136,183.748
432.959,372.867,60.136,183.748
435.281,361.256,60.136,183.748
431.894,350.234,58.853,179.829
426.894,348.871,58.853,179.829
418.258,352.052,58.853,179.829
398.715,356.143,58.853,179.829
384.625,358.416,58.853,179.829
372.353,357.052,58.853,179.829
358.263,359.325,58.853,179.829
348.719,359.779,58.853,179.829
339.174,358.416,58.853,179.829
329.629,361.597,58.853,179.829
320.084,365.688,58.853,179.829
315.085,363.415,58.853,179.829
310.085,363.870,58.853,179.829
304.177,364.324,58.853,179.829
297.359,364.779,58.853,179.829
293.268,362.506,58.853,179.829
288.269,362.961,58.853,179.829
281.451,364.324,58.853,179.829
276.451,366.597,58.853,179.829
275.088,368.869,58.853,179.829
270.997,370.233,58.853,179.829
275.088,372.505,58.853,179.829
271.906,375.687,58.853,179.829
274.179,376.141,58.853,179.829
275.542,379.323,58.853,179.829
275.997,379.778,58.853,179.829
276.451,377.505,58.853,179.829
278.724,379.778,58.853,179.829
280.087,380.232,58.853,179.829
281.451,374.323,58.853,179.829
280.997,367.506,58.853,179.829
280.542,365.233,58.853,179.829
278.269,361.143,58.853,179.829
276.906,357.961,58.853,179.829
276.451,355.688,58.853,179.829
275.997,351.598,58.853,179.829
273.724,348.416,58.853,179.829
275.088,347.962,58.853,179.829
269.179,349.325,58.853,179.829
265.998,347.053,58.853,179.829
269.179,340.235,58.853,179.829
265.998,343.417,58.853,179.829
263.725,351.143,58.853,179.829
265.089,357.961,58.853,179.829
260.998,364.779,58.853,179.829
257.817,366.142,58.853,179.829
255.544,362.961,58.853,179.829
255.089,367.051,58.853,179.829
253.024,358.932,60.155,183.808
256.276,351.034,60.155,183.808
258.599,344.066,60.155,183.808
255.347,344.530,60.155,183.808
251.165,344.066,60.155,183.808
247.914,343.601,60.155,183.808
243.732,345.924,60.155,183.808
238.622,347.318,60.155,183.808
233.512,344.066,60.155,183.808
231.189,348.247,60.155,183.808
228.866,350.569,60.155,183.808
224.685,343.601,60.155,183.808
221.433,331.058,60.155,183.808
223.756,319.444,60.155,183.808
229.795,308.759,60.155,183.808
238.622,298.074,60.155,183.808
248.378,285.530,60.155,183.808
257.205,270.200,60.155,183.808
274.394,256.727,60.155,183.808
285.079,245.113,60.155,183.808
294.835,246.507,60.155,183.808
299.016,248.830,60.155,183.808
303.197,251.152,60.155,183.808
302.732,256.263,60.155,183.808
302.268,260.444,60.155,183.808
299.016,262.767,60.155,183.808
297.622,267.877,60.155,183.808
295.299,283.207,60.155,183.808
292.976,287.389,60.155,183.808
295.299,286.924,60.155,183.808
296.693,287.389,60.155,183.808
299.945,290.641,60.155,183.808
303.197,283.672,60.155,183.808
302.732,281.349,60.155,183.808
303.197,281.814,60.155,183.808
305.520,283.208,60.155,183.808
303.197,278.097,60.155,183.808
309.236,280.420,60.155,183.808
314.346,285.530,60.155,183.808
321.315,282.278,60.155,183.808
332.929,280.885,60.155,183.808
343.614,278.562,60.155,183.808
352.441,278.097,60.155,183.808
359.409,277.633,60.155,183.808
366.378,279.026,60.155,183.808
372.417,276.704,60.155,183.808
378.457,278.097,60.155,183.808
382.638,285.995,60.155,183.808
378.457,289.247,60.155,183.808
370.559,291.570,60.155,183.808
366.378,298.538,60.155,183.808
369.630,300.861,60.155,183.808
374.740,304.113,60.155,183.808
381.202,312.789,58.873,179.888
390.750,311.425,58.873,179.888
397.570,310.061,58.873,179.888
400.753,314.153,58.873,179.888
404.845,322.792,58.873,179.888
408.937,324.156,58.873,179.888
409.391,320.064,58.873,179.888
406.209,315.972,58.873,179.888
399.387,316.575,57.617,176.052
376.693,317.910,57.617,176.052
357.560,325.475,57.617,176.052
341.096,330.369,57.617,176.052
318.403,325.475,57.617,176.052
308.169,321.470,57.617,176.052
291.706,324.585,57.617,176.052
275.242,330.369,57.617,176.052
266.788,336.154,57.617,176.052
261.003,344.608,57.617,176.052
256.109,346.833,57.617,176.052
258.333,353.507,57.617,176.052
248.989,358.402,57.617,176.052
251.214,363.297,57.617,176.052
256.999,366.411,57.617,176.052
255.664,360.627,57.617,176.052
265.898,353.062,57.617,176.052
270.792,332.149,57.617,176.052
264.118,321.025,57.617,176.052
255.664,316.130,57.617,176.052
236.530,310.346,57.617,176.052
216.507,312.571,57.617,176.052
215.172,310.346,57.617,176.052
212.057,300.112,57.617,176.052
217.842,289.878,57.617,176.052
222.736,284.983,57.617,176.052
225.851,280.089,57.617,176.052
235.195,270.744,57.617,176.052
250.769,263.180,57.617,176.052
261.003,254.726,57.617,176.052
272.127,248.051,57.617,176.052
281.471,245.826,57.617,176.052
298.825,250.721,57.617,176.052
303.720,252.946,57.617,176.052
311.284,256.061,57.617,176.052
319.738,265.405,57.617,176.052
316.623,271.189,57.617,176.052
315.289,280.534,57.617,176.052
318.403,284.538,57.617,176.052
316.179,285.873,57.617,176.052
313.954,288.098,57.617,176.052
315.625,289.382,58.892,179.947
320.627,284.379,58.892,179.947
335.636,273.918,58.892,179.947
343.368,267.096,58.892,179.947
353.569,267.465,60.195,183.929
364.261,271.649,60.195,183.929
371.234,266.535,60.195,183.929
380.997,273.508,60.195,183.929
387.970,270.254,60.195,183.929
401.451,264.211,60.195,183.929
422.256,263.036,58.911,180.006
427.260,258.941,58.911,180.006
430.445,255.756,58.911,180.006
429.990,258.941,58.911,180.006
434.994,264.855,58.911,180.006
434.540,264.400,58.911,180.006
432.265,272.135,58.911,180.006
435.962,274.492,57.655,176.168
432.846,283.843,57.655,176.168
433.890,290.442,56.425,172.411
429.096,290.878,56.425,172.411
424.303,299.157,56.425,172.411
412.537,300.464,56.425,172.411
399.900,306.129,56.425,172.411
381.163,317.023,56.425,172.411
369.397,319.202,56.425,172.411
360.246,323.124,56.425,172.411
351.095,326.174,56.425,172.411
334.972,323.124,56.425,172.411
328.436,320.945,56.425,172.411
321.057,324.884,55.222,168.734
314.660,326.163,55.222,168.734
309.969,330.854,55.222,168.734
304.425,335.545,55.222,168.734
303.999,339.383,55.222,168.734
304.425,335.545,55.222,168.734
299.734,328.295,55.222,168.734
297.602,324.457,55.222,168.734
302.293,323.178,55.222,168.734
303.572,317.634,55.222,168.734
305.704,310.384,55.222,168.734
301.866,309.104,55.222,168.734
296.322,311.237,55.222,168.734
290.778,313.369,55.222,168.734
284.381,310.384,55.222,168.734
277.984,306.546,55.222,168.734
269.881,309.531,55.222,168.734
254.955,313.369,55.222,168.734
246.852,314.648,55.222,168.734
237.043,315.075,55.222,168.734
222.117,309.531,55.222,168.734
213.161,307.398,55.222,168.734
201.647,312.942,55.222,168.734
183.308,305.693,55.222,168.734
176.059,300.148,55.222,168.734
168.809,301.428,55.222,168.734
157.294,303.560,55.222,168.734
149.191,302.281,55.222,168.734
141.941,303.560,55.222,168.734
134.691,305.693,55.222,168.734
128.294,299.296,55.222,168.734
121.897,298.869,55.222,168.734
112.941,296.737,55.222,168.734
106.544,294.604,55.222,168.734
101.000,292.472,55.222,168.734
97.162,290.340,55.222,168.734
97.589,290.766,55.222,168.734
95.456,294.604,55.222,168.734
98.442,299.296,55.222,168.734
96.309,302.281,55.222,168.734
101.853,306.119,55.222,168.734
103.986,303.987,55.222,168.734
111.236,310.384,55.222,168.734
117.633,309.104,55.222,168.734
123.177,310.384,55.222,168.734
129.574,307.398,55.222,168.734
135.118,309.531,55.222,168.734
141.515,309.104,55.222,168.734
147.912,303.560,55.222,168.734
152.603,306.545,55.222,168.734
155.588,302.707,55.222,168.734
159.426,299.722,55.222,168.734
158.147,299.296,55.222,168.734
161.132,296.310,55.222,168.734
162.412,294.178,55.222,168.734
163.691,292.046,55.222,168.734
165.823,288.207,55.222,168.734
169.662,286.928,55.222,168.734
173.500,289.060,55.222,168.734
177.338,291.193,55.222,168.734
177.764,295.884,55.222,168.734
177.338,298.016,55.222,168.734
182.029,297.590,55.222,168.734
180.750,302.281,55.222,168.734
183.735,302.707,55.222,168.734
185.867,298.016,55.222,168.734
190.558,301.854,55.222,168.734
194.025,306.531,54.044,165.136
196.946,308.618,54.044,165.136
199.033,306.531,54.044,165.136
203.624,306.114,54.044,165.136
203.207,312.374,54.044,165.136
204.459,317.800,54.044,165.136
206.546,315.713,54.044,165.136
208.633,315.296,54.044,165.136
210.719,318.217,54.044,165.136
210.302,323.643,54.044,165.136
208.215,319.887,54.044,165.136
211.972,325.313,54.044,165.136
212.389,330.739,54.044,165.136
213.641,327.817,54.044,165.136
214.893,321.556,54.044,165.136
216.145,316.965,54.044,165.136
220.736,319.887,54.044,165.136
221.989,316.965,54.044,165.136
226.580,309.035,54.044,165.136
229.501,303.609,54.044,165.136
234.092,299.853,54.044,165.136
238.683,300.270,54.044,165.136
237.431,303.192,54.044,165.136
242.022,301.105,54.044,165.136
244.944,299.018,54.044,165.136
242.022,302.775,54.044,165.136
245.779,306.531,54.044,165.136
242.857,307.783,54.044,165.136
240.770,304.861,54.044,165.136
243.692,302.775,54.044,165.136
239.101,304.861,54.044,165.136
237.014,297.766,54.044,165.136
234.927,289.836,54.044,165.136
231.171,294.427,54.044,165.136
229.736,300.613,52.892,161.614
232.595,294.486,52.892,161.614
233.820,294.894,52.892,161.614
237.497,300.205,52.892,161.614
245.257,297.345,52.892,161.614
251.385,302.655,52.892,161.614
255.878,309.599,52.892,161.614
263.639,311.642,52.892,161.614
273.851,305.515,52.892,161.614
284.879,301.021,52.892,161.614
295.091,298.162,52.892,161.614
304.486,296.120,52.892,161.614
311.430,291.627,52.892,161.614
318.374,284.683,52.892,161.614
322.867,287.542,52.892,161.614
322.459,288.767,52.892,161.614
324.501,287.542,52.892,161.614
321.642,284.683,52.892,161.614
319.599,279.372,52.892,161.614
322.919,285.426,51.764,158.168
317.722,284.227,51.764,158.168
311.726,281.429,51.764,158.168
304.932,280.094,52.909,161.667
297.986,282.137,52.909,161.667
291.039,273.556,52.909,161.667
285.728,265.793,52.909,161.667
278.781,271.922,52.909,161.667
271.018,275.599,52.909,161.667
268.158,268.653,52.909,161.667
269.383,264.975,52.909,161.667
264.072,271.105,52.909,161.667
263.663,275.599,52.909,161.667
262.258,279.292,51.781,158.220
263.458,282.891,51.781,158.220
266.257,284.091,51.781,158.220
268.736,283.080,50.677,154.846
266.636,290.389,49.596,151.543
263.955,296.901,49.596,151.543
265.870,304.178,49.596,151.543
260.125,321.414,49.596,151.543
258.976,325.627,49.596,151.543
257.061,330.606,49.596,151.543
260.174,336.283,48.538,148.312
262.798,330.660,48.538,148.312
260.174,325.037,48.538,148.312
256.800,317.915,48.538,148.312
251.985,310.441,49.612,151.593
249.449,304.391,50.710,154.947
252.190,301.650,50.710,154.947
248.665,295.776,50.710,154.947
250.949,278.216,51.832,158.375
249.960,274.387,52.979,161.879
253.642,273.160,52.979,161.879
254.870,271.932,52.979,161.879
258.953,262.925,54.151,165.461
258.535,265.016,54.151,165.461
261.840,265.355,55.349,169.122
256.284,268.347,55.349,169.122
258.421,262.791,55.349,169.122
261.895,261.710,54.169,165.515
266.102,256.620,53.013,161.986
269.786,259.486,53.013,161.986
271.833,264.808,53.013,161.986
273.062,261.124,53.013,161.986
270.864,265.613,51.883,158.531
276.875,258.000,51.883,158.531
274.725,266.256,50.777,155.151
279.822,268.217,50.777,155.151
286.789,275.540,49.694,151.842
291.388,277.529,48.634,148.604
298.785,279.476,47.597,145.435
294.006,273.962,47.597,145.435
282.822,273.033,46.582,142.333
270.231,284.904,46.582,142.333
254.762,291.739,46.582,142.333
248.647,292.099,46.582,142.333
242.555,295.350,45.588,139.298
220.375,297.111,45.588,139.298
208.305,296.899,44.616,136.328
201.759,304.824,44.616,136.328
186.608,297.954,45.603,139.344
177.700,293.124,46.612,142.427
159.341,288.444,46.612,142.427
153.222,291.684,46.612,142.427
144.942,283.404,46.612,142.427
138.824,276.227,47.644,145.578
142.136,270.708,47.644,145.578
145.836,269.777,46.628,142.473
141.957,260.356,47.659,145.626
145.270,261.460,47.659,145.626
146.374,261.092,47.659,145.626
149.687,257.043,47.659,145.626
152.999,254.467,47.659,145.626
155.576,251.154,47.659,145.626
150.084,244.579,48.714,148.848
155.727,243.450,48.714,148.848
158.361,243.826,48.714,148.848
160.242,248.717,48.714,148.848
157.608,252.103,48.714,148.848
160.994,251.727,48.714,148.848
160.065,250.470,49.792,152.141
160.449,256.238,49.792,152.141
165.057,272.315,48.730,148.896
159.412,272.691,48.730,148.896
155.273,279.089,48.730,148.896
159.412,285.487,48.730,148.896
156.025,282.100,48.730,148.896
159.810,292.030,47.691,145.721
157.231,297.555,47.691,145.721
153.917,303.816,47.691,145.721
157.968,311.550,47.691,145.721
160.546,310.445,47.691,145.721
165.334,310.077,47.691,145.721
165.702,309.708,47.691,145.721
163.861,307.867,47.691,145.721
167.912,307.499,47.691,145.721
171.227,304.921,47.691,145.721
174.542,303.079,47.691,145.721
180.066,297.554,47.691,145.721
185.591,295.713,47.691,145.721
191.115,293.135,47.691,145.721
190.010,287.610,47.691,145.721
196.554,294.489,46.674,142.614
199.798,291.245,46.674,142.614
200.158,285.838,46.674,142.614
201.240,278.269,46.674,142.614
201.600,272.862,46.674,142.614
205.565,268.897,46.674,142.614
