213.000,121.000,21.000,95.000
213.216,119.052,21.000,95.000
214.299,116.672,21.000,95.000
213.649,114.291,21.000,95.000
213.000,113.209,21.000,95.000
211.918,112.127,21.000,95.000
209.970,112.343,21.000,95.000
208.455,112.992,21.000,95.000
209.970,113.209,21.000,95.000
208.888,112.992,21.000,95.000
211.701,111.478,21.000,95.000
214.948,111.261,21.000,95.000
219.060,109.746,21.000,95.000
222.306,108.664,21.000,95.000
225.119,109.746,21.000,95.000
225.336,108.664,21.000,95.000
223.821,109.746,21.000,95.000
221.440,108.664,21.000,95.000
219.060,108.881,21.000,95.000
217.978,109.963,21.000,95.000
218.627,109.313,21.000,95.000
218.843,110.395,21.000,95.000
217.328,109.746,21.000,95.000
218.410,107.798,21.000,95.000
220.358,106.283,21.000,95.000
222.739,106.067,21.000,95.000
223.388,104.552,21.000,95.000
223.172,102.604,21.000,95.000
222.090,102.388,21.000,95.000
221.440,100.873,21.000,95.000
222.522,100.224,21.000,95.000
222.306,100.440,21.000,95.000
225.119,101.955,21.000,95.000
224.470,100.007,21.000,95.000
226.851,98.925,21.000,95.000
225.769,96.977,21.000,95.000
227.108,97.498,21.465,97.102
229.099,98.162,21.465,97.102
231.090,97.056,21.465,97.102
232.638,97.719,21.465,97.102
234.466,98.711,21.940,99.250
231.527,100.746,21.940,99.250
229.040,102.328,21.940,99.250
226.101,104.816,21.940,99.250
225.422,108.659,21.940,99.250
224.744,111.146,21.940,99.250
223.614,110.016,21.940,99.250
222.758,109.985,21.472,97.134
222.979,111.091,21.472,97.134
220.545,109.099,21.472,97.134
218.111,109.321,21.472,97.134
213.907,109.542,21.472,97.134
209.657,108.658,21.014,95.062
205.542,107.142,21.014,95.062
201.860,106.059,21.014,95.062
200.778,105.843,21.014,95.062
200.994,105.193,21.014,95.062
200.778,105.410,21.014,95.062
201.427,108.225,21.014,95.062
203.810,106.276,21.014,95.062
204.892,109.524,21.014,95.062
206.841,111.907,21.014,95.062
208.357,114.289,21.014,95.062
210.306,112.773,21.014,95.062
209.657,111.257,21.014,95.062
206.841,112.773,21.014,95.062
204.459,110.824,21.014,95.062
207.708,111.473,21.014,95.062
209.657,110.824,21.014,95.062
212.472,111.473,21.014,95.062
216.587,109.957,21.014,95.062
221.134,109.308,21.014,95.062
226.115,106.926,21.014,95.062
228.931,104.977,21.014,95.062
226.115,105.193,21.014,95.062
221.134,103.244,21.014,95.062
213.635,102.379,20.566,93.035
206.705,103.984,20.127,91.051
203.179,101.702,20.127,91.051
200.897,101.080,20.127,91.051
200.275,95.480,20.127,91.051
201.727,87.805,20.127,91.051
204.008,84.279,20.127,91.051
206.290,77.434,20.127,91.051
207.742,75.152,20.127,91.051
207.120,73.285,20.127,91.051
208.734,71.657,19.698,89.109
209.531,73.977,19.278,87.209
208.935,76.560,19.278,87.209
210.325,81.526,19.278,87.209
210.524,88.480,19.278,87.209
208.736,96.625,19.278,87.209
210.524,102.784,19.278,87.209
211.517,104.572,19.278,87.209
211.914,107.991,18.867,85.349
213.802,112.087,18.464,83.529
215.895,114.181,18.464,83.529
216.283,117.797,18.873,85.377
214.144,123.049,18.873,85.377
212.393,127.911,18.873,85.377
211.421,130.440,18.873,85.377
212.934,134.537,18.470,83.557
213.886,138.534,18.470,83.557
212.934,141.009,18.470,83.557
214.648,140.438,18.470,83.557
212.554,139.486,18.470,83.557
209.782,137.574,18.879,85.405
203.751,136.601,18.879,85.405
203.945,134.461,18.879,85.405
205.696,132.321,18.879,85.405
208.615,129.014,18.879,85.405
210.755,126.484,18.879,85.405
212.269,124.957,18.476,83.584
213.842,123.045,18.885,85.433
216.373,125.185,18.885,85.433
218.514,122.655,18.885,85.433
222.279,125.255,18.483,83.611
226.279,126.969,18.483,83.611
229.964,129.513,18.088,81.828
233.212,129.487,17.703,80.083
237.043,130.399,17.703,80.083
240.822,131.974,18.094,81.855
243.911,129.327,18.495,83.666
248.294,131.805,18.495,83.666
255.728,135.045,18.495,83.666
261.255,133.711,18.495,83.666
264.877,136.570,18.495,83.666
269.299,138.013,18.100,81.882
275.455,140.065,18.100,81.882
278.999,141.744,18.100,81.882
284.782,140.811,18.100,81.882
289.818,143.236,18.100,81.882
294.855,145.661,18.100,81.882
298.399,143.982,18.100,81.882
304.181,146.407,18.100,81.882
307.725,148.459,18.100,81.882
310.897,150.138,18.100,81.882
314.865,148.674,17.714,80.136
319.453,151.464,17.336,78.427
326.778,154.501,17.336,78.427
331.245,155.752,17.336,78.427
334.997,154.501,17.336,78.427
338.454,152.410,16.967,76.755
340.488,151.037,16.605,75.118
341.490,150.354,16.251,73.516
341.179,149.685,15.904,71.948
341.853,147.358,16.256,73.540
344.031,144.845,16.256,73.540
345.874,142.667,16.256,73.540
348.649,138.551,16.616,75.167
349.982,136.877,16.262,73.564
349.479,135.034,16.262,73.564
350.137,136.626,15.915,71.995
350.812,134.298,16.267,73.588
351.985,133.460,16.267,73.588
350.812,132.286,16.267,73.588
352.320,132.118,16.267,73.588
352.488,132.621,16.267,73.588
351.786,130.242,16.627,75.216
351.615,130.756,16.627,75.216
351.609,128.324,16.995,76.880
351.602,128.382,17.371,78.581
352.140,128.919,17.371,78.581
353.035,129.456,17.371,78.581
305.237,171.167,17.371,78.581
308.281,173.494,17.371,78.581
312.040,172.241,17.371,78.581
314.009,174.210,17.371,78.581
316.694,173.315,17.371,78.581
318.433,175.706,17.000,76.906
324.970,173.219,17.376,78.607
328.014,173.756,17.376,78.607
330.342,173.577,17.376,78.607
331.596,175.547,17.376,78.607
332.704,175.235,17.761,80.346
332.364,177.679,17.382,78.633
332.902,178.933,17.382,78.633
333.638,177.878,17.767,80.373
333.252,177.938,18.160,82.151
335.311,178.500,18.160,82.151
335.498,180.184,18.160,82.151
335.685,182.617,18.160,82.151
336.843,182.679,18.561,83.969
338.947,183.253,18.561,83.969
340.669,183.062,18.561,83.969
342.390,184.018,18.561,83.969
343.574,184.081,18.972,85.826
322.876,204.837,19.392,87.725
322.040,208.636,19.821,89.666
322.032,212.094,20.259,91.650
322.659,213.973,20.259,91.650
322.674,217.567,19.827,89.696
319.537,219.902,19.405,87.783
312.476,216.648,19.834,89.725
311.454,213.991,19.834,89.725
311.658,213.378,19.834,89.725
313.089,214.809,19.834,89.725
316.564,214.604,19.834,89.725
319.630,215.626,19.834,89.725
321.060,215.013,19.834,89.725
322.082,216.853,19.834,89.725
323.922,216.239,19.834,89.725
322.900,218.897,19.834,89.725
325.148,217.875,19.834,89.725
323.718,219.714,19.834,89.725
324.559,218.085,20.273,91.710
324.118,218.588,20.721,93.739
264.733,180.552,21.180,95.813
262.769,182.079,21.180,95.813
265.606,184.480,21.180,95.813
268.444,187.318,21.180,95.813
271.718,188.846,21.180,95.813
274.992,191.247,21.180,95.813
278.266,194.084,21.180,95.813
281.540,197.358,21.180,95.813
284.814,199.759,21.180,95.813
287.775,203.516,20.728,93.770
291.084,207.193,20.286,91.770
294.220,210.328,20.286,91.770
296.938,213.046,20.286,91.770
300.580,215.435,19.853,89.813
303.649,216.049,19.853,89.813
306.718,217.891,19.853,89.813
309.378,218.914,19.853,89.813
311.365,220.463,19.430,87.898
314.368,221.064,19.430,87.898
316.971,220.463,19.430,87.898
319.174,220.663,19.430,87.898
321.890,221.407,19.016,86.024
324.046,221.995,19.016,86.024
325.571,222.724,18.610,84.189
324.612,223.299,18.610,84.189
327.105,223.874,18.610,84.189
327.858,224.957,18.213,82.394
329.681,225.654,17.825,80.637
329.129,226.206,17.825,80.637
328.946,226.757,17.825,80.637
332.500,227.085,17.445,78.917
332.166,228.447,17.073,77.234
331.638,228.622,17.073,77.234
321.609,227.743,17.073,77.234
320.143,225.611,17.451,78.943
322.840,224.352,17.451,78.943
325.178,223.093,17.451,78.943
327.876,220.755,17.451,78.943
326.617,214.820,17.451,78.943
327.156,213.202,17.451,78.943
330.214,214.101,17.451,78.943
332.911,214.281,17.451,78.943
335.249,214.101,17.451,78.943
337.855,211.921,17.837,80.690
340.612,211.738,17.837,80.690
343.737,211.186,17.837,80.690
346.127,210.267,17.837,80.690
347.413,209.348,17.837,80.690
347.230,208.796,17.837,80.690
348.367,206.569,18.231,82.475
349.307,206.005,18.231,82.475
347.616,206.193,18.231,82.475
345.925,206.757,18.231,82.475
344.359,206.039,18.635,84.300
290.954,195.742,19.047,86.165
288.795,197.509,19.047,86.165
287.028,198.490,19.047,86.165
286.047,200.257,19.047,86.165
288.599,201.631,19.047,86.165
290.758,202.220,19.047,86.165
292.917,203.987,19.047,86.165
295.469,204.968,19.047,86.165
297.375,206.454,18.641,84.327
300.256,207.031,18.641,84.327
303.138,207.223,18.641,84.327
305.251,208.183,18.641,84.327
302.853,209.841,19.053,86.193
304.620,206.896,19.053,86.193
304.205,208.998,19.475,88.100
302.532,211.147,19.906,90.049
301.248,210.789,20.346,92.041
299.780,212.677,20.346,92.041
300.409,211.628,20.346,92.041
300.200,211.419,20.346,92.041
303.345,211.209,20.346,92.041
303.554,210.999,20.346,92.041
304.183,211.209,20.346,92.041
302.716,211.419,20.346,92.041
302.506,209.951,20.346,92.041
302.716,208.064,20.346,92.041
303.764,209.112,20.346,92.041
304.813,207.225,20.346,92.041
304.183,209.112,20.346,92.041
305.232,206.806,20.346,92.041
306.864,206.776,19.912,90.079
308.300,204.109,19.912,90.079
310.292,202.894,19.487,88.158
311.698,200.684,19.487,88.158
313.506,202.492,19.487,88.158
316.117,200.283,19.487,88.158
317.924,199.279,19.487,88.158
316.777,201.574,19.072,86.278
319.332,200.198,19.072,86.278
317.830,201.686,18.665,84.438
319.562,202.648,18.665,84.438
321.429,201.880,18.267,82.637
323.124,203.574,18.267,82.637
325.461,203.246,18.671,84.465
327.192,204.208,18.671,84.465
327.770,205.170,18.671,84.465
329.886,206.132,18.671,84.465
331.233,207.094,18.671,84.465
330.505,208.922,18.273,82.664
331.446,210.617,18.273,82.664
332.186,213.132,17.883,80.901
331.633,215.159,17.883,80.901
332.712,217.976,17.502,79.176
334.463,221.080,17.129,77.488
336.052,224.434,17.129,77.488
335.522,223.904,17.129,77.488
336.896,227.623,16.764,75.835
330.796,225.171,17.134,77.513
329.206,223.935,17.134,77.513
317.305,227.655,16.769,75.860
315.750,227.482,16.769,75.860
318.342,229.383,16.769,75.860
318.354,231.358,16.411,74.242
320.648,233.291,16.061,72.659
325.107,232.659,16.417,74.267
327.983,233.166,16.417,74.267
305.143,210.664,16.417,74.267
307.681,212.525,16.417,74.267
310.896,213.371,16.417,74.267
315.147,214.652,16.067,72.683
319.287,218.461,16.067,72.683
323.426,220.944,16.067,72.683
329.822,224.432,15.724,71.133
332.901,231.076,15.724,71.133
315.419,240.425,15.389,69.616
318.749,243.121,15.389,69.616
323.652,245.851,15.061,68.131
325.980,244.454,15.061,68.131
323.342,240.263,15.061,68.131
321.324,234.831,15.061,68.131
321.640,232.306,15.394,69.639
324.597,230.713,15.734,71.180
325.732,231.848,15.734,71.180
326.868,233.307,15.734,71.180
328.651,232.821,15.734,71.180
330.111,231.361,15.734,71.180
329.300,232.821,15.734,71.180
330.435,231.037,15.734,71.180
331.570,232.172,15.734,71.180
331.732,233.307,15.734,71.180
333.191,232.821,15.734,71.180
333.354,232.334,15.734,71.180
333.840,231.848,15.734,71.180
334.651,230.713,15.734,71.180
332.543,222.118,15.734,71.180
330.855,222.509,16.083,72.754
327.706,224.000,16.083,72.754
326.214,227.149,16.083,72.754
328.462,231.280,15.740,71.203
330.246,230.793,15.740,71.203
331.382,229.982,15.740,71.203
294.885,217.168,15.740,71.203
297.643,215.384,15.740,71.203
252.535,228.564,16.088,72.778
253.696,230.056,16.088,72.778
258.172,230.885,16.088,72.778
268.286,230.719,16.088,72.778
275.747,231.548,16.088,72.778
279.892,233.704,16.088,72.778
285.695,235.527,16.088,72.778
289.176,238.346,16.088,72.778
291.425,242.158,15.745,71.226
294.833,243.943,15.745,71.226
295.644,245.403,15.745,71.226
264.689,243.817,15.409,69.707
267.706,245.564,15.409,69.707
270.724,247.311,15.409,69.707
273.106,246.517,15.409,69.707
273.264,248.263,15.409,69.707
272.788,247.469,15.409,69.707
275.554,248.672,15.080,68.221
277.264,249.760,15.080,68.221
275.865,249.293,15.080,68.221
277.264,248.827,15.080,68.221
280.217,249.293,15.080,68.221
283.480,247.895,15.080,68.221
286.055,245.689,15.414,69.730
288.120,243.306,15.414,69.730
291.138,242.830,15.414,69.730
294.474,241.082,15.414,69.730
297.105,238.827,15.755,71.273
293.987,242.248,15.419,69.753
295.836,240.388,15.090,68.266
301.316,237.858,15.424,69.776
303.382,239.606,15.424,69.776
306.403,241.355,15.424,69.776
308.252,242.865,15.095,68.288
321.482,239.366,15.429,69.799
324.821,241.433,15.429,69.799
324.662,242.864,15.429,69.799
325.139,245.249,15.429,69.799
323.004,247.986,15.100,68.310
320.048,248.453,15.100,68.310
317.659,251.131,14.778,66.854
319.550,249.285,15.105,68.333
320.513,248.368,15.439,69.845
321.627,249.482,15.439,69.845
320.195,250.277,15.439,69.845
318.126,251.391,15.439,69.845
317.013,252.186,15.439,69.845
300.767,250.017,15.110,68.355
299.989,248.304,15.110,68.355
290.490,246.280,15.110,68.355
288.466,244.879,15.110,68.355
291.424,243.789,15.110,68.355
298.120,241.764,15.110,68.355
304.193,240.051,15.110,68.355
310.266,238.961,15.110,68.355
313.848,237.871,15.110,68.355
316.184,236.470,15.110,68.355
318.208,236.003,15.110,68.355
320.232,234.601,15.110,68.355
321.945,234.757,15.110,68.355
323.658,234.601,15.110,68.355
324.437,234.757,15.110,68.355
326.150,235.535,15.110,68.355
325.371,235.691,15.110,68.355
327.084,236.158,15.110,68.355
325.994,236.003,15.110,68.355
326.906,237.182,14.788,66.898
326.448,237.944,14.788,66.898
326.601,237.791,14.788,66.898
325.839,238.248,14.788,66.898
325.382,239.010,14.788,66.898
327.058,238.858,14.788,66.898
326.906,238.706,14.788,66.898
328.277,238.858,14.788,66.898
329.954,238.706,14.788,66.898
331.325,237.944,14.788,66.898
332.697,236.877,14.788,66.898
333.764,235.505,14.788,66.898
333.758,235.556,15.115,68.378
333.602,236.023,15.115,68.378
316.789,243.186,15.449,69.890
318.105,243.569,15.791,71.437
320.801,242.947,16.141,73.017
274.889,233.338,16.498,74.633
279.139,234.868,16.498,74.633
287.130,236.739,16.498,74.633
289.947,238.559,16.863,76.284
288.382,243.251,16.863,76.284
289.947,244.467,16.863,76.284
291.858,246.031,16.863,76.284
294.117,246.900,16.863,76.284
296.810,246.206,16.503,74.657
299.444,247.822,16.151,73.065
300.740,249.724,15.807,71.507
302.635,251.272,15.470,69.982
308.793,251.249,15.140,68.490
316.324,247.919,14.817,67.029
318.984,248.781,14.501,65.600
304.014,227.154,14.192,64.201
301.528,228.471,14.192,64.201
299.919,230.664,14.192,64.201
298.310,233.736,14.192,64.201
297.871,237.392,14.192,64.201
297.432,239.294,14.192,64.201
298.749,240.902,14.192,64.201
297.140,242.804,14.192,64.201
296.994,246.168,14.192,64.201
298.895,248.361,14.192,64.201
300.879,250.597,13.889,62.832
302.167,251.312,13.889,62.832
304.028,252.314,13.889,62.832
305.602,252.171,13.889,62.832
304.600,252.028,13.889,62.832
303.312,253.316,13.889,62.832
300.879,251.169,13.889,62.832
299.018,249.595,13.889,62.832
300.201,247.860,14.196,64.222
299.589,245.176,14.511,65.643
303.028,246.522,14.511,65.643
301.682,243.980,14.511,65.643
288.024,239.686,14.832,67.095
286.037,238.921,14.832,67.095
287.934,237.069,15.160,68.580
289.549,234.527,15.495,70.097
292.195,231.267,15.838,71.648
297.907,228.492,15.838,71.648
299.376,225.717,15.838,71.648
300.845,222.942,15.838,71.648
302.641,223.432,15.838,71.648
304.763,224.248,15.838,71.648
306.558,224.738,15.838,71.648
309.262,225.808,16.188,73.233
310.986,227.248,16.547,74.853
313.103,226.951,16.913,76.510
314.672,228.519,16.913,76.510
316.589,228.694,16.913,76.510
318.753,229.113,17.287,78.202
321.425,229.648,17.287,78.202
322.672,228.757,17.287,78.202
323.715,230.793,16.918,76.535
324.736,230.096,16.557,74.902
326.613,230.267,16.557,74.902
328.149,230.096,16.557,74.902
329.684,229.926,16.557,74.902
329.038,232.533,16.204,73.305
328.537,232.366,16.204,73.305
330.159,232.665,15.859,71.742
329.342,233.809,15.859,71.742
328.851,233.646,15.859,71.742
329.995,233.809,15.859,71.742
328.198,234.953,15.859,71.742
327.707,235.117,15.859,71.742
327.702,234.832,16.210,73.329
325.864,234.999,16.210,73.329
327.033,232.827,16.210,73.329
325.196,234.999,16.210,73.329
324.241,235.620,15.864,71.765
325.386,236.437,15.864,71.765
326.058,234.456,16.215,73.353
326.226,235.960,16.215,73.353
327.730,234.456,16.215,73.353
326.775,236.688,15.869,71.789
328.901,235.543,15.869,71.789
328.410,237.015,15.869,71.789
330.314,238.568,15.531,70.258
330.474,237.128,15.531,70.258
329.993,238.568,15.531,70.258
329.513,240.649,15.531,70.258
328.599,244.329,15.200,68.760
322.177,246.679,15.200,68.760
315.754,250.595,15.200,68.760
316.851,250.752,15.200,68.760
318.674,251.636,14.875,67.293
319.571,253.092,14.558,65.858
319.254,253.764,14.880,67.315
318.488,255.145,14.880,67.315
320.481,251.924,14.880,67.315
319.714,252.998,14.880,67.315
317.414,254.378,14.880,67.315
316.034,255.758,14.880,67.315
317.301,251.672,15.209,68.805
314.637,252.142,15.209,68.805
302.567,247.910,15.209,68.805
298.962,245.559,15.209,68.805
299.119,242.894,15.209,68.805
299.589,241.484,15.209,68.805
300.809,240.556,14.885,67.338
302.594,239.943,14.568,65.902
304.546,241.894,14.568,65.902
306.293,244.768,14.257,64.496
312.023,248.147,14.257,64.496
318.115,250.330,14.572,65.923
314.994,244.147,14.895,67.382
308.199,229.627,14.577,65.945
320.367,232.781,14.577,65.945
322.921,235.335,14.577,65.945
287.918,245.401,14.577,65.945
298.885,248.555,14.577,65.945
278.604,250.809,14.577,65.945
288.369,248.555,14.577,65.945
296.030,242.997,14.577,65.945
291.373,242.546,14.577,65.945
284.613,242.396,14.577,65.945
297.382,240.143,14.577,65.945
316.161,240.894,14.577,65.945
318.649,242.190,14.900,67.404
317.574,244.801,14.900,67.404
314.964,247.411,14.900,67.404
293.313,245.108,14.900,67.404
285.175,250.482,14.900,67.404
271.816,249.714,14.900,67.404
264.292,250.789,14.900,67.404
223.293,250.329,14.900,67.404
219.464,250.698,15.229,68.895
209.263,252.425,15.229,68.895
205.967,255.407,15.229,68.895
212.088,257.133,15.229,68.895
222.603,255.407,15.229,68.895
228.724,252.738,15.229,68.895
228.254,255.093,15.229,68.895
227.155,252.425,15.229,68.895
229.195,254.779,15.229,68.895
230.608,251.797,15.229,68.895
233.276,253.523,15.229,68.895
240.339,255.564,15.229,68.895
247.715,252.581,15.229,68.895
250.070,254.936,15.229,68.895
253.052,252.581,15.229,68.895
255.406,254.936,15.229,68.895
255.563,251.954,15.229,68.895
256.348,253.366,15.229,68.895
255.039,250.487,15.566,70.419
252.038,251.539,15.911,71.977
