0.00406861
0.01135540
0.01192474
0.01131034
0.01094842
0.01052904
0.01052189
0.01055837
0.01053619
0.01067019
0.01049924
0.01038003
0.01060414
0.01049733
0.01058292
0.01051354
0.01058221
0.01057744
0.01061583
0.01065040
0.01053429
0.01048803
0.01060605
0.01056957
0.01056552
0.01110959
0.01079726
0.01044488
0.01058388
0.01054144
0.01051188
0.01056910
0.01049471
0.01052761
0.01052570
0.01055646
0.01058769
0.01051974
0.01034975
0.01049614
0.01047921
0.01036215
0.01042295
0.01063132
0.01059628
0.01059246
0.01060009
0.01055551
0.01059079
0.01061153
0.01067114
0.01056862
0.01049829
0.01036930
0.01050091
0.01060104
0.01047087
0.01045465
0.01051354
0.01051927
0.01042461
0.01038885
0.01043129
0.01050758
0.01057148
0.01047730
0.01038194
0.01051259
0.01051450
0.01041889
0.01156521
0.01087189
0.01056695
0.01049423
0.01039171
0.01048422
0.01050425
0.01049018
0.01045132
0.01045489
0.01046014
0.01052237
0.01041460
0.01049256
0.01044178
0.01051688
0.01060438
0.01046658
0.01043487
0.01043367
0.01046729
0.01044774
0.01048350
0.01038957
0.01048613
0.01051092
0.01038647
0.01035404
0.01046371
0.01047707
0.01052189
0.01042104
0.01042175
0.01050138
0.01045036
0.01034880
0.01038599
0.01048374
0.01044703
0.01040053
0.01038146
0.01046062
0.01041627
0.01041174
0.01051807
0.01088572
0.01071525
0.01039267
0.01045275
0.01056123
0.01036406
0.01039791
0.01043725
0.01044083
0.01044774
0.01039863
0.01047015
0.01048732
