0.00540376
0.01088476
0.01195693
0.01131368
0.01101184
0.01064730
0.01055670
0.01061249
0.01051092
0.01054287
0.01070118
0.01050806
0.01052713
0.01060057
0.01070547
0.01055574
0.01053357
0.01063037
0.01060081
0.01051593
0.01056600
0.01065087
0.01059341
0.01068068
0.01069021
0.01062965
0.01057267
0.01063085
0.01060534
0.01063991
0.01057768
0.01047826
0.01057959
0.01045990
0.01042867
0.01048565
0.01045489
0.01051903
0.01047921
0.01053095
0.01047659
0.01054049
0.01045775
0.01050806
0.01037526
0.01045012
0.01042461
0.01055908
0.01046228
0.01049113
0.01055980
0.01055503
0.01054740
0.01042151
0.01056409
0.01044607
0.01044798
0.01049733
0.01053309
0.01050162
0.01046300
0.01064157
0.01058841
0.01055193
0.01050544
0.01068521
0.01058865
0.01057029
0.01053286
0.01062822
0.01049781
0.01050162
0.01054430
0.01058578
0.01047301
0.01054978
0.01050019
0.01055670
0.01046228
0.01058984
0.01057959
0.01046705
0.01056647
0.01057363
0.01036263
0.01042509
0.01058674
0.01058078
0.01048732
0.01045895
0.01050639
0.01052189
0.01048207
0.01050639
0.01050115
0.01057816
0.01051259
0.01050830
0.01061463
0.01048851
0.01059198
0.01062083
0.01056409
0.01058555
0.01067543
0.01077151
0.01078987
0.01069093
0.01067114
0.01066351
0.01069784
0.01064777
0.01058912
0.01071787
0.01056743
0.01064563
0.01064467
0.01066542
0.01063490
0.01061392
0.01072454
0.01064825
0.01069665
0.01074409
0.01070237
0.01066732
0.01069117
0.01068306
0.01072526
0.01060486
0.01064634
0.01067185
0.01079321
0.01072311
0.01070714
0.01071358
0.01067686
0.01075387
0.01072598
0.01072645
0.01075125
0.01073885
0.01070166
0.01057386
0.01067090
0.01064849
0.01067662
0.01079059
0.01066732
0.01072717
0.01075649
0.01082778
0.01070571
0.01076961
0.01078343
0.01086354
0.01068735
0.01072693
0.01080298
0.01070309
0.01067734
0.01070452
0.01068258
0.01062655
0.01064253
0.01079726
0.01082516
0.01069045
0.01073909
0.01080132
0.01078176
0.01074648
0.01071811
0.01076412
0.01069641
0.01065373
0.01079321
0.01069212
0.01066709
0.01073027
0.01069260
0.01081944
0.01066804
0.01079559
0.01093507
0.01095629
0.01081371
0.01074719
0.01082182
0.01084995
0.01081896
0.01085949
0.01077795
0.01081133
0.01065469
0.01072431
0.01073909
0.01075721
0.01079583
0.01093554
0.01093864
0.01082635
0.01076865
0.01090050
0.01087928
0.01075363
0.01109982
0.01086497
0.01084709
0.01088428
0.01078367
0.01082516
0.01085043
0.01084876
0.01100087
0.01087451
0.01082468
0.01086092
0.01082897
0.01092434
0.01078963
0.01078868
0.01092744
0.01080108
0.01077747
0.01079917
0.01082492
0.01069617
0.01068878
0.01079535
0.01101375
0.01088357
0.01082087
0.01085424
0.01092315
0.01087809
0.01075411
0.01080155
0.01085401
0.01083565
0.01081848
0.01081777
0.01082134
0.01080441
0.01085520
0.01090455
0.01083255
0.01090431
0.01093030
0.01100850
0.01093388
0.01088119
