0.00613809
0.01085663
0.01264477
0.01095843
0.01067948
0.01058602
0.01059389
0.01057625
0.01052833
0.01055288
0.01067996
0.01067805
0.01055288
0.01052880
0.01054740
0.01059675
0.01051760
0.01062989
0.01070189
0.01066017
0.01061869
0.01057291
0.01059008
0.01065826
0.01062131
0.01072145
0.01068830
0.01069450
0.01047468
0.01051283
0.01054931
0.01056027
0.01058745
0.01068163
0.01070642
0.01058626
0.01060653
0.01055145
0.01057267
0.01063371
0.01066589
0.01065111
0.01060987
0.01061440
0.01054406
0.01058912
0.01060843
0.01064181
0.01068211
0.01065016
0.01070070
0.01074147
0.01070952
0.01073766
0.01067066
0.01075006
0.01057863
0.01067042
0.01064038
0.01069283
0.01067924
0.01075459
0.01050711
0.01069808
0.01061392
0.01078892
0.01068687
0.01061296
0.01059508
0.01063108
0.01056314
0.01059508
0.01075959
0.01066780
0.01070166
0.01071095
0.01069283
0.01078153
0.01082373
0.01079512
0.01075172
0.01076412
0.01071429
0.01079416
0.01084089
0.01086688
0.01063156
0.01073098
0.01074076
0.01082301
0.01077318
0.01075530
0.01079011
0.01080847
0.01074934
0.01083279
0.01075959
0.01086164
0.01075959
0.01076007
0.01085138
0.01074696
0.01078653
0.01073980
0.01072407
0.01077342
0.01080441
0.01076007
0.01067829
0.01082397
0.01070762
0.01069331
0.01080561
0.01087141
0.01075721
0.01069093
0.01067519
0.01071525
0.01081347
0.01083469
0.01080775
0.01085019
0.01081109
0.01084852
0.01083875
0.01080656
0.01078773
0.01091099
0.01071644
0.01081800
0.01078892
0.01061535
0.01074100
0.01077914
0.01077199
0.01084995
0.01075888
0.01072979
0.01077557
0.01095057
0.01080275
0.01080012
0.01071143
0.01090908
0.01073241
0.01081586
0.01069593
0.01072907
0.01069379
0.01079774
0.01074123
0.01076651
0.01071548
0.01077461
0.01073003
0.01064777
0.01072168
0.01071692
0.01054168
0.01052165
0.01054406
0.01061273
0.01063824
0.01060486
0.01066232
0.01056075
0.01063204
0.01064634
0.01065016
0.01071739
0.01065946
0.01069736
0.01063108
0.01068854
0.01056743
0.01064634
0.01058388
0.01067710
0.01053572
0.01060772
0.01055050
0.01063061
0.01058555
0.01059127
0.01064110
0.01065207
0.01053882
0.01059723
0.01062107
0.01060152
0.01058674
0.01071835
0.01077342
0.01060343
0.01050949
0.01052809
0.01053095
0.01059437
0.01075077
0.01061463
0.01072764
0.01058388
0.01061940
0.01059556
0.01066518
0.01057887
0.01062155
0.01070166
0.01076746
0.01066470
0.01064229
0.01066899
0.01070619
0.01071072
0.01067519
0.01067662
0.01059127
0.01069379
0.01066494
0.01068926
0.01068211
0.01070690
0.01068997
0.01064467
0.01059341
0.01059175
0.01058602
0.01054740
