134.000,55.000,60.000,88.000
135.450,55.290,60.000,88.000
135.160,55.580,60.000,88.000
134.290,54.130,60.000,88.000
135.740,55.580,60.000,88.000
133.710,54.130,60.000,88.000
135.160,55.580,60.000,88.000
134.290,54.130,60.000,88.000
135.740,55.580,60.000,88.000
133.710,54.130,60.000,88.000
135.160,55.580,60.000,88.000
136.030,56.450,60.000,88.000
136.900,57.900,60.000,88.000
138.931,56.450,60.000,88.000
139.221,57.900,60.000,88.000
138.350,55.870,60.000,88.000
136.320,57.320,60.000,88.000
131.970,55.290,60.000,88.000
127.619,57.320,60.000,88.000
120.949,55.870,60.000,88.000
117.178,56.160,60.000,88.000
109.927,56.450,60.000,88.000
100.356,57.320,60.000,88.000
94.266,59.350,60.000,88.000
88.175,61.961,60.000,88.000
85.565,65.731,60.000,88.000
84.114,67.181,60.000,88.000
84.955,71.323,61.327,89.947
86.430,75.557,62.684,91.937
89.157,79.496,62.684,91.937
92.490,82.223,62.684,91.937
96.429,82.526,62.684,91.937
99.762,82.223,62.684,91.937
105.670,83.407,64.071,93.971
117.130,85.575,64.071,93.971
124.873,80.929,64.071,93.971
132.615,83.716,64.071,93.971
138.500,81.548,64.071,93.971
142.611,83.401,65.489,96.050
147.360,86.250,65.489,96.050
152.741,89.732,65.489,96.050
160.655,93.847,65.489,96.050
164.857,94.427,66.938,98.175
166.475,90.868,66.938,98.175
166.152,93.133,66.938,98.175
163.887,93.456,66.938,98.175
164.210,91.838,66.938,98.175
163.805,92.431,68.419,100.348
160.829,88.793,68.419,100.348
161.101,88.712,69.933,102.568
161.439,83.641,69.933,102.568
157.721,80.599,69.933,102.568
159.411,78.909,69.933,102.568
160.425,77.219,69.933,102.568
158.890,77.986,68.441,100.380
156.574,76.332,68.441,100.380
153.597,77.325,68.441,100.380
147.973,75.009,68.441,100.380
141.368,71.296,66.982,98.240
132.626,70.972,66.982,98.240
125.827,72.591,66.982,98.240
121.618,70.325,66.982,98.240
109.638,71.296,66.982,98.240
103.486,72.267,66.982,98.240
99.924,73.886,66.982,98.240
96.363,70.325,66.982,98.240
99.924,68.706,66.982,98.240
104.133,71.620,66.982,98.240
108.342,69.353,66.982,98.240
115.789,73.562,66.982,98.240
120.646,71.296,66.982,98.240
126.150,73.562,66.982,98.240
131.007,71.944,66.982,98.240
134.569,69.677,66.982,98.240
138.130,70.001,66.982,98.240
141.044,68.382,66.982,98.240
145.342,68.975,68.464,100.413
148.321,69.306,68.464,100.413
148.652,70.299,68.464,100.413
150.306,69.306,68.464,100.413
152.639,72.659,69.978,102.635
148.918,76.380,69.978,102.635
153.992,80.777,69.978,102.635
156.360,85.851,69.978,102.635
152.427,87.172,71.527,104.906
147.933,88.901,71.527,104.906
142.055,87.864,71.527,104.906
135.165,84.192,73.109,107.227
127.037,88.080,73.109,107.227
120.323,85.606,73.109,107.227
117.849,85.252,73.109,107.227
116.082,77.831,73.109,107.227
116.521,71.821,71.550,104.940
118.942,68.708,71.550,104.940
122.038,69.494,70.024,102.702
125.721,71.568,68.531,100.512
128.703,71.237,68.531,100.512
131.684,67.593,68.531,100.512
137.316,68.586,68.531,100.512
141.622,65.605,68.531,100.512
147.916,66.599,68.531,100.512
160.836,64.942,68.531,100.512
163.817,66.599,68.531,100.512
164.811,66.930,68.531,100.512
164.397,70.974,70.047,102.736
160.460,73.701,71.597,105.009
155.718,74.335,73.181,107.332
150.412,69.736,73.181,107.332
144.032,67.812,71.621,105.043
137.454,70.928,71.621,105.043
130.876,74.044,71.621,105.043
125.300,77.500,70.093,102.803
127.672,81.904,70.093,102.803
123.029,83.931,71.644,105.078
125.454,86.355,71.644,105.078
128.554,87.809,70.116,102.837
132.350,87.726,71.668,105.112
137.546,88.073,71.668,105.112
142.050,90.498,71.668,105.112
145.861,90.844,71.668,105.112
148.286,87.034,71.668,105.112
146.553,82.530,71.668,105.112
145.401,76.695,73.253,107.438
145.047,72.800,73.253,107.438
143.277,66.780,73.253,107.438
143.034,64.171,71.691,105.147
146.153,61.052,71.691,105.147
149.272,59.320,71.691,105.147
152.391,60.359,71.691,105.147
149.965,61.399,71.691,105.147
150.969,59.876,73.277,107.473
145.264,56.584,71.715,105.181
140.757,55.544,71.715,105.181
135.557,57.277,71.715,105.181
130.358,60.397,71.715,105.181
120.998,55.891,71.715,105.181
116.082,54.673,70.185,102.938
102.851,55.691,70.185,102.938
98.440,60.780,70.185,102.938
96.744,67.226,70.185,102.938
97.728,70.663,71.738,105.216
100.849,73.090,71.738,105.216
105.357,69.970,71.738,105.216
111.252,71.703,71.738,105.216
123.389,74.131,71.738,105.216
128.590,70.316,71.738,105.216
134.486,70.663,71.738,105.216
138.994,69.623,71.738,105.216
141.421,71.357,71.738,105.216
143.155,71.010,71.738,105.216
142.808,67.195,71.738,105.216
143.848,64.074,71.738,105.216
144.195,62.341,71.738,105.216
145.929,64.074,71.738,105.216
144.889,61.647,71.738,105.216
142.461,63.381,71.738,105.216
136.207,62.163,70.208,102.972
131.117,61.824,70.208,102.972
124.342,61.940,68.711,100.776
116.702,61.608,68.711,100.776
110.712,61.722,67.246,98.627
102.586,59.447,67.246,98.627
94.459,61.722,67.246,98.627
87.633,65.948,67.246,98.627
82.757,72.774,67.246,98.627
83.732,77.000,67.246,98.627
85.358,81.876,67.246,98.627
88.933,86.102,67.246,98.627
94.459,88.377,67.246,98.627
104.536,87.402,67.246,98.627
112.663,88.377,67.246,98.627
118.839,90.002,67.246,98.627
125.665,87.727,67.246,98.627
132.491,88.702,67.246,98.627
139.161,87.561,65.812,96.524
144.569,85.334,65.812,96.524
149.341,81.834,65.812,96.524
151.568,82.152,65.812,96.524
153.158,80.562,65.812,96.524
150.295,77.062,65.812,96.524
150.613,72.927,65.812,96.524
152.204,68.155,65.812,96.524
156.340,65.928,65.812,96.524
160.475,68.155,65.812,96.524
161.430,65.928,65.812,96.524
157.731,65.850,67.268,98.659
153.504,66.176,67.268,98.659
149.049,62.723,68.756,100.842
144.728,63.055,68.756,100.842
141.072,61.393,68.756,100.842
137.416,63.720,68.756,100.842
133.096,64.052,68.756,100.842
128.110,61.726,68.756,100.842
123.125,62.723,68.756,100.842
118.804,63.720,68.756,100.842
112.490,60.728,68.756,100.842
104.845,62.390,68.756,100.842
97.866,64.052,68.756,100.842
92.216,67.043,68.756,100.842
91.883,70.699,68.756,100.842
92.880,73.026,68.756,100.842
91.219,75.352,68.756,100.842
92.182,77.340,70.277,103.073
96.598,79.039,70.277,103.073
104.412,75.302,70.277,103.073
116.621,74.109,68.779,100.875
118.948,75.106,68.779,100.875
124.600,72.779,68.779,100.875
130.252,73.111,68.779,100.875
135.239,74.774,68.779,100.875
138.232,74.441,68.779,100.875
141.224,78.098,68.779,100.875
142.221,77.101,68.779,100.875
143.219,76.104,68.779,100.875
142.886,73.111,68.779,100.875
142.554,68.789,68.779,100.875
144.248,67.622,67.312,98.724
146.526,71.201,67.312,98.724
145.550,68.923,67.312,98.724
143.923,71.201,67.312,98.724
138.392,68.273,67.312,98.724
133.511,69.899,67.312,98.724
127.980,68.923,67.312,98.724
123.750,70.550,67.312,98.724
119.520,68.923,67.312,98.724
113.988,69.899,67.312,98.724
107.806,67.622,67.312,98.724
100.973,65.344,67.312,98.724
97.614,65.456,65.876,96.619
100.480,68.322,65.876,96.619
98.888,65.456,65.876,96.619
102.454,67.361,67.334,98.756
107.987,64.431,67.334,98.756
111.632,66.378,68.824,100.941
119.284,68.041,68.824,100.941
121.613,68.374,68.824,100.941
126.603,68.041,68.824,100.941
129.597,63.716,68.824,100.941
133.217,61.907,67.356,98.789
137.450,64.186,67.356,98.789
140.992,63.042,65.920,96.682
143.223,65.910,65.920,96.682
145.453,68.778,65.920,96.682
148.361,73.990,67.378,98.821
150.640,81.481,67.378,98.821
152.260,86.808,68.869,101.008
147.933,87.807,68.869,101.008
146.934,88.805,68.869,101.008
140.301,89.415,70.393,103.242
131.794,89.755,70.393,103.242
119.884,89.415,70.393,103.242
113.810,91.450,71.950,105.527
109.045,86.313,73.542,107.861
104.912,80.326,75.169,110.248
104.458,75.713,76.832,112.687
104.086,71.628,76.832,112.687
108.171,72.742,76.832,112.687
103.343,67.171,76.832,112.687
106.686,69.028,76.832,112.687
107.800,64.943,76.832,112.687
111.125,66.502,75.194,110.284
113.679,64.525,73.590,107.932
118.235,63.961,72.021,105.631
122.064,63.613,72.021,105.631
125.198,61.873,72.021,105.631
129.723,57.347,72.021,105.631
132.857,54.214,72.021,105.631
135.302,53.662,70.485,103.378
137.039,56.406,68.982,101.173
140.040,58.074,68.982,101.173
139.169,57.545,67.511,99.016
144.064,58.524,67.511,99.016
145.727,56.749,66.071,96.904
146.047,58.346,66.071,96.904
147.059,56.609,64.662,94.838
149.247,56.922,64.662,94.838
151.435,59.109,64.662,94.838
151.747,56.296,64.662,94.838
146.434,54.734,64.662,94.838
142.370,56.922,64.662,94.838
138.307,54.108,64.662,94.838
134.869,56.296,64.662,94.838
131.431,55.359,64.662,94.838
126.117,56.922,64.662,94.838
119.889,56.845,66.093,96.936
113.180,60.360,66.093,96.936
105.831,57.484,66.093,96.936
101.678,57.804,66.093,96.936
95.312,56.400,67.555,99.081
98.251,58.033,67.555,99.081
95.312,58.359,67.555,99.081
100.210,59.992,67.555,99.081
97.271,57.053,67.555,99.081
100.251,59.684,69.050,101.273
97.247,60.685,69.050,101.273
98.916,58.349,69.050,101.273
114.603,62.020,69.050,101.273
120.945,58.349,69.050,101.273
130.625,56.012,69.050,101.273
134.964,57.013,69.050,101.273
137.968,52.007,69.050,101.273
142.307,52.341,69.050,101.273
146.646,55.345,69.050,101.273
151.652,59.684,69.050,101.273
155.324,69.363,69.050,101.273
158.996,75.037,69.050,101.273
156.659,86.720,69.050,101.273
160.934,98.416,67.577,99.113
157.994,101.356,67.577,99.113
151.485,102.632,69.072,101.306
145.809,104.301,69.072,101.306
131.535,106.991,70.601,103.548
122.321,110.745,70.601,103.548
108.329,113.817,70.601,103.548
100.112,110.193,72.163,105.839
94.182,103.565,72.163,105.839
86.857,89.263,72.163,105.839
90.763,79.768,73.759,108.180
88.267,73.707,73.759,108.180
90.781,69.921,75.391,110.574
94.061,64.455,75.391,110.574
102.442,64.090,75.391,110.574
111.553,65.912,75.391,110.574
121.841,64.633,73.783,108.216
127.904,62.136,73.783,108.216
134.681,63.206,73.783,108.216
142.171,64.276,73.783,108.216
150.176,63.023,72.210,105.908
153.301,65.162,70.670,103.649
153.643,67.553,70.670,103.649
153.985,74.044,70.670,103.649
156.376,80.534,70.670,103.649
152.618,85.658,70.670,103.649
146.811,88.733,70.670,103.649
143.053,87.708,70.670,103.649
136.563,88.050,70.670,103.649
124.606,90.441,70.670,103.649
118.116,90.099,70.670,103.649
112.308,91.124,70.670,103.649
108.781,87.290,69.163,101.439
104.435,82.276,69.163,101.439
109.450,77.261,69.163,101.439
114.465,78.264,69.163,101.439
118.811,73.249,69.163,101.439
123.157,74.920,69.163,101.439
125.498,70.574,69.163,101.439
130.513,67.565,69.163,101.439
135.527,65.225,69.163,101.439
142.046,65.143,70.693,103.683
148.539,64.802,70.693,103.683
154.493,63.300,72.257,105.977
155.541,63.650,72.257,105.977
155.104,66.463,73.856,108.322
151.891,71.104,73.856,108.322
147.964,72.889,73.856,108.322
143.323,71.818,73.856,108.322
137.968,70.033,73.856,108.322
132.613,71.818,73.856,108.322
124.401,72.889,73.856,108.322
116.904,71.818,73.856,108.322
108.693,72.175,73.856,108.322
101.196,69.676,73.856,108.322
94.412,70.747,73.856,108.322
92.627,71.818,73.856,108.322
90.128,74.318,73.856,108.322
92.627,78.245,73.856,108.322
93.759,77.679,72.281,106.012
99.000,77.330,72.281,106.012
104.241,77.679,72.281,106.012
112.757,76.452,70.740,103.751
121.990,76.110,70.740,103.751
129.006,76.887,69.231,101.539
134.026,79.899,69.231,101.539
139.046,78.225,69.231,101.539
142.058,80.568,69.231,101.539
143.731,77.556,69.231,101.539
141.388,73.206,69.231,101.539
143.731,69.524,69.231,101.539
144.735,67.182,69.231,101.539
143.215,69.232,67.755,99.374
141.578,67.595,67.755,99.374
140.090,65.813,66.310,97.254
134.641,64.852,66.310,97.254
132.398,67.095,66.310,97.254
123.102,67.416,66.310,97.254
118.935,67.736,66.310,97.254
116.050,66.775,66.310,97.254
110.994,67.362,67.777,99.406
103.458,70.310,67.777,99.406
97.889,69.327,67.777,99.406
92.319,70.965,67.777,99.406
93.302,72.604,67.777,99.406
92.319,74.242,67.777,99.406
95.923,73.914,67.777,99.406
102.803,76.207,67.777,99.406
114.925,78.501,67.777,99.406
124.426,81.449,67.777,99.406
129.341,77.846,67.777,99.406
137.768,78.445,69.276,101.605
145.688,76.279,70.809,103.854
152.191,77.306,70.809,103.854
157.445,77.222,72.376,106.151
161.293,75.473,72.376,106.151
163.742,76.523,72.376,106.151
161.993,78.272,72.376,106.151
159.544,75.123,72.376,106.151
157.095,71.275,72.376,106.151
151.847,68.126,72.376,106.151
145.200,63.578,72.376,106.151
140.914,61.675,70.832,103.888
135.093,62.017,70.832,103.888
129.272,64.414,70.832,103.888
122.082,62.702,70.832,103.888
116.946,65.099,70.832,103.888
109.756,61.333,70.832,103.888
103.250,59.621,70.832,103.888
98.114,62.702,70.832,103.888
100.511,66.469,70.832,103.888
102.223,69.550,70.832,103.888
105.989,71.947,70.832,103.888
109.071,73.659,70.832,103.888
112.837,75.371,70.832,103.888
118.658,75.028,70.832,103.888
124.479,76.740,70.832,103.888
132.354,73.659,70.832,103.888
138.059,71.136,69.322,101.672
142.415,72.812,69.322,101.672
148.112,73.147,69.322,101.672
158.818,74.456,70.856,103.922
163.270,72.743,70.856,103.922
165.016,74.181,69.345,101.705
166.022,70.494,69.345,101.705
165.792,68.671,67.866,99.537
168.745,66.375,67.866,99.537
171.697,65.390,67.866,99.537
166.120,61.126,67.866,99.537
157.042,59.974,66.419,97.414
154.152,57.726,66.419,97.414
153.831,57.405,66.419,97.414
153.510,57.726,66.419,97.414
155.757,58.689,66.419,97.414
154.152,58.368,66.419,97.414
149.978,54.837,66.419,97.414
150.377,53.709,65.002,95.337
150.691,55.909,65.002,95.337
151.006,54.338,65.002,95.337
150.063,55.909,65.002,95.337
150.377,53.709,65.002,95.337
148.178,55.909,65.002,95.337
149.120,52.452,65.002,95.337
151.933,51.349,63.616,93.303
154.086,52.271,63.616,93.303
156.892,52.196,65.023,95.368
159.092,53.139,65.023,95.368
163.264,52.410,66.462,97.478
164.870,52.732,66.462,97.478
165.834,53.053,66.462,97.478
152.020,49.519,66.462,97.478
149.771,51.768,66.462,97.478
148.164,50.162,66.462,97.478
150.413,52.410,66.462,97.478
148.164,52.089,66.462,97.478
149.771,51.768,66.462,97.478
149.450,51.447,66.462,97.478
149.128,52.410,66.462,97.478
149.450,51.447,66.462,97.478
149.128,52.410,66.462,97.478
149.450,51.447,66.462,97.478
147.843,51.768,66.462,97.478
149.450,49.519,66.462,97.478
152.983,50.483,66.462,97.478
155.875,50.804,66.462,97.478
159.409,49.840,66.462,97.478
157.160,50.162,66.462,97.478
161.424,51.416,67.933,99.635
162.376,52.018,69.436,101.839
