0.00369072
0.01117992
0.01046920
0.01055574
0.01043701
0.01043534
0.01035428
0.01042032
0.01043057
0.01044226
0.01042032
0.01043940
0.01043534
0.01030684
0.01038575
0.01038837
0.01041412
0.01041555
0.01035261
0.01041245
0.01044726
0.01035047
0.01038861
0.01041985
0.01035261
0.01033330
0.01040864
0.01037192
0.01041746
0.01045442
0.01046395
0.01038575
0.01033449
0.01045966
0.01041460
0.01033497
0.01036549
0.01039386
0.01024175
0.01029420
0.01036048
0.01040506
0.01031423
0.01037216
0.01044035
0.01035118
0.01034427
0.01041937
0.01031947
0.01030445
0.01034546
0.01054716
0.01034617
0.01030493
0.01032472
0.01037478
0.01048112
0.01050782
0.01044321
0.01044917
0.01039410
0.01046133
0.01038647
0.01038480
0.01036668
0.01038885
0.01041818
0.01036167
0.01030564
0.01048088
0.01034975
0.01028109
0.01046658
0.01032901
0.01045060
0.01037645
0.01045585
0.01040053
0.01038051
0.01038194
0.01044416
0.01035595
0.01037765
0.01034570
0.01042867
0.01035190
0.01034570
0.01036286
0.01034927
0.01041150
0.01044154
0.01033235
0.01036310
0.01042271
0.01053238
0.01034307
0.01037645
0.01048017
0.01048326
0.01035118
0.01027417
0.01040959
0.01035810
0.01027369
0.01042414
0.01042295
0.01031613
0.01032257
0.01046324
0.01031995
0.01040173
0.01040602
0.01038241
0.01039433
0.01031780
0.01041794
0.01033020
0.01032519
0.01047254
0.01048136
0.01037478
0.01049042
0.01035547
0.01032233
0.01041460
0.01038718
0.01051283
0.01041007
0.01029301
0.01043296
0.01037741
0.01036382
0.01047826
0.01043391
