0.00592065
0.01138067
0.01127410
0.01108027
0.01117730
0.01101041
0.01116872
0.01109505
0.01114798
0.01111603
0.01126432
0.01109648
0.01124001
0.01113701
0.01126313
0.01122236
0.01131034
0.01112413
0.01128912
0.01114511
0.01119232
0.01114440
0.01131034
0.01126909
0.01130795
0.01126146
0.01132703
0.01138735
0.01142859
0.01118112
0.01125073
0.01126719
0.01127005
0.01130223
0.01119542
0.01138043
0.01126790
0.01145315
0.01133060
0.01130581
0.01126242
0.01134944
0.01125836
0.01133323
0.01128101
0.01129723
0.01129889
0.01134443
0.01130342
0.01132965
0.01123214
0.01133347
0.01133132
0.01128745
0.01120353
0.01119161
0.01118135
0.01135039
0.01138926
0.01135254
0.01118422
0.01127338
0.01133180
0.01132631
0.01128101
0.01111960
0.01121116
0.01130676
0.01118898
0.01124835
0.01126719
0.01127911
0.01126337
0.01136065
0.01128554
0.01139450
0.01129723
0.01125765
0.01128244
0.01170778
0.01167607
0.01136279
0.01180053
0.01177955
0.01183271
0.01180530
0.01176643
0.01145124
0.01137543
0.01126480
0.01132250
0.01115584
0.01126528
0.01127625
0.01116681
0.01116014
0.01137066
0.01138473
0.01135898
0.01133108
0.01131630
0.01141548
0.01178145
0.01176596
0.01170087
0.01152682
0.01156974
0.01134109
0.01124477
0.01130891
0.01129556
0.01125598
0.01124334
0.01127601
0.01114631
0.01120567
0.01116443
0.01133037
0.01124835
0.01124310
0.01117635
0.01112223
0.01120615
0.01125479
