176.000,75.000,47.000,102.000
173.982,77.594,47.000,102.000
173.694,80.765,47.000,102.000
171.099,82.783,47.000,102.000
169.082,84.801,47.000,102.000
168.793,87.396,47.000,102.000
167.928,90.566,47.000,102.000
165.911,89.125,47.000,102.000
163.316,88.260,47.000,102.000
160.722,85.666,47.000,102.000
155.821,80.189,47.000,102.000
152.650,78.747,47.000,102.000
149.479,78.459,47.000,102.000
146.308,78.171,47.000,102.000
141.984,72.694,47.000,102.000
139.966,68.370,47.000,102.000
138.525,65.775,47.000,102.000
135.931,62.028,47.000,102.000
133.913,59.434,47.000,102.000
133.625,59.722,47.000,102.000
133.336,58.857,47.000,102.000
132.471,59.722,47.000,102.000
133.913,64.046,47.000,102.000
135.354,70.099,47.000,102.000
133.336,75.000,47.000,102.000
134.778,77.594,47.000,102.000
135.642,77.306,47.000,102.000
134.201,74.712,47.000,102.000
135.066,68.658,47.000,102.000
134.201,61.451,47.000,102.000
134.489,52.515,47.000,102.000
134.778,48.768,47.000,102.000
136.795,46.173,47.000,102.000
137.660,43.002,47.000,102.000
140.255,39.831,47.000,102.000
139.390,39.543,47.000,102.000
142.561,39.831,47.000,102.000
142.273,42.426,47.000,102.000
143.714,47.903,47.000,102.000
142.273,52.803,47.000,102.000
141.408,57.127,47.000,102.000
141.696,60.875,47.000,102.000
139.102,72.117,47.000,102.000
140.675,74.877,48.040,104.257
137.434,76.350,48.040,104.257
135.372,76.645,48.040,104.257
132.720,73.404,48.040,104.257
133.604,71.341,48.040,104.257
130.363,69.279,48.040,104.257
127.711,66.627,48.040,104.257
124.470,69.868,48.040,104.257
122.407,71.930,48.040,104.257
120.934,72.814,48.040,104.257
121.818,73.698,48.040,104.257
123.291,72.814,48.040,104.257
122.407,72.520,48.040,104.257
125.059,70.457,48.040,104.257
126.532,68.984,48.040,104.257
129.363,68.748,49.103,106.563
132.074,67.844,49.103,106.563
134.182,67.543,49.103,106.563
136.451,67.302,50.189,108.921
141.964,60.029,51.300,111.331
146.683,54.680,51.300,111.331
149.515,50.589,51.300,111.331
151.718,47.758,51.300,111.331
155.179,46.184,51.300,111.331
155.591,45.932,52.435,113.794
156.679,41.670,53.595,116.312
158.322,42.657,53.595,116.312
161.938,42.985,53.595,116.312
165.554,40.684,53.595,116.312
167.198,42.328,53.595,116.312
170.156,40.027,53.595,116.312
173.772,42.328,53.595,116.312
176.073,44.629,53.595,116.312
175.139,47.094,54.780,118.885
176.147,52.133,54.780,118.885
172.404,55.350,55.993,121.516
174.808,57.754,55.993,121.516
173.091,58.784,55.993,121.516
174.808,54.320,55.993,121.516
173.119,47.631,57.231,124.204
174.874,45.174,57.231,124.204
175.928,46.227,57.231,124.204
175.577,45.876,57.231,124.204
177.332,44.823,57.231,124.204
174.874,43.770,57.231,124.204
176.630,42.015,57.231,124.204
173.470,39.557,57.231,124.204
171.013,38.504,57.231,124.204
174.172,38.855,57.231,124.204
171.715,39.908,57.231,124.204
173.470,38.153,57.231,124.204
168.907,38.504,57.231,124.204
166.450,38.855,57.231,124.204
167.503,38.504,57.231,124.204
169.258,41.664,57.231,124.204
166.801,46.227,57.231,124.204
167.152,50.088,57.231,124.204
165.397,51.843,57.231,124.204
167.152,55.002,57.231,124.204
163.993,57.459,57.231,124.204
161.536,54.300,57.231,124.204
160.483,52.545,57.231,124.204
157.323,50.088,57.231,124.204
150.654,43.419,57.231,124.204
144.687,37.451,57.231,124.204
141.527,33.590,57.231,124.204
139.070,31.133,57.231,124.204
134.507,32.186,57.231,124.204
132.050,34.643,57.231,124.204
133.103,34.994,57.231,124.204
131.348,37.451,57.231,124.204
133.805,44.823,57.231,124.204
134.858,51.492,57.231,124.204
134.507,56.757,57.231,124.204
136.964,58.513,57.231,124.204
135.209,50.439,57.231,124.204
136.262,43.068,57.231,124.204
137.315,36.398,57.231,124.204
138.368,28.325,57.231,124.204
137.315,23.059,57.231,124.204
139.070,17.794,57.231,124.204
139.421,13.231,57.231,124.204
141.878,12.178,57.231,124.204
144.336,9.721,57.231,124.204
143.283,13.582,57.231,124.204
140.825,18.145,57.231,124.204
143.283,22.006,57.231,124.204
139.421,34.994,57.231,124.204
141.176,39.557,57.231,124.204
139.421,44.823,57.231,124.204
137.666,50.088,57.231,124.204
136.613,57.459,57.231,124.204
134.156,59.917,57.231,124.204
134.507,58.161,57.231,124.204
134.858,57.108,57.231,124.204
138.017,53.247,57.231,124.204
137.666,52.194,57.231,124.204
140.825,53.247,57.231,124.204
140.474,52.194,57.231,124.204
142.932,56.055,57.231,124.204
141.878,56.406,57.231,124.204
146.442,58.161,57.231,124.204
148.197,59.917,57.231,124.204
151.356,58.864,57.231,124.204
153.111,57.108,57.231,124.204
154.164,56.757,57.231,124.204
155.919,55.002,57.231,124.204
157.836,50.351,58.498,126.952
157.477,50.709,58.498,126.952
159.271,51.068,58.498,126.952
161.229,47.803,59.792,129.761
166.730,42.302,59.792,129.761
169.297,42.668,59.792,129.761
171.131,37.901,59.792,129.761
172.231,36.067,59.792,129.761
174.065,29.833,59.792,129.761
174.545,31.061,61.115,132.632
175.669,31.436,61.115,132.632
173.049,26.468,62.467,135.566
178.029,29.917,62.467,135.566
180.711,24.936,62.467,135.566
182.627,27.618,62.467,135.566
179.948,28.106,63.849,138.566
181.906,30.847,63.849,138.566
182.298,35.938,63.849,138.566
178.774,41.812,63.849,138.566
176.815,45.336,63.849,138.566
179.557,42.595,63.849,138.566
178.444,42.281,65.262,141.632
177.243,37.878,65.262,141.632
176.937,35.066,66.706,144.765
174.891,32.202,66.706,144.765
176.118,32.611,66.706,144.765
176.528,33.838,66.706,144.765
177.755,32.611,66.706,144.765
172.436,30.565,66.706,144.765
172.845,31.793,66.706,144.765
169.981,30.565,66.706,144.765
172.027,35.066,66.706,144.765
171.618,28.110,66.706,144.765
172.845,30.156,66.706,144.765
171.618,29.747,66.706,144.765
172.845,29.338,66.706,144.765
172.436,33.020,66.706,144.765
174.482,30.974,66.706,144.765
174.073,35.475,66.706,144.765
174.482,39.975,66.706,144.765
174.073,44.476,66.706,144.765
173.664,48.976,66.706,144.765
172.436,47.749,66.706,144.765
170.391,48.158,66.706,144.765
165.072,42.021,66.706,144.765
161.390,38.339,66.706,144.765
156.889,33.838,66.706,144.765
151.571,29.338,66.706,144.765
145.434,24.837,66.706,144.765
140.933,23.610,66.706,144.765
138.069,26.474,66.706,144.765
136.809,28.412,65.283,141.678
134.006,34.418,65.283,141.678
132.805,38.822,65.283,141.678
134.006,43.227,65.283,141.678
132.805,50.034,65.283,141.678
137.209,52.836,65.283,141.678
137.610,46.830,65.283,141.678
136.408,39.223,65.283,141.678
138.410,32.416,65.283,141.678
140.413,24.007,65.283,141.678
142.415,18.001,65.283,141.678
144.417,13.597,65.283,141.678
142.415,9.192,65.283,141.678
146.018,4.788,65.283,141.678
145.618,5.989,65.283,141.678
146.819,7.991,65.283,141.678
144.817,13.196,65.283,141.678
146.819,20.804,65.283,141.678
143.215,28.412,65.283,141.678
141.213,35.219,65.283,141.678
140.012,40.424,65.283,141.678
134.807,47.231,65.283,141.678
135.207,51.635,65.283,141.678
130.803,52.036,65.283,141.678
