176.000,75.000,47.000,102.000
173.982,77.594,47.000,102.000
173.117,80.765,47.000,102.000
170.523,82.207,47.000,102.000
170.811,85.378,47.000,102.000
169.370,87.396,47.000,102.000
167.928,90.566,47.000,102.000
166.487,90.278,47.000,102.000
162.740,88.837,47.000,102.000
159.569,84.513,47.000,102.000
154.668,78.459,47.000,102.000
152.074,78.171,47.000,102.000
148.903,77.306,47.000,102.000
146.308,77.018,47.000,102.000
141.984,72.117,47.000,102.000
139.966,68.946,47.000,102.000
138.525,66.352,47.000,102.000
136.507,64.334,47.000,102.000
133.336,62.316,47.000,102.000
132.471,62.028,47.000,102.000
132.183,60.587,47.000,102.000
131.895,60.875,47.000,102.000
133.336,65.199,47.000,102.000
133.048,70.676,47.000,102.000
132.183,74.423,47.000,102.000
133.625,78.171,47.000,102.000
135.642,77.883,47.000,102.000
134.778,72.982,47.000,102.000
137.372,69.811,47.000,102.000
136.507,63.181,47.000,102.000
137.949,54.245,47.000,102.000
137.084,50.497,47.000,102.000
137.372,46.750,47.000,102.000
138.813,42.426,47.000,102.000
141.984,36.372,47.000,102.000
143.426,38.966,47.000,102.000
146.597,40.984,47.000,102.000
146.885,44.155,47.000,102.000
146.020,47.326,47.000,102.000
145.155,51.074,47.000,102.000
146.020,54.821,47.000,102.000
144.579,59.145,47.000,102.000
141.408,71.541,47.000,102.000
142.273,74.712,47.000,102.000
139.102,76.730,47.000,102.000
136.488,75.900,48.040,104.257
133.836,73.248,48.040,104.257
131.774,71.775,48.040,104.257
130.301,70.891,48.040,104.257
128.238,68.239,48.040,104.257
124.408,69.123,48.040,104.257
121.756,70.597,48.040,104.257
120.283,73.248,48.040,104.257
119.399,74.132,48.040,104.257
121.461,73.838,48.040,104.257
121.167,72.954,48.040,104.257
123.229,70.302,48.040,104.257
125.881,69.418,48.040,104.257
130.301,67.945,48.040,104.257
132.952,68.239,48.040,104.257
135.604,67.356,48.040,104.257
137.213,67.119,49.103,106.563
143.856,59.379,50.189,108.921
147.858,54.146,50.189,108.921
151.244,51.375,50.189,108.921
154.014,49.220,50.189,108.921
157.400,45.219,50.189,108.921
159.720,45.611,51.300,111.331
160.034,42.779,51.300,111.331
162.237,44.352,51.300,111.331
163.954,44.753,52.435,113.794
166.849,43.145,52.435,113.794
167.270,44.221,53.595,116.312
168.382,41.912,54.780,118.885
172.078,40.232,54.780,118.885
174.430,43.256,54.780,118.885
174.766,46.951,54.780,118.885
175.774,51.319,54.780,118.885
174.094,57.031,54.780,118.885
175.928,59.550,55.993,121.516
174.239,56.425,57.231,124.204
175.427,56.143,58.498,126.952
172.916,48.609,58.498,126.952
175.427,46.097,58.498,126.952
175.786,45.738,58.498,126.952
177.580,45.380,58.498,126.952
176.504,42.150,58.498,126.952
174.710,40.357,58.498,126.952
173.633,38.563,58.498,126.952
173.275,36.769,58.498,126.952
172.198,32.822,58.498,126.952
173.275,37.486,58.498,126.952
170.045,38.563,58.498,126.952
171.122,37.486,58.498,126.952
167.893,36.410,58.498,126.952
168.252,36.769,58.498,126.952
167.175,37.845,58.498,126.952
168.969,40.357,58.498,126.952
167.172,45.514,57.250,124.245
168.226,47.972,57.250,124.245
165.768,51.132,57.250,124.245
165.416,54.995,57.250,124.245
162.981,54.627,56.029,121.595
162.637,54.284,56.029,121.595
158.857,51.878,56.029,121.595
157.139,50.847,56.029,121.595
151.297,44.318,56.029,121.595
146.142,39.163,56.029,121.595
142.362,36.758,56.029,121.595
140.644,35.039,56.029,121.595
136.176,35.383,56.029,121.595
133.771,36.414,56.029,121.595
134.802,37.445,56.029,121.595
133.771,39.851,56.029,121.595
134.802,47.067,56.029,121.595
134.458,53.596,56.029,121.595
136.176,58.751,56.029,121.595
137.207,61.844,56.029,121.595
139.613,53.940,56.029,121.595
138.582,47.411,56.029,121.595
140.987,40.194,56.029,121.595
138.582,31.603,56.029,121.595
140.300,24.386,56.029,121.595
137.207,17.857,56.029,121.595
140.300,10.640,56.029,121.595
142.706,6.860,56.029,121.595
144.424,10.640,56.029,121.595
146.142,13.733,56.029,121.595
144.424,18.201,56.029,121.595
144.080,22.668,56.029,121.595
145.111,35.383,56.029,121.595
146.142,39.851,56.029,121.595
145.111,45.693,56.029,121.595
142.706,50.847,56.029,121.595
140.300,59.438,56.029,121.595
135.758,61.302,57.269,124.286
134.705,58.843,57.269,124.286
137.163,55.682,57.269,124.286
136.110,52.521,57.269,124.286
138.568,52.170,57.269,124.286
140.325,53.223,57.269,124.286
139.973,53.575,57.269,124.286
142.432,54.628,57.269,124.286
141.378,57.087,57.269,124.286
144.540,58.843,57.269,124.286
147.701,59.195,57.269,124.286
151.565,58.141,57.269,124.286
154.023,57.087,57.269,124.286
154.375,56.033,57.269,124.286
156.833,54.980,57.269,124.286
159.995,52.521,57.269,124.286
158.997,52.968,58.536,127.036
162.228,53.327,58.536,127.036
163.443,52.294,59.831,129.846
166.208,45.147,61.155,132.719
169.583,41.021,61.155,132.719
171.459,37.645,61.155,132.719
172.584,33.519,61.155,132.719
175.210,28.643,61.155,132.719
176.335,29.768,61.155,132.719
176.047,30.246,62.508,135.655
177.198,27.562,62.508,135.655
179.881,26.412,62.508,135.655
181.179,26.900,63.891,138.657
180.003,24.941,63.891,138.657
180.395,26.900,63.891,138.657
180.003,30.427,63.891,138.657
178.827,34.738,63.891,138.657
180.787,40.616,63.891,138.657
177.260,45.710,63.891,138.657
176.960,45.396,65.304,141.725
178.962,41.791,65.304,141.725
177.761,36.584,65.304,141.725
175.758,32.979,65.304,141.725
176.159,30.175,65.304,141.725
177.360,31.377,65.304,141.725
174.556,32.578,65.304,141.725
174.957,29.775,65.304,141.725
172.954,25.369,65.304,141.725
173.355,28.974,65.304,141.725
171.352,25.369,65.304,141.725
172.554,33.780,65.304,141.725
174.556,28.573,65.304,141.725
174.867,32.014,63.912,138.702
176.827,30.839,63.912,138.702
174.083,31.230,63.912,138.702
176.043,30.839,63.912,138.702
177.102,34.962,62.549,135.744
175.951,39.182,62.549,135.744
175.509,42.478,61.215,132.850
175.133,49.612,61.215,132.850
177.011,53.742,61.215,132.850
173.631,53.367,61.215,132.850
172.505,52.991,61.215,132.850
167.624,47.359,61.215,132.850
163.494,43.980,61.215,132.850
158.613,39.099,61.215,132.850
153.732,34.969,61.215,132.850
148.101,29.338,61.215,132.850
144.722,29.713,61.215,132.850
140.592,29.338,61.215,132.850
137.963,31.966,61.215,132.850
134.584,36.847,61.215,132.850
134.209,43.229,61.215,132.850
134.584,49.612,61.215,132.850
134.960,54.493,61.215,132.850
138.339,57.872,61.215,132.850
140.216,52.991,61.215,132.850
139.841,45.858,61.215,132.850
142.469,37.222,61.215,132.850
145.097,27.085,61.215,132.850
146.223,20.702,61.215,132.850
145.848,15.070,61.215,132.850
147.725,8.688,61.215,132.850
145.848,5.308,61.215,132.850
149.227,7.937,61.215,132.850
152.606,12.067,61.215,132.850
152.231,16.948,61.215,132.850
152.606,24.832,61.215,132.850
149.978,31.966,61.215,132.850
148.852,37.598,61.215,132.850
148.476,40.977,61.215,132.850
142.093,54.118,61.215,132.850
137.963,57.497,61.215,132.850
134.584,59.374,61.215,132.850
