84.000,53.000,62.000,70.000
86.338,51.182,62.000,70.000
89.194,50.922,62.000,70.000
90.493,52.740,62.000,70.000
92.311,52.481,62.000,70.000
92.051,52.740,62.000,70.000
91.792,53.000,62.000,70.000
92.571,52.221,62.000,70.000
90.753,50.922,62.000,70.000
90.493,51.182,62.000,70.000
88.675,49.883,62.000,70.000
87.376,51.182,62.000,70.000
86.078,49.883,62.000,70.000
84.260,51.182,62.000,70.000
82.961,50.403,62.000,70.000
81.663,50.662,62.000,70.000
79.844,51.961,62.000,70.000
78.546,53.260,62.000,70.000
77.247,52.481,62.000,70.000
75.949,55.338,62.000,70.000
76.208,55.078,62.000,70.000
74.910,54.818,62.000,70.000
76.728,56.117,62.000,70.000
75.949,54.818,62.000,70.000
77.767,55.078,62.000,70.000
78.026,54.299,62.000,70.000
77.767,54.558,62.000,70.000
80.104,53.779,62.000,70.000
80.364,53.000,62.000,70.000
82.182,51.701,62.000,70.000
82.961,51.442,62.000,70.000
84.779,51.182,62.000,70.000
86.078,51.442,62.000,70.000
86.338,51.701,62.000,70.000
88.156,51.961,62.000,70.000
88.935,51.701,62.000,70.000
90.753,51.961,62.000,70.000
91.532,51.701,62.000,70.000
92.311,51.442,62.000,70.000
92.571,51.701,62.000,70.000
93.869,51.961,62.000,70.000
95.168,52.221,62.000,70.000
94.389,51.442,62.000,70.000
96.207,51.701,62.000,70.000
95.428,52.481,62.000,70.000
97.246,51.701,62.000,70.000
96.986,53.519,62.000,70.000
98.285,53.260,62.000,70.000
96.986,53.519,62.000,70.000
98.285,53.260,62.000,70.000
96.986,53.000,62.000,70.000
97.765,52.740,62.000,70.000
96.986,53.519,62.000,70.000
97.246,53.779,62.000,70.000
95.947,53.519,62.000,70.000
96.726,52.740,62.000,70.000
95.428,52.481,62.000,70.000
95.168,52.221,62.000,70.000
94.389,51.961,62.000,70.000
94.129,52.740,62.000,70.000
92.831,52.481,62.000,70.000
93.610,52.221,62.000,70.000
91.792,51.961,62.000,70.000
92.051,52.740,62.000,70.000
89.714,53.000,62.000,70.000
89.974,52.221,62.000,70.000
89.194,51.961,62.000,70.000
87.376,52.740,62.000,70.000
87.636,52.481,62.000,70.000
86.338,52.221,62.000,70.000
85.558,51.961,62.000,70.000
85.299,52.740,62.000,70.000
84.000,53.000,62.000,70.000
83.221,52.221,62.000,70.000
84.000,51.961,62.000,70.000
82.701,52.740,62.000,70.000
83.481,52.481,62.000,70.000
82.182,52.221,62.000,70.000
81.922,51.961,62.000,70.000
82.701,52.740,62.000,70.000
81.403,52.481,62.000,70.000
81.662,51.701,62.000,70.000
81.922,52.481,62.000,70.000
81.143,52.221,62.000,70.000
80.364,51.961,62.000,70.000
81.143,52.740,62.000,70.000
79.844,52.481,62.000,70.000
81.662,52.221,62.000,70.000
80.364,51.442,62.000,70.000
80.624,52.221,62.000,70.000
80.364,51.442,62.000,70.000
79.585,52.221,62.000,70.000
80.364,51.442,62.000,70.000
79.065,52.221,62.000,70.000
79.325,51.442,62.000,70.000
79.585,51.701,62.000,70.000
79.844,51.961,62.000,70.000
79.585,52.221,62.000,70.000
79.325,51.442,62.000,70.000
79.585,51.701,62.000,70.000
79.844,51.961,62.000,70.000
80.104,52.221,62.000,70.000
79.325,51.442,62.000,70.000
80.104,51.701,62.000,70.000
79.844,51.961,62.000,70.000
81.662,52.221,62.000,70.000
80.883,51.442,62.000,70.000
81.662,51.701,62.000,70.000
81.403,52.481,62.000,70.000
82.182,51.701,62.000,70.000
81.403,52.481,62.000,70.000
82.701,52.221,62.000,70.000
83.481,51.961,62.000,70.000
83.221,53.260,62.000,70.000
83.481,51.961,62.000,70.000
84.260,53.260,62.000,70.000
84.000,52.481,62.000,70.000
84.779,52.740,62.000,70.000
85.558,53.000,62.000,70.000
85.299,52.221,62.000,70.000
85.558,53.000,62.000,70.000
85.818,52.740,62.000,70.000
86.597,53.519,62.000,70.000
86.338,53.260,62.000,70.000
86.597,53.000,62.000,70.000
87.376,52.740,62.000,70.000
87.117,53.519,62.000,70.000
86.857,53.260,62.000,70.000
87.636,53.519,62.000,70.000
86.857,53.260,62.000,70.000
86.597,52.481,62.000,70.000
85.299,52.740,62.000,70.000
84.519,53.000,62.000,70.000
84.260,52.221,62.000,70.000
83.481,52.481,62.000,70.000
83.740,52.740,62.000,70.000
83.481,53.519,62.000,70.000
82.182,53.260,62.000,70.000
81.922,53.000,62.000,70.000
83.221,52.221,62.000,70.000
81.403,53.519,62.000,70.000
82.182,52.740,62.000,70.000
82.442,53.000,62.000,70.000
82.701,52.221,62.000,70.000
84.000,51.961,62.000,70.000
82.701,52.740,62.000,70.000
85.039,52.481,62.000,70.000
84.260,52.221,62.000,70.000
85.558,52.481,62.000,70.000
85.818,53.779,62.000,70.000
86.597,53.519,62.000,70.000
86.857,53.260,62.000,70.000
87.117,53.000,62.000,70.000
85.299,52.221,62.000,70.000
86.078,53.000,62.000,70.000
85.988,52.995,60.678,68.507
86.242,53.758,60.678,68.507
85.479,52.487,60.678,68.507
85.734,54.266,60.678,68.507
84.463,52.995,60.678,68.507
84.717,53.758,60.678,68.507
82.938,51.979,60.678,68.507
83.192,53.758,60.678,68.507
81.921,52.487,60.678,68.507
81.667,53.758,60.678,68.507
79.887,52.487,60.678,68.507
80.142,53.250,60.678,68.507
78.871,52.487,60.678,68.507
78.617,52.741,60.678,68.507
78.871,52.487,60.678,68.507
77.600,52.233,60.678,68.507
78.362,51.979,60.678,68.507
77.091,51.725,60.678,68.507
76.837,52.995,60.678,68.507
76.075,51.725,60.678,68.507
77.346,52.995,60.678,68.507
76.583,51.725,60.678,68.507
77.854,52.995,60.678,68.507
76.583,52.233,60.678,68.507
78.362,52.995,60.678,68.507
78.617,52.233,60.678,68.507
79.887,53.504,60.678,68.507
79.125,52.741,60.678,68.507
80.904,54.012,60.678,68.507
81.667,52.233,60.678,68.507
82.429,53.504,60.678,68.507
84.717,52.741,60.678,68.507
84.971,54.521,60.678,68.507
87.259,52.741,60.678,68.507
89.038,55.029,60.678,68.507
90.309,53.250,60.678,68.507
92.088,54.521,60.678,68.507
93.359,54.775,60.678,68.507
94.122,52.995,60.678,68.507
94.884,54.266,60.678,68.507
95.647,53.504,60.678,68.507
96.918,53.250,60.678,68.507
95.647,52.487,60.678,68.507
96.918,53.250,60.678,68.507
95.647,52.487,60.678,68.507
96.409,53.758,60.678,68.507
95.138,51.979,60.678,68.507
93.868,51.725,60.678,68.507
92.088,52.995,60.678,68.507
90.817,50.708,60.678,68.507
89.038,51.470,60.678,68.507
87.767,50.708,60.678,68.507
85.988,51.470,60.678,68.507
84.717,50.199,60.678,68.507
82.938,49.945,60.678,68.507
81.667,50.199,60.678,68.507
79.887,50.962,60.678,68.507
78.616,50.708,60.678,68.507
78.871,51.979,60.678,68.507
76.583,50.708,60.678,68.507
77.346,51.470,60.678,68.507
76.075,50.199,60.678,68.507
75.820,49.945,60.678,68.507
75.566,49.691,60.678,68.507
76.329,50.454,60.678,68.507
76.075,49.691,60.678,68.507
76.329,49.437,60.678,68.507
77.091,48.166,60.678,68.507
77.854,47.403,60.678,68.507
78.616,47.149,60.678,68.507
80.396,46.387,60.678,68.507
81.667,46.132,60.678,68.507
82.938,46.387,60.678,68.507
84.717,45.624,60.678,68.507
87.005,47.403,60.678,68.507
89.292,46.132,60.678,68.507
92.597,46.387,60.678,68.507
96.918,47.149,60.678,68.507
100.222,46.895,60.678,68.507
105.560,47.149,60.678,68.507
110.898,47.912,60.678,68.507
115.727,47.658,60.678,68.507
121.574,48.929,60.678,68.507
128.437,47.149,60.678,68.507
134.283,47.403,60.678,68.507
139.621,47.149,60.678,68.507
144.488,46.128,62.020,70.023
149.424,45.868,62.020,70.023
154.880,46.128,62.020,70.023
160.336,44.829,62.020,70.023
164.753,45.088,62.020,70.023
169.169,44.309,62.020,70.023
172.027,44.049,62.020,70.023
175.405,44.309,62.020,70.023
178.782,44.569,62.020,70.023
181.640,44.309,62.020,70.023
183.978,44.049,62.020,70.023
186.317,43.789,62.020,70.023
188.135,45.088,62.020,70.023
189.434,43.789,62.020,70.023
190.214,45.608,62.020,70.023
190.993,44.829,62.020,70.023
190.733,45.608,62.020,70.023
191.513,45.348,62.020,70.023
191.253,45.088,62.020,70.023
189.954,44.309,62.020,70.023
189.694,45.608,62.020,70.023
188.395,44.829,62.020,70.023
186.576,46.128,62.020,70.023
184.758,44.829,62.020,70.023
182.939,46.128,62.020,70.023
180.601,45.348,62.020,70.023
177.743,46.128,62.020,70.023
174.885,45.868,62.020,70.023
172.027,47.686,62.020,70.023
167.610,47.427,62.020,70.023
164.233,47.686,62.020,70.023
158.964,46.642,63.393,71.572
154.981,47.439,63.393,71.572
150.467,47.705,63.393,71.572
145.421,47.970,63.393,71.572
140.375,48.767,63.393,71.572
135.861,48.501,63.393,71.572
131.347,48.236,63.393,71.572
125.770,48.501,63.393,71.572
121.255,48.236,63.393,71.572
116.741,49.032,63.393,71.572
111.695,49.829,63.393,71.572
107.181,50.626,63.393,71.572
103.729,50.891,63.393,71.572
99.745,51.688,63.393,71.572
96.824,50.891,63.393,71.572
93.903,52.219,63.393,71.572
91.513,50.360,63.393,71.572
88.592,51.688,63.393,71.572
86.733,50.891,63.393,71.572
84.874,51.688,63.393,71.572
84.077,50.891,63.393,71.572
82.750,51.688,63.393,71.572
81.422,51.422,63.393,71.572
80.094,51.688,63.393,71.572
80.360,51.422,63.393,71.572
79.032,51.688,63.393,71.572
79.829,51.422,63.393,71.572
79.563,51.688,63.393,71.572
79.829,52.485,63.393,71.572
80.094,51.157,63.393,71.572
81.422,51.953,63.393,71.572
81.687,52.219,63.393,71.572
83.015,50.360,63.393,71.572
85.483,52.403,62.041,70.046
87.302,52.143,62.041,70.046
90.218,53.642,60.718,68.552
92.507,54.405,60.718,68.552
95.814,53.642,60.718,68.552
98.103,55.931,60.718,68.552
101.410,53.642,60.718,68.552
104.716,55.931,60.718,68.552
108.023,54.150,60.718,68.552
111.838,54.913,60.718,68.552
116.162,53.133,60.718,68.552
120.486,55.931,60.718,68.552
125.827,54.150,60.718,68.552
130.151,55.931,60.718,68.552
135.493,53.642,60.718,68.552
140.325,55.422,60.718,68.552
144.649,54.150,60.718,68.552
148.973,54.405,60.718,68.552
153.806,54.659,60.718,68.552
158.639,54.405,60.718,68.552
163.980,54.659,60.718,68.552
167.795,55.422,60.718,68.552
172.119,55.168,60.718,68.552
175.935,54.405,60.718,68.552
179.750,54.659,60.718,68.552
183.056,54.913,60.718,68.552
186.872,53.641,60.718,68.552
189.669,55.422,60.718,68.552
191.959,54.150,60.718,68.552
195.265,54.913,60.718,68.552
198.063,54.150,60.718,68.552
199.844,55.422,60.718,68.552
201.624,55.168,60.718,68.552
203.404,54.913,60.718,68.552
204.676,55.676,60.718,68.552
204.931,55.422,60.718,68.552
205.694,55.676,60.718,68.552
205.948,55.422,60.718,68.552
206.202,55.168,60.718,68.552
205.948,54.405,60.718,68.552
205.694,54.659,60.718,68.552
204.422,54.405,60.718,68.552
204.676,54.150,60.718,68.552
201.878,54.405,60.718,68.552
201.624,54.150,60.718,68.552
200.861,53.387,60.718,68.552
198.572,54.150,60.718,68.552
197.809,52.878,60.718,68.552
195.011,52.624,60.718,68.552
193.739,53.896,60.718,68.552
190.941,52.115,60.718,68.552
189.669,52.878,60.718,68.552
186.363,51.098,60.718,68.552
185.091,52.878,60.718,68.552
181.785,51.098,60.718,68.552
178.987,51.861,60.718,68.552
176.698,51.098,60.718,68.552
173.900,51.861,60.718,68.552
171.611,51.098,60.718,68.552
169.830,51.861,60.718,68.552
165.506,51.098,60.718,68.552
164.234,51.352,60.718,68.552
160.419,50.589,60.718,68.552
158.370,52.056,59.423,67.090
154.871,50.539,60.738,68.575
153.090,50.284,60.738,68.575
150.292,50.030,60.738,68.575
146.984,50.793,60.738,68.575
147.238,51.048,60.738,68.575
142.913,50.284,60.738,68.575
143.168,50.539,60.738,68.575
139.351,49.775,60.738,68.575
139.605,50.539,60.738,68.575
136.807,49.775,60.738,68.575
137.061,50.030,60.738,68.575
135.280,49.775,60.738,68.575
133.499,49.521,60.738,68.575
134.262,49.267,60.738,68.575
131.972,49.012,60.738,68.575
133.846,50.479,59.442,67.112
132.103,50.728,59.442,67.112
133.348,50.479,59.442,67.112
133.597,50.728,59.442,67.112
134.344,50.977,59.442,67.112
133.945,48.943,60.757,68.597
135.218,50.215,60.757,68.597
134.963,48.943,60.757,68.597
136.745,49.197,60.757,68.597
138.017,48.943,60.757,68.597
140.382,49.429,59.462,67.134
142.126,49.180,59.462,67.134
143.870,48.433,59.462,67.134
145.613,48.682,59.462,67.134
148.353,47.934,59.462,67.134
150.538,45.900,60.777,68.620
153.848,47.173,60.777,68.620
157.158,46.918,60.777,68.620
160.468,46.663,60.777,68.620
164.287,45.900,60.777,68.620
168.106,45.645,60.777,68.620
172.434,45.390,60.777,68.620
175.235,44.627,60.777,68.620
178.544,44.372,60.777,68.620
182.363,44.117,60.777,68.620
186.182,44.372,60.777,68.620
190.001,44.117,60.777,68.620
194.330,44.372,60.777,68.620
197.639,44.117,60.777,68.620
201.458,43.863,60.777,68.620
204.768,43.608,60.777,68.620
208.078,43.354,60.777,68.620
211.897,43.099,60.777,68.620
214.698,44.372,60.777,68.620
217.498,43.608,60.777,68.620
219.790,43.863,60.777,68.620
222.590,44.627,60.777,68.620
224.882,44.372,60.777,68.620
226.664,44.627,60.777,68.620
228.446,44.372,60.777,68.620
229.719,44.627,60.777,68.620
230.992,44.372,60.777,68.620
231.756,44.117,60.777,68.620
232.520,44.881,60.777,68.620
231.247,44.627,60.777,68.620
231.501,44.372,60.777,68.620
230.228,44.117,60.777,68.620
229.974,44.881,60.777,68.620
227.981,42.801,62.122,70.138
225.639,42.021,62.122,70.138
225.899,42.281,62.122,70.138
223.557,41.500,62.122,70.138
220.694,41.760,62.122,70.138
218.352,41.500,62.122,70.138
215.489,41.760,62.122,70.138
212.627,41.500,62.122,70.138
209.244,41.240,62.122,70.138
205.340,40.980,62.122,70.138
201.957,40.199,62.122,70.138
196.140,38.613,63.497,71.690
193.214,38.347,63.497,71.690
189.224,38.613,63.497,71.690
185.234,38.879,63.497,71.690
180.392,37.258,64.901,73.276
176.314,37.530,64.901,73.276
172.236,37.258,64.901,73.276
168.158,37.530,64.901,73.276
162.645,36.437,66.337,74.897
159.032,36.715,66.337,74.897
154.864,36.437,66.337,74.897
150.695,37.271,66.337,74.897
148.750,36.993,66.337,74.897
145.138,36.715,66.337,74.897
141.525,36.437,66.337,74.897
141.247,37.827,66.337,74.897
137.079,37.549,66.337,74.897
135.689,37.827,66.337,74.897
134.855,37.549,66.337,74.897
131.243,38.383,66.337,74.897
131.521,38.105,66.337,74.897
130.687,37.827,66.337,74.897
130.965,38.105,66.337,74.897
129.576,38.938,66.337,74.897
130.409,39.216,66.337,74.897
130.687,40.050,66.337,74.897
131.521,39.772,66.337,74.897
131.799,40.606,66.337,74.897
133.188,40.328,66.337,74.897
134.022,41.717,66.337,74.897
135.411,40.884,66.337,74.897
137.357,41.717,66.337,74.897
139.302,41.995,66.337,74.897
140.691,42.273,66.337,74.897
142.636,43.663,66.337,74.897
144.026,42.829,66.337,74.897
144.860,44.774,66.337,74.897
146.249,44.496,66.337,74.897
147.639,46.997,66.337,74.897
149.028,45.052,66.337,74.897
149.862,47.553,66.337,74.897
150.140,46.719,66.337,74.897
152.186,48.322,64.923,73.300
153.002,49.681,64.923,73.300
152.730,48.322,64.923,73.300
153.002,50.225,64.923,73.300
153.274,49.409,64.923,73.300
153.546,48.594,64.923,73.300
152.928,50.162,63.538,71.737
153.726,49.363,63.538,71.737
154.147,51.411,62.183,70.207
152.845,50.108,62.183,70.207
151.542,51.411,62.183,70.207
150.240,50.108,62.183,70.207
150.500,51.932,62.183,70.207
147.635,50.629,62.183,70.207
146.332,51.411,62.183,70.207
145.551,50.108,62.183,70.207
142.164,51.932,62.183,70.207
142.074,51.927,60.857,68.710
138.760,52.692,60.857,68.710
137.995,52.437,60.857,68.710
135.191,52.692,60.857,68.710
131.877,53.457,60.857,68.710
129.073,52.692,60.857,68.710
125.249,53.966,60.857,68.710
122.444,53.712,60.857,68.710
119.130,53.966,60.857,68.710
115.816,54.731,60.857,68.710
113.521,55.496,60.857,68.710
110.976,57.457,59.559,67.244
107.234,56.709,59.559,67.244
104.742,58.147,58.289,65.810
103.521,58.880,58.289,65.810
100.835,59.612,58.289,65.810
98.638,58.880,58.289,65.810
96.929,60.589,58.289,65.810
94.243,59.368,58.289,65.810
94.629,61.247,57.046,64.407
92.478,60.530,57.046,64.407
91.283,60.291,57.046,64.407
90.088,61.964,57.046,64.407
88.894,60.769,57.046,64.407
89.133,61.486,57.046,64.407
87.460,61.247,57.046,64.407
87.699,62.442,57.046,64.407
87.155,61.516,55.830,63.033
86.921,62.685,55.830,63.033
87.623,61.516,55.830,63.033
87.389,62.685,55.830,63.033
87.623,61.516,55.830,63.033
88.325,62.218,55.830,63.033
89.596,62.213,54.639,61.689
90.283,62.442,54.639,61.689
90.970,62.671,54.639,61.689
92.214,62.226,53.474,60.374
93.334,62.898,53.474,60.374
94.454,62.226,53.474,60.374
96.022,62.898,53.474,60.374
97.142,62.226,53.474,60.374
98.710,62.898,53.474,60.374
100.726,61.330,53.474,60.374
102.742,62.002,53.474,60.374
104.758,62.674,53.474,60.374
106.774,61.106,53.474,60.374
107.894,62.674,53.474,60.374
109.910,60.658,53.474,60.374
111.927,61.330,53.474,60.374
114.391,60.658,53.474,60.374
116.855,61.778,53.474,60.374
118.871,61.554,53.474,60.374
121.335,60.882,53.474,60.374
124.247,61.554,53.474,60.374
126.263,61.330,53.474,60.374
128.727,61.106,53.474,60.374
131.639,62.674,53.474,60.374
134.551,62.002,53.474,60.374
136.567,62.674,53.474,60.374
139.031,62.002,53.474,60.374
140.599,63.570,53.474,60.374
143.063,62.898,53.474,60.374
144.631,64.018,53.474,60.374
146.647,63.346,53.474,60.374
148.663,62.674,53.474,60.374
150.232,63.794,53.474,60.374
151.352,64.018,53.474,60.374
152.472,63.794,53.474,60.374
153.592,63.570,53.474,60.374
154.712,63.794,53.474,60.374
155.384,64.018,53.474,60.374
155.608,63.346,53.474,60.374
155.832,63.122,53.474,60.374
154.712,64.690,53.474,60.374
155.832,63.122,53.474,60.374
154.264,64.242,53.474,60.374
154.936,63.122,53.474,60.374
153.368,63.346,53.474,60.374
154.040,61.778,53.474,60.374
151.576,62.002,53.474,60.374
152.248,61.778,53.474,60.374
149.783,61.106,53.474,60.374
149.111,61.330,53.474,60.374
147.991,59.762,53.474,60.374
145.975,59.986,53.474,60.374
144.855,59.314,53.474,60.374
143.287,58.194,53.474,60.374
142.615,57.970,53.474,60.374
141.047,57.298,53.474,60.374
139.479,57.522,53.474,60.374
138.359,56.850,53.474,60.374
136.791,57.074,53.474,60.374
134.775,57.298,53.474,60.374
133.655,57.522,53.474,60.374
133.431,56.402,53.474,60.374
132.311,56.178,53.474,60.374
130.743,57.298,53.474,60.374
130.519,57.074,53.474,60.374
129.847,56.402,53.474,60.374
128.279,55.730,53.474,60.374
128.503,56.402,53.474,60.374
128.727,56.178,53.474,60.374
128.503,56.850,53.474,60.374
126.749,54.555,54.657,61.709
127.894,56.158,54.657,61.709
128.581,55.929,54.657,61.709
128.810,55.700,54.657,61.709
129.955,55.929,54.657,61.709
131.100,56.158,54.657,61.709
132.244,56.387,54.657,61.709
132.931,56.616,54.657,61.709
134.992,56.845,54.657,61.709
136.050,54.974,55.866,63.075
138.156,55.208,55.866,63.075
139.327,54.974,55.866,63.075
141.379,53.548,57.102,64.470
143.532,52.830,57.102,64.470
146.642,53.548,57.102,64.470
148.244,52.587,58.366,65.897
150.389,51.097,59.657,67.355
153.637,50.847,59.657,67.355
156.886,50.597,59.657,67.355
161.135,49.847,59.657,67.355
164.383,49.097,59.657,67.355
167.132,48.847,59.657,67.355
171.381,48.598,59.657,67.355
174.130,47.848,59.657,67.355
177.878,48.098,59.657,67.355
180.627,47.848,59.657,67.355
183.876,47.598,59.657,67.355
187.125,47.348,59.657,67.355
190.374,46.598,59.657,67.355
193.123,47.348,59.657,67.355
195.872,46.598,59.657,67.355
198.621,47.348,59.657,67.355
200.870,47.098,59.657,67.355
203.619,48.348,59.657,67.355
205.811,46.825,60.977,68.845
207.599,46.058,60.977,68.845
209.387,47.336,60.977,68.845
211.686,47.080,60.977,68.845
212.453,46.314,60.977,68.845
214.241,47.080,60.977,68.845
215.518,46.314,60.977,68.845
215.773,46.569,60.977,68.845
216.540,46.825,60.977,68.845
216.795,45.548,60.977,68.845
217.050,46.825,60.977,68.845
216.641,44.738,62.326,70.368
216.902,44.999,62.326,70.368
217.163,45.260,62.326,70.368
216.902,44.999,62.326,70.368
215.596,44.216,62.326,70.368
214.813,44.999,62.326,70.368
214.030,44.216,62.326,70.368
213.247,44.999,62.326,70.368
211.941,43.694,62.326,70.368
209.591,43.955,62.326,70.368
207.764,43.694,62.326,70.368
205.936,42.910,62.326,70.368
203.586,43.172,62.326,70.368
200.714,42.910,62.326,70.368
197.842,42.127,62.326,70.368
195.493,41.866,62.326,70.368
192.098,41.605,62.326,70.368
189.226,41.344,62.326,70.368
185.557,39.211,63.705,71.925
182.088,39.478,63.705,71.925
178.085,39.211,63.705,71.925
174.616,38.944,63.705,71.925
172.214,39.211,63.705,71.925
168.211,39.478,63.705,71.925
164.208,40.279,63.705,71.925
160.205,39.478,63.705,71.925
156.202,39.745,63.705,71.925
152.199,37.877,63.705,71.925
148.730,38.144,63.705,71.925
144.727,38.410,63.705,71.925
141.791,38.677,63.705,71.925
138.856,38.410,63.705,71.925
136.454,38.677,63.705,71.925
134.052,38.944,63.705,71.925
130.583,38.677,63.705,71.925
128.181,38.944,63.705,71.925
125.246,39.211,63.705,71.925
123.378,39.478,63.705,71.925
120.976,40.279,63.705,71.925
118.574,40.012,63.705,71.925
118.841,39.745,63.705,71.925
115.372,39.478,63.705,71.925
115.638,39.745,63.705,71.925
113.237,40.012,63.705,71.925
113.504,40.279,63.705,71.925
111.635,40.545,63.705,71.925
112.970,39.211,63.705,71.925
110.034,40.012,63.705,71.925
111.369,40.279,63.705,71.925
112.169,41.079,63.705,71.925
110.835,40.279,63.705,71.925
112.169,40.545,63.705,71.925
113.504,39.211,63.705,71.925
114.304,40.012,63.705,71.925
114.571,39.211,63.705,71.925
115.905,38.944,63.705,71.925
117.356,39.968,62.347,70.391
118.140,40.230,62.347,70.391
119.968,39.446,62.347,70.391
121.274,38.662,62.347,70.391
123.102,39.446,62.347,70.391
124.408,39.707,62.347,70.391
125.191,40.491,62.347,70.391
127.020,40.230,62.347,70.391
128.848,41.535,62.347,70.391
130.154,41.274,62.347,70.391
131.982,42.580,62.347,70.391
132.766,42.841,62.347,70.391
134.071,43.625,62.347,70.391
134.855,43.886,62.347,70.391
135.638,44.669,62.347,70.391
137.058,45.672,61.017,68.890
136.292,44.905,61.017,68.890
137.570,44.649,61.017,68.890
136.292,45.416,61.017,68.890
137.570,45.672,61.017,68.890
135.780,45.416,61.017,68.890
137.058,45.672,61.017,68.890
135.269,45.416,61.017,68.890
136.036,45.672,61.017,68.890
132.713,44.905,61.017,68.890
132.969,46.183,61.017,68.890
129.646,45.416,61.017,68.890
129.390,47.205,61.017,68.890
125.556,45.416,61.017,68.890
123.256,46.694,61.017,68.890
120.444,45.416,61.017,68.890
118.144,46.694,61.017,68.890
114.310,45.927,61.017,68.890
110.987,46.694,61.017,68.890
106.641,45.927,61.017,68.890
102.296,47.205,61.017,68.890
98.462,47.972,61.017,68.890
94.117,46.694,61.017,68.890
89.772,48.483,61.017,68.890
85.426,47.717,61.017,68.890
81.081,47.972,61.017,68.890
76.736,49.761,61.017,68.890
71.879,47.972,61.017,68.890
68.834,50.924,59.716,67.421
65.582,50.174,59.716,67.421
62.330,52.425,59.716,67.421
58.578,50.174,59.716,67.421
57.828,51.925,59.716,67.421
55.576,50.674,59.716,67.421
53.825,50.924,59.716,67.421
53.075,52.175,59.716,67.421
51.541,51.206,58.442,65.983
52.276,52.430,58.442,65.983
52.521,51.696,58.442,65.983
50.317,50.471,58.442,65.983
51.541,52.675,58.442,65.983
52.276,50.961,58.442,65.983
53.500,52.185,58.442,65.983
53.255,51.940,58.442,65.983
54.969,52.185,58.442,65.983
55.703,51.940,58.442,65.983
56.927,52.185,58.442,65.983
58.641,53.409,58.442,65.983
60.355,52.185,58.442,65.983
62.069,53.899,58.442,65.983
64.272,51.696,58.442,65.983
66.965,53.409,58.442,65.983
69.658,54.144,58.442,65.983
71.861,52.920,58.442,65.983
75.044,54.144,58.442,65.983
78.227,53.409,58.442,65.983
81.899,55.123,58.442,65.983
85.118,54.175,57.196,64.576
88.233,56.331,57.196,64.576
91.827,54.175,57.196,64.576
95.900,56.810,57.196,64.576
99.494,55.612,57.196,64.576
102.608,57.769,57.196,64.576
105.723,57.050,57.196,64.576
108.838,59.206,57.196,64.576
111.474,58.967,57.196,64.576
113.630,59.686,57.196,64.576
116.780,60.143,55.976,63.199
118.891,61.785,55.976,63.199
121.001,60.612,55.976,63.199
122.728,62.416,54.783,61.851
123.875,63.105,54.783,61.851
125.482,62.416,54.783,61.851
126.170,63.564,54.783,61.851
126.859,63.334,54.783,61.851
128.549,63.772,53.614,60.532
128.324,63.099,53.614,60.532
128.100,63.772,53.614,60.532
129.223,63.548,53.614,60.532
127.650,64.671,53.614,60.532
128.324,65.345,53.614,60.532
126.752,64.222,53.614,60.532
127.426,64.895,53.614,60.532
125.854,63.772,53.614,60.532
125.629,63.997,53.614,60.532
124.506,64.671,53.614,60.532
124.281,65.794,53.614,60.532
123.608,64.671,53.614,60.532
123.832,67.141,53.614,60.532
123.159,66.018,53.614,60.532
123.832,66.692,53.614,60.532
123.608,67.815,53.614,60.532
122.934,66.692,53.614,60.532
124.057,68.713,53.614,60.532
124.731,68.040,53.614,60.532
124.653,67.603,52.471,59.241
125.752,69.141,52.471,59.241
126.851,67.603,52.471,59.241
127.950,68.702,52.471,59.241
129.049,68.042,52.471,59.241
130.588,66.943,52.471,59.241
131.687,68.042,52.471,59.241
133.665,66.504,52.471,59.241
135.204,67.603,52.471,59.241
138.061,66.504,52.471,59.241
140.479,66.284,52.471,59.241
142.945,66.280,51.352,57.978
146.172,66.495,51.352,57.978
149.399,66.280,51.352,57.978
152.195,65.635,51.352,57.978
156.282,66.710,51.352,57.978
159.939,66.495,51.352,57.978
163.166,66.280,51.352,57.978
167.253,65.635,51.352,57.978
170.910,66.710,51.352,57.978
174.567,66.495,51.352,57.978
177.794,66.280,51.352,57.978
181.021,66.065,51.352,57.978
184.678,66.280,51.352,57.978
187.474,66.065,51.352,57.978
190.271,66.280,51.352,57.978
193.498,66.925,51.352,57.978
195.434,67.140,51.352,57.978
197.370,66.065,51.352,57.978
199.736,66.280,51.352,57.978
201.672,66.495,51.352,57.978
203.608,66.710,51.352,57.978
205.114,66.495,51.352,57.978
206.620,66.710,51.352,57.978
207.696,66.925,51.352,57.978
208.771,67.140,51.352,57.978
209.416,66.065,51.352,57.978
209.201,66.280,51.352,57.978
210.277,66.925,51.352,57.978
210.492,67.140,51.352,57.978
208.556,66.065,51.352,57.978
208.771,66.280,51.352,57.978
208.986,66.495,51.352,57.978
207.480,66.710,51.352,57.978
205.975,66.495,51.352,57.978
205.759,65.850,51.352,57.978
203.393,66.065,51.352,57.978
201.027,64.559,51.352,57.978
200.382,64.774,51.352,57.978
197.155,64.559,51.352,57.978
195.649,63.483,51.352,57.978
192.852,63.268,51.352,57.978
188.937,62.404,52.488,59.261
186.958,61.304,52.488,59.261
184.099,60.645,52.488,59.261
181.681,59.985,52.488,59.261
178.382,58.886,52.488,59.261
175.084,58.666,52.488,59.261
173.105,58.446,52.488,59.261
170.687,58.226,52.488,59.261
167.828,58.006,52.488,59.261
163.826,57.579,53.649,60.572
162.253,57.354,53.649,60.572
159.331,57.129,53.649,60.572
157.572,56.226,54.836,61.912
155.504,55.996,54.836,61.912
153.437,55.767,54.836,61.912
151.639,54.843,56.050,63.282
149.313,54.874,57.290,64.682
148.593,53.194,57.290,64.682
147.393,54.394,57.290,64.682
146.193,54.154,57.290,64.682
146.433,53.434,57.290,64.682
145.053,52.470,58.557,66.113
145.298,52.715,58.557,66.113
143.887,52.238,59.853,67.576
144.137,52.489,59.853,67.576
144.890,52.740,59.853,67.576
145.140,51.987,59.853,67.576
145.892,52.238,59.853,67.576
146.645,52.489,59.853,67.576
147.397,52.238,59.853,67.576
149.152,51.486,59.853,67.576
150.406,51.737,59.853,67.576
150.524,49.688,61.177,69.071
151.805,48.920,61.177,69.071
153.599,49.176,61.177,69.071
154.881,48.920,61.177,69.071
156.674,47.638,61.177,69.071
157.859,45.545,62.531,70.599
159.692,46.331,62.531,70.599
162.574,44.497,62.531,70.599
164.408,43.711,62.531,70.599
166.241,42.401,62.531,70.599
168.075,43.187,62.531,70.599
169.908,41.877,62.531,70.599
171.742,41.615,62.531,70.599
173.052,41.877,62.531,70.599
174.885,41.092,62.531,70.599
176.719,41.354,62.531,70.599
178.473,40.301,63.914,72.161
179.276,39.498,63.914,72.161
179.958,38.421,65.328,73.758
181.327,37.600,65.328,73.758
182.695,37.327,65.328,73.758
183.516,36.506,65.328,73.758
183.790,36.779,65.328,73.758
184.487,35.112,66.774,75.390
183.458,34.568,68.251,77.058
183.172,34.282,68.251,77.058
183.458,33.424,68.251,77.058
182.406,33.462,69.761,78.763
181.529,32.001,69.761,78.763
179.848,31.432,71.305,80.505
178.354,31.731,71.305,80.505
176.264,32.627,71.305,80.505
175.367,31.134,71.305,80.505
172.082,31.432,71.305,80.505
169.991,31.731,71.305,80.505
166.705,31.432,71.305,80.505
162.822,30.536,71.305,80.505
159.536,30.238,71.305,80.505
155.056,29.939,71.305,80.505
151.770,28.445,71.305,80.505
147.290,29.939,71.305,80.505
144.004,27.848,71.305,80.505
140.718,28.744,71.305,80.505
136.238,30.238,71.305,80.505
132.952,28.744,71.305,80.505
129.666,29.640,71.305,80.505
125.783,28.744,71.305,80.505
123.095,29.043,71.305,80.505
120.406,28.147,71.305,80.505
117.718,27.848,71.305,80.505
116.225,28.147,71.305,80.505
114.731,29.043,71.305,80.505
112.640,28.744,71.305,80.505
111.147,29.640,71.305,80.505
110.848,30.536,71.305,80.505
110.549,30.835,71.305,80.505
109.451,30.874,72.882,82.286
109.756,31.179,72.882,82.286
110.061,32.706,72.882,82.286
110.977,34.843,72.882,82.286
111.282,35.759,72.882,82.286
112.809,37.286,72.882,82.286
113.114,36.980,72.882,82.286
114.641,38.507,72.882,82.286
114.946,39.423,72.882,82.286
115.862,40.339,72.882,82.286
116.167,41.255,72.882,82.286
116.473,40.339,72.882,82.286
117.389,40.644,72.882,82.286
117.872,41.227,71.328,80.532
117.573,41.526,71.328,80.532
117.274,41.227,71.328,80.532
117.573,41.526,71.328,80.532
116.079,41.227,71.328,80.532
116.378,41.526,71.328,80.532
114.286,41.825,71.328,80.532
114.585,40.331,71.328,80.532
113.329,40.901,69.807,78.814
111.867,42.364,69.807,78.814
110.405,42.071,69.807,78.814
108.943,42.948,69.807,78.814
107.714,42.380,68.318,77.134
106.512,45.685,66.861,75.489
103.991,45.405,66.861,75.489
102.030,45.685,66.861,75.489
100.070,47.085,66.861,75.489
96.429,46.245,66.861,75.489
93.908,47.645,66.861,75.489
91.947,47.925,66.861,75.489
89.426,48.205,66.861,75.489
86.345,48.486,66.861,75.489
83.825,49.886,66.861,75.489
81.864,49.606,66.861,75.489
79.343,51.006,66.861,75.489
76.822,50.166,66.861,75.489
74.862,51.566,66.861,75.489
72.901,52.407,66.861,75.489
70.941,51.566,66.861,75.489
70.100,52.407,66.861,75.489
67.580,51.566,66.861,75.489
67.483,52.101,65.435,73.879
67.208,52.376,65.435,73.879
65.838,53.198,65.435,73.879
66.271,52.665,64.040,72.303
66.540,52.933,64.040,72.303
65.198,53.738,64.040,72.303
66.657,53.733,62.674,70.761
66.394,53.470,62.674,70.761
66.657,53.733,62.674,70.761
68.590,54.234,61.338,69.252
69.361,53.977,61.338,69.252
70.132,53.720,61.338,69.252
71.417,55.519,61.338,69.252
73.216,54.234,61.338,69.252
75.014,54.491,61.338,69.252
77.327,54.748,61.338,69.252
80.153,55.519,61.338,69.252
82.980,55.262,61.338,69.252
85.806,55.005,61.338,69.252
89.660,54.748,61.338,69.252
93.515,56.547,61.338,69.252
96.855,56.290,61.338,69.252
100.195,56.033,61.338,69.252
104.563,56.290,61.338,69.252
108.931,56.547,61.338,69.252
112.786,55.776,61.338,69.252
117.668,57.061,61.338,69.252
121.522,55.776,61.338,69.252
125.890,57.061,61.338,69.252
129.230,56.290,61.338,69.252
133.599,57.061,61.338,69.252
136.939,56.804,61.338,69.252
139.765,58.089,61.338,69.252
143.620,57.318,61.338,69.252
146.446,57.575,61.338,69.252
149.273,58.346,61.338,69.252
151.071,59.116,61.338,69.252
153.384,57.832,61.338,69.252
156.210,59.116,61.338,69.252
158.523,58.346,61.338,69.252
160.835,59.630,61.338,69.252
163.223,60.121,60.030,67.776
164.983,60.875,60.030,67.776
167.805,60.871,58.750,66.330
168.051,60.133,58.750,66.330
170.266,61.855,58.750,66.330
171.496,60.625,58.750,66.330
172.727,61.855,58.750,66.330
172.973,60.133,58.750,66.330
174.203,61.363,58.750,66.330
175.434,61.117,58.750,66.330
176.172,61.363,58.750,66.330
176.911,61.117,58.750,66.330
178.249,62.062,57.497,64.916
178.008,60.857,57.497,64.916
178.249,62.543,57.497,64.916
178.971,60.857,57.497,64.916
178.249,62.062,57.497,64.916
179.453,60.375,57.497,64.916
179.212,60.616,57.497,64.916
178.971,60.857,57.497,64.916
178.730,60.135,57.497,64.916
179.453,58.930,57.497,64.916
178.249,59.171,57.497,64.916
177.526,57.485,57.497,64.916
177.285,57.726,57.497,64.916
175.599,57.967,57.497,64.916
174.877,56.763,57.497,64.916
172.227,56.522,57.497,64.916
172.468,55.317,57.497,64.916
169.819,54.595,57.497,64.916
168.133,54.354,57.497,64.916
167.410,54.113,57.497,64.916
166.206,53.391,57.497,64.916
164.520,53.631,57.497,64.916
163.797,53.872,57.497,64.916
162.111,54.113,57.497,64.916
160.907,53.391,57.497,64.916
160.184,53.631,57.497,64.916
159.943,53.391,57.497,64.916
158.739,53.150,57.497,64.916
159.462,52.427,57.497,64.916
158.739,52.668,57.497,64.916
158.498,52.909,57.497,64.916
158.257,53.150,57.497,64.916
157.535,51.945,57.497,64.916
158.739,53.150,57.497,64.916
158.498,51.945,57.497,64.916
158.739,52.668,57.497,64.916
159.943,52.427,57.497,64.916
159.221,51.705,57.497,64.916
160.425,51.945,57.497,64.916
161.629,52.668,57.497,64.916
162.834,51.945,57.497,64.916
163.947,50.478,58.769,66.352
165.178,50.724,58.769,66.352
166.901,50.478,58.769,66.352
168.624,49.739,58.769,66.352
170.348,49.493,58.769,66.352
172.563,48.754,58.769,66.352
174.779,48.508,58.769,66.352
176.502,47.770,58.769,66.352
179.211,47.031,58.769,66.352
181.426,46.292,58.769,66.352
184.627,45.554,58.769,66.352
186.842,45.308,58.769,66.352
189.550,45.062,58.769,66.352
192.221,43.050,60.069,67.820
194.485,43.302,60.069,67.820
197.253,42.547,60.069,67.820
200.021,42.799,60.069,67.820
201.707,40.221,61.398,69.321
204.021,39.964,61.398,69.321
206.336,39.707,61.398,69.321
208.651,40.478,61.398,69.321
210.966,40.221,61.398,69.321
212.252,40.478,61.398,69.321
213.441,38.377,62.757,70.854
214.229,38.114,62.757,70.854
215.018,37.326,62.757,70.854
216.332,37.588,62.757,70.854
215.018,37.851,62.757,70.854
216.332,38.114,62.757,70.854
213.966,36.800,62.757,70.854
214.090,35.743,64.145,72.422
211.135,35.474,64.145,72.422
209.791,35.743,64.145,72.422
206.572,34.663,65.564,74.024
204.650,34.389,65.564,74.024
201.360,34.994,67.015,75.662
198.272,33.591,67.015,75.662
195.745,36.679,67.015,75.662
192.383,32.638,68.498,77.336
188.945,34.462,70.013,79.047
186.892,33.582,70.013,79.047
183.080,32.702,70.013,79.047
180.151,36.089,68.520,77.361
177.285,35.531,67.059,75.712
173.633,35.250,67.059,75.712
169.981,35.531,67.059,75.712
166.329,36.373,67.059,75.712
161.554,35.531,67.059,75.712
156.217,36.373,67.059,75.712
150.879,35.531,67.059,75.712
146.104,35.812,67.059,75.712
141.328,35.531,67.059,75.712
137.114,35.250,67.059,75.712
132.901,35.531,67.059,75.712
128.687,36.373,67.059,75.712
123.911,36.654,67.059,75.712
120.259,37.497,67.059,75.712
116.607,38.340,67.059,75.712
112.956,38.621,67.059,75.712
109.304,40.025,67.059,75.712
106.214,41.430,67.059,75.712
102.562,40.025,67.059,75.712
99.472,43.115,67.059,75.712
95.524,39.655,68.543,77.387
95.811,42.813,68.543,77.387
91.180,39.872,70.059,79.099
92.647,42.513,70.059,79.099
88.832,39.872,70.059,79.099
86.778,37.230,70.059,79.099
88.134,40.314,71.609,80.849
84.235,37.014,71.609,80.849
86.934,40.914,71.609,80.849
83.635,37.614,71.609,80.849
86.934,40.914,71.609,80.849
84.235,37.014,71.609,80.849
86.934,40.314,71.609,80.849
87.234,37.614,71.609,80.849
89.334,40.314,71.609,80.849
89.634,38.214,71.609,80.849
92.334,40.314,71.609,80.849
92.634,40.614,71.609,80.849
94.734,41.514,71.609,80.849
96.234,43.614,71.609,80.849
95.934,41.514,71.609,80.849
99.299,45.556,70.082,79.125
97.244,42.914,70.082,79.125
100.474,46.143,70.082,79.125
99.593,44.088,70.082,79.125
101.648,45.556,70.082,79.125
101.942,45.850,70.082,79.125
102.822,45.556,70.082,79.125
103.703,46.437,70.082,79.125
100.186,44.039,71.633,80.876
98.686,43.138,71.633,80.876
97.786,41.638,71.633,80.876
99.286,44.339,71.633,80.876
97.186,44.039,71.633,80.876
95.085,45.539,71.633,80.876
92.384,43.439,71.633,80.876
92.084,42.538,71.633,80.876
90.584,45.239,71.633,80.876
88.484,43.138,71.633,80.876
86.383,42.838,71.633,80.876
83.082,45.539,71.633,80.876
79.781,44.039,71.633,80.876
76.481,46.739,71.633,80.876
73.780,44.639,71.633,80.876
70.479,46.739,71.633,80.876
67.178,45.239,71.633,80.876
63.877,46.139,71.633,80.876
60.303,49.026,70.105,79.151
57.072,46.383,70.105,79.151
54.429,49.026,70.105,79.151
52.629,51.285,68.610,77.463
51.192,49.274,68.610,77.463
49.180,51.285,68.610,77.463
47.743,49.848,68.610,77.463
45.731,51.860,68.610,77.463
44.294,49.848,68.610,77.463
45.156,50.711,68.610,77.463
46.485,49.556,70.128,79.177
44.118,49.550,68.633,77.488
46.130,49.838,68.633,77.488
45.843,50.125,68.633,77.488
47.280,50.413,68.633,77.488
49.868,48.975,68.633,77.488
48.660,52.850,67.169,75.836
52.318,50.317,67.169,75.836
55.976,48.348,67.169,75.836
57.383,51.443,67.169,75.836
60.478,48.910,67.169,75.836
63.092,53.787,65.737,74.219
66.122,51.309,65.737,74.219
69.742,54.489,64.335,72.636
74.324,52.602,64.335,72.636
78.366,55.567,64.335,72.636
82.948,54.219,64.335,72.636
88.068,54.489,64.335,72.636
92.650,55.836,64.335,72.636
98.309,54.489,64.335,72.636
102.372,57.601,62.963,71.087
107.911,55.755,62.963,71.087
111.379,58.293,61.620,69.571
115.250,55.648,62.983,71.110
119.228,58.695,61.640,69.594
122.068,57.921,61.640,69.594
126.974,59.212,61.640,69.594
129.298,58.437,61.640,69.594
131.622,59.728,61.640,69.594
133.946,58.953,61.640,69.594
135.753,59.728,61.640,69.594
137.561,59.986,61.640,69.594
138.336,59.728,61.640,69.594
138.594,59.470,61.640,69.594
139.885,60.245,61.640,69.594
140.143,58.953,61.640,69.594
140.401,60.245,61.640,69.594
138.594,59.470,61.640,69.594
139.500,61.954,60.326,68.110
137.464,60.975,59.039,66.657
137.711,62.707,59.039,66.657
135.242,61.272,57.780,65.236
134.691,63.601,56.548,63.845
132.086,61.469,56.548,63.845
129.954,63.127,56.548,63.845
126.874,61.469,56.548,63.845
123.596,63.291,55.342,62.483
120.582,61.204,55.342,62.483
117.104,62.827,55.342,62.483
112.699,60.741,55.342,62.483
109.222,60.045,55.342,62.483
104.817,60.277,55.342,62.483
100.876,57.727,55.342,62.483
96.008,58.422,55.342,62.483
92.352,57.078,54.162,61.151
88.041,57.304,54.162,61.151
83.276,56.624,54.162,61.151
78.966,55.489,54.162,61.151
74.655,55.262,54.162,61.151
71.705,55.943,54.162,61.151
68.302,54.809,54.162,61.151
64.445,54.582,54.162,61.151
61.495,53.901,54.162,61.151
58.999,54.582,54.162,61.151
55.596,53.447,54.162,61.151
54.462,53.674,54.162,61.151
51.966,53.447,54.162,61.151
50.378,53.220,54.162,61.151
49.697,54.355,54.162,61.151
49.470,54.582,54.162,61.151
47.882,52.994,54.162,61.151
48.562,54.128,54.162,61.151
47.882,54.355,54.162,61.151
49.016,55.489,54.162,61.151
47.428,53.901,54.162,61.151
49.016,55.036,54.162,61.151
49.243,54.809,54.162,61.151
50.378,55.036,54.162,61.151
51.966,55.716,54.162,61.151
53.100,55.036,54.162,61.151
55.142,55.262,54.162,61.151
56.662,53.880,55.360,62.504
58.749,52.720,55.360,62.504
61.300,52.952,55.360,62.504
64.315,51.329,55.360,62.504
66.866,51.097,55.360,62.504
69.880,49.937,55.360,62.504
72.895,49.705,55.360,62.504
76.374,49.474,55.360,62.504
79.389,48.778,55.360,62.504
82.404,47.618,55.360,62.504
85.400,46.686,56.585,63.886
88.956,45.975,56.585,63.886
92.019,46.006,57.837,65.300
95.149,44.530,59.117,66.745
98.369,45.273,59.117,66.745
102.084,45.025,59.117,66.745
105.798,45.273,59.117,66.745
109.018,46.016,59.117,66.745
112.732,46.263,59.117,66.745
115.456,47.006,59.117,66.745
117.190,46.758,59.117,66.745
119.914,46.511,59.117,66.745
121.647,47.749,59.117,66.745
122.886,47.006,59.117,66.745
125.114,47.254,59.117,66.745
126.848,47.006,59.117,66.745
128.086,46.758,59.117,66.745
128.829,46.016,59.117,66.745
129.572,46.263,59.117,66.745
130.810,46.016,59.117,66.745
132.049,45.768,59.117,66.745
132.791,45.025,59.117,66.745
131.553,44.777,59.117,66.745
131.156,43.268,60.425,68.221
130.903,42.509,60.425,68.221
128.396,40.966,61.762,69.731
129.172,40.707,61.762,69.731
127.361,38.896,61.762,69.731
128.655,39.155,61.762,69.731
127.879,38.896,61.762,69.731
128.138,38.638,61.762,69.731
127.361,37.861,61.762,69.731
129.173,38.638,61.762,69.731
127.361,38.379,61.762,69.731
127.103,38.638,61.762,69.731
126.327,37.861,61.762,69.731
127.620,38.638,61.762,69.731
125.809,37.861,61.762,69.731
126.585,37.603,61.762,69.731
127.879,38.379,61.762,69.731
126.585,37.603,61.762,69.731
128.396,37.861,61.762,69.731
128.138,36.050,61.762,69.731
129.949,36.309,61.762,69.731
129.690,35.533,61.762,69.731
132.018,35.274,61.762,69.731
133.312,33.981,61.762,69.731
135.641,33.722,61.762,69.731
136.934,33.463,61.762,69.731
138.745,33.204,61.762,69.731
140.556,33.463,61.762,69.731
143.402,34.757,61.762,69.731
144.598,33.717,63.128,71.274
147.507,35.039,63.128,71.274
150.375,35.623,64.525,72.851
153.307,36.780,65.952,74.462
158.557,35.951,65.952,74.462
162.701,36.780,65.952,74.462
166.292,35.398,65.952,74.462
170.437,34.569,65.952,74.462
174.028,33.741,65.952,74.462
177.067,34.569,65.952,74.462
180.106,34.293,65.952,74.462
183.145,33.464,65.952,74.462
184.527,34.846,65.952,74.462
188.119,33.464,65.952,74.462
184.527,36.503,65.952,74.462
188.671,32.912,65.952,74.462
184.527,34.846,65.952,74.462
188.671,32.359,65.952,74.462
184.527,34.846,65.952,74.462
188.119,32.359,65.952,74.462
190.542,32.395,67.412,76.110
188.000,33.243,67.412,76.110
190.478,32.694,68.903,77.794
191.343,33.560,68.903,77.794
192.677,35.394,70.428,79.515
193.563,38.049,70.428,79.515
189.137,35.984,70.428,79.515
191.725,39.084,71.986,81.274
192.493,41.626,73.578,83.072
190.952,40.085,73.578,83.072
191.877,41.010,73.578,83.072
190.952,42.551,73.578,83.072
192.493,44.092,73.578,83.072
191.568,43.784,73.578,83.072
193.109,47.174,73.578,83.072
189.719,47.482,73.578,83.072
191.877,48.407,73.578,83.072
190.335,48.715,73.578,83.072
192.493,49.640,73.578,83.072
193.418,48.715,73.578,83.072
191.528,47.521,72.009,81.301
194.847,47.823,72.009,81.301
197.561,49.331,72.009,81.301
199.070,49.030,72.009,81.301
200.578,49.935,72.009,81.301
201.483,50.840,72.009,81.301
203.595,49.935,72.009,81.301
204.499,49.030,72.009,81.301
207.303,51.350,70.474,79.567
208.779,52.236,70.474,79.567
211.522,53.369,68.971,77.870
213.544,53.658,68.971,77.870
216.145,53.947,68.971,77.870
218.745,54.814,68.971,77.870
220.190,55.680,68.971,77.870
222.212,55.969,68.971,77.870
223.079,57.992,68.971,77.870
223.946,57.125,68.971,77.870
223.657,57.414,68.971,77.870
223.368,55.969,68.971,77.870
223.079,58.570,68.971,77.870
223.368,55.969,68.971,77.870
221.040,54.293,67.500,76.210
221.323,59.100,67.500,76.210
218.212,56.555,67.500,76.210
215.102,54.010,67.500,76.210
212.557,58.252,67.500,76.210
207.997,55.355,68.993,77.896
205.973,56.222,68.993,77.896
201.638,53.043,68.993,77.896
197.303,56.800,68.993,77.896
192.968,54.199,68.993,77.896
190.082,58.094,67.522,76.235
185.273,56.114,67.522,76.235
181.359,60.471,66.082,74.609
176.099,59.087,66.082,74.609
170.286,59.918,66.082,74.609
165.026,58.533,66.082,74.609
159.766,56.596,66.082,74.609
153.399,54.104,66.082,74.609
148.693,50.506,66.082,74.609
143.434,46.907,66.082,74.609
140.389,51.613,66.082,74.609
137.344,55.212,66.082,74.609
134.579,54.139,64.673,73.018
131.874,53.612,63.294,71.461
127.897,56.529,63.294,71.461
123.920,55.203,63.294,71.461
119.943,53.347,63.294,71.461
117.557,54.143,63.294,71.461
114.640,53.347,63.294,71.461
112.784,53.082,63.294,71.461
110.137,55.633,61.944,69.937
107.282,54.854,61.944,69.937
104.174,52.735,63.315,71.484
103.909,51.408,63.315,71.484
101.261,53.960,61.964,69.960
98.690,52.378,63.335,71.508
96.833,51.052,63.335,71.508
94.976,50.256,63.335,71.508
93.649,49.460,63.335,71.508
91.261,48.664,63.335,71.508
90.465,48.929,63.335,71.508
87.016,49.195,63.335,71.508
85.689,50.521,63.335,71.508
82.771,48.664,63.335,71.508
80.914,47.868,63.335,71.508
79.057,47.072,63.335,71.508
77.199,45.745,63.335,71.508
75.062,45.741,61.985,69.983
72.205,46.520,61.985,69.983
69.349,46.260,61.985,69.983
67.532,44.962,61.985,69.983
65.195,46.260,61.985,69.983
62.858,43.923,61.985,69.983
61.559,44.702,61.985,69.983
58.703,44.962,61.985,69.983
55.847,45.741,61.985,69.983
55.068,45.481,61.985,69.983
51.173,46.779,61.985,69.983
48.317,48.078,61.985,69.983
46.499,48.337,61.985,69.983
43.124,51.194,61.985,69.983
40.267,51.453,61.985,69.983
37.930,54.309,61.985,69.983
36.632,53.530,61.985,69.983
33.776,57.425,61.985,69.983
31.958,56.646,61.985,69.983
30.660,58.464,61.985,69.983
28.323,57.166,61.985,69.983
25.986,56.906,61.985,69.983
23.130,60.282,61.985,69.983
20.274,58.983,61.985,69.983
