213.000,121.000,21.000,95.000
213.216,119.052,21.000,95.000
214.299,116.672,21.000,95.000
213.649,114.291,21.000,95.000
213.000,113.209,21.000,95.000
211.918,112.127,21.000,95.000
209.970,112.343,21.000,95.000
208.888,112.992,21.000,95.000
209.104,113.209,21.000,95.000
209.754,112.560,21.000,95.000
211.701,111.045,21.000,95.000
214.948,110.828,21.000,95.000
219.060,109.313,21.000,95.000
222.306,110.395,21.000,95.000
224.254,108.881,21.000,95.000
225.336,109.097,21.000,95.000
223.388,110.179,21.000,95.000
221.008,109.097,21.000,95.000
218.627,108.881,21.000,95.000
217.545,109.963,21.000,95.000
218.194,109.313,21.000,95.000
220.142,109.530,21.000,95.000
217.761,108.448,21.000,95.000
217.112,108.231,21.000,95.000
219.925,106.283,21.000,95.000
222.306,105.634,21.000,95.000
224.254,104.119,21.000,95.000
222.306,102.172,21.000,95.000
222.955,102.388,21.000,95.000
221.440,100.873,21.000,95.000
222.522,99.358,21.000,95.000
222.306,100.007,21.000,95.000
225.119,101.089,21.000,95.000
224.470,99.142,21.000,95.000
227.284,99.358,21.000,95.000
226.634,96.977,21.000,95.000
225.985,97.627,21.000,95.000
228.799,96.112,21.000,95.000
230.587,97.082,21.465,97.102
232.578,96.418,21.465,97.102
231.914,97.966,21.465,97.102
229.481,99.957,21.465,97.102
227.048,101.948,21.465,97.102
226.384,105.709,21.465,97.102
227.048,110.354,21.465,97.102
225.057,112.345,21.465,97.102
223.508,111.239,21.465,97.102
223.287,111.460,21.465,97.102
222.181,111.239,21.465,97.102
220.633,109.690,21.465,97.102
218.199,109.912,21.465,97.102
214.377,109.455,21.007,95.031
210.264,109.671,21.007,95.031
206.151,107.290,21.007,95.031
202.470,106.207,21.007,95.031
201.388,105.991,21.007,95.031
202.037,105.341,21.007,95.031
200.522,105.558,21.007,95.031
201.171,107.506,21.007,95.031
203.553,105.558,21.007,95.031
204.202,108.372,21.007,95.031
206.584,111.186,21.007,95.031
208.099,114.001,21.007,95.031
209.615,112.052,21.007,95.031
208.965,113.135,21.007,95.031
207.017,112.052,21.007,95.031
205.068,111.403,21.007,95.031
207.883,112.485,21.007,95.031
209.831,110.970,21.007,95.031
212.212,111.186,21.007,95.031
216.326,110.104,21.007,95.031
223.037,109.022,21.007,95.031
227.150,106.640,21.007,95.031
228.666,104.259,21.007,95.031
225.418,104.042,21.007,95.031
220.872,101.661,21.007,95.031
213.375,100.796,20.559,93.005
206.856,103.626,20.120,91.021
203.406,101.113,20.566,93.035
200.561,101.084,20.127,91.051
199.939,95.483,20.127,91.051
201.806,88.223,20.127,91.051
204.087,82.623,20.127,91.051
206.901,78.995,19.698,89.109
207.916,75.950,19.698,89.109
207.148,73.574,19.278,87.209
209.077,72.398,18.867,85.349
209.271,74.148,18.867,85.349
209.854,76.675,18.867,85.349
210.438,83.481,18.867,85.349
209.465,89.508,18.867,85.349
210.438,97.480,18.867,85.349
211.021,103.507,18.867,85.349
211.993,106.424,18.867,85.349
210.882,108.646,18.464,83.529
213.356,111.500,18.464,83.529
215.830,113.974,18.464,83.529
216.613,117.590,18.873,85.377
214.862,122.453,18.873,85.377
213.001,127.300,18.470,83.557
212.811,130.917,18.470,83.557
213.925,133.092,18.077,81.775
215.602,130.670,18.077,81.775
216.368,136.917,18.476,83.584
214.274,139.773,18.476,83.584
212.560,138.440,18.476,83.584
212.370,135.584,18.476,83.584
210.656,134.632,18.476,83.584
206.698,133.510,18.885,85.433
207.903,130.747,19.303,87.324
209.693,127.763,19.303,87.324
211.085,125.575,19.303,87.324
212.876,123.387,19.303,87.324
214.520,120.563,19.730,89.256
216.350,120.766,19.730,89.256
217.608,118.302,20.167,91.230
221.141,120.589,20.167,91.230
225.563,124.165,19.737,89.285
228.614,123.148,19.737,89.285
232.886,126.199,19.737,89.285
236.343,125.182,19.737,89.285
239.801,127.827,19.737,89.285
243.666,127.623,19.737,89.285
248.385,131.908,19.316,87.381
256.547,134.496,19.316,87.381
261.125,132.704,19.316,87.381
265.360,136.898,18.904,85.517
269.841,134.755,18.904,85.517
274.322,137.677,18.904,85.517
279.582,139.430,18.904,85.517
285.980,143.159,18.501,83.694
289.603,141.062,18.501,83.694
294.751,144.303,18.501,83.694
299.517,146.781,18.501,83.694
303.140,144.684,18.501,83.694
307.906,147.544,18.501,83.694
311.529,150.023,18.501,83.694
314.770,147.544,18.501,83.694
321.443,151.167,18.501,83.694
325.447,151.357,18.501,83.694
331.709,153.904,18.106,81.909
335.254,152.597,18.106,81.909
339.173,149.052,18.106,81.909
340.265,147.947,17.720,80.162
341.686,146.866,17.342,78.453
340.793,144.900,17.342,78.453
342.183,144.530,16.972,76.780
342.008,141.907,16.972,76.780
344.982,139.633,16.972,76.780
348.305,136.310,16.972,76.780
348.655,134.599,16.610,75.142
348.667,135.236,16.256,73.540
349.648,134.889,15.910,71.972
350.467,135.709,15.910,71.972
350.959,133.906,15.910,71.972
351.451,133.414,15.910,71.972
350.515,134.339,15.570,70.437
351.317,133.216,15.570,70.437
351.156,134.018,15.570,70.437
350.354,133.216,15.570,70.437
350.835,132.735,15.570,70.437
349.712,132.895,15.570,70.437
351.704,131.616,15.915,71.995
306.095,169.787,16.267,73.588
307.604,172.302,16.267,73.588
310.118,174.816,16.267,73.588
312.297,175.990,16.267,73.588
314.726,176.046,16.627,75.216
317.381,176.352,16.272,73.612
319.226,177.526,16.272,73.612
322.147,179.119,15.925,72.042
328.170,177.514,15.586,70.506
330.258,178.639,15.586,70.506
333.310,178.157,15.586,70.506
334.637,179.210,15.930,72.066
334.801,179.702,15.930,72.066
334.455,180.438,16.283,73.661
336.084,180.738,15.936,72.090
336.095,183.565,15.596,70.552
336.256,184.690,15.596,70.552
335.774,185.494,15.596,70.552
336.256,186.297,15.596,70.552
336.417,187.101,15.596,70.552
337.542,187.904,15.596,70.552
338.989,188.065,15.596,70.552
339.620,189.902,15.263,69.048
341.350,190.374,15.263,69.048
344.024,190.846,15.263,69.048
346.383,191.947,15.263,69.048
347.799,193.677,15.263,69.048
349.529,192.576,15.263,69.048
350.829,191.975,15.601,70.576
350.156,190.360,15.946,72.137
351.173,188.369,16.299,73.733
315.965,224.673,16.659,75.364
314.076,221.754,16.659,75.364
316.308,219.522,16.659,75.364
318.796,220.648,17.028,77.032
321.703,217.793,17.405,78.736
325.046,219.713,17.790,80.478
327.429,221.730,17.790,80.478
325.779,220.080,17.790,80.478
328.163,222.097,17.790,80.478
326.879,221.180,17.790,80.478
328.163,223.197,17.790,80.478
326.513,222.647,17.790,80.478
329.353,222.621,17.411,78.762
330.968,221.365,17.411,78.762
333.056,223.762,17.039,77.082
335.099,225.768,16.676,75.439
335.450,227.608,17.045,77.108
286.602,195.227,17.422,78.814
278.522,196.843,17.422,78.814
280.138,200.613,17.422,78.814
282.831,205.461,17.422,78.814
286.242,208.154,17.422,78.814
289.654,210.847,17.422,78.814
292.781,213.245,17.050,77.133
295.504,215.930,16.687,75.488
298.831,218.559,16.331,73.878
301.692,219.737,16.331,73.878
305.597,221.011,15.983,72.303
309.056,221.835,15.983,72.303
312.186,222.658,15.983,72.303
314.986,223.482,15.983,72.303
317.457,224.305,15.983,72.303
319.927,225.788,15.983,72.303
322.479,223.225,15.642,70.761
325.909,224.445,15.308,69.252
328.353,225.944,14.982,67.775
330.360,227.334,14.982,67.775
331.441,228.414,14.982,67.775
332.830,230.422,14.982,67.775
330.823,234.282,14.982,67.775
331.286,233.818,14.982,67.775
333.602,232.120,14.982,67.775
333.613,236.265,14.662,66.330
335.578,235.812,14.662,66.330
335.427,235.359,14.662,66.330
334.671,237.323,14.662,66.330
333.009,236.870,14.662,66.330
326.511,236.417,14.662,66.330
326.058,236.265,14.662,66.330
328.627,235.510,14.662,66.330
331.498,235.057,14.662,66.330
336.786,233.394,14.662,66.330
335.527,223.098,14.987,67.797
334.446,222.016,14.987,67.797
335.722,222.388,15.318,69.297
336.827,221.283,15.318,69.297
337.932,220.809,15.318,69.297
339.237,219.552,15.657,70.831
341.737,220.773,15.323,69.320
344.105,219.668,15.323,69.320
346.158,218.247,15.323,69.320
345.685,217.773,15.323,69.320
345.527,216.983,15.323,69.320
345.053,216.510,15.323,69.320
333.841,214.772,15.323,69.320
329.903,214.169,15.662,70.854
331.678,214.977,15.662,70.854
332.935,214.954,15.328,69.343
334.672,215.744,15.328,69.343
335.778,215.586,15.328,69.343
337.200,216.376,15.328,69.343
338.937,216.850,15.328,69.343
340.991,218.903,15.328,69.343
343.134,221.013,15.002,67.864
344.525,220.549,15.002,67.864
344.680,221.941,15.002,67.864
346.380,222.095,15.002,67.864
347.153,221.941,15.002,67.864
314.842,215.602,15.002,67.864
314.069,215.138,15.002,67.864
314.533,216.220,15.002,67.864
315.306,216.375,15.002,67.864
314.842,216.839,15.002,67.864
317.237,216.817,14.682,66.417
318.706,217.088,14.369,65.000
317.966,218.717,14.369,65.000
319.689,219.553,14.062,63.614
320.258,220.650,13.762,62.258
320.967,219.657,13.762,62.258
322.617,220.184,13.469,60.930
323.589,218.380,13.469,60.930
323.728,216.853,13.469,60.930
324.977,215.326,13.469,60.930
325.949,214.077,13.469,60.930
327.296,214.593,13.182,59.631
330.187,216.145,12.900,58.359
329.354,213.982,13.186,59.650
331.197,213.702,12.905,58.378
335.852,211.973,12.905,58.378
339.975,209.978,12.905,58.378
339.842,208.515,12.905,58.378
316.834,213.702,12.905,58.378
317.765,212.505,12.905,58.378
318.164,213.170,12.905,58.378
318.943,212.638,12.629,57.133
320.458,213.875,12.360,55.915
319.311,213.238,12.360,55.915
320.967,213.875,12.360,55.915
321.859,212.474,12.360,55.915
322.850,214.175,12.097,54.722
324.720,215.047,12.097,54.722
325.842,215.421,12.097,54.722
327.712,215.546,12.097,54.722
329.259,215.587,12.364,55.933
331.171,216.225,12.364,55.933
332.572,217.626,12.364,55.933
333.464,219.028,12.364,55.933
333.847,221.958,12.364,55.933
334.993,223.615,12.364,55.933
336.395,225.526,12.364,55.933
338.506,229.534,12.638,57.171
340.199,231.488,12.638,57.171
341.371,233.181,12.638,57.171
341.636,234.576,12.917,58.436
343.442,237.637,12.642,57.189
344.205,239.879,12.372,55.970
341.782,242.301,12.372,55.970
340.316,242.284,12.108,54.776
340.441,244.655,12.108,54.776
341.315,243.781,12.108,54.776
324.480,244.081,12.376,55.988
324.097,244.719,12.376,55.988
327.031,245.357,12.376,55.988
331.495,246.760,12.376,55.988
333.663,247.398,12.376,55.988
336.087,248.035,12.376,55.988
322.694,222.143,12.376,55.988
325.373,224.057,12.376,55.988
328.051,228.266,12.376,55.988
334.301,231.965,12.376,55.988
339.719,235.881,12.112,54.794
341.591,241.997,12.112,54.794
328.235,249.112,12.112,54.794
327.713,250.967,12.380,56.007
330.392,250.074,12.380,56.007
331.385,248.088,12.116,54.812
330.912,249.515,11.858,53.643
329.743,249.734,11.605,52.499
331.135,250.178,11.358,51.380
332.656,250.998,11.358,51.380
332.305,250.881,11.358,51.380
336.168,235.547,11.358,51.380
336.519,235.899,11.358,51.380
335.625,237.687,11.115,50.284
336.427,238.947,11.115,50.284
337.458,239.978,11.115,50.284
336.803,241.950,10.878,49.212
338.756,243.879,10.646,48.162
340.456,245.768,10.419,47.135
341.208,246.305,10.419,47.135
342.664,244.220,10.197,46.130
343.610,243.484,10.197,46.130
344.766,245.271,10.197,46.130
336.694,240.508,10.423,47.151
335.353,239.652,10.653,48.194
336.032,238.777,10.889,49.260
338.124,238.815,11.130,50.350
340.533,240.076,11.130,50.350
342.483,239.732,11.130,50.350
340.074,238.700,11.130,50.350
308.177,232.312,11.376,51.464
309.935,232.194,11.376,51.464
314.742,231.608,11.376,51.464
325.411,233.367,11.376,51.464
332.094,234.891,11.376,51.464
336.666,237.119,11.376,51.464
341.873,240.492,11.134,50.367
343.871,242.246,10.896,49.293
339.717,244.829,10.896,49.293
330.845,246.962,10.896,49.293
329.386,250.443,10.896,49.293
331.070,252.352,10.896,49.293
332.081,256.732,10.896,49.293
334.253,258.448,10.664,48.241
335.462,258.997,10.664,48.241
335.572,260.206,10.664,48.241
317.659,258.778,10.664,48.241
318.726,258.339,10.436,47.213
319.909,257.801,10.436,47.213
320.016,259.414,10.436,47.213
321.199,258.446,10.436,47.213
325.609,258.124,10.436,47.213
326.944,258.382,10.667,48.257
325.075,261.131,10.667,48.257
325.756,260.255,10.903,49.325
330.648,258.194,11.145,50.416
335.084,254.414,10.907,49.341
337.042,252.881,10.674,48.289
338.693,252.991,10.674,48.289
340.123,252.661,10.674,48.289
338.977,254.296,10.911,49.357
335.084,256.664,10.678,48.305
305.702,251.933,10.678,48.305
305.074,253.614,10.450,47.275
306.411,254.097,10.681,48.320
307.480,256.840,10.454,47.290
285.681,235.643,10.231,46.282
284.732,239.965,10.231,46.282
284.205,244.499,10.231,46.282
282.413,248.822,10.231,46.282
278.934,252.934,10.231,46.282
277.985,255.148,10.231,46.282
279.355,257.362,10.231,46.282
281.102,258.272,10.457,47.306
283.365,259.673,10.457,47.306
287.137,260.858,10.457,47.306
291.555,259.888,10.457,47.306
296.836,259.350,10.457,47.306
299.530,258.595,10.457,47.306
302.440,258.056,10.457,47.306
304.056,256.655,10.457,47.306
306.750,255.254,10.457,47.306
308.582,252.991,10.457,47.306
312.785,251.159,10.457,47.306
316.772,251.052,10.457,47.306
320.544,249.435,10.457,47.306
322.807,247.819,10.457,47.306
325.717,246.202,10.457,47.306
328.411,244.586,10.457,47.306
330.243,244.478,10.457,47.306
332.291,243.939,10.457,47.306
333.261,243.400,10.457,47.306
334.662,244.370,10.457,47.306
334.769,244.693,10.457,47.306
335.524,245.663,10.457,47.306
334.338,246.202,10.457,47.306
335.524,246.741,10.457,47.306
336.494,247.711,10.457,47.306
335.308,248.681,10.457,47.306
334.554,248.142,10.457,47.306
334.877,248.250,10.457,47.306
336.063,249.004,10.457,47.306
336.170,248.681,10.457,47.306
337.140,250.082,10.457,47.306
338.326,249.327,10.457,47.306
339.296,248.142,10.457,47.306
340.481,246.094,10.457,47.306
342.358,245.041,10.234,46.297
341.409,246.201,10.234,46.297
336.874,252.002,10.234,46.297
336.272,254.833,10.016,45.309
337.201,255.969,10.016,45.309
336.478,257.517,10.016,45.309
335.136,259.272,10.016,45.309
334.414,261.027,10.016,45.309
330.388,259.891,10.016,45.309
331.241,260.140,10.237,46.312
330.081,252.227,10.237,46.312
332.296,256.341,10.237,46.312
335.356,258.135,10.237,46.312
337.194,260.764,10.019,45.324
330.234,260.352,9.805,44.358
328.973,258.498,10.022,45.339
330.469,256.818,10.244,46.342
329.941,256.290,10.244,46.342
331.525,257.240,10.244,46.342
332.616,257.275,10.471,47.368
332.293,258.246,10.471,47.368
331.617,258.506,10.702,48.416
332.830,259.499,10.702,48.416
331.453,258.620,10.939,49.487
331.115,259.409,10.939,49.487
329.875,259.973,10.939,49.487
330.890,259.183,10.939,49.487
338.668,250.954,10.939,49.487
337.654,250.165,10.939,49.487
336.012,250.436,11.181,50.582
334.813,249.996,11.429,51.701
333.752,250.349,11.429,51.701
335.048,251.645,11.429,51.701
335.288,250.951,11.681,52.845
335.649,251.312,11.681,52.845
336.492,252.155,11.681,52.845
334.927,252.997,11.681,52.845
333.424,253.287,11.940,54.014
332.316,254.394,11.940,54.014
319.150,256.732,11.940,54.014
314.351,255.871,11.940,54.014
309.799,254.025,11.940,54.014
315.828,256.117,11.940,54.014
318.166,255.256,11.940,54.014
320.750,254.640,11.940,54.014
322.893,253.675,11.685,52.862
321.328,250.905,11.685,52.862
323.134,248.376,11.685,52.862
329.517,247.774,11.685,52.862
331.805,246.690,11.685,52.862
333.800,244.981,11.944,54.032
335.583,243.744,12.208,55.227
336.212,243.619,12.208,55.227
336.086,242.486,12.208,55.227
335.457,242.864,12.208,55.227
335.331,243.744,12.208,55.227
335.205,242.864,12.208,55.227
334.828,242.235,12.208,55.227
333.947,240.851,12.208,55.227
331.593,238.282,12.478,56.449
330.115,239.504,12.212,55.245
328.021,237.717,12.482,56.467
327.483,238.828,12.758,57.717
328.929,240.537,12.758,57.717
328.178,238.998,12.486,56.486
329.776,240.910,12.763,57.736
331.748,238.937,12.763,57.736
330.379,241.164,13.045,59.013
332.048,239.534,13.334,60.319
333.184,238.439,13.629,61.653
331.077,239.984,13.629,61.653
329.906,239.157,13.930,63.017
328.614,239.013,13.930,63.017
328.470,238.870,13.930,63.017
328.327,240.449,13.930,63.017
327.322,240.305,13.930,63.017
326.423,239.459,14.238,64.412
325.396,239.019,14.238,64.412
325.836,240.339,14.238,64.412
327.157,239.312,14.238,64.412
325.836,240.339,14.238,64.412
326.135,240.997,14.553,65.837
325.086,241.147,14.553,65.837
327.259,238.396,14.875,67.293
326.799,240.082,14.875,67.293
328.792,238.702,14.875,67.293
329.558,240.389,14.875,67.293
331.245,238.702,14.875,67.293
330.664,241.045,14.558,65.858
332.915,241.795,14.558,65.858
333.365,240.445,14.558,65.858
334.715,241.795,14.558,65.858
326.463,247.047,14.558,65.858
318.212,251.398,14.558,65.858
316.861,250.947,14.558,65.858
318.512,250.497,14.558,65.858
320.686,249.924,14.880,67.316
278.041,235.656,15.209,68.805
280.079,237.694,15.209,68.805
281.176,239.104,15.209,68.805
283.527,238.321,15.209,68.805
284.938,239.104,15.209,68.805
282.655,235.253,15.546,70.327
280.322,235.639,15.890,71.883
282.695,231.956,16.242,73.474
291.566,242.835,16.242,73.474
294.482,242.489,15.895,71.907
297.020,242.151,15.556,70.373
298.463,241.029,15.556,70.373
300.328,239.770,15.224,68.873
302.276,238.194,15.561,70.396
304.451,240.645,15.229,68.895
305.975,243.044,14.905,67.426
308.587,246.884,14.905,67.426
311.131,234.823,15.234,68.918
314.114,241.888,15.234,68.918
307.677,229.171,15.234,68.918
320.097,231.571,14.910,67.448
322.709,233.876,14.910,67.448
287.830,243.556,14.910,67.448
311.031,245.246,14.910,67.448
322.555,243.556,14.910,67.448
316.563,248.319,14.910,67.448
299.659,240.080,15.239,68.940
292.278,239.295,15.239,68.940
284.896,240.080,15.239,68.940
296.989,238.039,15.239,68.940
316.307,239.138,15.239,68.940
319.291,240.866,15.239,68.940
317.877,243.535,15.239,68.940
315.836,246.205,15.239,68.940
294.005,243.850,15.239,68.940
282.226,248.404,15.239,68.940
270.447,248.875,15.239,68.940
261.810,249.660,15.239,68.940
220.191,248.561,15.239,68.940
217.835,249.660,15.239,68.940
210.986,251.342,15.577,70.466
206.972,255.034,15.577,70.466
213.295,257.086,15.921,72.025
220.023,255.609,15.921,72.025
226.094,253.476,15.921,72.025
228.227,250.687,15.921,72.025
226.422,253.476,15.921,72.025
229.596,250.607,15.582,70.489
230.923,251.326,15.926,72.048
233.057,253.788,15.926,72.048
240.771,250.342,15.926,72.048
246.516,252.475,15.926,72.048
248.650,249.357,15.926,72.048
251.768,251.490,15.926,72.048
253.902,254.281,15.926,72.048
254.723,250.834,15.926,72.048
255.057,252.251,16.279,73.642
254.890,248.392,16.279,73.642
251.702,249.902,16.279,73.642
