0.00328016
0.01384306
0.01441860
0.01282811
0.01274371
0.01283288
0.01301646
0.01300025
0.01293421
0.01284122
0.01289225
0.01277685
0.01297212
0.01280475
0.01301193
0.01288271
0.01292515
0.01298618
0.01282692
0.01321054
0.01282334
0.01281452
0.01283240
0.01289201
0.01286387
0.01282573
0.01283646
0.01299000
0.01284742
0.01279736
0.01298523
0.01304150
0.01300716
0.01285124
0.01287532
0.01284623
0.01285839
0.01296377
0.01297450
0.01285958
0.01288819
0.01298499
0.01301122
0.01285863
0.01302528
0.01277494
0.01293325
0.01286578
0.01285291
0.01300001
0.01305056
0.01292348
0.01286626
0.01258326
0.01302004
0.01303434
0.01291943
0.01315427
0.01282549
0.01291180
0.01298690
0.01262832
0.01299024
0.01287031
0.01293540
0.01290607
0.01301384
0.01237631
0.01280260
0.01285410
0.01294398
0.01288939
0.01282954
0.01295662
0.01284623
0.01285434
0.01298928
0.01275659
0.01294780
0.01281619
0.01303840
0.01288581
0.01276541
0.01304936
0.01295185
0.01302719
0.01301599
0.01303053
0.01288438
0.01308179
0.01289582
0.01301265
0.01288962
0.01284480
0.01304317
0.01286697
0.01307058
0.01313496
0.01292467
0.01302528
0.01303267
0.01287389
0.01301932
0.01292396
0.01289916
0.01287937
0.01302266
0.01290202
0.01298380
0.01301336
0.01291823
0.01289988
0.01296639
0.01283526
0.01291013
0.01289511
0.01271296
0.01304412
0.01303554
0.01311755
0.01289868
0.01285505
0.01290345
0.01289797
0.01309299
0.01302958
0.01288414
0.01289940
0.01302838
0.01322508
0.01294518
0.01303244
0.01322389
0.01291895
0.01291895
0.01282454
0.01284122
0.01299810
0.01309943
0.01311135
0.01269388
0.01289463
0.01287293
0.01289749
0.01325345
0.01287055
0.01254630
0.01297402
0.01290917
0.01292324
0.01303244
0.01288486
0.01306391
0.01307845
0.01302838
0.01289868
0.01286006
0.01305485
0.01286268
0.01285267
0.01300812
0.01303649
0.01302934
0.01281047
0.01272798
0.01284838
0.01294088
0.01293182
0.01297069
0.01308775
0.01304889
0.01304269
0.01284862
0.01295614
0.01288342
0.01301980
0.01298380
0.01298380
0.01301670
0.01309514
0.01290774
0.01306319
0.01308584
0.01310492
0.01283860
0.01290488
0.01291251
0.01306129
0.01289368
0.01310039
0.01307511
0.01295590
0.01301527
0.01296091
0.01285720
0.01305580
0.01295066
0.01293993
0.01298428
0.01297498
0.01304483
0.01298618
0.01298571
0.01293135
0.01311445
0.01301885
0.01297593
0.01308799
0.01292729
0.01295424
0.01308584
0.01323128
0.01309276
0.01302862
0.01315236
0.01307082
0.01311207
0.01306200
0.01296520
0.01297712
0.01294661
0.01293802
0.01290274
0.01294947
0.01290894
