253.000,66.000,23.000,28.000
252.298,68.507,23.000,28.000
249.791,69.008,23.000,28.000
246.883,70.111,23.000,28.000
243.374,71.014,23.000,28.000
240.466,70.913,23.000,28.000
238.761,70.613,23.000,28.000
237.257,70.312,23.000,28.000
235.151,71.014,23.000,28.000
233.447,69.911,23.000,28.000
232.344,68.808,23.000,28.000
232.845,68.106,23.000,28.000
233.146,67.203,23.000,28.000
231.842,66.501,23.000,28.000
231.341,65.799,23.000,28.000
230.238,66.902,23.000,28.000
230.539,66.602,23.000,28.000
231.040,65.699,23.000,28.000
230.739,66.401,23.000,28.000
231.642,66.902,23.000,28.000
230.940,65.799,23.000,28.000
230.840,65.298,23.000,28.000
230.940,66.201,23.000,28.000
230.439,65.098,23.000,28.000
229.135,63.794,23.000,28.000
227.832,62.290,23.000,28.000
226.528,61.387,23.000,28.000
224.823,60.284,23.000,28.000
223.008,59.246,23.509,28.619
221.676,57.914,23.509,28.619
219.608,56.853,24.029,29.253
218.246,58.005,24.029,29.253
214.370,56.434,24.029,29.253
212.692,57.523,24.561,29.900
210.976,55.971,25.104,30.561
208.995,57.336,25.659,31.238
207.666,56.642,26.227,31.929
206.408,57.900,26.227,31.929
204.693,58.929,26.227,31.929
202.978,58.128,26.227,31.929
200.909,56.470,26.807,32.635
198.922,57.756,26.807,32.635
197.402,55.769,26.807,32.635
195.883,54.250,26.807,32.635
193.663,53.198,26.807,32.635
191.909,51.679,26.807,32.635
191.325,50.393,26.807,32.635
191.909,49.809,26.807,32.635
190.390,48.289,26.807,32.635
190.039,47.705,26.807,32.635
189.455,46.653,26.807,32.635
190.039,47.705,26.807,32.635
188.988,46.653,26.807,32.635
188.871,48.172,26.807,32.635
188.286,48.757,26.807,32.635
189.572,48.640,26.807,32.635
190.624,49.692,26.807,32.635
189.572,49.341,26.807,32.635
191.325,50.860,26.807,32.635
191.676,50.276,26.807,32.635
191.091,51.562,26.807,32.635
192.371,51.807,27.401,33.357
192.013,52.165,27.401,33.357
192.371,50.612,27.401,33.357
192.440,50.367,28.007,34.095
192.073,48.780,28.007,34.095
191.707,47.681,28.007,34.095
190.852,46.338,28.007,34.095
189.754,44.995,28.007,34.095
188.304,43.224,28.626,34.850
186.432,43.599,28.626,34.850
183.811,41.976,28.626,34.850
181.034,43.015,29.260,35.621
178.865,41.357,29.260,35.621
177.207,42.505,29.260,35.621
175.038,41.357,29.260,35.621
173.260,40.630,28.636,34.861
171.637,40.755,28.636,34.861
170.763,39.381,28.636,34.861
168.641,40.006,28.636,34.861
167.018,38.383,28.636,34.861
164.147,36.510,28.636,34.861
162.274,35.386,28.636,34.861
160.651,34.762,28.636,34.861
159.278,33.139,28.636,34.861
157.405,34.013,28.636,34.861
155.033,34.388,28.636,34.861
151.996,35.168,29.269,35.632
145.743,36.571,29.269,35.632
139.746,38.485,29.269,35.632
135.280,40.655,29.269,35.632
130.048,43.845,29.269,35.632
125.071,45.249,29.269,35.632
119.584,47.928,29.269,35.632
114.608,49.842,29.269,35.632
108.610,51.501,29.269,35.632
102.358,52.905,29.269,35.632
95.850,54.309,29.269,35.632
90.107,55.967,29.269,35.632
84.365,56.606,29.269,35.632
80.154,57.754,29.269,35.632
77.730,58.647,29.269,35.632
77.092,59.030,29.269,35.632
74.412,59.158,29.269,35.632
68.670,60.561,29.269,35.632
64.969,62.731,29.269,35.632
64.174,66.185,28.645,34.872
66.047,67.809,28.645,34.872
67.921,68.184,28.645,34.872
70.325,69.482,29.279,35.644
71.987,71.339,29.927,36.433
73.162,73.818,29.927,36.433
73.031,76.036,29.927,36.433
74.466,77.993,29.927,36.433
75.119,78.124,29.927,36.433
76.554,78.254,29.927,36.433
78.772,79.168,29.927,36.433
81.512,78.776,29.927,36.433
83.730,79.168,29.927,36.433
86.992,77.993,29.927,36.433
90.775,78.385,29.927,36.433
92.210,76.949,29.927,36.433
89.731,74.210,29.927,36.433
91.167,73.035,29.927,36.433
92.341,72.122,29.927,36.433
93.776,72.513,29.927,36.433
95.472,72.905,29.927,36.433
96.647,71.731,29.927,36.433
98.604,74.731,29.927,36.433
99.803,78.264,29.289,35.656
100.406,79.327,29.937,36.445
98.971,79.718,29.937,36.445
99.858,77.555,30.599,37.251
98.124,78.489,30.599,37.251
96.657,79.422,30.599,37.251
94.655,81.423,30.599,37.251
93.071,81.427,31.276,38.075
79.845,81.563,31.276,38.075
88.977,104.767,31.968,38.918
88.559,111.038,31.968,38.918
87.584,116.753,31.968,38.918
86.608,123.303,31.968,38.918
85.354,128.460,31.968,38.918
123.607,166.637,32.675,39.779
127.739,165.070,32.675,39.779
131.015,166.067,32.675,39.779
137.268,164.706,31.978,38.930
138.801,166.239,31.978,38.930
140.335,164.706,31.978,38.930
141.885,165.793,31.297,38.100
141.749,167.840,31.297,38.100
147.889,162.245,31.297,38.100
151.573,157.197,31.297,38.100
153.073,154.059,31.297,38.100
153.435,152.646,31.989,38.943
150.785,158.643,31.989,38.943
146.183,160.735,31.989,38.943
144.928,159.480,31.989,38.943
144.140,160.062,32.697,39.805
143.712,159.064,32.697,39.805
142.824,157.977,31.999,38.956
142.224,158.258,31.317,38.125
142.088,160.033,31.317,38.125
141.405,161.808,31.317,38.125
141.269,163.583,31.317,38.125
143.317,166.450,31.317,38.125
106.862,190.890,31.317,38.125
113.279,191.845,31.317,38.125
118.604,190.890,31.317,38.125
124.070,190.112,30.649,37.312
128.213,188.642,30.649,37.312
132.622,189.577,30.649,37.312
137.299,188.107,30.649,37.312
140.907,186.638,30.649,37.312
146.385,186.237,30.649,37.312
148.924,184.500,30.649,37.312
154.670,184.900,30.649,37.312
157.208,185.836,30.649,37.312
160.282,187.840,30.649,37.312
165.760,189.844,30.649,37.312
170.704,188.375,30.649,37.312
175.381,190.379,30.649,37.312
178.989,192.116,30.649,37.312
184.056,192.951,31.327,38.138
187.198,194.453,31.327,38.138
192.524,197.048,31.327,38.138
198.670,198.824,31.327,38.138
202.358,201.146,31.327,38.138
206.509,203.790,30.659,37.324
209.584,202.587,30.659,37.324
215.598,201.384,30.659,37.324
221.613,199.646,30.659,37.324
226.024,198.978,30.659,37.324
228.564,197.508,30.659,37.324
232.885,196.231,30.005,36.528
235.370,195.577,30.005,36.528
237.332,195.708,30.005,36.528
240.048,195.719,29.366,35.749
242.706,197.211,28.739,34.987
245.307,199.637,28.126,34.241
247.146,201.721,28.126,34.241
248.982,204.332,27.527,33.511
250.783,206.852,27.527,33.511
252.583,209.132,27.527,33.511
255.343,210.933,27.527,33.511
256.903,212.253,27.527,33.511
258.943,213.333,27.527,33.511
259.759,212.339,28.136,34.252
261.354,212.953,28.136,34.252
261.772,211.781,27.536,33.522
260.451,212.861,27.536,33.522
260.812,211.781,27.536,33.522
259.731,212.141,27.536,33.522
260.571,212.501,27.536,33.522
259.731,211.661,27.536,33.522
258.891,212.261,27.536,33.522
257.330,211.181,27.536,33.522
259.371,211.541,27.536,33.522
261.652,212.381,27.536,33.522
264.653,212.501,27.536,33.522
266.682,213.900,26.948,32.807
267.740,213.548,26.948,32.807
269.032,214.135,26.948,32.807
268.445,215.427,26.948,32.807
266.917,216.485,26.948,32.807
269.384,215.192,26.948,32.807
270.677,213.900,26.948,32.807
268.445,212.373,26.948,32.807
263.863,210.375,26.948,32.807
261.630,208.613,26.948,32.807
258.693,207.086,26.948,32.807
254.338,205.058,26.374,32.107
249.623,202.183,26.374,32.107
244.679,200.688,26.374,32.107
242.035,200.113,26.374,32.107
237.320,199.308,26.374,32.107
235.274,200.648,25.811,31.423
231.111,200.761,25.811,31.423
227.156,200.120,25.261,30.752
223.081,201.551,25.261,30.752
219.226,200.780,25.261,30.752
216.914,200.891,25.261,30.752
212.619,200.263,24.722,30.097
208.831,198.818,24.195,29.455
205.561,195.337,24.195,29.455
203.768,194.599,24.195,29.455
205.347,193.388,23.679,28.827
207.490,191.406,23.174,28.212
209.393,189.273,22.680,27.610
214.436,186.801,22.680,27.610
217.501,185.120,22.680,27.610
220.961,181.659,22.680,27.610
222.445,179.385,22.680,27.610
225.708,174.936,22.680,27.610
226.795,173.255,22.680,27.610
227.487,171.772,22.680,27.610
228.377,170.091,22.680,27.610
232.036,169.398,22.680,27.610
236.287,167.718,22.680,27.610
237.375,166.037,22.680,27.610
241.330,162.961,23.182,28.221
253.559,158.211,23.182,28.221
258.511,154.674,23.182,28.221
264.701,150.981,22.687,27.619
269.745,146.332,22.687,27.619
274.394,140.892,22.687,27.619
279.240,135.650,22.687,27.619
283.098,129.814,22.687,27.619
285.571,124.968,22.687,27.619
288.835,120.121,22.687,27.619
290.318,115.868,22.687,27.619
292.000,113.198,22.687,27.619
292.494,110.329,22.687,27.619
293.582,108.252,22.687,27.619
294.873,106.735,22.204,27.030
295.744,105.864,22.204,27.030
296.615,105.380,22.204,27.030
296.325,105.864,22.204,27.030
295.841,104.412,22.204,27.030
295.938,103.541,22.204,27.030
294.292,101.895,22.204,27.030
293.034,100.637,22.204,27.030
291.388,98.991,22.204,27.030
289.936,98.507,22.204,27.030
288.290,98.798,22.204,27.030
288.194,99.475,22.204,27.030
288.871,100.734,22.204,27.030
289.742,99.475,22.204,27.030
288.020,98.177,21.730,26.454
285.462,97.135,21.730,26.454
281.957,95.335,21.730,26.454
281.673,95.998,21.730,26.454
279.368,95.018,22.211,27.039
278.303,94.921,22.211,27.039
277.431,95.792,22.211,27.039
276.366,96.664,22.211,27.039
275.015,97.269,22.702,27.637
270.349,96.039,23.204,28.249
271.462,95.128,23.204,28.249
272.574,94.420,23.204,28.249
272.271,95.533,23.204,28.249
273.788,94.623,23.204,28.249
275.104,93.914,23.204,28.249
276.621,92.397,23.204,28.249
278.138,91.487,23.204,28.249
279.858,90.778,23.204,28.249
280.566,90.273,23.204,28.249
281.477,88.957,23.204,28.249
282.792,87.440,23.204,28.249
284.309,86.732,23.204,28.249
286.029,87.238,23.204,28.249
287.142,85.922,23.204,28.249
288.053,86.833,23.204,28.249
287.344,87.541,23.204,28.249
288.053,87.035,23.204,28.249
287.142,86.125,23.204,28.249
286.839,86.631,23.204,28.249
286.130,86.327,23.204,28.249
285.827,86.631,23.204,28.249
284.714,86.732,23.204,28.249
283.601,85.821,23.204,28.249
282.691,86.125,23.204,28.249
281.780,84.607,23.204,28.249
280.465,85.518,23.204,28.249
278.948,84.405,23.204,28.249
277.430,83.697,23.204,28.249
