118.000,57.000,82.000,98.000
118.354,55.230,82.000,98.000
118.000,53.460,82.000,98.000
117.646,54.522,82.000,98.000
118.000,53.460,82.000,98.000
117.646,53.814,82.000,98.000
118.708,54.876,82.000,98.000
119.062,53.814,82.000,98.000
118.000,54.168,82.000,98.000
119.062,53.106,82.000,98.000
118.000,52.752,82.000,98.000
119.062,54.522,82.000,98.000
118.000,53.460,82.000,98.000
119.062,53.814,82.000,98.000
118.000,54.168,82.000,98.000
117.646,53.106,82.000,98.000
118.000,53.460,82.000,98.000
116.230,52.398,82.000,98.000
116.584,52.752,82.000,98.000
116.938,52.398,82.000,98.000
116.584,51.336,82.000,98.000
115.522,51.690,82.000,98.000
115.168,52.044,82.000,98.000
113.398,50.274,82.000,98.000
113.752,52.044,82.000,98.000
113.398,50.982,82.000,98.000
113.044,53.460,82.000,98.000
112.690,51.690,82.000,98.000
113.044,53.460,82.000,98.000
111.982,53.106,82.000,98.000
113.044,53.460,82.000,98.000
110.566,53.106,82.000,98.000
110.212,52.752,82.000,98.000
109.381,52.774,80.251,95.910
109.727,53.813,80.251,95.910
107.995,52.774,80.251,95.910
106.263,54.506,80.251,95.910
106.609,52.774,80.251,95.910
106.956,54.506,80.251,95.910
105.224,54.159,80.251,95.910
106.956,55.199,80.251,95.910
105.224,54.159,80.251,95.910
104.877,55.199,80.251,95.910
103.145,54.852,80.251,95.910
102.799,55.891,80.251,95.910
103.145,54.852,80.251,95.910
100.720,55.891,80.251,95.910
101.759,54.159,80.251,95.910
100.027,53.120,80.251,95.910
100.374,54.159,80.251,95.910
101.413,53.813,80.251,95.910
103.145,54.159,80.251,95.910
103.492,52.427,80.251,95.910
104.531,53.466,80.251,95.910
104.877,53.120,80.251,95.910
103.838,52.081,80.251,95.910
106.263,53.120,80.251,95.910
104.531,50.695,80.251,95.910
105.570,52.427,80.251,95.910
105.224,49.309,80.251,95.910
105.570,51.734,80.251,95.910
107.302,52.081,80.251,95.910
109.727,51.734,80.251,95.910
112.845,52.774,80.251,95.910
115.963,51.734,80.251,95.910
117.695,50.695,80.251,95.910
120.813,51.041,80.251,95.910
121.160,48.616,80.251,95.910
120.813,47.577,80.251,95.910
123.931,48.616,80.251,95.910
122.892,47.577,80.251,95.910
125.317,50.002,80.251,95.910
125.663,50.349,80.251,95.910
126.702,50.002,80.251,95.910
126.356,51.734,80.251,95.910
126.010,50.002,80.251,95.910
124.970,51.041,80.251,95.910
125.317,51.388,80.251,95.910
124.277,49.656,80.251,95.910
123.238,50.695,80.251,95.910
122.199,49.656,80.251,95.910
121.852,50.002,80.251,95.910
122.892,48.963,80.251,95.910
119.081,48.616,80.251,95.910
120.120,48.963,80.251,95.910
118.388,47.924,80.251,95.910
119.427,49.656,80.251,95.910
119.081,47.231,80.251,95.910
118.735,50.349,80.251,95.910
121.160,52.081,80.251,95.910
118.735,52.427,80.251,95.910
120.467,52.081,80.251,95.910
118.735,51.734,80.251,95.910
120.467,53.466,80.251,95.910
119.427,51.734,80.251,95.910
119.774,52.774,80.251,95.910
120.120,52.427,80.251,95.910
117.695,52.774,80.251,95.910
120.120,52.427,80.251,95.910
117.695,53.466,80.251,95.910
120.120,52.427,80.251,95.910
118.388,52.774,80.251,95.910
120.120,51.041,80.251,95.910
119.081,52.774,80.251,95.910
120.813,51.734,80.251,95.910
122.545,52.774,80.251,95.910
122.892,51.734,80.251,95.910
123.238,52.081,80.251,95.910
124.277,51.041,80.251,95.910
122.545,52.774,80.251,95.910
123.585,52.427,80.251,95.910
123.238,52.081,80.251,95.910
123.585,51.041,80.251,95.910
123.931,52.774,80.251,95.910
122.199,51.734,80.251,95.910
123.238,52.774,80.251,95.910
122.199,51.041,80.251,95.910
121.852,51.388,80.251,95.910
123.585,50.349,80.251,95.910
120.467,50.695,80.251,95.910
120.813,50.349,80.251,95.910
121.160,50.695,80.251,95.910
120.120,51.734,80.251,95.910
120.467,51.388,80.251,95.910
120.813,50.349,80.251,95.910
121.160,50.695,80.251,95.910
119.427,50.349,80.251,95.910
121.160,50.002,80.251,95.910
119.427,51.041,80.251,95.910
119.774,50.002,80.251,95.910
120.120,51.734,80.251,95.910
119.081,50.002,80.251,95.910
120.120,52.427,80.251,95.910
119.774,50.002,80.251,95.910
121.506,50.349,80.251,95.910
119.774,47.924,80.251,95.910
121.506,49.656,80.251,95.910
119.774,47.924,80.251,95.910
121.506,49.656,80.251,95.910
119.774,47.231,80.251,95.910
121.506,48.270,80.251,95.910
120.467,47.231,80.251,95.910
121.506,47.577,80.251,95.910
120.467,47.924,80.251,95.910
121.506,48.270,80.251,95.910
121.160,46.538,80.251,95.910
120.813,48.270,80.251,95.910
122.545,46.538,80.251,95.910
120.120,48.270,80.251,95.910
121.160,47.231,80.251,95.910
118.735,47.577,80.251,95.910
121.928,47.598,78.540,93.865
120.232,48.615,78.540,93.865
119.215,47.598,78.540,93.865
120.910,49.293,78.540,93.865
119.215,48.954,78.540,93.865
120.910,47.937,78.540,93.865
118.537,48.954,78.540,93.865
121.662,48.975,76.865,91.863
118.676,48.643,76.865,91.863
120.335,48.311,76.865,91.863
118.012,49.970,76.865,91.863
120.335,48.311,76.865,91.863
118.012,49.970,76.865,91.863
120.335,48.311,76.865,91.863
118.012,49.970,76.865,91.863
120.999,48.311,76.865,91.863
118.676,50.634,76.865,91.863
120.335,48.311,76.865,91.863
118.012,50.634,76.865,91.863
121.710,48.095,75.226,89.904
119.437,51.018,75.226,89.904
121.710,50.693,75.226,89.904
119.193,50.709,76.890,91.893
121.517,51.041,76.890,91.893
120.521,52.037,76.890,91.893
122.845,51.705,76.890,91.893
120.521,52.037,76.890,91.893
123.508,54.360,76.890,91.893
121.185,52.037,76.890,91.893
122.845,54.360,76.890,91.893
119.857,51.373,76.890,91.893
121.517,53.697,76.890,91.893
123.176,53.365,76.890,91.893
121.517,53.033,76.890,91.893
123.840,54.692,76.890,91.893
121.517,53.697,76.890,91.893
123.840,54.692,76.890,91.893
121.517,54.360,76.890,91.893
123.840,55.356,76.890,91.893
121.517,55.024,76.890,91.893
123.840,56.684,76.890,91.893
120.853,55.688,76.890,91.893
122.513,56.684,76.890,91.893
122.845,55.688,76.890,91.893
121.185,55.356,76.890,91.893
122.845,55.688,76.890,91.893
121.185,54.692,76.890,91.893
122.845,55.688,76.890,91.893
121.185,54.692,76.890,91.893
123.508,56.352,76.890,91.893
122.513,54.692,76.890,91.893
123.508,55.688,76.890,91.893
121.849,54.692,76.890,91.893
121.517,55.688,76.890,91.893
121.849,55.356,76.890,91.893
119.525,54.360,76.890,91.893
121.185,55.356,76.890,91.893
118.861,53.697,76.890,91.893
120.521,55.356,76.890,91.893
121.392,53.307,78.591,93.926
119.696,52.289,78.591,93.926
122.749,53.307,78.591,93.926
123.767,52.967,78.591,93.926
125.464,53.307,78.591,93.926
125.803,52.967,78.591,93.926
127.499,53.307,78.591,93.926
127.160,53.646,78.591,93.926
129.535,53.307,78.591,93.926
127.160,53.646,78.591,93.926
129.535,53.307,78.591,93.926
127.160,53.646,78.591,93.926
129.535,53.307,78.591,93.926
127.160,53.646,78.591,93.926
129.535,53.307,78.591,93.926
127.160,53.646,78.591,93.926
128.856,52.628,78.591,93.926
127.838,52.289,78.591,93.926
128.178,53.985,78.591,93.926
128.517,52.289,78.591,93.926
126.821,53.307,78.591,93.926
127.838,52.289,78.591,93.926
126.142,51.949,78.591,93.926
127.838,52.289,78.591,93.926
124.785,51.271,78.591,93.926
126.481,52.289,78.591,93.926
124.785,50.592,78.591,93.926
125.803,50.253,78.591,93.926
124.106,50.592,78.591,93.926
125.803,49.575,78.591,93.926
125.464,48.557,78.591,93.926
123.767,49.575,78.591,93.926
124.785,48.557,78.591,93.926
123.089,48.218,78.591,93.926
122.749,48.557,78.591,93.926
121.732,46.860,78.591,93.926
120.035,47.878,78.591,93.926
120.375,48.896,78.591,93.926
118.000,47.200,78.591,93.926
119.017,49.575,78.591,93.926
117.321,47.878,78.591,93.926
115.625,49.575,78.591,93.926
115.964,47.878,78.591,93.926
115.625,48.218,78.591,93.926
114.607,49.235,78.591,93.926
114.268,48.218,78.591,93.926
113.250,48.557,78.591,93.926
113.589,46.860,78.591,93.926
112.571,47.200,78.591,93.926
113.589,46.182,78.591,93.926
111.893,47.200,78.591,93.926
114.268,44.825,78.591,93.926
112.571,46.521,78.591,93.926
114.946,44.146,78.591,93.926
113.250,47.878,78.591,93.926
114.946,44.146,78.591,93.926
113.250,47.200,78.591,93.926
114.268,44.825,78.591,93.926
111.893,47.878,78.591,93.926
113.589,46.182,78.591,93.926
111.893,49.235,78.591,93.926
113.589,48.218,78.591,93.926
111.893,49.235,78.591,93.926
114.268,48.218,78.591,93.926
112.571,49.914,78.591,93.926
114.946,48.218,78.591,93.926
116.643,49.914,78.591,93.926
116.303,48.218,78.591,93.926
117.321,48.557,78.591,93.926
118.339,48.896,78.591,93.926
119.357,48.557,78.591,93.926
119.696,48.896,78.591,93.926
120.714,49.914,78.591,93.926
119.017,49.575,78.591,93.926
120.714,49.914,78.591,93.926
119.696,49.575,78.591,93.926
120.714,49.914,78.591,93.926
121.053,50.253,78.591,93.926
122.071,51.271,78.591,93.926
121.732,51.610,78.591,93.926
122.749,51.271,78.591,93.926
122.410,52.289,78.591,93.926
123.428,52.628,78.591,93.926
123.767,51.610,78.591,93.926
122.749,52.628,78.591,93.926
123.089,52.967,78.591,93.926
122.071,53.307,78.591,93.926
120.374,53.646,78.591,93.926
118.000,53.307,78.591,93.926
118.339,55.003,78.591,93.926
114.607,56.021,78.591,93.926
114.946,54.324,78.591,93.926
113.928,55.342,78.591,93.926
114.268,54.324,78.591,93.926
112.571,54.664,78.591,93.926
114.268,53.646,78.591,93.926
113.250,53.307,78.591,93.926
114.268,54.324,78.591,93.926
113.250,53.307,78.591,93.926
113.589,54.324,78.591,93.926
112.571,54.664,78.591,93.926
111.554,54.324,78.591,93.926
109.857,55.342,78.591,93.926
109.518,55.003,78.591,93.926
107.143,55.342,78.591,93.926
106.804,54.324,78.591,93.926
105.107,56.699,78.591,93.926
103.411,55.003,78.591,93.926
101.715,56.699,78.591,93.926
100.697,55.003,78.591,93.926
100.358,56.699,78.591,93.926
97.304,54.324,78.591,93.926
96.287,56.699,78.591,93.926
93.912,54.324,78.591,93.926
92.894,56.699,78.591,93.926
91.198,54.324,78.591,93.926
89.976,55.749,80.330,96.005
86.855,54.015,80.330,96.005
88.589,57.136,80.330,96.005
85.902,54.275,82.108,98.129
84.626,55.764,83.924,100.300
85.576,55.030,85.781,102.519
85.206,53.919,85.781,102.519
86.317,55.030,85.781,102.519
84.466,55.401,85.781,102.519
83.355,53.549,85.781,102.519
83.558,55.104,87.679,104.787
80.909,53.212,87.679,104.787
80.332,54.016,89.619,107.105
77.623,51.308,89.619,107.105
78.010,54.016,89.619,107.105
75.302,51.308,89.619,107.105
74.915,54.016,89.619,107.105
72.981,51.308,89.619,107.105
77.237,54.016,89.619,107.105
73.755,50.534,89.619,107.105
73.368,52.469,89.619,107.105
71.434,48.987,89.619,107.105
75.689,52.469,89.619,107.105
74.780,50.255,87.708,104.821
77.431,52.905,87.708,104.821
77.809,51.769,87.708,104.821
78.945,52.905,87.708,104.821
80.081,51.012,87.708,104.821
79.702,52.905,87.708,104.821
80.081,51.012,87.708,104.821
80.460,52.148,87.708,104.821
80.668,52.167,89.648,107.141
79.507,49.458,89.648,107.141
80.668,50.619,89.648,107.141
80.281,50.232,89.648,107.141
81.442,50.619,89.648,107.141
84.151,50.232,89.648,107.141
84.734,47.271,87.736,104.856
87.385,49.165,87.736,104.856
91.551,46.513,87.736,104.856
96.502,47.996,85.865,102.620
100.579,48.367,85.865,102.620
103.174,48.738,85.865,102.620
106.510,46.884,85.865,102.620
109.021,48.441,87.765,104.890
107.127,45.789,87.765,104.890
109.021,46.926,87.765,104.890
109.400,49.578,87.765,104.890
110.537,52.230,87.765,104.890
112.431,54.124,87.765,104.890
112.810,49.957,87.765,104.890
115.462,52.609,87.765,104.890
118.029,54.986,89.707,107.211
122.289,49.952,89.707,107.211
124.999,52.663,89.707,107.211
126.819,55.093,91.692,109.583
126.424,50.739,91.692,109.583
127.611,53.509,91.692,109.583
124.840,48.364,91.692,109.583
121.278,52.718,91.692,109.583
117.716,46.780,91.692,109.583
113.362,49.551,91.692,109.583
109.799,52.322,91.692,109.583
106.580,48.531,89.736,107.246
101.936,47.060,87.823,104.959
97.766,50.473,87.823,104.959
92.079,50.852,87.823,104.959
84.876,45.923,87.823,104.959
81.464,47.060,87.823,104.959
76.536,45.165,87.823,104.959
73.882,43.269,87.823,104.959
73.503,45.165,87.823,104.959
72.365,45.544,87.823,104.959
74.261,46.681,87.823,104.959
70.091,44.028,87.823,104.959
71.228,46.681,87.823,104.959
69.607,46.704,85.950,102.721
69.235,44.107,85.950,102.721
70.349,46.704,85.950,102.721
68.046,43.866,84.117,100.530
70.588,47.860,84.117,100.530
69.035,45.082,82.323,98.386
72.311,49.899,80.568,96.288
70.823,47.238,78.850,94.235
73.960,51.196,77.168,92.225
73.820,49.931,75.522,90.258
75.450,49.605,75.522,90.258
75.313,52.139,73.912,88.334
77.023,52.773,72.336,86.450
76.892,54.598,70.793,84.606
77.352,54.616,69.283,82.802
77.803,56.941,67.806,81.036
78.243,56.958,66.360,79.308
80.249,56.672,66.360,79.308
80.128,57.241,64.945,77.617
79.287,57.522,64.945,77.617
80.128,58.363,64.945,77.617
78.726,56.961,64.945,77.617
76.987,55.897,63.560,75.962
75.615,57.818,63.560,75.962
73.694,58.092,63.560,75.962
74.517,60.013,63.560,75.962
71.499,59.738,63.560,75.962
73.968,58.915,63.560,75.962
76.987,60.287,63.560,75.962
80.005,59.464,63.560,75.962
81.377,60.836,63.560,75.962
81.790,59.266,62.204,74.342
83.133,61.682,62.204,74.342
81.790,59.803,62.204,74.342
83.133,61.145,62.204,74.342
81.790,61.414,62.204,74.342
81.521,60.071,62.204,74.342
81.790,61.414,62.204,74.342
80.447,60.608,62.204,74.342
79.642,60.877,62.204,74.342
77.762,61.145,62.204,74.342
74.808,62.488,62.204,74.342
71.854,61.682,62.204,74.342
72.123,63.025,62.204,74.342
72.929,62.757,62.204,74.342
70.512,61.951,62.204,74.342
72.929,62.757,62.204,74.342
73.734,61.414,62.204,74.342
74.540,61.145,62.204,74.342
75.345,61.951,62.204,74.342
76.688,61.145,62.204,74.342
75.539,61.162,60.878,72.756
77.905,60.899,60.878,72.756
79.219,61.687,60.878,72.756
78.430,60.899,60.878,72.756
80.346,62.435,59.580,71.205
79.742,60.963,58.309,69.686
82.007,63.228,58.309,69.686
81.252,61.969,58.309,69.686
82.510,64.235,58.309,69.686
83.266,62.976,58.309,69.686
84.524,64.738,58.309,69.686
84.272,63.480,58.309,69.686
85.531,64.235,58.309,69.686
84.776,62.976,58.309,69.686
86.538,64.738,58.309,69.686
85.783,63.480,58.309,69.686
86.538,63.228,58.309,69.686
86.432,64.699,57.066,68.200
87.663,65.438,57.066,68.200
87.085,64.978,55.849,66.746
87.808,67.148,55.849,66.746
87.242,66.698,54.658,65.323
88.052,70.351,53.492,63.930
89.290,70.810,52.351,62.566
90.066,73.437,51.235,61.232
89.120,72.171,50.142,59.926
89.769,74.552,50.142,59.926
89.553,73.037,50.142,59.926
90.202,74.552,50.142,59.926
88.442,73.314,49.073,58.648
90.394,75.368,48.027,57.398
90.707,75.381,47.002,56.174
89.839,75.002,46.000,54.976
92.420,77.981,46.000,54.976
91.030,76.591,46.000,54.976
92.420,77.981,46.000,54.976
91.427,76.988,46.000,54.976
93.215,78.775,46.000,54.976
91.600,76.873,45.019,53.803
93.349,78.622,45.019,53.803
92.377,76.873,45.019,53.803
93.794,79.132,44.059,52.656
91.702,77.040,44.059,52.656
90.751,75.709,44.059,52.656
91.037,74.621,43.119,51.533
89.734,75.924,43.119,51.533
89.920,74.248,43.119,51.533
88.617,72.945,43.119,51.533
87.314,71.642,43.119,51.533
88.245,72.201,43.119,51.533
86.197,69.409,43.119,51.533
85.267,67.733,43.119,51.533
86.942,68.664,43.119,51.533
85.267,66.989,43.119,51.533
86.528,67.771,44.073,52.673
87.479,66.439,44.073,52.673
89.952,67.390,44.073,52.673
92.806,67.961,44.073,52.673
95.660,69.673,44.073,52.673
98.514,71.005,44.073,52.673
100.607,72.717,44.073,52.673
98.514,69.483,44.073,52.673
101.368,71.195,44.073,52.673
103.446,72.389,45.049,53.839
105.989,70.901,44.088,52.690
108.082,73.375,44.088,52.690
110.176,72.804,44.088,52.690
111.889,74.137,44.088,52.690
112.459,73.566,44.088,52.690
114.172,73.756,44.088,52.690
115.885,74.708,44.088,52.690
116.076,73.756,44.088,52.690
117.788,75.088,44.088,52.690
118.359,76.040,44.088,52.690
120.072,76.230,44.088,52.690
121.785,76.801,44.088,52.690
123.469,76.811,45.063,53.856
124.384,77.224,46.060,55.048
126.143,77.234,47.079,56.266
126.677,76.401,48.121,57.511
128.515,76.842,49.186,58.783
130.851,76.205,49.186,58.783
132.337,77.691,49.186,58.783
131.573,75.499,50.274,60.084
130.791,74.159,51.386,61.413
133.675,74.381,51.386,61.413
135.228,75.046,51.386,61.413
132.588,75.057,52.523,62.772
130.360,75.539,53.685,64.161
131.983,73.453,53.685,64.161
128.744,74.907,54.873,65.580
127.086,72.776,54.873,65.580
122.792,74.753,56.087,67.031
119.409,73.761,57.328,68.514
119.031,74.287,58.597,70.030
118.645,74.824,59.893,71.579
117.715,73.764,61.218,73.163
119.565,75.614,61.218,73.163
120.258,73.982,62.573,74.782
120.407,75.677,63.957,76.436
121.787,73.744,63.957,76.436
120.959,76.781,63.957,76.436
122.892,78.162,63.957,76.436
124.824,76.781,63.957,76.436
125.652,78.162,63.957,76.436
126.481,78.990,63.957,76.436
128.351,76.712,65.372,78.128
129.762,78.688,65.372,78.128
128.746,79.873,66.818,79.856
128.458,81.315,66.818,79.856
127.593,82.757,66.818,79.856
127.304,83.046,66.818,79.856
127.593,85.065,66.818,79.856
127.304,84.199,66.818,79.856
128.169,87.372,66.818,79.856
129.612,87.084,66.818,79.856
131.631,89.103,66.818,79.856
131.919,88.238,66.818,79.856
133.361,90.834,66.818,79.856
134.227,92.853,66.818,79.856
135.669,97.179,66.818,79.856
135.957,95.737,66.818,79.856
133.361,92.564,66.818,79.856
131.919,91.699,66.818,79.856
131.054,89.680,66.818,79.856
129.612,88.238,66.818,79.856
128.169,87.949,66.818,79.856
127.881,86.507,66.818,79.856
128.746,85.642,66.818,79.856
125.912,82.663,68.297,81.623
127.298,80.231,69.808,83.429
127.464,81.497,71.352,85.275
128.388,79.341,71.352,85.275
126.000,75.521,72.931,87.161
125.056,75.206,72.931,87.161
125.371,74.891,72.931,87.161
125.056,73.317,72.931,87.161
125.371,75.521,72.931,87.161
126.315,72.688,72.931,87.161
127.795,71.397,74.545,89.090
124.899,73.649,74.545,89.090
127.079,69.659,76.194,91.061
127.408,69.330,76.194,91.061
125.105,72.290,76.194,91.061
127.408,73.935,76.194,91.061
125.105,70.975,76.194,91.061
128.066,73.935,76.194,91.061
125.105,70.975,76.194,91.061
126.750,73.277,76.194,91.061
125.105,71.632,76.194,91.061
124.777,73.277,76.194,91.061
126.421,74.264,76.194,91.061
123.461,73.935,76.194,91.061
125.763,72.290,76.194,91.061
122.803,74.593,76.194,91.061
125.763,70.975,76.194,91.061
123.461,69.330,76.194,91.061
125.105,71.632,76.194,91.061
123.461,68.014,76.194,91.061
125.105,69.001,76.194,91.061
124.119,66.041,76.194,91.061
126.347,66.740,77.880,93.076
123.321,67.748,77.880,93.076
127.019,65.395,77.880,93.076
130.045,68.421,77.880,93.076
129.709,67.412,77.880,93.076
128.028,66.404,77.880,93.076
129.037,68.757,77.880,93.076
128.028,66.404,77.880,93.076
127.692,69.429,77.880,93.076
128.028,70.438,77.880,93.076
129.037,68.085,77.880,93.076
128.028,69.766,77.880,93.076
129.709,66.740,77.880,93.076
131.390,67.076,77.880,93.076
132.399,69.429,77.880,93.076
134.079,70.438,77.880,93.076
135.760,68.757,77.880,93.076
136.097,69.766,77.880,93.076
132.399,71.446,77.880,93.076
131.390,69.093,77.880,93.076
130.381,67.412,77.880,93.076
130.718,70.438,77.880,93.076
130.381,68.757,77.880,93.076
128.028,67.076,77.880,93.076
129.709,65.395,77.880,93.076
125.011,64.017,79.603,95.135
126.042,63.673,79.603,95.135
122.949,65.391,79.603,95.135
122.605,62.298,79.603,95.135
122.262,66.078,79.603,95.135
120.543,63.673,79.603,95.135
120.200,61.955,79.603,95.135
119.856,65.735,79.603,95.135
121.574,61.955,79.603,95.135
118.911,64.111,81.364,97.240
117.155,58.842,81.364,97.240
120.392,62.249,79.629,95.166
118.674,62.593,79.629,95.166
120.392,64.312,79.629,95.166
118.674,61.218,79.629,95.166
120.392,63.624,79.629,95.166
120.581,64.354,81.391,97.272
121.635,65.408,81.391,97.272
121.987,65.760,81.391,97.272
121.635,66.814,81.391,97.272
123.392,67.165,81.391,97.272
122.338,67.517,81.391,97.272
123.392,68.571,81.391,97.272
122.338,68.922,81.391,97.272
121.987,65.760,81.391,97.272
121.839,68.490,79.655,95.197
123.558,69.522,79.655,95.197
121.839,67.115,79.655,95.197
122.182,69.522,79.655,95.197
120.463,66.427,79.655,95.197
121.495,67.459,79.655,95.197
122.526,67.803,79.655,95.197
120.807,66.083,79.655,95.197
121.151,67.115,79.655,95.197
122.182,65.396,79.655,95.197
119.775,66.427,79.655,95.197
122.182,62.645,79.655,95.197
120.463,63.676,79.655,95.197
120.807,64.020,79.655,95.197
121.151,65.052,79.655,95.197
121.669,64.410,77.956,93.167
122.678,65.419,77.956,93.167
120.996,65.756,77.956,93.167
122.678,62.727,77.956,93.167
120.996,64.410,77.956,93.167
122.678,62.054,77.956,93.167
121.669,63.064,77.956,93.167
122.678,62.727,77.956,93.167
123.015,63.064,77.956,93.167
124.697,63.400,77.956,93.167
120.693,62.719,79.681,95.229
123.101,60.311,79.681,95.229
122.069,61.343,79.681,95.229
123.789,61.687,79.681,95.229
121.381,59.967,79.681,95.229
122.413,61.687,79.681,95.229
121.381,62.031,79.681,95.229
120.349,60.311,79.681,95.229
120.005,61.343,79.681,95.229
123.101,60.311,79.681,95.229
119.721,61.042,81.444,97.336
120.776,59.284,81.444,97.336
119.721,59.635,81.444,97.336
120.073,57.877,81.444,97.336
119.721,58.932,81.444,97.336
120.644,58.220,83.246,99.489
118.128,58.579,83.246,99.489
119.925,58.220,83.246,99.489
117.886,57.492,85.088,101.690
118.988,57.860,85.088,101.690
117.886,58.962,85.088,101.690
119.722,59.329,85.088,101.690
118.859,58.643,83.273,99.522
120.657,57.565,83.273,99.522
119.119,59.665,81.497,97.399
120.175,58.610,81.497,97.399
119.119,58.962,81.497,97.399
120.043,58.249,83.301,99.554
118.964,57.170,83.301,99.554
117.885,58.249,83.301,99.554
119.683,57.889,83.301,99.554
118.604,58.968,83.301,99.554
120.402,58.609,83.301,99.554
118.604,60.407,83.301,99.554
120.402,59.328,83.301,99.554
117.885,59.687,83.301,99.554
120.402,59.328,83.301,99.554
120.043,59.687,83.301,99.554
121.278,60.402,81.524,97.431
120.926,60.050,81.524,97.431
121.278,60.402,81.524,97.431
119.518,60.754,81.524,97.431
119.166,61.106,81.524,97.431
119.518,62.162,81.524,97.431
118.462,62.514,81.524,97.431
118.814,59.347,81.524,97.431
117.054,61.810,81.524,97.431
119.518,62.866,81.524,97.431
117.521,62.153,83.328,99.587
117.880,62.513,83.328,99.587
117.521,59.995,83.328,99.587
117.161,62.513,83.328,99.587
118.960,59.995,83.328,99.587
117.880,61.793,83.328,99.587
118.960,59.995,83.328,99.587
119.319,61.074,83.328,99.587
118.960,62.873,83.328,99.587
117.880,61.074,83.328,99.587
118.960,63.592,83.328,99.587
117.880,60.355,83.328,99.587
118.960,62.153,83.328,99.587
117.880,63.232,83.328,99.587
118.240,59.995,83.328,99.587
119.319,62.513,83.328,99.587
117.521,59.275,83.328,99.587
118.600,61.793,83.328,99.587
117.521,58.556,83.328,99.587
120.039,61.074,83.328,99.587
118.240,58.556,83.328,99.587
121.478,61.074,83.328,99.587
118.960,57.117,83.328,99.587
121.478,61.074,83.328,99.587
119.679,57.117,83.328,99.587
120.758,62.513,83.328,99.587
120.398,59.995,83.328,99.587
120.039,64.671,83.328,99.587
120.398,62.873,83.328,99.587
120.039,65.391,83.328,99.587
120.398,64.311,83.328,99.587
120.039,68.268,83.328,99.587
119.679,67.189,83.328,99.587
118.600,66.829,83.328,99.587
119.679,68.628,83.328,99.587
119.319,67.549,83.328,99.587
120.398,67.189,83.328,99.587
118.600,68.268,83.328,99.587
120.398,67.909,83.328,99.587
118.600,67.549,83.328,99.587
120.398,68.628,83.328,99.587
119.319,67.549,83.328,99.587
121.118,70.786,83.328,99.587
120.039,68.268,83.328,99.587
119.679,66.470,83.328,99.587
119.319,67.549,83.328,99.587
121.118,70.067,83.328,99.587
119.319,68.268,83.328,99.587
119.679,66.470,83.328,99.587
118.600,70.427,83.328,99.587
117.521,67.909,83.328,99.587
117.880,67.549,83.328,99.587
118.240,69.347,83.328,99.587
117.161,68.268,83.328,99.587
116.801,67.189,83.328,99.587
117.161,72.585,83.328,99.587
116.801,69.347,83.328,99.587
115.722,67.549,83.328,99.587
117.521,72.225,83.328,99.587
115.003,69.707,83.328,99.587
117.521,71.506,83.328,99.587
115.003,69.707,83.328,99.587
117.521,71.506,83.328,99.587
115.003,70.427,83.328,99.587
116.801,69.347,83.328,99.587
115.003,68.988,83.328,99.587
117.521,72.945,83.328,99.587
114.283,71.146,83.328,99.587
116.801,70.786,83.328,99.587
115.003,74.024,83.328,99.587
115.545,72.659,81.551,97.463
116.601,74.419,81.551,97.463
114.840,71.954,81.551,97.463
116.601,75.827,81.551,97.463
114.840,73.363,81.551,97.463
