298.000,160.000,48.000,80.000
299.750,162.750,48.000,80.000
300.000,165.500,48.000,80.000
301.750,168.750,48.000,80.000
302.500,172.000,48.000,80.000
304.250,175.749,48.000,80.000
307.000,178.999,48.000,80.000
310.750,181.249,48.000,80.000
313.999,181.999,48.000,80.000
317.249,182.749,48.000,80.000
319.499,181.499,48.000,80.000
318.249,182.749,48.000,80.000
321.499,180.999,48.000,80.000
318.749,182.249,48.000,80.000
316.999,183.999,48.000,80.000
316.249,184.749,48.000,80.000
314.999,184.999,48.000,80.000
315.749,185.749,48.000,80.000
314.999,184.499,48.000,80.000
314.250,185.249,48.000,80.000
312.500,184.999,48.000,80.000
310.250,185.249,48.000,80.000
306.500,184.499,48.000,80.000
301.250,187.749,48.000,80.000
295.500,190.499,48.000,80.000
292.750,194.249,48.000,80.000
296.000,196.999,48.000,80.000
302.750,194.749,48.000,80.000
313.500,190.999,48.000,80.000
321.481,192.093,46.976,78.294
329.764,195.050,45.975,76.624
332.877,220.671,45.975,76.624
337.426,226.657,45.975,76.624
346.917,234.167,44.994,74.990
350.432,238.150,44.994,74.990
347.386,241.665,44.994,74.990
339.184,229.714,44.994,74.990
330.513,227.605,44.994,74.990
326.250,229.986,44.035,73.391
318.099,229.663,43.096,71.826
301.265,226.296,43.096,71.826
284.880,222.481,43.096,71.826
268.944,217.318,43.096,71.826
259.293,211.707,43.096,71.826
249.193,214.176,43.096,71.826
244.030,210.809,43.096,71.826
242.010,205.647,43.096,71.826
248.070,199.138,43.096,71.826
258.619,194.425,43.096,71.826
269.617,192.853,43.096,71.826
286.302,195.134,42.177,70.294
298.397,198.212,41.277,68.795
311.080,200.147,41.277,68.795
327.890,196.943,40.397,67.328
338.620,195.891,40.397,67.328
348.929,196.102,40.397,67.328
358.397,197.995,40.397,67.328
368.286,199.468,40.397,67.328
376.491,201.782,40.397,67.328
391.008,205.359,40.397,67.328
405.105,212.302,40.397,67.328
412.298,216.578,41.291,68.818
407.352,221.954,41.291,68.818
404.440,225.878,42.204,70.340
402.023,232.253,42.204,70.340
404.440,238.187,42.204,70.340
411.694,239.726,42.204,70.340
400.053,240.544,43.138,71.897
383.203,238.073,43.138,71.897
373.542,229.760,43.138,71.897
356.515,227.333,44.092,73.487
342.507,226.185,44.092,73.487
332.250,222.275,45.068,75.113
324.035,212.651,45.068,75.113
313.942,211.008,45.068,75.113
309.219,193.936,44.107,73.512
298.483,195.268,45.083,75.138
288.971,197.603,46.080,76.800
282.971,199.283,46.080,76.800
278.411,197.123,46.080,76.800
275.291,197.363,46.080,76.800
271.047,192.779,47.100,78.500
266.877,192.534,47.100,78.500
263.688,191.798,47.100,78.500
261.480,193.024,47.100,78.500
258.782,191.798,47.100,78.500
255.970,189.148,48.142,80.236
254.716,188.897,48.142,80.236
254.967,187.142,48.142,80.236
253.212,186.891,48.142,80.236
249.818,182.622,49.207,82.012
247.511,181.853,49.207,82.012
245.717,181.084,49.207,82.012
246.503,177.784,50.296,83.826
248.336,176.998,50.296,83.826
246.503,178.308,50.296,83.826
245.193,176.998,50.296,83.826
247.550,177.784,50.296,83.826
248.860,178.046,50.296,83.826
247.550,178.832,50.296,83.826
249.908,178.046,50.296,83.826
248.074,178.832,50.296,83.826
250.432,179.094,50.296,83.826
247.550,178.832,50.296,83.826
249.908,178.570,50.296,83.826
247.026,179.356,50.296,83.826
249.908,179.094,50.296,83.826
246.503,179.880,50.296,83.826
245.717,180.665,50.296,83.826
245.979,181.975,50.296,83.826
248.860,181.189,50.296,83.826
252.265,180.403,50.296,83.826
256.719,183.285,50.296,83.826
262.743,184.595,50.296,83.826
267.196,183.285,50.296,83.826
270.602,181.451,50.296,83.826
273.483,181.189,50.296,83.826
276.365,178.832,50.296,83.826
278.198,178.570,50.296,83.826
280.032,177.784,50.296,83.826
279.246,178.046,50.296,83.826
282.651,176.736,50.296,83.826
281.866,174.379,50.296,83.826
282.125,169.375,51.408,85.681
284.534,166.965,51.408,85.681
282.125,166.697,51.408,85.681
283.463,164.823,51.408,85.681
280.394,160.820,52.546,87.576
278.394,155.592,53.708,89.514
280.352,151.396,53.708,89.514
277.275,147.760,53.708,89.514
274.757,144.683,53.708,89.514
277.834,141.046,53.708,89.514
275.876,141.326,53.708,89.514
279.512,138.249,53.708,89.514
275.876,138.529,53.708,89.514
279.512,136.571,53.708,89.514
281.470,138.529,53.708,89.514
283.488,134.927,54.897,91.495
282.630,136.356,54.897,91.495
285.775,136.070,54.897,91.495
284.918,136.928,54.897,91.495
284.060,135.498,54.897,91.495
285.490,136.928,54.897,91.495
281.773,134.927,54.897,91.495
279.200,135.784,54.897,91.495
276.055,136.070,54.897,91.495
273.481,138.072,54.897,91.495
271.480,137.786,54.897,91.495
270.622,139.787,54.897,91.495
269.764,141.789,54.897,91.495
267.674,142.853,56.111,93.519
266.213,146.067,56.111,93.519
264.167,149.866,56.111,93.519
263.875,153.081,56.111,93.519
262.998,156.296,56.111,93.519
266.213,159.510,56.111,93.519
270.012,162.725,56.111,93.519
273.811,166.524,56.111,93.519
278.779,170.908,56.111,93.519
284.332,175.291,56.111,93.519
291.638,180.844,56.111,93.519
298.944,187.565,56.111,93.519
310.341,190.780,56.111,93.519
317.647,196.332,56.111,93.519
324.953,201.885,56.111,93.519
338.103,200.424,56.111,93.519
351.839,196.624,56.111,93.519
356.807,191.072,56.111,93.519
361.630,182.211,54.915,91.525
362.488,171.628,54.915,91.525
357.626,161.046,54.915,91.525
348.188,150.464,54.915,91.525
334.745,144.458,54.915,91.525
320.731,139.596,54.915,91.525
306.717,139.310,54.915,91.525
292.131,143.028,54.915,91.525
276.983,148.840,56.130,93.550
263.828,161.995,56.130,93.550
258.859,174.565,56.130,93.550
255.058,186.551,56.130,93.550
255.351,196.783,56.130,93.550
258.673,211.823,57.372,95.619
263.155,221.683,57.372,95.619
271.820,224.970,57.372,95.619
277.075,222.982,58.641,97.735
281.046,219.622,58.641,97.735
286.848,218.095,58.641,97.735
304.868,203.130,58.641,97.735
318.611,205.879,58.641,97.735
332.355,224.509,58.641,97.735
352.207,225.425,58.641,97.735
359.842,219.622,58.641,97.735
363.202,212.598,58.641,97.735
358.620,203.130,58.641,97.735
351.596,193.052,58.641,97.735
337.852,187.249,58.641,97.735
324.720,182.668,58.641,97.735
315.863,180.530,58.641,97.735
303.952,176.559,58.641,97.735
292.041,173.811,58.641,97.735
278.908,169.840,58.641,97.735
265.164,166.481,58.641,97.735
251.421,168.619,58.641,97.735
238.288,168.924,58.641,97.735
230.042,167.397,58.641,97.735
223.628,169.535,58.641,97.735
216.604,169.840,58.641,97.735
211.412,168.924,58.641,97.735
206.831,171.062,58.641,97.735
203.471,172.589,58.641,97.735
205.609,174.727,58.641,97.735
208.968,176.865,58.641,97.735
215.382,180.224,58.641,97.735
223.628,190.303,58.641,97.735
238.678,195.172,57.390,95.651
254.519,197.264,57.390,95.651
274.546,200.552,57.390,95.651
287.996,200.253,57.390,95.651
297.595,198.265,58.660,97.767
304.011,197.959,58.660,97.767
311.037,193.987,58.660,97.767
314.398,183.295,58.660,97.767
311.648,179.323,58.660,97.767
307.677,182.073,58.660,97.767
301.872,183.600,58.660,97.767
295.201,177.764,59.958,99.930
289.267,174.329,59.958,99.930
283.959,172.768,59.958,99.930
279.275,174.954,59.958,99.930
275.840,175.890,59.958,99.930
278.026,175.578,59.958,99.930
280.212,178.389,59.958,99.930
284.896,181.199,59.958,99.930
290.829,180.887,59.958,99.930
297.387,182.448,59.958,99.930
302.071,180.887,59.958,99.930
306.755,178.076,59.958,99.930
309.565,172.768,59.958,99.930
313.625,159.340,59.958,99.930
316.973,152.881,58.679,97.799
315.445,145.852,58.679,97.799
313.917,140.656,58.679,97.799
315.445,137.295,58.679,97.799
315.776,140.399,57.428,95.713
317.870,141.895,57.428,95.713
317.570,146.381,57.428,95.713
317.271,153.260,57.428,95.713
317.019,166.101,56.203,93.672
313.799,176.346,56.203,93.672
310.579,186.591,56.203,93.672
307.359,199.178,56.203,93.672
305.896,205.910,56.203,93.672
306.774,211.472,56.203,93.672
302.204,221.065,57.447,95.745
308.708,224.041,58.718,97.863
313.295,234.744,58.718,97.863
319.717,255.234,58.718,97.863
319.459,313.756,57.466,95.776
322.091,316.796,56.240,93.734
322.384,317.675,56.240,93.734
321.505,319.139,56.240,93.734
321.212,320.018,56.240,93.734
320.334,320.311,56.240,93.734
320.627,316.503,56.240,93.734
320.334,317.968,56.240,93.734
320.015,317.235,57.485,95.808
319.069,315.243,58.756,97.927
318.101,315.112,60.056,100.094
317.789,315.425,60.056,100.094
318.727,313.861,60.056,100.094
317.789,315.425,60.056,100.094
318.727,313.235,60.056,100.094
318.463,316.413,58.776,97.960
319.993,315.495,58.776,97.960
320.300,317.025,58.776,97.960
320.041,318.955,57.522,95.870
320.341,316.259,57.522,95.870
320.640,318.356,57.522,95.870
320.341,319.254,57.522,95.870
320.640,316.558,57.522,95.870
320.940,318.655,57.522,95.870
319.442,315.959,57.522,95.870
319.742,316.259,57.522,95.870
319.442,316.558,57.522,95.870
320.341,316.858,57.522,95.870
320.640,315.360,57.522,95.870
322.120,317.248,56.296,93.826
322.413,316.955,56.296,93.826
322.706,319.008,56.296,93.826
322.413,318.128,56.296,93.826
