125.000,162.000,74.000,55.000
123.227,160.734,74.000,55.000
125.000,162.000,74.000,55.000
123.227,160.734,74.000,55.000
125.000,162.000,74.000,55.000
123.227,160.734,74.000,55.000
125.000,162.000,74.000,55.000
122.721,160.227,74.000,55.000
124.494,161.493,74.000,55.000
124.240,161.240,74.000,55.000
123.987,160.987,74.000,55.000
123.734,162.253,74.000,55.000
122.974,160.480,74.000,55.000
124.747,161.747,74.000,55.000
122.974,160.987,74.000,55.000
124.747,162.253,74.000,55.000
122.468,160.480,74.000,55.000
125.253,161.240,74.000,55.000
123.481,160.480,74.000,55.000
125.253,161.747,74.000,55.000
123.481,160.987,74.000,55.000
125.253,162.253,74.000,55.000
122.974,160.480,74.000,55.000
124.747,161.747,74.000,55.000
122.974,160.987,74.000,55.000
124.747,162.253,74.000,55.000
122.468,160.480,74.000,55.000
125.253,161.240,74.000,55.000
123.481,160.480,74.000,55.000
125.253,161.747,74.000,55.000
123.481,160.987,74.000,55.000
125.253,162.253,74.000,55.000
122.974,160.480,74.000,55.000
124.747,161.240,74.000,55.000
122.974,160.480,74.000,55.000
124.747,161.747,74.000,55.000
122.974,160.987,74.000,55.000
124.747,162.253,74.000,55.000
122.468,160.480,74.000,55.000
124.747,161.240,74.000,55.000
122.468,159.974,74.000,55.000
124.747,161.747,74.000,55.000
122.468,160.480,74.000,55.000
124.747,160.227,74.000,55.000
122.468,158.961,74.000,55.000
124.747,160.734,74.000,55.000
122.468,158.961,74.000,55.000
124.747,159.721,74.000,55.000
122.974,157.948,74.000,55.000
124.747,159.721,74.000,55.000
123.481,157.948,74.000,55.000
125.760,159.721,74.000,55.000
123.987,157.948,74.000,55.000
125.760,159.721,74.000,55.000
123.987,157.948,74.000,55.000
125.760,159.721,74.000,55.000
123.987,158.455,74.000,55.000
125.760,158.708,74.000,55.000
124.494,158.455,74.000,55.000
126.773,158.201,74.000,55.000
125.000,157.442,74.000,55.000
126.266,158.708,74.000,55.000
125.507,157.948,74.000,55.000
124.747,158.708,74.000,55.000
126.013,158.455,74.000,55.000
125.253,157.695,74.000,55.000
127.026,158.961,74.000,55.000
125.253,158.201,74.000,55.000
126.520,157.442,74.000,55.000
125.253,157.695,74.000,55.000
127.026,157.442,74.000,55.000
125.760,156.175,74.000,55.000
126.520,154.909,74.000,55.000
126.266,154.656,74.000,55.000
128.039,153.390,74.000,55.000
128.292,152.123,74.000,55.000
129.559,151.364,74.000,55.000
128.799,151.110,74.000,55.000
130.572,149.844,74.000,55.000
130.318,150.097,74.000,55.000
132.091,147.818,74.000,55.000
131.838,147.058,74.000,55.000
132.597,144.779,74.000,55.000
133.357,145.032,74.000,55.000
134.623,142.247,74.000,55.000
134.370,141.487,74.000,55.000
135.636,140.221,74.000,55.000
134.877,138.448,74.000,55.000
135.636,137.182,74.000,55.000
135.383,135.409,74.000,55.000
137.156,134.649,74.000,55.000
135.890,133.383,74.000,55.000
136.649,132.117,74.000,55.000
137.683,131.971,72.422,53.827
137.930,130.732,72.422,53.827
136.691,129.493,72.422,53.827
138.426,128.253,72.422,53.827
137.187,127.014,72.422,53.827
139.154,127.349,70.878,52.679
138.426,126.136,70.878,52.679
139.883,126.464,69.366,51.556
138.696,125.277,69.366,51.556
140.358,124.565,69.366,51.556
139.171,124.328,69.366,51.556
141.054,123.276,67.887,50.456
140.659,123.590,66.439,49.380
141.148,124.774,65.022,48.327
142.485,124.646,63.636,47.297
142.533,124.520,62.279,46.288
142.320,123.881,62.279,46.288
143.190,124.580,60.950,45.301
142.564,123.537,60.950,45.301
142.209,123.819,59.651,44.335
143.435,125.275,58.379,43.390
144.635,124.390,57.134,42.464
143.658,124.586,57.134,42.464
145.963,124.096,55.915,41.559
145.637,124.724,54.723,40.672
147.322,123.787,54.723,40.672
146.642,125.124,53.556,39.805
147.925,123.841,53.556,39.805
147.966,124.795,52.414,38.956
149.736,125.383,51.296,38.125
149.209,124.505,51.296,38.125
150.602,125.420,50.202,37.312
150.774,124.217,50.202,37.312
151.289,125.420,50.202,37.312
150.774,123.873,50.202,37.312
151.976,125.076,50.202,37.312
150.430,124.904,50.202,37.312
151.976,124.389,50.202,37.312
151.352,124.290,49.132,36.517
153.335,125.814,48.084,35.738
153.170,124.662,48.084,35.738
153.006,125.485,48.084,35.738
152.841,126.307,48.084,35.738
152.677,126.143,48.084,35.738
152.512,126.307,48.084,35.738
152.018,126.801,48.084,35.738
152.841,126.636,48.084,35.738
152.018,126.801,48.084,35.738
152.512,127.624,48.084,35.738
151.360,128.776,48.084,35.738
152.512,127.953,48.084,35.738
151.031,128.776,48.084,35.738
152.183,128.611,48.084,35.738
152.348,129.763,48.084,35.738
152.512,128.940,48.084,35.738
151.689,130.092,48.084,35.738
152.512,130.586,48.084,35.738
152.018,131.738,48.084,35.738
152.183,130.915,48.084,35.738
152.677,132.396,48.084,35.738
151.525,133.548,48.084,35.738
151.031,134.371,48.084,35.738
151.854,134.864,48.084,35.738
150.373,135.029,48.084,35.738
151.196,135.852,48.084,35.738
149.469,135.968,49.148,36.529
148.052,136.786,50.235,37.337
146.849,137.645,50.235,37.337
148.052,138.505,50.235,37.337
146.248,138.984,51.347,38.163
146.775,139.511,51.347,38.163
144.842,140.741,51.347,38.163
145.186,141.230,52.483,39.007
145.910,141.358,53.644,39.870
144.364,142.250,54.831,40.752
145.510,142.773,56.044,41.654
144.551,143.348,56.044,41.654
146.277,144.691,56.044,41.654
146.652,144.827,57.284,42.576
144.887,145.807,57.284,42.576
146.084,145.539,58.551,43.518
144.682,146.942,58.551,43.518
145.489,146.668,59.847,44.481
145.889,147.664,61.171,45.465
145.864,147.378,62.524,46.471
144.507,145.754,63.907,47.499
145.842,146.363,65.321,48.550
144.887,146.058,66.767,49.624
145.334,145.272,68.244,50.722
143.699,145.506,68.244,50.722
144.640,145.187,69.754,51.844
144.116,143.375,71.297,52.991
142.568,141.523,72.874,54.163
143.573,139.112,74.487,55.362
144.338,138.348,74.487,55.362
144.307,135.884,76.135,56.587
144.817,132.825,77.819,57.839
144.018,129.896,77.819,57.839
144.538,126.216,79.541,59.118
144.266,123.767,79.541,59.118
143.994,121.861,79.541,59.118
143.177,120.500,79.541,59.118
141.816,118.050,79.541,59.118
141.000,115.056,79.541,59.118
140.728,112.061,79.541,59.118
142.089,110.700,79.541,59.118
139.639,112.061,79.541,59.118
141.000,110.700,79.541,59.118
139.094,111.517,79.541,59.118
138.278,111.245,79.541,59.118
139.639,111.517,79.541,59.118
139.366,112.878,79.541,59.118
138.550,114.784,79.541,59.118
141.000,116.145,79.541,59.118
137.578,115.208,81.301,60.426
136.967,115.406,83.100,61.763
135.753,113.247,84.938,63.130
137.788,114.119,84.938,63.130
135.172,113.829,84.938,63.130
138.369,114.701,84.938,63.130
136.334,113.247,84.938,63.130
140.695,112.957,84.938,63.130
138.660,111.503,84.938,63.130
141.276,113.538,84.938,63.130
138.660,112.666,84.938,63.130
141.857,114.701,84.938,63.130
139.822,114.410,84.938,63.130
140.391,114.616,86.818,64.527
139.312,114.445,84.966,63.150
138.070,115.858,86.846,64.548
136.801,113.603,88.767,65.976
138.320,115.121,88.767,65.976
136.393,114.076,90.731,67.436
136.703,115.008,90.731,67.436
135.772,115.939,90.731,67.436
134.840,114.387,90.731,67.436
134.530,112.834,90.731,67.436
136.703,115.008,90.731,67.436
137.635,113.455,90.731,67.436
135.664,110.454,92.739,68.928
134.078,108.867,92.739,68.928
136.299,108.550,92.739,68.928
133.443,106.328,92.739,68.928
133.514,105.534,90.761,67.458
131.961,103.981,90.761,67.458
132.271,104.291,90.761,67.458
130.097,102.738,90.761,67.458
129.165,103.670,90.761,67.458
128.234,104.602,90.761,67.458
127.302,104.913,90.761,67.458
130.097,105.223,90.761,67.458
126.193,106.088,92.769,68.950
123.971,103.231,92.769,68.950
123.018,106.088,92.769,68.950
122.066,105.136,92.769,68.950
109.049,107.358,92.769,68.950
96.032,108.946,92.769,68.950
91.270,110.533,92.769,68.950
91.232,107.465,94.822,70.476
87.013,110.385,94.822,70.476
89.285,107.465,94.822,70.476
85.066,112.981,94.822,70.476
117.192,108.114,94.822,70.476
124.656,108.438,94.822,70.476
128.225,110.061,94.822,70.476
129.199,109.736,94.822,70.476
129.272,112.051,92.800,68.973
126.413,109.193,92.800,68.973
129.272,109.511,92.800,68.973
127.049,109.193,92.800,68.973
129.272,109.511,92.800,68.973
126.413,109.828,92.800,68.973
129.272,109.511,92.800,68.973
125.778,108.558,92.800,68.973
129.272,108.876,92.800,68.973
127.049,110.464,92.800,68.973
130.542,108.876,92.800,68.973
127.684,110.464,92.800,68.973
128.964,108.053,94.853,70.499
128.639,109.676,94.853,70.499
128.964,110.001,94.853,70.499
129.598,108.210,96.952,72.059
129.033,109.299,94.884,70.522
130.657,108.324,94.884,70.522
129.033,107.350,94.884,70.522
132.862,108.415,92.861,69.018
131.908,107.462,92.861,69.018
134.430,109.117,90.880,67.546
135.363,108.806,90.880,67.546
134.430,108.495,90.880,67.546
135.985,107.562,90.880,67.546
137.853,109.781,88.942,66.106
136.161,109.019,87.046,64.696
138.842,109.912,87.046,64.696
138.335,108.592,85.189,63.316
140.959,109.467,85.189,63.316
139.338,108.737,83.373,61.966
138.482,110.164,83.373,61.966
138.197,108.737,83.373,61.966
139.623,110.164,83.373,61.966
137.626,108.737,83.373,61.966
138.482,109.593,83.373,61.966
135.914,108.166,83.373,61.966
137.911,109.593,83.373,61.966
136.325,108.879,81.595,60.645
137.163,109.716,81.595,60.645
136.884,108.879,81.595,60.645
135.112,108.497,83.400,61.986
134.827,107.641,83.400,61.986
134.541,108.497,83.400,61.986
133.685,107.641,83.400,61.986
132.829,108.497,83.400,61.986
129.833,108.700,85.245,63.358
128.375,107.241,85.245,63.358
106.495,110.450,85.245,63.358
102.623,113.657,83.427,62.007
104.959,110.897,85.273,63.379
106.418,109.438,85.273,63.379
103.671,114.333,83.455,62.027
106.241,115.190,83.455,62.027
107.669,116.618,83.455,62.027
108.820,113.858,85.301,63.399
110.574,117.066,83.482,62.047
107.884,119.104,81.702,60.724
110.103,121.638,79.959,59.429
111.219,123.063,78.254,58.162
137.608,113.616,76.585,56.922
141.709,114.981,74.952,55.708
143.744,116.811,73.354,54.520
144.768,116.183,71.790,53.357
143.876,118.883,70.259,52.219
143.636,120.566,70.259,52.219
142.433,121.768,70.259,52.219
141.560,123.484,68.760,51.106
143.881,126.070,67.294,50.016
143.489,129.045,65.859,48.949
142.236,131.957,64.454,47.905
139.809,135.265,64.454,47.905
137.824,137.251,64.454,47.905
138.045,140.118,64.454,47.905
137.824,142.103,64.454,47.905
136.721,144.089,64.454,47.905
138.265,146.074,64.454,47.905
136.280,148.059,64.454,47.905
135.177,149.162,64.454,47.905
132.751,151.147,64.454,47.905
131.648,150.927,64.454,47.905
128.780,152.912,64.454,47.905
126.279,151.934,63.080,46.884
123.904,152.150,63.080,46.884
121.961,150.207,63.080,46.884
119.155,149.560,63.080,46.884
117.538,149.852,61.735,45.884
116.060,148.373,61.735,45.884
115.003,146.894,61.735,45.884
113.421,146.365,60.418,44.905
112.272,146.644,59.130,43.948
110.451,145.228,59.130,43.948
109.326,146.282,57.869,43.011
107.940,145.291,57.869,43.011
105.761,144.301,57.869,43.011
103.187,143.707,57.869,43.011
101.322,143.211,56.635,42.093
98.415,141.854,56.635,42.093
95.508,140.110,56.635,42.093
92.988,138.753,56.635,42.093
90.856,137.397,56.635,42.093
87.561,136.815,56.635,42.093
85.041,135.071,56.635,42.093
86.398,134.102,56.635,42.093
88.142,132.745,56.635,42.093
90.274,131.001,56.635,42.093
92.406,130.032,56.635,42.093
89.970,128.963,57.888,43.025
92.149,127.972,57.888,43.025
93.932,126.189,57.888,43.025
92.942,124.010,57.888,43.025
91.951,122.623,57.888,43.025
90.694,121.120,59.169,43.977
90.492,119.297,59.169,43.977
88.787,119.861,60.478,44.950
88.166,119.240,60.478,44.950
90.029,117.377,60.478,44.950
91.477,116.343,60.478,44.950
91.270,116.963,60.478,44.950
92.719,115.101,60.478,44.950
91.270,116.136,60.478,44.950
93.547,114.687,60.478,44.950
95.824,114.066,60.478,44.950
95.617,114.273,60.478,44.950
97.479,114.066,60.478,44.950
96.596,112.924,61.816,45.944
94.376,112.636,63.183,46.961
90.700,113.717,63.183,46.961
91.781,112.636,63.183,46.961
88.105,113.284,63.183,46.961
85.294,114.798,63.183,46.961
87.240,113.717,63.183,46.961
88.539,114.843,61.836,45.959
90.020,115.054,61.836,45.959
91.925,115.266,61.836,45.959
92.136,115.901,61.836,45.959
92.348,115.266,61.836,45.959
92.983,115.901,61.836,45.959
94.041,114.843,61.836,45.959
95.099,115.901,61.836,45.959
96.157,115.689,61.836,45.959
97.215,115.054,61.836,45.959
97.850,115.689,61.836,45.959
98.485,114.631,61.836,45.959
99.543,115.266,61.836,45.959
100.814,117.184,60.517,44.979
99.779,115.734,60.517,44.979
101.821,118.010,59.227,44.020
102.835,116.997,59.227,44.020
104.254,118.416,59.227,44.020
104.862,117.808,59.227,44.020
103.038,120.848,59.227,44.020
104.051,119.835,59.227,44.020
103.443,122.875,59.227,44.020
103.240,121.051,59.227,44.020
104.659,118.416,59.227,44.020
107.579,110.569,60.537,44.994
116.152,104.267,61.877,45.989
118.323,101.781,63.246,47.007
120.543,102.384,64.645,48.047
119.879,101.720,64.645,48.047
121.870,101.057,64.645,48.047
120.322,103.490,64.645,48.047
118.918,102.270,66.075,49.110
120.953,104.305,66.075,49.110
119.370,104.079,66.075,49.110
117.787,105.662,66.075,49.110
119.370,104.984,66.075,49.110
117.335,107.471,66.075,49.110
119.185,105.286,67.537,50.196
117.567,108.290,67.537,50.196
119.647,108.059,67.537,50.196
118.954,108.290,67.537,50.196
120.109,108.059,67.537,50.196
119.878,106.903,67.537,50.196
118.260,106.210,67.537,50.196
119.878,107.366,67.537,50.196
117.798,107.597,67.537,50.196
119.416,109.215,67.537,50.196
121.034,110.370,67.537,50.196
120.340,108.290,67.537,50.196
122.231,106.056,69.031,51.307
123.412,107.238,69.031,51.307
123.176,106.529,69.031,51.307
122.940,105.820,69.031,51.307
123.176,106.529,69.031,51.307
121.995,105.820,69.031,51.307
122.231,106.529,69.031,51.307
121.522,105.820,69.031,51.307
122.231,106.529,69.031,51.307
122.940,106.293,69.031,51.307
122.703,107.474,69.031,51.307
122.940,105.820,69.031,51.307
121.759,106.529,69.031,51.307
121.050,105.348,69.031,51.307
121.759,105.111,69.031,51.307
120.577,106.765,69.031,51.307
121.286,105.111,69.031,51.307
120.577,107.238,69.031,51.307
121.286,105.584,69.031,51.307
121.050,106.293,69.031,51.307
120.814,107.474,69.031,51.307
121.995,105.820,69.031,51.307
120.681,108.872,67.559,50.213
122.762,108.178,67.559,50.213
122.531,109.334,67.559,50.213
123.687,110.028,67.559,50.213
124.381,109.334,67.559,50.213
124.612,110.490,67.559,50.213
123.456,108.872,67.559,50.213
125.074,110.028,67.559,50.213
124.843,108.872,67.559,50.213
124.612,109.103,67.559,50.213
