336.000,165.000,26.000,61.000
336.503,165.839,26.000,61.000
334.658,164.664,26.000,61.000
331.063,165.556,26.575,62.350
328.491,162.984,26.575,62.350
317.346,164.527,26.575,62.350
311.001,160.926,26.575,62.350
309.115,156.983,26.575,62.350
302.771,155.096,26.575,62.350
293.340,157.326,26.575,62.350
290.082,156.125,26.575,62.350
287.167,155.954,26.575,62.350
281.508,156.468,26.575,62.350
274.135,154.239,26.575,62.350
268.326,150.525,27.163,63.729
264.996,148.948,27.163,63.729
255.657,147.093,26.584,62.370
249.653,146.922,26.584,62.370
245.708,145.035,26.584,62.370
239.018,143.834,26.584,62.370
234.387,141.604,26.584,62.370
229.070,140.061,26.584,62.370
222.723,138.174,26.584,62.370
217.063,136.630,26.584,62.370
211.229,134.815,26.017,61.040
205.018,132.297,26.017,61.040
199.143,130.451,26.017,61.040
193.267,128.940,26.017,61.040
182.356,124.071,26.017,61.040
176.323,121.972,25.462,59.738
173.825,120.118,26.026,61.060
167.612,118.606,26.026,61.060
159.384,115.080,26.026,61.060
152.499,112.897,26.026,61.060
149.980,111.050,26.026,61.060
143.431,109.874,26.026,61.060
133.859,107.020,26.026,61.060
127.310,105.172,26.026,61.060
123.865,104.691,25.471,59.758
113.865,100.790,26.034,61.080
106.977,98.606,26.034,61.080
99.754,96.086,26.034,61.080
91.859,94.239,26.034,61.080
83.964,92.391,26.034,61.080
76.069,90.543,26.034,61.080
67.166,87.687,26.034,61.080
59.271,85.840,26.034,61.080
51.376,84.328,26.034,61.080
43.481,82.816,26.034,61.080
35.922,80.296,26.034,61.080
28.363,78.113,26.034,61.080
14.085,73.913,26.034,61.080
3.838,70.386,26.034,61.080
48.688,68.538,26.034,61.080
40.122,66.018,26.034,61.080
27.187,63.498,26.034,61.080
19.292,60.979,26.034,61.080
15.429,59.803,26.034,61.080
5.854,57.283,26.034,61.080
35.922,54.763,26.034,61.080
28.027,52.580,26.034,61.080
22.148,51.068,26.034,61.080
10.221,57.619,26.034,61.080
56.466,10.411,26.610,62.431
51.486,8.179,26.610,62.431
52.688,7.320,26.610,62.431
54.577,9.552,26.610,62.431
51.315,9.724,26.610,62.431
51.830,10.926,26.610,62.431
54.265,8.778,26.043,61.100
52.756,10.020,26.619,62.452
51.211,10.535,26.619,62.452
52.413,9.333,26.619,62.452
50.524,7.444,26.619,62.452
19.780,9.677,26.619,62.452
12.738,5.726,26.619,62.452
11.192,1.776,26.619,62.452
9.990,-1.144,26.619,62.452
18.062,0.746,26.619,62.452
13.769,-1.831,26.619,62.452
12.223,-6.125,26.619,62.452
11.394,-5.212,27.208,63.834
26.067,13.913,26.628,62.472
21.316,14.826,27.217,63.855
17.979,18.865,27.217,63.855
51.953,7.866,26.636,62.493
43.531,7.007,26.636,62.493
35.797,4.773,26.636,62.493
26.001,1.851,26.636,62.493
26.241,2.051,27.226,63.876
22.904,0.119,27.226,63.876
20.993,-3.094,26.645,62.513
18.128,-6.570,26.077,61.180
20.652,-12.796,26.077,61.180
51.257,9.101,25.521,59.876
51.688,8.629,24.977,58.599
51.204,10.079,24.977,58.599
50.398,12.174,24.977,58.599
48.948,12.335,24.977,58.599
48.464,9.918,24.977,58.599
50.696,6.762,25.529,59.895
53.032,12.957,24.985,58.618
51.581,10.217,24.985,58.618
52.387,8.766,24.985,58.618
51.259,11.829,24.985,58.618
50.453,13.280,24.985,58.618
51.259,11.829,24.985,58.618
49.808,12.957,24.985,58.618
51.259,11.506,24.985,58.618
51.098,12.312,24.985,58.618
50.614,11.506,24.985,58.618
51.743,11.345,24.985,58.618
51.259,11.506,24.985,58.618
50.775,11.668,24.985,58.618
51.904,10.862,24.985,58.618
51.743,11.668,24.985,58.618
51.259,11.829,24.985,58.618
50.775,11.990,24.985,58.618
51.581,12.151,24.985,58.618
51.098,12.635,24.985,58.618
50.937,10.862,24.985,58.618
52.065,11.668,24.985,58.618
50.614,12.474,24.985,58.618
51.743,10.700,24.985,58.618
51.581,11.829,24.985,58.618
51.098,12.312,24.985,58.618
51.259,10.539,24.985,58.618
51.420,11.668,24.985,58.618
51.259,12.151,24.985,58.618
51.420,12.635,24.985,58.618
51.581,10.862,24.985,58.618
51.743,11.990,24.985,58.618
51.581,12.474,24.985,58.618
51.743,10.378,24.985,58.618
52.226,11.506,24.985,58.618
51.098,13.602,24.985,58.618
50.292,10.862,24.985,58.618
51.957,11.953,24.452,57.368
50.537,14.004,24.452,57.368
52.272,11.953,24.452,57.368
51.483,13.373,24.452,57.368
52.903,11.006,24.452,57.368
51.483,12.426,24.452,57.368
52.588,10.691,24.452,57.368
52.114,11.795,24.452,57.368
51.325,12.268,24.452,57.368
52.114,12.426,24.452,57.368
51.641,11.322,24.452,57.368
52.745,11.164,24.452,57.368
52.272,12.268,24.452,57.368
51.799,12.742,24.452,57.368
51.957,11.637,24.452,57.368
51.168,12.426,24.452,57.368
52.588,10.691,24.452,57.368
51.168,12.110,24.452,57.368
50.972,10.745,23.930,56.144
49.891,10.900,23.930,56.144
53.867,13.731,23.420,54.947
51.903,14.789,23.420,54.947
53.263,12.824,23.420,54.947
53.112,14.184,23.420,54.947
52.658,12.220,23.420,54.947
54.018,12.673,23.420,54.947
52.658,13.429,23.420,54.947
54.018,12.673,23.420,54.947
52.658,13.126,23.420,54.947
54.018,12.068,23.420,54.947
52.961,12.824,23.420,54.947
52.809,13.580,23.420,54.947
52.658,12.824,23.420,54.947
54.321,13.277,23.420,54.947
52.961,12.522,23.420,54.947
52.809,13.277,23.420,54.947
52.658,12.522,23.420,54.947
54.321,12.975,23.420,54.947
52.961,13.731,23.420,54.947
52.507,12.975,23.420,54.947
53.776,12.833,22.921,53.775
53.037,13.868,22.921,53.775
54.072,13.129,22.921,53.775
53.333,13.276,22.921,53.775
54.368,12.537,22.921,53.775
53.629,13.572,22.921,53.775
52.889,13.129,22.921,53.775
53.924,12.389,22.921,53.775
53.185,13.424,22.921,53.775
53.924,13.276,22.921,53.775
52.889,13.720,22.921,53.775
53.629,13.868,22.921,53.775
52.593,14.312,22.921,53.775
53.629,12.389,22.921,53.775
52.593,13.720,22.921,53.775
53.037,14.164,22.921,53.775
53.776,12.241,22.921,53.775
52.741,13.572,22.921,53.775
53.185,14.312,22.921,53.775
53.924,12.981,22.921,53.775
52.889,14.607,22.921,53.775
53.333,13.572,22.921,53.775
53.481,14.607,22.921,53.775
54.220,13.572,22.921,53.775
52.889,14.903,22.921,53.775
53.333,13.572,22.921,53.775
53.776,14.607,22.921,53.775
52.449,13.859,23.428,54.965
53.205,14.615,23.428,54.965
52.449,13.255,23.428,54.965
53.205,14.010,23.428,54.965
52.449,15.371,23.428,54.965
53.507,13.708,23.428,54.965
52.751,14.766,23.428,54.965
54.112,13.406,23.428,54.965
52.751,14.464,23.428,54.965
54.112,12.801,23.428,54.965
52.751,14.464,23.428,54.965
54.112,13.103,23.428,54.965
52.751,13.859,23.428,54.965
53.205,15.824,23.428,54.965
52.449,13.859,23.428,54.965
52.600,15.220,23.428,54.965
52.413,17.700,22.928,53.793
54.511,15.849,22.439,52.646
52.918,14.546,22.439,52.646
54.511,15.270,22.439,52.646
53.208,13.967,22.439,52.646
53.932,15.560,22.439,52.646
54.366,13.678,22.439,52.646
53.353,10.637,22.439,52.646
55.127,13.571,21.961,51.523
53.285,14.279,21.961,51.523
54.560,12.721,21.961,51.523
53.852,11.445,21.961,51.523
54.844,13.571,21.961,51.523
55.269,15.696,21.961,51.523
52.010,16.405,21.961,51.523
54.702,13.996,21.961,51.523
54.277,14.988,21.961,51.523
54.135,15.413,21.961,51.523
53.451,13.814,22.447,52.663
52.437,14.248,22.447,52.663
52.582,12.655,22.447,52.663
53.596,11.641,22.447,52.663
49.396,13.234,22.447,52.663
53.886,20.042,22.447,52.663
53.741,16.421,22.447,52.663
54.175,14.538,22.447,52.663
54.320,13.814,22.447,52.663
53.017,15.117,22.447,52.663
53.219,13.483,22.943,53.828
53.367,14.815,22.943,53.828
54.107,13.779,22.943,53.828
52.778,14.566,23.451,55.019
52.324,13.204,23.451,55.019
53.384,13.658,23.451,55.019
53.232,14.717,23.451,55.019
52.476,15.474,23.451,55.019
53.535,13.809,23.451,55.019
52.778,14.566,23.451,55.019
51.734,15.056,23.970,56.237
53.435,13.973,23.970,56.237
51.753,13.231,23.459,55.037
56.748,17.015,23.459,55.037
54.477,14.745,23.459,55.037
52.510,16.410,23.459,55.037
51.147,15.956,23.459,55.037
54.023,13.685,23.459,55.037
51.450,17.469,23.459,55.037
21.501,0.987,22.958,53.864
18.390,-0.939,22.958,53.864
16.779,-5.647,22.469,52.715
15.184,-3.182,22.469,52.715
19.598,-3.014,22.966,53.881
17.968,-1.384,22.966,53.881
22.858,13.286,22.966,53.881
62.127,9.582,22.966,53.881
53.417,10.984,23.474,55.073
33.375,13.761,22.973,53.899
21.894,14.549,23.482,55.091
16.289,11.671,23.482,55.091
19.470,10.307,23.482,55.091
22.046,9.246,23.482,55.091
22.197,8.489,23.482,55.091
21.152,7.093,24.001,56.310
21.307,6.009,24.001,56.310
20.816,2.580,23.489,55.110
18.240,-4.544,23.489,55.110
16.299,-6.147,22.988,53.934
17.337,-8.669,22.988,53.934
15.152,-9.952,22.498,52.784
14.716,-7.484,22.498,52.784
18.233,-5.207,22.996,53.952
20.337,-2.772,22.506,52.801
21.644,3.762,22.506,52.801
22.951,9.716,22.506,52.801
24.548,11.313,22.506,52.801
25.655,11.784,23.003,53.970
23.429,11.338,23.003,53.970
24.962,11.771,22.513,52.819
24.562,10.433,23.011,53.987
20.850,8.503,23.011,53.987
18.623,3.306,23.011,53.987
36.885,42.949,23.011,53.987
24.859,45.770,23.011,53.987
13.129,48.294,23.011,53.987
1.697,53.490,23.011,53.987
-1.124,59.578,23.011,53.987
39.750,52.665,23.520,55.182
32.011,56.459,23.520,55.182
19.718,62.984,23.520,55.182
13.679,68.692,23.019,54.005
14.640,69.411,22.528,52.853
13.059,73.477,22.047,51.726
0.114,84.147,22.047,51.726
0.256,84.573,22.047,51.726
0.399,84.716,22.047,51.726
0.256,84.289,22.047,51.726
39.419,123.123,22.535,52.871
53.814,102.912,22.535,52.871
51.924,104.221,22.535,52.871
49.161,105.529,22.535,52.871
45.057,110.998,22.055,51.743
43.234,113.607,21.584,50.640
41.145,115.696,21.584,50.640
39.056,118.342,21.584,50.640
37.525,119.874,21.584,50.640
36.271,123.356,21.584,50.640
37.246,124.609,21.584,50.640
35.157,128.091,21.584,50.640
32.232,129.623,21.584,50.640
29.308,135.054,21.584,50.640
30.561,137.422,21.584,50.640
31.334,125.158,22.062,51.760
31.237,126.801,22.550,52.905
30.801,128.401,22.550,52.905
31.528,132.039,22.550,52.905
30.219,132.475,22.550,52.905
31.528,133.203,22.550,52.905
30.510,133.930,22.550,52.905
32.854,136.878,22.069,51.777
33.281,138.730,22.069,51.777
32.569,142.289,22.069,51.777
33.281,143.001,22.069,51.777
32.569,143.713,22.069,51.777
33.765,142.756,21.598,50.673
35.984,144.653,22.076,51.794
33.563,146.220,22.076,51.794
34.210,146.360,21.605,50.690
35.465,147.057,21.605,50.690
36.998,146.082,21.605,50.690
39.368,139.251,21.605,50.690
