164.000,121.000,27.000,24.000
163.900,120.498,27.000,24.000
165.204,121.000,27.000,24.000
164.502,120.498,27.000,24.000
165.606,121.000,27.000,24.000
166.107,120.298,27.000,24.000
165.405,119.996,27.000,24.000
166.509,120.097,27.000,24.000
166.810,120.398,27.000,24.000
167.512,120.900,27.000,24.000
166.810,120.197,27.000,24.000
167.312,121.100,27.000,24.000
167.412,121.401,27.000,24.000
168.114,121.702,27.000,24.000
167.813,121.201,27.000,24.000
168.716,121.301,27.000,24.000
169.018,120.799,27.000,24.000
168.315,120.498,27.000,24.000
169.218,121.401,27.000,24.000
169.319,120.900,27.000,24.000
169.820,120.197,27.000,24.000
170.723,121.301,27.000,24.000
171.225,121.602,27.000,24.000
170.523,120.699,27.000,24.000
171.426,121.201,27.000,24.000
171.526,121.702,27.000,24.000
171.426,120.799,27.000,24.000
171.326,120.097,27.000,24.000
170.824,119.394,27.000,24.000
171.727,118.893,27.000,24.000
171.827,118.993,27.000,24.000
171.125,120.097,27.000,24.000
170.222,120.398,27.000,24.000
170.723,121.702,27.000,24.000
171.426,121.201,27.000,24.000
170.121,121.903,27.000,24.000
169.820,121.602,27.000,24.000
170.523,120.298,27.000,24.000
169.820,121.000,27.000,24.000
170.322,119.896,27.000,24.000
169.419,119.997,27.000,24.000
169.921,120.498,27.000,24.000
170.422,121.401,27.000,24.000
169.319,122.706,27.000,24.000
169.419,122.806,27.000,24.000
169.319,123.910,27.000,24.000
169.018,124.813,27.000,24.000
168.315,124.111,27.000,24.000
168.817,124.613,27.000,24.000
169.319,123.509,27.000,24.000
168.616,123.007,27.000,24.000
168.716,123.509,27.000,24.000
168.817,122.806,27.000,24.000
169.319,122.505,27.000,24.000
168.616,122.004,27.000,24.000
169.118,122.907,27.000,24.000
168.215,122.405,27.000,24.000
168.717,123.509,27.000,24.000
169.218,122.806,27.000,24.000
168.315,123.509,27.000,24.000
168.817,123.007,27.000,24.000
169.519,123.709,27.000,24.000
168.616,124.211,27.000,24.000
169.118,123.308,27.000,24.000
168.215,122.806,27.000,24.000
168.917,122.706,27.000,24.000
169.419,122.204,27.000,24.000
168.516,122.104,27.000,24.000
168.415,121.401,27.000,24.000
168.717,122.505,27.000,24.000
169.018,121.602,27.000,24.000
168.114,121.903,27.000,24.000
168.415,123.208,27.000,24.000
168.717,124.111,27.000,24.000
169.218,123.408,27.000,24.000
168.717,123.308,27.000,24.000
169.218,123.007,27.000,24.000
168.717,123.308,27.000,24.000
169.820,123.408,27.000,24.000
169.319,122.907,27.000,24.000
169.620,122.003,27.000,24.000
170.322,122.305,27.000,24.000
169.820,123.208,27.000,24.000
170.724,122.907,27.000,24.000
170.623,122.003,27.000,24.000
170.724,121.903,27.000,24.000
171.225,122.606,27.000,24.000
170.924,122.505,27.000,24.000
171.827,122.405,27.000,24.000
171.326,123.509,27.000,24.000
171.025,122.806,27.000,24.000
171.125,122.706,27.000,24.000
171.225,121.803,27.000,24.000
171.727,121.502,27.000,24.000
172.430,121.401,27.000,24.000
171.928,122.907,27.000,24.000
173.032,122.606,27.000,24.000
171.928,122.104,27.000,24.000
173.232,123.208,27.000,24.000
172.530,123.709,27.000,24.000
173.232,122.405,27.000,24.000
173.533,123.308,27.000,24.000
173.634,122.806,27.000,24.000
173.935,122.505,27.000,24.000
174.437,121.602,27.000,24.000
174.738,122.706,27.000,24.000
175.239,122.405,27.000,24.000
174.336,123.308,27.000,24.000
175.440,122.204,27.000,24.000
175.741,121.301,27.000,24.000
176.243,121.803,27.000,24.000
175.540,121.903,27.000,24.000
176.444,122.204,27.000,24.000
176.544,121.702,27.000,24.000
177.046,121.803,27.000,24.000
175.942,122.505,27.000,24.000
177.046,122.204,27.000,24.000
175.942,123.709,27.000,24.000
176.845,123.007,27.000,24.000
176.544,123.308,27.000,24.000
176.644,122.806,27.000,24.000
175.942,121.903,27.000,24.000
177.046,121.201,27.000,24.000
175.540,122.304,27.000,24.000
176.444,123.609,27.000,24.000
175.340,122.304,27.000,24.000
175.841,123.007,27.000,24.000
176.343,123.107,27.000,24.000
175.039,124.412,27.000,24.000
175.139,125.114,27.000,24.000
174.437,124.613,27.000,24.000
174.938,124.311,27.000,24.000
175.841,125.616,27.000,24.000
175.340,124.111,27.000,24.000
174.838,123.408,27.000,24.000
175.741,123.509,27.000,24.000
175.641,122.606,27.000,24.000
175.741,122.706,27.000,24.000
175.239,122.003,27.000,24.000
174.938,122.706,27.000,24.000
176.042,122.405,27.000,24.000
174.938,123.709,27.000,24.000
175.841,122.405,27.000,24.000
175.340,121.702,27.000,24.000
174.637,121.000,27.000,24.000
174.938,120.699,27.000,24.000
175.641,120.197,27.000,24.000
174.537,121.100,27.000,24.000
174.637,120.599,27.000,24.000
174.738,120.097,27.000,24.000
174.637,121.401,27.000,24.000
173.935,120.900,27.000,24.000
174.838,121.401,27.000,24.000
174.136,122.104,27.000,24.000
173.634,121.602,27.000,24.000
174.136,121.502,27.000,24.000
173.232,123.007,27.000,24.000
173.935,124.111,27.000,24.000
174.236,124.412,27.000,24.000
173.333,123.910,27.000,24.000
174.035,123.408,27.000,24.000
173.132,123.107,27.000,24.000
173.834,122.806,27.000,24.000
174.738,122.505,27.000,24.000
173.834,122.003,27.000,24.000
174.136,123.107,27.000,24.000
173.232,123.408,27.000,24.000
173.734,124.311,27.000,24.000
173.433,125.014,27.000,24.000
172.931,125.114,27.000,24.000
173.634,124.613,27.000,24.000
173.132,124.311,27.000,24.000
172.028,124.010,27.000,24.000
172.530,123.308,27.000,24.000
172.831,124.612,27.000,24.000
172.931,123.308,27.000,24.000
173.032,122.605,27.000,24.000
171.928,121.502,27.000,24.000
173.032,121.401,27.000,24.000
171.928,122.304,27.000,24.000
173.032,121.401,27.000,24.000
171.727,121.100,27.000,24.000
172.430,120.197,27.000,24.000
171.928,120.498,27.000,24.000
172.430,120.197,27.000,24.000
171.526,120.097,27.000,24.000
171.627,120.799,27.000,24.000
171.727,120.097,27.000,24.000
171.025,120.197,27.000,24.000
170.122,119.495,27.000,24.000
170.623,119.996,27.000,24.000
170.122,119.093,27.000,24.000
170.021,118.993,27.000,24.000
169.118,117.688,27.000,24.000
169.820,116.785,27.000,24.000
169.921,117.086,27.000,24.000
169.419,117.588,27.000,24.000
168.717,117.287,27.000,24.000
169.419,117.789,27.000,24.000
167.914,117.287,27.000,24.000
169.018,117.187,27.000,24.000
167.512,115.481,27.000,24.000
168.014,115.380,27.000,24.000
166.910,115.481,27.000,24.000
167.814,115.782,27.000,24.000
167.312,114.878,27.000,24.000
166.609,115.180,27.000,24.000
167.111,115.681,27.000,24.000
166.007,115.581,27.000,24.000
165.505,116.484,27.000,24.000
166.409,117.187,27.000,24.000
165.505,117.688,27.000,24.000
166.208,117.989,27.000,24.000
165.104,119.294,27.000,24.000
165.004,120.197,27.000,24.000
164.502,121.702,27.000,24.000
165.204,122.204,27.000,24.000
164.301,123.509,27.000,24.000
165.004,122.806,27.000,24.000
163.900,123.509,27.000,24.000
164.803,122.405,27.000,24.000
164.301,123.308,27.000,24.000
163.398,122.204,27.000,24.000
163.498,121.301,27.000,24.000
162.796,122.003,27.000,24.000
163.298,121.301,27.000,24.000
162.395,122.204,27.000,24.000
162.696,121.301,27.000,24.000
162.194,120.598,27.000,24.000
161.893,120.498,27.000,24.000
162.997,121.000,27.000,24.000
163.097,119.495,27.000,24.000
161.993,119.996,27.000,24.000
163.298,119.093,27.000,24.000
162.395,119.394,27.000,24.000
162.495,119.896,27.000,24.000
162.997,118.993,27.000,24.000
163.498,119.495,27.000,24.000
162.997,118.591,27.000,24.000
163.298,117.086,27.000,24.000
162.595,116.785,27.000,24.000
163.498,116.685,27.000,24.000
163.800,117.387,27.000,24.000
163.298,118.090,27.000,24.000
163.197,116.584,27.000,24.000
163.298,116.484,27.000,24.000
163.800,117.789,27.000,24.000
164.101,116.283,27.000,24.000
163.197,115.180,27.000,24.000
163.900,114.878,27.000,24.000
164.803,115.180,27.000,24.000
164.703,114.477,27.000,24.000
164.803,114.778,27.000,24.000
165.305,114.076,27.000,24.000
164.602,114.577,27.000,24.000
165.305,113.674,27.000,24.000
165.405,115.380,27.000,24.000
165.907,116.484,27.000,24.000
166.409,116.986,27.000,24.000
165.706,115.882,27.000,24.000
166.409,115.782,27.000,24.000
166.108,114.678,27.000,24.000
166.208,115.380,27.000,24.000
166.710,116.083,27.000,24.000
167.613,115.180,27.000,24.000
166.910,115.481,27.000,24.000
168.014,115.380,27.000,24.000
167.111,116.083,27.000,24.000
167.814,115.380,27.000,24.000
168.717,116.083,27.000,24.000
168.616,115.581,27.000,24.000
168.917,115.882,27.000,24.000
169.620,115.180,27.000,24.000
168.917,115.882,27.000,24.000
170.021,116.384,27.000,24.000
168.917,116.886,27.000,24.000
170.222,116.183,27.000,24.000
169.520,117.086,27.000,24.000
170.623,116.384,27.000,24.000
171.125,117.889,27.000,24.000
170.623,116.785,27.000,24.000
171.928,116.685,27.000,24.000
172.430,115.982,27.000,24.000
171.527,116.283,27.000,24.000
172.630,117.387,27.000,24.000
173.132,117.889,27.000,24.000
172.229,117.387,27.000,24.000
173.132,118.090,27.000,24.000
173.433,118.391,27.000,24.000
174.136,117.287,27.000,24.000
173.634,116.785,27.000,24.000
174.272,117.665,27.597,24.531
173.759,118.178,27.597,24.531
174.682,117.460,27.597,24.531
175.195,117.973,27.597,24.531
175.503,117.049,27.597,24.531
175.195,118.178,27.597,24.531
176.324,118.075,27.597,24.531
175.195,117.152,27.597,24.531
176.529,116.844,27.597,24.531
175.606,115.921,27.597,24.531
176.118,116.024,27.597,24.531
176.631,116.331,27.597,24.531
175.913,117.255,27.597,24.531
176.836,118.178,27.597,24.531
176.118,117.665,27.597,24.531
176.631,118.998,27.597,24.531
175.708,118.280,27.597,24.531
176.426,118.998,27.597,24.531
175.913,118.280,27.597,24.531
176.836,118.793,27.597,24.531
176.118,117.665,27.597,24.531
176.836,118.588,27.597,24.531
176.118,119.101,27.597,24.531
177.042,119.203,27.597,24.531
176.324,119.716,27.597,24.531
175.401,120.434,27.597,24.531
176.324,120.127,27.597,24.531
175.061,119.749,28.208,25.074
175.585,119.644,28.208,25.074
176.109,120.168,28.208,25.074
175.165,119.854,28.208,25.074
175.690,119.539,28.208,25.074
176.004,118.805,28.208,25.074
174.851,118.700,28.208,25.074
176.004,120.273,28.208,25.074
174.851,120.168,28.208,25.074
175.794,119.225,28.208,25.074
175.480,118.491,28.208,25.074
174.746,117.547,28.208,25.074
175.061,118.491,28.208,25.074
174.327,117.757,28.208,25.074
174.641,117.442,28.208,25.074
175.165,118.805,28.208,25.074
174.222,118.071,28.208,25.074
174.536,119.015,28.208,25.074
174.012,119.329,28.208,25.074
172.859,119.225,28.208,25.074
174.222,120.168,28.208,25.074
172.859,120.273,28.208,25.074
173.383,120.168,28.208,25.074
172.230,119.434,28.208,25.074
171.706,120.797,28.208,25.074
172.440,119.644,28.208,25.074
171.077,119.120,28.208,25.074
170.003,118.734,28.832,25.629
170.110,118.198,28.832,25.629
169.789,118.519,28.832,25.629
168.610,119.484,28.832,25.629
168.289,119.805,28.832,25.629
168.181,119.484,28.832,25.629
167.860,119.377,28.832,25.629
166.467,119.055,28.832,25.629
167.003,119.377,28.832,25.629
165.824,118.841,28.832,25.629
165.074,119.162,28.832,25.629
165.610,119.055,28.832,25.629
164.645,118.734,28.832,25.629
164.967,119.912,28.832,25.629
165.074,120.019,28.832,25.629
165.181,120.127,28.832,25.629
164.645,119.377,28.832,25.629
163.895,118.412,28.832,25.629
164.431,118.091,28.832,25.629
165.181,119.912,28.832,25.629
164.645,118.948,28.832,25.629
163.895,118.412,28.832,25.629
164.431,117.662,28.832,25.629
165.395,118.412,28.832,25.629
165.288,118.091,28.832,25.629
164.967,119.055,28.832,25.629
164.645,118.519,28.832,25.629
165.181,117.769,28.832,25.629
165.717,118.519,28.832,25.629
164.752,117.341,28.832,25.629
165.288,116.590,28.832,25.629
166.253,118.412,28.832,25.629
165.717,118.091,28.832,25.629
165.395,118.198,28.832,25.629
166.360,117.019,28.832,25.629
166.253,117.555,28.832,25.629
165.931,117.662,28.832,25.629
166.253,117.769,28.832,25.629
166.145,117.662,28.832,25.629
166.038,117.555,28.832,25.629
166.574,118.305,28.832,25.629
167.539,118.626,28.832,25.629
167.003,118.948,28.832,25.629
166.253,119.698,28.832,25.629
167.217,118.519,28.832,25.629
166.896,117.769,28.832,25.629
167.217,117.448,28.832,25.629
166.896,117.341,28.832,25.629
167.217,118.519,28.832,25.629
167.753,118.841,28.832,25.629
167.217,119.805,28.832,25.629
167.967,119.055,28.832,25.629
167.431,119.805,28.832,25.629
168.396,120.770,28.832,25.629
168.074,121.091,28.832,25.629
167.753,120.127,28.832,25.629
167.217,120.662,28.832,25.629
167.899,120.490,29.470,26.196
167.132,119.942,29.470,26.196
167.899,120.490,29.470,26.196
166.913,119.285,29.470,26.196
167.242,120.052,29.470,26.196
168.227,119.285,29.470,26.196
167.022,119.614,29.470,26.196
167.351,120.162,29.470,26.196
167.680,120.709,29.470,26.196
168.008,119.942,29.470,26.196
167.022,120.928,29.470,26.196
167.789,119.942,29.470,26.196
166.803,120.271,29.470,26.196
167.046,120.322,30.122,26.775
167.829,119.539,30.122,26.775
167.270,118.979,30.122,26.775
168.053,119.762,30.122,26.775
167.717,119.203,30.122,26.775
168.053,119.091,30.122,26.775
168.613,120.098,30.122,26.775
167.605,119.762,30.122,26.775
168.389,120.098,30.122,26.775
169.397,120.210,30.122,26.775
168.837,119.650,30.122,26.775
168.725,120.210,30.122,26.775
169.061,119.650,30.122,26.775
169.173,119.315,30.122,26.775
169.285,118.307,30.122,26.775
168.725,118.867,30.122,26.775
168.613,120.546,30.122,26.775
168.277,120.882,30.122,26.775
169.061,120.322,30.122,26.775
168.949,119.539,30.122,26.775
168.389,120.546,30.122,26.775
168.949,119.762,30.122,26.775
168.165,120.770,30.122,26.775
168.501,120.210,30.122,26.775
167.493,119.650,30.122,26.775
168.053,120.882,30.122,26.775
168.613,121.218,30.122,26.775
167.381,120.434,30.122,26.775
168.389,120.770,30.122,26.775
168.053,121.106,30.122,26.775
167.270,120.546,30.122,26.775
167.605,119.315,30.122,26.775
166.374,120.546,30.122,26.775
167.381,120.210,30.122,26.775
166.374,120.546,30.122,26.775
166.486,119.762,30.122,26.775
165.254,120.770,30.122,26.775
165.366,121.778,30.122,26.775
164.452,120.436,30.788,27.368
163.422,119.635,30.788,27.368
163.995,119.521,30.788,27.368
162.965,119.635,30.788,27.368
162.164,120.894,30.788,27.368
161.820,120.550,30.788,27.368
160.791,120.436,30.788,27.368
161.592,120.322,30.788,27.368
161.706,119.749,30.788,27.368
159.822,120.278,31.470,27.973
159.237,119.693,31.470,27.973
159.822,121.213,31.470,27.973
158.535,120.629,31.470,27.973
158.066,119.712,32.166,28.592
157.229,120.788,32.166,28.592
156.631,121.147,32.166,28.592
155.655,120.211,32.878,29.225
154.311,119.844,32.878,29.225
154.922,119.233,32.878,29.225
153.578,120.088,32.878,29.225
152.723,119.477,32.878,29.225
152.600,118.866,32.878,29.225
151.745,120.211,32.878,29.225
150.890,119.355,32.878,29.225
150.768,118.989,32.878,29.225
149.668,118.866,32.878,29.225
149.301,118.989,32.878,29.225
149.912,119.111,32.878,29.225
148.324,120.455,32.878,29.225
147.713,118.622,32.878,29.225
146.857,117.278,32.878,29.225
146.246,118.866,32.878,29.225
145.880,119.722,32.878,29.225
145.513,118.866,32.878,29.225
145.635,118.989,32.878,29.225
144.291,118.378,32.878,29.225
144.658,118.989,32.878,29.225
143.558,118.622,32.878,29.225
143.575,118.679,33.605,29.871
142.201,119.054,33.605,29.871
141.576,119.678,33.605,29.871
141.852,117.663,34.349,30.532
140.015,117.458,35.108,31.208
140.668,117.066,35.108,31.208
139.494,119.024,35.108,31.208
139.102,118.632,35.108,31.208
139.754,116.936,35.108,31.208
138.319,116.545,35.108,31.208
139.494,115.892,35.108,31.208
137.797,116.545,35.108,31.208
137.406,115.892,35.108,31.208
138.319,117.327,35.108,31.208
137.145,117.458,35.108,31.208
136.753,117.066,35.108,31.208
135.840,117.719,35.108,31.208
135.970,117.588,35.108,31.208
135.579,117.719,35.108,31.208
135.187,117.849,35.108,31.208
135.579,117.197,35.108,31.208
134.405,118.110,35.108,31.208
135.057,118.241,35.108,31.208
133.883,118.893,35.108,31.208
134.171,118.142,35.885,31.898
131.975,116.267,36.679,32.604
132.112,116.676,36.679,32.604
130.885,117.630,36.679,32.604
131.294,118.039,36.679,32.604
130.067,117.085,36.679,32.604
129.658,117.221,36.679,32.604
130.067,116.812,36.679,32.604
128.567,116.949,36.679,32.604
128.976,117.085,36.679,32.604
127.477,116.949,36.679,32.604
127.886,116.540,36.679,32.604
126.386,117.494,36.679,32.604
126.250,115.994,36.679,32.604
125.568,116.403,36.679,32.604
124.172,116.184,37.491,33.325
124.590,116.881,37.491,33.325
124.172,116.463,37.491,33.325
123.197,116.045,37.491,33.325
122.500,115.905,37.491,33.325
122.639,115.209,37.491,33.325
122.221,115.905,37.491,33.325
121.525,114.930,37.491,33.325
121.107,115.069,37.491,33.325
120.131,114.651,37.491,33.325
119.992,115.627,37.491,33.325
119.017,114.930,37.491,33.325
118.041,113.955,37.491,33.325
117.902,113.815,37.491,33.325
117.205,115.627,37.491,33.325
117.344,114.373,37.491,33.325
116.369,114.512,37.491,33.325
115.672,116.323,37.491,33.325
116.369,115.627,37.491,33.325
114.075,115.113,38.320,34.062
113.363,114.401,38.320,34.062
112.936,116.538,38.320,34.062
111.369,116.395,38.320,34.062
111.796,115.968,38.320,34.062
110.338,116.034,39.168,34.816
109.901,115.015,39.168,34.816
110.629,115.161,39.168,34.816
109.028,114.142,39.168,34.816
108.300,113.414,39.168,34.816
108.154,115.598,39.168,34.816
108.300,115.452,39.168,34.816
107.572,115.015,39.168,34.816
107.426,115.452,39.168,34.816
106.990,114.724,39.168,34.816
106.262,115.161,39.168,34.816
106.699,115.015,39.168,34.816
106.553,114.870,39.168,34.816
105.825,115.015,39.168,34.816
106.553,116.326,39.168,34.816
104.760,114.883,40.035,35.586
104.612,114.437,40.035,35.586
103.868,115.776,40.035,35.586
104.612,115.032,40.035,35.586
103.570,114.883,40.035,35.586
104.314,114.139,40.035,35.586
104.165,113.395,40.035,35.586
102.642,111.921,40.920,36.374
102.794,113.290,40.920,36.374
102.642,114.354,40.920,36.374
101.400,113.163,41.826,37.178
102.488,114.251,41.826,37.178
101.400,114.096,41.826,37.178
100.934,115.184,41.826,37.178
102.333,114.407,41.826,37.178
101.245,113.940,41.826,37.178
100.467,113.163,41.826,37.178
101.866,113.318,41.826,37.178
101.089,114.407,41.826,37.178
100.001,113.940,41.826,37.178
102.022,113.163,41.826,37.178
101.245,113.629,41.826,37.178
100.156,112.852,41.826,37.178
100.623,112.075,41.826,37.178
101.400,114.096,41.826,37.178
100.001,113.008,41.826,37.178
101.400,112.852,41.826,37.178
100.001,111.764,41.826,37.178
101.089,111.298,41.826,37.178
99.690,113.008,41.826,37.178
100.778,112.852,41.826,37.178
99.690,112.697,41.826,37.178
100.156,113.785,41.826,37.178
98.757,113.008,41.826,37.178
100.156,114.096,41.826,37.178
98.757,113.008,41.826,37.178
100.156,113.163,41.826,37.178
98.446,113.008,41.826,37.178
99.846,112.852,41.826,37.178
98.757,113.940,41.826,37.178
99.101,113.045,42.751,38.001
99.260,112.886,42.751,38.001
97.830,112.410,42.751,38.001
98.307,113.204,42.751,38.001
97.512,112.410,42.751,38.001
98.307,112.568,42.751,38.001
96.877,111.138,42.751,38.001
98.307,111.615,42.751,38.001
97.830,111.138,42.751,38.001
98.624,112.886,42.751,38.001
97.512,112.092,42.751,38.001
97.671,111.615,42.751,38.001
97.194,112.410,42.751,38.001
97.353,111.933,42.751,38.001
97.194,111.456,42.751,38.001
96.400,111.615,42.751,38.001
97.194,110.821,42.751,38.001
96.082,112.251,42.751,38.001
97.512,112.092,42.751,38.001
96.400,112.251,42.751,38.001
96.877,112.092,42.751,38.001
97.353,112.568,42.751,38.001
96.241,111.774,42.751,38.001
96.082,111.615,42.751,38.001
97.512,110.821,42.751,38.001
96.082,110.980,42.751,38.001
97.512,111.138,42.751,38.001
96.082,111.933,42.751,38.001
96.877,111.138,42.751,38.001
95.764,111.615,42.751,38.001
96.559,111.138,42.751,38.001
95.764,111.933,42.751,38.001
96.241,111.456,42.751,38.001
95.129,111.615,42.751,38.001
95.288,111.456,42.751,38.001
95.129,112.251,42.751,38.001
95.288,111.774,42.751,38.001
94.175,110.980,42.751,38.001
94.970,111.774,42.751,38.001
95.447,111.297,42.751,38.001
95.288,111.774,42.751,38.001
94.493,111.297,42.751,38.001
94.970,112.092,42.751,38.001
95.447,111.933,42.751,38.001
94.017,111.138,42.751,38.001
94.493,111.933,42.751,38.001
94.334,113.045,42.751,38.001
94.175,113.204,42.751,38.001
93.063,113.363,42.751,38.001
94.493,113.204,42.751,38.001
93.381,113.681,42.751,38.001
93.222,113.204,42.751,38.001
93.381,113.999,42.751,38.001
93.540,114.157,42.751,38.001
93.381,114.316,42.751,38.001
92.904,114.793,42.751,38.001
93.381,113.681,42.751,38.001
92.269,114.157,42.751,38.001
92.110,114.316,42.751,38.001
93.222,115.111,42.751,38.001
91.474,114.952,42.751,38.001
91.951,115.111,42.751,38.001
91.474,113.998,42.751,38.001
90.680,113.204,42.751,38.001
91.156,114.634,42.751,38.001
89.726,114.475,42.751,38.001
90.839,114.952,42.751,38.001
90.044,114.475,42.751,38.001
90.521,115.270,42.751,38.001
89.409,114.475,42.751,38.001
89.885,115.270,42.751,38.001
89.726,114.793,42.751,38.001
89.568,115.270,42.751,38.001
88.773,116.064,42.751,38.001
88.932,115.270,42.751,38.001
89.409,114.475,42.751,38.001
88.614,115.587,42.751,38.001
89.091,115.111,42.751,38.001
88.614,116.541,42.751,38.001
87.820,115.746,42.751,38.001
88.932,115.270,42.751,38.001
88.455,117.335,42.751,38.001
87.979,117.176,42.751,38.001
88.773,116.382,42.751,38.001
87.661,115.270,42.751,38.001
88.138,114.157,42.751,38.001
87.661,114.952,42.751,38.001
88.138,115.429,42.751,38.001
87.343,115.587,42.751,38.001
87.820,114.793,42.751,38.001
88.614,114.952,42.751,38.001
87.820,115.111,42.751,38.001
88.296,115.270,42.751,38.001
86.866,116.064,42.751,38.001
87.979,115.270,42.751,38.001
87.502,114.475,42.751,38.001
87.343,113.045,42.751,38.001
86.866,113.204,42.751,38.001
88.296,114.316,42.751,38.001
87.184,114.157,42.751,38.001
87.343,113.681,42.751,38.001
87.502,113.204,42.751,38.001
87.661,113.681,42.751,38.001
87.184,112.886,42.751,38.001
87.661,112.727,42.751,38.001
87.820,112.568,42.751,38.001
87.979,112.092,42.751,38.001
88.773,112.886,42.751,38.001
87.661,112.727,42.751,38.001
88.455,112.568,42.751,38.001
87.661,112.410,42.751,38.001
88.455,113.204,42.751,38.001
88.614,113.363,42.751,38.001
88.455,113.522,42.751,38.001
88.614,112.092,42.751,38.001
88.455,113.522,42.751,38.001
88.614,113.045,42.751,38.001
89.091,113.522,42.751,38.001
89.885,112.092,42.751,38.001
89.726,112.251,42.751,38.001
89.568,112.092,42.751,38.001
88.773,113.522,42.751,38.001
89.885,112.727,42.751,38.001
90.680,112.568,42.751,38.001
89.885,112.092,42.751,38.001
90.998,112.886,42.751,38.001
91.156,112.727,42.751,38.001
90.362,113.204,42.751,38.001
91.156,113.999,42.751,38.001
90.680,113.840,42.751,38.001
91.792,113.363,42.751,38.001
91.951,112.568,42.751,38.001
92.745,111.774,42.751,38.001
92.269,112.886,42.751,38.001
92.428,112.727,42.751,38.001
92.586,112.886,42.751,38.001
92.745,112.727,42.751,38.001
92.904,112.251,42.751,38.001
93.381,114.316,42.751,38.001
92.586,114.793,42.751,38.001
93.381,113.681,42.751,38.001
92.586,113.204,42.751,38.001
94.016,113.045,42.751,38.001
94.493,113.522,42.751,38.001
93.381,113.363,42.751,38.001
94.493,114.157,42.751,38.001
94.016,113.999,42.751,38.001
94.811,112.886,42.751,38.001
94.334,112.727,42.751,38.001
94.493,113.204,42.751,38.001
94.970,114.316,42.751,38.001
95.447,114.157,42.751,38.001
94.652,114.316,42.751,38.001
93.858,114.157,42.751,38.001
95.288,113.363,42.751,38.001
94.811,114.157,42.751,38.001
95.605,113.681,42.751,38.001
94.811,113.522,42.751,38.001
96.241,113.045,42.751,38.001
95.129,114.157,42.751,38.001
95.605,114.316,42.751,38.001
96.082,114.157,42.751,38.001
97.194,113.999,42.751,38.001
95.764,114.157,42.751,38.001
97.194,114.952,42.751,38.001
96.082,113.840,42.751,38.001
97.512,113.363,42.751,38.001
96.718,114.157,42.751,38.001
97.830,115.270,42.751,38.001
97.353,115.429,42.751,38.001
96.559,115.587,42.751,38.001
97.671,113.204,42.751,38.001
97.194,113.045,42.751,38.001
97.353,113.204,42.751,38.001
98.148,113.681,42.751,38.001
96.718,113.204,42.751,38.001
98.465,113.999,42.751,38.001
98.624,114.793,42.751,38.001
98.465,113.999,42.751,38.001
98.942,114.157,42.751,38.001
99.737,114.952,42.751,38.001
99.260,114.793,42.751,38.001
98.465,114.634,42.751,38.001
99.578,114.157,42.751,38.001
99.737,113.999,42.751,38.001
100.213,115.111,42.751,38.001
99.419,115.587,42.751,38.001
100.213,115.111,42.751,38.001
99.419,114.316,42.751,38.001
100.531,113.522,42.751,38.001
100.690,114.316,42.751,38.001
100.849,115.111,42.751,38.001
101.152,115.363,41.839,37.191
100.063,115.518,41.839,37.191
101.463,113.808,41.839,37.191
100.063,114.896,41.839,37.191
100.841,114.430,41.839,37.191
100.374,114.585,41.839,37.191
99.596,114.741,41.839,37.191
100.374,114.585,41.839,37.191
98.974,113.497,41.839,37.191
100.374,113.652,41.839,37.191
99.285,114.430,41.839,37.191
99.441,114.896,41.839,37.191
100.219,114.741,41.839,37.191
98.819,114.274,41.839,37.191
99.596,114.430,41.839,37.191
99.752,114.585,41.839,37.191
99.285,114.741,41.839,37.191
98.197,114.896,41.839,37.191
98.974,114.430,41.839,37.191
99.441,114.585,41.839,37.191
98.352,114.430,41.839,37.191
98.819,114.274,41.839,37.191
98.352,114.741,41.839,37.191
97.886,114.274,41.839,37.191
98.974,114.741,41.839,37.191
97.886,114.896,41.839,37.191
98.041,115.052,41.839,37.191
98.508,115.829,41.839,37.191
97.419,116.918,41.839,37.191
98.915,117.165,40.947,36.398
100.284,115.795,40.947,36.398
101.958,115.034,40.947,36.398
100.893,113.969,40.947,36.398
99.828,114.730,40.947,36.398
99.067,115.795,40.947,36.398
99.219,115.034,40.947,36.398
99.980,114.577,40.947,36.398
98.915,116.556,40.947,36.398
99.676,117.317,40.947,36.398
98.306,116.556,40.947,36.398
99.980,117.925,40.947,36.398
101.443,117.874,40.074,35.621
100.401,116.533,40.074,35.621
101.443,116.682,40.074,35.621
100.401,117.129,40.074,35.621
101.443,117.873,40.074,35.621
100.103,116.831,40.074,35.621
99.358,116.682,40.074,35.621
100.699,117.725,40.074,35.621
99.358,116.682,40.074,35.621
100.401,117.725,40.074,35.621
99.358,116.384,40.074,35.621
98.911,116.533,40.074,35.621
98.763,117.278,40.074,35.621
98.018,116.831,40.074,35.621
98.763,115.788,40.074,35.621
98.018,115.639,40.074,35.621
98.763,117.576,40.074,35.621
97.422,117.129,40.074,35.621
98.763,116.682,40.074,35.621
97.422,116.831,40.074,35.621
98.763,115.788,40.074,35.621
97.422,117.427,40.074,35.621
98.167,116.682,40.074,35.621
98.911,117.427,40.074,35.621
97.273,116.086,40.074,35.621
98.316,115.044,40.074,35.621
98.465,116.384,40.074,35.621
97.124,115.341,40.074,35.621
97.869,115.193,40.074,35.621
97.124,115.937,40.074,35.621
97.869,115.490,40.074,35.621
97.720,116.831,40.074,35.621
97.273,115.490,40.074,35.621
97.422,115.341,40.074,35.621
98.167,116.682,40.074,35.621
97.422,116.533,40.074,35.621
97.869,116.384,40.074,35.621
97.124,115.937,40.074,35.621
97.869,115.490,40.074,35.621
97.720,116.831,40.074,35.621
96.975,114.895,40.074,35.621
96.528,114.448,40.074,35.621
97.273,115.490,40.074,35.621
98.018,117.427,40.074,35.621
96.975,116.682,40.074,35.621
97.422,117.427,40.074,35.621
97.869,116.980,40.074,35.621
97.124,116.235,40.074,35.621
97.571,116.980,40.074,35.621
96.528,116.235,40.074,35.621
96.379,117.576,40.074,35.621
97.422,117.129,40.074,35.621
96.975,118.171,40.074,35.621
96.230,117.129,40.074,35.621
97.273,118.469,40.074,35.621
96.826,119.512,40.074,35.621
96.082,118.767,40.074,35.621
98.088,118.716,39.219,34.862
97.359,117.987,39.219,34.862
99.323,117.657,38.383,34.118
97.183,116.943,38.383,34.118
98.752,117.942,38.383,34.118
97.754,117.514,38.383,34.118
97.611,117.657,38.383,34.118
99.258,119.533,37.565,33.391
98.839,118.556,37.565,33.391
98.420,120.091,37.565,33.391
99.677,119.673,37.565,33.391
100.654,118.975,37.565,33.391
99.677,117.997,37.565,33.391
100.654,116.461,37.565,33.391
99.118,117.160,37.565,33.391
98.699,118.137,37.565,33.391
98.696,118.089,36.763,32.679
98.013,117.133,36.763,32.679
97.464,117.480,37.577,33.402
98.163,118.458,37.577,33.402
97.744,118.039,37.577,33.402
97.604,117.899,37.577,33.402
98.582,117.480,37.577,33.402
97.152,117.545,38.408,34.141
97.865,116.831,38.408,34.141
97.152,117.545,38.408,34.141
97.580,117.117,38.408,34.141
96.581,117.831,38.408,34.141
97.865,117.688,38.408,34.141
97.152,117.831,38.408,34.141
97.580,117.973,38.408,34.141
96.866,118.116,38.408,34.141
97.580,119.115,38.408,34.141
96.581,118.116,38.408,34.141
97.580,117.117,38.408,34.141
96.866,117.260,38.408,34.141
98.151,117.402,38.408,34.141
98.008,117.831,38.408,34.141
97.139,116.416,39.258,34.896
98.744,116.562,39.258,34.896
97.431,115.833,39.258,34.896
97.869,116.270,39.258,34.896
98.598,117.000,39.258,34.896
98.160,115.687,39.258,34.896
99.765,115.833,39.258,34.896
98.744,116.854,39.258,34.896
99.182,116.124,39.258,34.896
100.203,115.979,39.258,34.896
99.765,116.124,39.258,34.896
99.911,117.438,39.258,34.896
100.349,117.875,39.258,34.896
100.495,116.562,39.258,34.896
99.765,117.292,39.258,34.896
101.370,118.021,39.258,34.896
102.392,117.584,39.258,34.896
101.079,118.021,39.258,34.896
102.392,117.584,39.258,34.896
101.370,117.729,39.258,34.896
102.975,117.875,39.258,34.896
101.954,118.605,39.258,34.896
102.684,118.167,39.258,34.896
101.954,118.605,39.258,34.896
103.267,117.875,39.258,34.896
103.705,118.897,39.258,34.896
102.392,117.584,39.258,34.896
103.121,117.438,39.258,34.896
103.267,118.167,39.258,34.896
103.997,118.897,39.258,34.896
102.200,116.846,40.127,35.668
103.542,116.100,40.127,35.668
102.498,116.846,40.127,35.668
103.244,116.100,40.127,35.668
103.691,116.249,40.127,35.668
102.647,116.696,40.127,35.668
103.691,115.652,40.127,35.668
102.946,116.995,40.127,35.668
103.990,116.249,40.127,35.668
103.841,116.100,40.127,35.668
104.288,116.547,40.127,35.668
104.735,116.398,40.127,35.668
103.393,117.442,40.127,35.668
105.034,115.802,40.127,35.668
104.288,115.354,40.127,35.668
104.139,116.398,40.127,35.668
104.469,115.230,41.014,36.457
104.316,114.468,41.014,36.457
103.859,115.230,41.014,36.457
103.402,114.773,41.014,36.457
104.469,115.535,41.014,36.457
103.402,117.212,41.014,36.457
103.554,117.364,41.014,36.457
102.182,117.516,41.014,36.457
103.554,118.279,41.014,36.457
102.182,118.431,41.014,36.457
103.554,117.669,41.014,36.457
101.877,118.431,41.014,36.457
102.214,117.237,41.922,37.264
100.500,118.328,41.922,37.264
101.279,118.172,41.922,37.264
99.877,118.639,41.922,37.264
100.656,119.107,41.922,37.264
99.254,119.886,41.922,37.264
98.163,118.795,41.922,37.264
98.007,117.704,41.922,37.264
97.228,119.107,41.922,37.264
96.138,119.574,41.922,37.264
95.670,119.107,41.922,37.264
95.826,119.574,41.922,37.264
95.982,118.795,41.922,37.264
94.891,119.886,41.922,37.264
95.359,119.418,41.922,37.264
93.956,118.016,41.922,37.264
94.735,119.107,41.922,37.264
93.645,118.951,41.922,37.264
93.800,119.107,41.922,37.264
93.021,118.951,41.922,37.264
93.489,119.418,41.922,37.264
92.398,118.951,41.922,37.264
91.619,120.042,41.922,37.264
91.640,119.144,42.849,38.088
90.844,118.030,42.849,38.088
91.640,117.870,42.849,38.088
90.526,118.348,42.849,38.088
91.003,118.507,42.849,38.088
90.844,117.711,42.849,38.088
90.048,118.189,42.849,38.088
88.417,116.941,43.797,38.931
89.882,118.081,43.797,38.931
88.417,116.616,43.797,38.931
89.231,117.430,43.797,38.931
88.743,116.941,43.797,38.931
87.603,117.755,43.797,38.931
87.766,116.941,43.797,38.931
87.603,116.779,43.797,38.931
86.789,116.941,43.797,38.931
87.929,116.453,43.797,38.931
86.789,116.290,43.797,38.931
87.603,115.476,43.797,38.931
86.464,116.616,43.797,38.931
87.929,116.779,43.797,38.931
86.464,117.592,43.797,38.931
87.929,116.453,43.797,38.931
86.464,116.290,43.797,38.931
87.603,115.802,43.797,38.931
86.138,116.616,43.797,38.931
87.278,116.779,43.797,38.931
86.464,117.918,43.797,38.931
86.952,118.732,43.797,38.931
86.138,117.592,43.797,38.931
87.278,117.430,43.797,38.931
86.464,115.965,43.797,38.931
87.603,117.104,43.797,38.931
86.138,117.267,43.797,38.931
87.603,118.081,43.797,38.931
86.138,116.941,43.797,38.931
87.278,118.406,43.797,38.931
86.789,118.895,43.797,38.931
86.952,120.360,43.797,38.931
86.464,120.197,43.797,38.931
87.929,120.034,43.797,38.931
86.789,121.174,43.797,38.931
86.952,119.383,43.797,38.931
87.766,120.197,43.797,38.931
87.278,119.383,43.797,38.931
88.092,120.197,43.797,38.931
87.603,119.709,43.797,38.931
87.440,120.523,43.797,38.931
88.580,119.709,43.797,38.931
87.766,120.197,43.797,38.931
87.278,120.685,43.797,38.931
88.743,121.499,43.797,38.931
87.603,120.360,43.797,38.931
87.115,118.895,43.797,38.931
88.580,118.406,43.797,38.931
88.743,118.895,43.797,38.931
87.278,118.732,43.797,38.931
88.743,118.895,43.797,38.931
87.278,118.732,43.797,38.931
87.975,118.132,44.766,39.792
88.142,118.299,44.766,39.792
86.312,118.132,44.766,39.792
87.476,117.966,44.766,39.792
86.644,118.132,44.766,39.792
87.809,118.964,44.766,39.792
86.644,118.132,44.766,39.792
87.476,117.633,44.766,39.792
86.312,116.801,44.766,39.792
86.811,117.966,44.766,39.792
86.644,117.467,44.766,39.792
85.812,116.968,44.766,39.792
86.977,116.469,44.766,39.792
85.812,117.633,44.766,39.792
86.312,116.801,44.766,39.792
85.147,116.968,44.766,39.792
84.315,116.801,44.766,39.792
85.480,116.635,44.766,39.792
84.648,116.801,44.766,39.792
85.480,116.635,44.766,39.792
84.648,117.134,44.766,39.792
85.812,117.633,44.766,39.792
84.980,117.134,44.766,39.792
85.812,116.968,44.766,39.792
84.648,116.801,44.766,39.792
85.147,116.968,44.766,39.792
83.982,118.132,44.766,39.792
85.147,116.635,44.766,39.792
83.317,115.803,44.766,39.792
84.149,116.302,44.766,39.792
82.984,117.467,44.766,39.792
84.481,117.633,44.766,39.792
83.982,116.801,44.766,39.792
84.149,116.635,44.766,39.792
82.651,116.469,44.766,39.792
83.816,116.635,44.766,39.792
83.982,115.803,44.766,39.792
83.816,115.969,44.766,39.792
82.984,116.136,44.766,39.792
83.816,116.302,44.766,39.792
83.317,116.801,44.766,39.792
82.152,115.637,44.766,39.792
82.318,114.805,44.766,39.792
83.483,115.969,44.766,39.792
81.986,116.469,44.766,39.792
82.817,116.968,44.766,39.792
82.318,116.801,44.766,39.792
81.486,116.302,44.766,39.792
81.986,118.132,44.766,39.792
82.817,117.300,44.766,39.792
81.653,117.467,44.766,39.792
82.152,116.968,44.766,39.792
81.653,116.801,44.766,39.792
82.817,116.302,44.766,39.792
81.320,117.134,44.766,39.792
81.819,116.968,44.766,39.792
81.986,117.134,44.766,39.792
82.152,117.966,44.766,39.792
81.320,117.467,44.766,39.792
81.486,117.300,44.766,39.792
82.318,118.132,44.766,39.792
81.486,117.633,44.766,39.792
82.318,116.801,44.766,39.792
81.486,116.302,44.766,39.792
80.987,116.801,44.766,39.792
82.485,116.635,44.766,39.792
81.320,117.467,44.766,39.792
82.152,118.299,44.766,39.792
81.320,117.800,44.766,39.792
82.152,117.966,44.766,39.792
82.318,117.467,44.766,39.792
82.817,118.632,44.766,39.792
82.984,117.467,44.766,39.792
82.817,118.632,44.766,39.792
82.984,118.132,44.766,39.792
83.483,117.966,44.766,39.792
82.651,117.134,44.766,39.792
83.483,116.968,44.766,39.792
82.651,116.469,44.766,39.792
83.816,116.968,44.766,39.792
83.317,116.136,44.766,39.792
82.485,116.968,44.766,39.792
83.649,116.801,44.766,39.792
82.485,117.300,44.766,39.792
83.982,118.465,44.766,39.792
84.149,117.966,44.766,39.792
82.984,117.467,44.766,39.792
84.481,117.633,44.766,39.792
83.649,116.469,44.766,39.792
83.483,117.633,44.766,39.792
83.982,117.134,44.766,39.792
84.149,117.966,44.766,39.792
82.651,118.798,44.766,39.792
84.149,118.299,44.766,39.792
82.651,119.463,44.766,39.792
83.816,120.295,44.766,39.792
83.982,119.131,44.766,39.792
84.814,118.299,44.766,39.792
83.649,117.467,44.766,39.792
83.483,117.966,44.766,39.792
83.317,118.465,44.766,39.792
83.483,118.632,44.766,39.792
83.982,117.467,44.766,39.792
83.483,118.964,44.766,39.792
83.649,117.800,44.766,39.792
83.483,118.632,44.766,39.792
83.317,118.132,44.766,39.792
82.817,118.632,44.766,39.792
83.649,117.800,44.766,39.792
82.817,119.297,44.766,39.792
83.649,118.798,44.766,39.792
83.483,117.966,44.766,39.792
82.651,119.131,44.766,39.792
82.817,118.632,44.766,39.792
83.649,117.467,44.766,39.792
82.152,117.633,44.766,39.792
82.318,116.801,44.766,39.792
81.819,117.966,44.766,39.792
82.984,118.132,44.766,39.792
83.150,117.966,44.766,39.792
81.653,118.132,44.766,39.792
82.817,118.299,44.766,39.792
82.984,118.465,44.766,39.792
83.150,117.966,44.766,39.792
81.653,118.798,44.766,39.792
82.485,118.632,44.766,39.792
82.651,118.798,44.766,39.792
83.150,117.966,44.766,39.792
81.986,117.467,44.766,39.792
83.150,119.963,44.766,39.792
81.986,119.463,44.766,39.792
83.483,120.295,44.766,39.792
82.318,119.796,44.766,39.792
83.150,118.964,44.766,39.792
81.986,118.465,44.766,39.792
83.816,120.295,44.766,39.792
82.984,120.462,44.766,39.792
83.816,120.628,44.766,39.792
82.984,119.463,44.766,39.792
84.149,120.628,44.766,39.792
82.651,119.463,44.766,39.792
83.483,120.295,44.766,39.792
83.317,119.463,44.766,39.792
83.816,120.295,44.766,39.792
84.648,120.129,44.766,39.792
83.816,119.630,44.766,39.792
84.315,118.465,44.766,39.792
84.481,120.295,44.766,39.792
83.982,119.796,44.766,39.792
85.480,118.964,44.766,39.792
84.980,118.132,44.766,39.792
85.812,117.633,44.766,39.792
85.313,117.134,44.766,39.792
85.147,117.633,44.766,39.792
84.315,118.465,44.766,39.792
85.147,119.297,44.766,39.792
84.648,119.131,44.766,39.792
85.812,119.630,44.766,39.792
86.644,118.798,44.766,39.792
85.147,118.299,44.766,39.792
85.646,118.798,44.766,39.792
86.811,117.966,44.766,39.792
85.979,117.134,44.766,39.792
86.811,116.635,44.766,39.792
86.312,116.801,44.766,39.792
86.949,119.310,43.812,38.944
87.112,118.822,43.812,38.944
86.624,119.636,43.812,38.944
86.135,119.148,43.812,38.944
87.275,118.333,43.812,38.944
87.763,120.125,43.812,38.944
86.949,119.962,43.812,38.944
87.438,120.450,43.812,38.944
88.578,120.287,43.812,38.944
88.415,119.473,43.812,38.944
87.926,120.613,43.812,38.944
88.089,120.125,43.812,38.944
88.578,119.310,43.812,38.944
89.392,119.799,43.812,38.944
88.578,119.636,43.812,38.944
89.717,119.473,43.812,38.944
88.252,120.613,43.812,38.944
89.392,120.125,43.812,38.944
89.229,120.613,43.812,38.944
89.066,120.125,43.812,38.944
89.555,118.985,43.812,38.944
89.717,119.799,43.812,38.944
88.578,119.310,43.812,38.944
90.369,119.148,43.812,38.944
89.229,118.659,43.812,38.944
90.043,118.822,43.812,38.944
89.555,119.310,43.812,38.944
90.694,118.496,43.812,38.944
89.555,118.008,43.812,38.944
90.694,119.473,43.812,38.944
89.229,118.659,43.812,38.944
90.369,119.473,43.812,38.944
90.857,118.985,43.812,38.944
90.043,119.148,43.812,38.944
90.532,117.356,43.812,38.944
91.020,117.845,43.812,38.944
90.206,117.682,43.812,38.944
91.020,117.519,43.812,38.944
89.555,118.333,43.812,38.944
90.694,118.496,43.812,38.944
89.229,119.310,43.812,38.944
90.369,118.822,43.812,38.944
89.555,118.659,43.812,38.944
90.043,118.496,43.812,38.944
88.903,118.333,43.812,38.944
90.043,118.170,43.812,38.944
89.229,117.682,43.812,38.944
89.392,118.170,43.812,38.944
89.555,117.682,43.812,38.944
90.694,118.822,43.812,38.944
88.578,118.659,43.812,38.944
90.043,117.845,43.812,38.944
88.578,119.310,43.812,38.944
89.717,118.496,43.812,38.944
87.926,118.659,43.812,38.944
89.066,118.496,43.812,38.944
87.926,118.333,43.812,38.944
88.740,118.822,43.812,38.944
87.275,119.310,43.812,38.944
88.740,118.822,43.812,38.944
87.275,118.659,43.812,38.944
88.415,119.147,43.812,38.944
88.252,118.333,43.812,38.944
87.112,118.170,43.812,38.944
88.252,119.636,43.812,38.944
88.415,119.147,43.812,38.944
87.601,118.008,43.812,38.944
86.786,119.799,43.812,38.944
87.601,118.333,43.812,38.944
86.786,117.845,43.812,38.944
87.275,120.287,43.812,38.944
88.415,119.147,43.812,38.944
87.275,118.333,43.812,38.944
87.763,118.170,43.812,38.944
86.949,117.682,43.812,38.944
88.089,120.450,43.812,38.944
87.275,119.962,43.812,38.944
87.112,120.124,43.812,38.944
86.949,118.985,43.812,38.944
87.438,120.124,43.812,38.944
88.578,118.985,43.812,38.944
87.438,118.822,43.812,38.944
87.601,119.962,43.812,38.944
86.461,119.473,43.812,38.944
87.926,119.310,43.812,38.944
86.461,118.822,43.812,38.944
87.926,119.310,43.812,38.944
87.112,120.450,43.812,38.944
87.601,120.613,43.812,38.944
86.461,120.450,43.812,38.944
88.252,119.636,43.812,38.944
86.786,119.147,43.812,38.944
86.949,118.985,43.812,38.944
87.438,119.473,43.812,38.944
87.122,118.535,44.781,39.805
85.624,118.369,44.781,39.805
86.789,118.535,44.781,39.805
86.956,118.702,44.781,39.805
87.122,117.870,44.781,39.805
85.624,118.369,44.781,39.805
87.122,119.201,44.781,39.805
86.290,118.702,44.781,39.805
86.456,117.870,44.781,39.805
86.623,117.038,44.781,39.805
86.789,117.537,44.781,39.805
85.957,118.702,44.781,39.805
87.788,117.204,44.781,39.805
86.290,116.705,44.781,39.805
86.456,116.538,44.781,39.805
87.288,118.036,44.781,39.805
86.123,117.870,44.781,39.805
86.623,118.036,44.781,39.805
86.789,117.204,44.781,39.805
86.623,116.705,44.781,39.805
86.789,116.538,44.781,39.805
86.956,118.036,44.781,39.805
86.456,117.537,44.781,39.805
85.957,118.036,44.781,39.805
87.455,117.204,44.781,39.805
85.957,116.372,44.781,39.805
87.122,115.872,44.781,39.805
85.624,114.707,44.781,39.805
86.123,114.874,44.781,39.805
85.291,114.707,44.781,39.805
85.458,115.540,44.781,39.805
84.958,116.705,44.781,39.805
86.123,116.205,44.781,39.805
84.958,118.036,44.781,39.805
85.790,117.204,44.781,39.805
84.958,117.703,44.781,39.805
85.790,117.204,44.781,39.805
84.625,117.703,44.781,39.805
85.125,117.204,44.781,39.805
83.960,116.705,44.781,39.805
85.125,116.538,44.781,39.805
83.627,118.036,44.781,39.805
84.459,117.870,44.781,39.805
83.627,117.370,44.781,39.805
83.793,118.203,44.781,39.805
83.627,118.036,44.781,39.805
82.795,117.870,44.781,39.805
83.294,118.036,44.781,39.805
82.129,117.537,44.781,39.805
81.630,118.036,44.781,39.805
82.795,117.537,44.781,39.805
81.630,117.370,44.781,39.805
81.796,116.871,44.781,39.805
81.962,116.372,44.781,39.805
81.130,116.205,44.781,39.805
79.965,117.037,44.781,39.805
81.463,116.538,44.781,39.805
79.965,117.703,44.781,39.805
81.130,116.205,44.781,39.805
79.299,116.039,44.781,39.805
79.133,115.207,44.781,39.805
78.634,115.706,44.781,39.805
78.800,116.205,44.781,39.805
77.968,118.702,44.781,39.805
78.800,118.203,44.781,39.805
77.302,119.368,44.781,39.805
76.137,118.535,44.781,39.805
76.969,118.369,44.781,39.805
76.137,117.870,44.781,39.805
74.639,116.372,44.781,39.805
75.804,116.538,44.781,39.805
74.972,117.037,44.781,39.805
75.139,116.538,44.781,39.805
73.641,117.370,44.781,39.805
74.473,117.204,44.781,39.805
72.975,118.036,44.781,39.805
73.807,117.870,44.781,39.805
72.642,117.037,44.781,39.805
72.476,118.202,44.781,39.805
71.310,117.703,44.781,39.805
71.810,118.868,44.781,39.805
71.976,118.036,44.781,39.805
71.144,117.204,44.781,39.805
69.646,116.372,44.781,39.805
70.811,116.871,44.781,39.805
69.646,116.372,44.781,39.805
69.813,116.871,44.781,39.805
69.313,116.039,44.781,39.805
68.481,115.207,44.781,39.805
67.649,114.707,44.781,39.805
68.814,114.208,44.781,39.805
67.848,114.472,43.826,38.957
67.359,114.961,43.826,38.957
67.848,115.775,43.826,38.957
66.382,115.286,43.826,38.957
67.196,114.798,43.826,38.957
65.730,115.286,43.826,38.957
64.916,114.798,43.826,38.957
66.056,115.612,43.826,38.957
64.916,115.124,43.826,38.957
65.079,113.658,43.826,38.957
64.761,114.544,42.892,38.126
64.601,114.066,42.892,38.126
64.442,113.906,42.892,38.126
65.558,115.341,42.892,38.126
63.485,114.863,42.892,38.126
64.601,115.660,42.892,38.126
62.848,115.500,42.892,38.126
63.645,114.385,42.892,38.126
62.529,113.587,42.892,38.126
63.964,114.066,42.892,38.126
62.529,114.225,42.892,38.126
63.645,112.790,42.892,38.126
61.891,113.587,42.892,38.126
62.688,115.022,42.892,38.126
61.254,113.906,42.892,38.126
62.688,115.022,42.892,38.126
60.935,113.269,42.892,38.126
62.051,112.790,42.892,38.126
60.935,113.587,42.892,38.126
61.732,114.066,42.892,38.126
60.616,113.269,42.892,38.126
59.500,113.747,42.892,38.126
61.254,113.906,42.892,38.126
60.138,113.747,42.892,38.126
60.935,113.587,42.892,38.126
59.819,112.790,42.892,38.126
59.341,113.269,42.892,38.126
60.775,113.428,42.892,38.126
59.022,111.993,42.892,38.126
60.138,111.515,42.892,38.126
59.341,112.631,42.892,38.126
59.819,113.747,42.892,38.126
58.703,113.269,42.892,38.126
57.906,112.790,42.892,38.126
59.022,113.587,42.892,38.126
58.225,113.109,42.892,38.126
58.703,112.950,42.892,38.126
57.268,112.790,42.892,38.126
58.703,112.950,42.892,38.126
56.950,113.109,42.892,38.126
58.065,112.631,42.892,38.126
57.268,114.066,42.892,38.126
58.384,112.950,42.892,38.126
56.950,112.790,42.892,38.126
57.109,113.269,42.892,38.126
56.312,112.790,42.892,38.126
57.428,111.993,42.892,38.126
56.312,111.196,42.892,38.126
56.152,112.312,42.892,38.126
55.674,112.472,42.892,38.126
54.558,112.631,42.892,38.126
54.080,113.109,42.892,38.126
55.196,111.993,42.892,38.126
54.399,112.153,42.892,38.126
55.196,111.993,42.892,38.126
54.080,112.153,42.892,38.126
53.283,111.993,42.892,38.126
53.761,111.834,42.892,38.126
52.964,113.587,42.892,38.126
53.761,112.472,42.892,38.126
52.645,112.312,42.892,38.126
52.486,112.153,42.892,38.126
53.921,112.631,42.892,38.126
52.486,113.109,42.892,38.126
53.283,112.631,42.892,38.126
53.124,114.066,42.892,38.126
52.326,113.906,42.892,38.126
53.124,115.022,42.892,38.126
52.008,113.587,42.892,38.126
52.805,114.703,42.892,38.126
51.689,114.544,42.892,38.126
52.486,114.385,42.892,38.126
53.283,114.225,42.892,38.126
52.167,113.428,42.892,38.126
52.327,114.544,42.892,38.126
51.529,113.747,42.892,38.126
52.645,114.225,42.892,38.126
50.892,113.428,42.892,38.126
51.689,113.906,42.892,38.126
50.892,114.066,42.892,38.126
51.370,114.225,42.892,38.126
52.167,113.428,42.892,38.126
51.370,112.950,42.892,38.126
51.529,113.428,42.892,38.126
51.689,113.587,42.892,38.126
50.573,114.066,42.892,38.126
50.414,113.587,42.892,38.126
51.529,113.109,42.892,38.126
51.370,112.950,42.892,38.126
51.211,112.153,42.892,38.126
51.689,111.993,42.892,38.126
50.573,111.196,42.892,38.126
51.051,111.674,42.892,38.126
51.529,112.790,42.892,38.126
52.008,112.312,42.892,38.126
50.892,112.153,42.892,38.126
51.370,111.356,42.892,38.126
52.167,111.515,42.892,38.126
51.370,111.037,42.892,38.126
52.167,110.877,42.892,38.126
51.689,111.674,42.892,38.126
50.892,113.109,42.892,38.126
52.008,112.312,42.892,38.126
51.848,111.834,42.892,38.126
52.326,112.312,42.892,38.126
52.486,111.196,42.892,38.126
53.602,111.674,42.892,38.126
51.848,112.790,42.892,38.126
52.645,113.269,42.892,38.126
51.848,113.109,42.892,38.126
52.964,113.269,42.892,38.126
53.124,113.428,42.892,38.126
52.326,112.950,42.892,38.126
53.761,113.747,42.892,38.126
52.326,114.544,42.892,38.126
53.442,114.066,42.892,38.126
52.964,113.587,42.892,38.126
52.486,114.066,42.892,38.126
53.602,113.906,42.892,38.126
51.848,114.385,42.892,38.126
52.964,113.587,42.892,38.126
52.167,113.109,42.892,38.126
53.283,113.269,42.892,38.126
52.486,113.109,42.892,38.126
53.602,113.587,42.892,38.126
51.848,113.109,42.892,38.126
52.326,113.269,42.892,38.126
53.124,112.472,42.892,38.126
52.645,113.906,42.892,38.126
52.167,112.790,42.892,38.126
52.964,112.950,42.892,38.126
51.848,111.834,42.892,38.126
53.283,113.906,42.892,38.126
52.805,112.153,42.892,38.126
52.645,110.718,42.892,38.126
52.167,111.834,42.892,38.126
53.602,111.993,42.892,38.126
52.167,111.196,42.892,38.126
53.602,112.312,42.892,38.126
52.486,111.834,42.892,38.126
54.558,112.950,42.892,38.126
52.805,112.472,42.892,38.126
53.921,112.312,42.892,38.126
53.124,112.153,42.892,38.126
54.239,111.674,42.892,38.126
54.080,112.472,42.892,38.126
53.921,111.674,42.892,38.126
54.399,112.472,42.892,38.126
54.239,111.674,42.892,38.126
55.037,113.109,42.892,38.126
54.558,111.993,42.892,38.126
53.761,112.153,42.892,38.126
54.877,111.993,42.892,38.126
54.399,112.153,42.892,38.126
55.834,111.993,42.892,38.126
54.718,113.428,42.892,38.126
55.196,112.631,42.892,38.126
55.674,111.834,42.892,38.126
54.558,111.356,42.892,38.126
55.784,110.994,41.977,37.313
56.876,112.710,41.977,37.313
56.096,111.930,41.977,37.313
55.628,113.022,41.977,37.313
57.032,111.930,41.977,37.313
55.628,112.086,41.977,37.313
57.344,112.866,41.977,37.313
56.876,112.398,41.977,37.313
58.280,112.554,41.977,37.313
57.188,112.710,41.977,37.313
57.968,112.554,41.977,37.313
58.748,111.150,41.977,37.313
57.968,112.554,41.977,37.313
59.372,111.462,41.977,37.313
57.968,111.930,41.977,37.313
60.070,113.982,41.082,36.517
58.390,113.524,41.082,36.517
59.154,113.066,41.082,36.517
58.696,113.524,41.082,36.517
60.375,113.066,41.082,36.517
59.306,113.829,41.082,36.517
60.375,113.371,41.082,36.517
59.306,112.913,41.082,36.517
60.681,113.982,41.082,36.517
59.917,114.745,41.082,36.517
61.291,113.982,41.082,36.517
59.917,115.051,41.082,36.517
60.681,113.982,41.082,36.517
59.612,113.524,41.082,36.517
60.681,113.371,41.082,36.517
60.222,112.913,41.082,36.517
59.764,114.593,41.082,36.517
60.833,113.829,41.082,36.517
60.375,113.066,41.082,36.517
59.612,112.608,41.082,36.517
60.681,112.150,41.082,36.517
60.222,113.524,41.082,36.517
59.764,112.455,41.082,36.517
60.833,111.997,41.082,36.517
60.070,111.539,41.082,36.517
59.306,110.775,41.082,36.517
59.764,112.455,41.082,36.517
59.917,111.692,41.082,36.517
59.154,112.455,41.082,36.517
59.001,111.997,41.082,36.517
58.848,112.455,41.082,36.517
60.222,111.692,41.082,36.517
58.848,112.150,41.082,36.517
59.917,114.135,41.082,36.517
59.764,114.898,41.082,36.517
59.306,114.440,41.082,36.517
59.154,114.593,41.082,36.517
59.001,113.829,41.082,36.517
57.627,115.203,41.082,36.517
59.612,114.135,41.082,36.517
60.070,114.287,41.082,36.517
58.390,112.608,41.082,36.517
59.459,113.371,41.082,36.517
59.306,112.608,41.082,36.517
58.848,113.371,41.082,36.517
60.222,111.997,41.082,36.517
58.543,112.760,41.082,36.517
59.612,111.081,41.082,36.517
58.848,111.539,41.082,36.517
59.612,111.081,41.082,36.517
60.070,112.150,41.082,36.517
58.085,113.218,41.082,36.517
58.848,113.677,41.082,36.517
59.612,113.218,41.082,36.517
59.154,113.371,41.082,36.517
58.696,113.829,41.082,36.517
59.764,114.287,41.082,36.517
59.917,114.135,41.082,36.517
59.764,114.593,41.082,36.517
59.612,114.135,41.082,36.517
59.764,115.203,41.082,36.517
60.222,115.051,41.082,36.517
59.459,114.898,41.082,36.517
60.113,113.702,41.991,37.325
58.709,113.234,41.991,37.325
62.298,113.702,41.991,37.325
61.206,111.673,41.991,37.325
60.579,109.479,42.920,38.151
59.277,107.237,43.869,38.995
61.723,105.769,43.869,38.995
60.053,102.124,44.840,39.858
60.220,105.623,44.840,39.858
58.720,110.123,44.840,39.858
58.554,111.623,44.840,39.858
58.720,113.456,44.840,39.858
57.360,111.805,45.832,40.740
58.552,111.635,45.832,40.740
56.808,112.068,46.846,41.641
57.330,110.501,46.846,41.641
55.415,113.112,46.846,41.641
55.589,114.331,46.846,41.641
56.928,114.943,45.847,40.753
57.439,115.454,45.847,40.753
57.950,114.261,45.847,40.753
58.603,116.174,44.869,39.884
58.599,117.724,43.912,39.033
59.540,118.927,42.976,38.201
59.380,115.892,42.976,38.201
60.178,117.330,42.976,38.201
59.699,115.573,42.976,38.201
58.901,115.094,42.976,38.201
60.744,116.271,42.060,37.386
61.042,115.615,41.163,36.589
60.744,115.562,40.285,35.809
61.792,115.413,40.285,35.809
63.232,116.227,39.426,35.045
63.085,116.667,39.426,35.045
61.889,115.215,40.298,35.820
61.739,115.665,40.298,35.820
63.387,115.515,40.298,35.820
61.542,115.895,41.190,36.613
62.614,114.824,41.190,36.613
61.046,114.260,42.101,37.423
61.829,113.791,42.101,37.423
62.730,114.642,41.203,36.625
61.658,112.957,41.203,36.625
62.730,113.723,41.203,36.625
61.162,112.206,42.115,37.435
61.945,113.302,42.115,37.435
61.475,112.206,42.115,37.435
60.380,112.988,42.115,37.435
61.162,112.206,42.115,37.435
61.319,112.675,42.115,37.435
61.162,113.771,42.115,37.435
61.632,112.988,42.115,37.435
60.849,112.519,42.115,37.435
60.693,113.615,42.115,37.435
60.849,114.084,42.115,37.435
60.380,113.302,42.115,37.435
61.475,114.710,42.115,37.435
60.067,114.241,42.115,37.435
60.849,113.771,42.115,37.435
60.380,112.988,42.115,37.435
61.162,111.893,42.115,37.435
59.560,112.615,43.047,38.264
59.400,114.375,43.047,38.264
61.159,112.935,43.047,38.264
60.185,113.674,43.999,39.110
59.041,112.856,43.999,39.110
58.550,113.020,43.999,39.110
59.041,114.165,43.999,39.110
58.550,114.328,43.999,39.110
58.714,114.492,43.999,39.110
58.877,113.347,43.999,39.110
57.881,113.763,44.972,39.975
57.046,112.258,44.972,39.975
56.544,114.766,44.972,39.975
57.380,112.593,44.972,39.975
58.216,111.757,44.972,39.975
57.714,111.924,44.972,39.975
57.213,112.760,44.972,39.975
56.377,110.587,44.972,39.975
56.544,110.754,44.972,39.975
57.380,109.584,44.972,39.975
56.544,109.082,44.972,39.975
57.380,109.250,44.972,39.975
56.544,109.751,44.972,39.975
56.377,110.253,44.972,39.975
56.210,110.754,44.972,39.975
56.043,111.590,44.972,39.975
57.006,110.566,44.013,39.123
56.842,111.384,44.013,39.123
57.660,112.202,44.013,39.123
57.169,112.693,44.013,39.123
56.024,110.893,44.013,39.123
55.860,111.711,44.013,39.123
57.333,110.893,44.013,39.123
56.188,111.057,44.013,39.123
56.678,112.202,44.013,39.123
56.842,111.057,44.013,39.123
56.351,110.566,44.013,39.123
55.860,110.402,44.013,39.123
58.380,111.923,43.075,38.289
56.740,109.340,44.028,39.136
56.577,110.486,44.028,39.136
56.086,109.340,44.028,39.136
56.904,111.140,44.028,39.136
56.740,110.650,44.028,39.136
56.083,110.386,45.002,40.002
55.247,109.550,45.002,40.002
54.411,112.059,45.002,40.002
56.251,111.223,45.002,40.002
55.414,111.724,45.002,40.002
54.913,111.892,45.002,40.002
55.414,112.728,45.002,40.002
55.411,112.026,44.042,39.149
57.539,113.827,44.042,39.149
56.720,113.008,44.042,39.149
57.866,115.791,44.042,39.149
56.530,115.867,45.017,40.015
55.358,113.358,45.017,40.015
53.993,110.311,46.013,40.900
53.137,108.430,46.013,40.900
55.019,109.285,46.013,40.900
54.164,110.140,46.013,40.900
56.045,110.995,46.013,40.900
54.506,110.482,46.013,40.900
56.809,113.061,45.031,40.028
55.303,112.224,45.031,40.028
57.479,113.396,45.031,40.028
56.642,113.898,45.031,40.028
55.805,114.400,45.031,40.028
56.977,113.228,45.031,40.028
57.814,112.057,45.031,40.028
56.977,110.216,45.031,40.028
58.148,108.710,45.031,40.028
59.435,109.620,44.071,39.174
58.616,108.474,44.071,39.174
58.452,108.638,44.071,39.174
58.616,108.474,44.071,39.174
58.978,109.230,45.046,40.041
58.476,108.393,45.046,40.041
59.194,108.818,46.043,40.927
57.996,107.963,46.043,40.927
57.824,108.818,46.043,40.927
60.049,108.305,46.043,40.927
58.851,108.134,46.043,40.927
60.391,108.647,46.043,40.927
59.194,109.161,46.043,40.927
58.680,108.647,46.043,40.927
59.878,108.476,46.043,40.927
60.391,109.332,46.043,40.927
59.536,109.845,46.043,40.927
58.680,109.332,46.043,40.927
60.563,110.530,46.043,40.927
60.049,110.701,46.043,40.927
57.587,108.295,47.062,41.832
59.606,109.921,46.058,40.940
58.750,108.381,46.058,40.940
60.975,110.264,46.058,40.940
59.435,109.408,46.058,40.940
58.921,110.606,46.058,40.940
60.462,109.065,46.058,40.940
60.291,110.264,46.058,40.940
60.804,110.092,46.058,40.940
61.660,110.264,46.058,40.940
60.804,111.119,46.058,40.940
62.345,110.264,46.058,40.940
61.147,111.804,46.058,40.940
62.793,112.406,45.076,40.067
61.955,111.568,45.076,40.067
62.793,112.071,45.076,40.067
62.960,110.563,45.076,40.067
63.798,111.401,45.076,40.067
63.630,111.233,45.076,40.067
63.463,111.736,45.076,40.067
64.300,112.908,45.076,40.067
64.803,113.076,45.076,40.067
65.445,113.665,44.114,39.213
64.297,112.845,44.114,39.213
63.806,112.681,44.114,39.213
65.609,113.173,44.114,39.213
63.930,112.569,45.090,40.080
63.763,111.731,45.090,40.080
64.601,112.569,45.090,40.080
63.763,111.061,45.090,40.080
63.260,111.228,45.090,40.080
64.433,111.396,45.090,40.080
63.930,111.228,45.090,40.080
63.428,112.066,45.090,40.080
63.930,111.228,45.090,40.080
64.433,112.401,45.090,40.080
64.265,113.574,45.090,40.080
64.098,114.412,45.090,40.080
65.709,116.293,44.129,39.226
64.561,114.817,44.129,39.226
66.138,116.658,43.188,38.389
65.516,115.675,42.267,37.571
65.045,116.461,42.267,37.571
66.144,116.618,42.267,37.571
65.359,116.775,42.267,37.571
66.458,116.932,42.267,37.571
65.359,118.346,42.267,37.571
67.401,120.074,42.267,37.571
66.186,120.323,41.366,36.769
68.850,122.938,40.483,35.985
67.195,120.380,40.483,35.985
66.443,116.919,40.483,35.985
66.463,115.116,41.379,36.781
65.694,114.040,41.379,36.781
66.155,114.809,41.379,36.781
66.496,113.923,42.295,37.595
64.560,114.975,43.230,38.427
65.363,115.136,43.230,38.427
64.881,114.654,43.230,38.427
66.327,113.850,43.230,38.427
65.845,115.296,43.230,38.427
67.291,114.172,43.230,38.427
65.845,115.296,43.230,38.427
67.613,114.172,43.230,38.427
65.967,112.913,44.187,39.277
66.460,112.092,44.187,39.277
65.311,112.913,44.187,39.277
66.460,113.077,44.187,39.277
65.311,113.898,44.187,39.277
66.460,112.092,44.187,39.277
64.982,113.570,44.187,39.277
66.132,113.077,44.187,39.277
66.296,113.241,44.187,39.277
66.789,113.734,44.187,39.277
65.107,113.811,45.164,40.146
67.045,113.430,44.201,39.290
65.895,112.608,44.201,39.290
65.731,113.101,44.201,39.290
66.223,112.280,44.201,39.290
65.731,112.444,44.201,39.290
66.223,113.266,44.201,39.290
66.716,113.430,44.201,39.290
65.566,113.266,44.201,39.290
66.388,114.087,44.201,39.290
66.223,114.908,44.201,39.290
65.731,116.058,44.201,39.290
64.909,115.566,44.201,39.290
66.059,114.416,44.201,39.290
64.909,113.923,44.201,39.290
65.073,114.416,44.201,39.290
65.566,114.580,44.201,39.290
64.088,114.087,44.201,39.290
64.252,114.580,44.201,39.290
64.088,115.073,44.201,39.290
62.938,113.266,44.201,39.290
63.431,113.430,44.201,39.290
62.281,113.266,44.201,39.290
63.431,113.430,44.201,39.290
61.952,112.937,44.201,39.290
63.102,113.430,44.201,39.290
63.595,113.266,44.201,39.290
62.445,112.773,44.201,39.290
61.952,114.251,44.201,39.290
64.088,114.744,44.201,39.290
62.938,114.251,44.201,39.290
64.088,114.744,44.201,39.290
63.923,114.580,44.201,39.290
64.088,115.730,44.201,39.290
65.895,115.566,44.201,39.290
64.745,114.416,44.201,39.290
65.238,113.923,44.201,39.290
66.716,113.101,44.201,39.290
65.566,113.594,44.201,39.290
67.702,114.744,44.201,39.290
66.552,115.237,44.201,39.290
68.359,116.058,44.201,39.290
68.195,116.880,44.201,39.290
68.359,114.416,44.201,39.290
69.509,115.237,44.201,39.290
69.822,116.131,43.259,38.452
71.591,116.935,43.259,38.452
70.465,115.488,43.259,38.452
69.983,114.041,43.259,38.452
70.909,115.226,42.336,37.632
72.325,115.698,42.336,37.632
72.168,115.855,42.336,37.632
70.883,115.929,43.273,38.465
69.757,114.481,43.273,38.465
72.170,113.677,43.273,38.465
70.722,114.481,43.273,38.465
73.135,115.285,43.273,38.465
72.009,115.768,43.273,38.465
71.205,115.929,43.273,38.465
72.974,118.019,43.273,38.465
71.848,116.250,43.273,38.465
73.296,116.411,43.273,38.465
71.848,114.642,43.273,38.465
73.296,116.733,43.273,38.465
72.170,117.537,43.273,38.465
72.331,117.698,43.273,38.465
72.170,117.858,43.273,38.465
71.687,117.054,43.273,38.465
73.778,117.537,43.273,38.465
73.617,114.803,43.273,38.465
72.813,113.677,43.273,38.465
72.009,112.229,43.273,38.465
71.205,112.390,43.273,38.465
71.044,111.908,43.273,38.465
70.240,111.425,43.273,38.465
71.687,111.586,43.273,38.465
69.707,109.992,44.230,39.316
69.214,111.143,44.230,39.316
70.693,110.321,44.230,39.316
68.328,108.692,45.209,40.186
69.944,110.902,44.245,39.329
68.464,109.094,44.245,39.329
67.641,110.574,44.245,39.329
69.779,111.396,44.245,39.329
68.628,110.902,44.245,39.329
68.135,110.738,44.245,39.329
69.286,111.231,44.245,39.329
68.464,110.080,44.245,39.329
67.641,109.587,44.245,39.329
66.819,110.409,44.245,39.329
68.628,109.916,44.245,39.329
67.477,109.751,44.245,39.329
66.655,110.902,44.245,39.329
69.121,108.765,44.245,39.329
67.970,110.245,44.245,39.329
69.868,110.189,43.301,38.490
68.098,110.993,43.301,38.490
70.266,112.179,42.378,37.669
69.479,112.337,42.378,37.669
70.266,111.234,42.378,37.669
68.653,109.674,43.315,38.503
70.822,110.239,42.392,37.682
69.089,111.027,42.392,37.682
69.997,111.884,41.488,36.878
70.768,112.039,41.488,36.878
69.872,113.175,40.603,36.092
71.532,111.817,40.603,36.092
70.174,112.571,40.603,36.092
72.136,111.213,40.603,36.092
70.778,111.968,40.603,36.092
71.065,111.916,39.737,35.322
72.770,111.296,38.890,34.569
72.048,112.308,38.890,34.569
71.036,112.453,38.890,34.569
72.147,110.732,38.060,33.831
72.144,111.774,37.249,33.110
72.005,111.359,37.249,33.110
73.603,112.112,36.454,32.404
72.384,112.789,36.454,32.404
72.249,111.299,36.454,32.404
74.335,111.775,35.677,31.713
72.611,112.173,35.677,31.713
74.909,111.616,34.916,31.037
74.000,113.044,34.916,31.037
73.351,113.433,34.916,31.037
72.703,112.006,34.916,31.037
74.130,110.838,34.916,31.037
72.962,112.265,34.916,31.037
72.313,113.693,34.916,31.037
71.664,112.784,34.916,31.037
72.573,113.952,34.916,31.037
71.664,112.784,34.916,31.037
72.912,113.991,34.172,30.375
71.769,114.118,34.172,30.375
71.642,114.753,34.172,30.375
73.353,114.710,33.443,29.727
72.234,114.585,33.443,29.727
73.353,114.212,33.443,29.727
72.234,114.585,33.443,29.727
71.613,114.958,33.443,29.727
71.240,115.828,33.443,29.727
73.394,116.265,32.730,29.093
71.896,116.827,33.454,29.737
72.852,116.065,32.740,29.103
72.243,116.430,32.740,29.103
71.635,116.795,32.740,29.103
71.513,115.943,32.740,29.103
71.391,115.578,32.740,29.103
70.296,115.943,32.740,29.103
69.444,116.552,32.740,29.103
70.849,116.510,32.042,28.482
70.492,116.629,32.042,28.482
69.273,116.685,32.751,29.112
68.664,117.294,32.751,29.112
70.538,115.844,32.053,28.491
69.466,115.963,32.053,28.491
70.062,117.035,32.053,28.491
69.704,117.631,32.053,28.491
68.871,117.988,32.053,28.491
70.935,116.800,31.369,27.884
69.499,117.338,32.063,28.501
68.426,118.172,32.063,28.501
69.802,115.834,31.379,27.893
69.452,116.417,31.379,27.893
68.636,117.234,31.379,27.893
69.757,117.868,30.710,27.298
69.871,118.211,30.710,27.298
69.757,117.183,30.710,27.298
69.187,117.526,30.710,27.298
68.616,116.955,30.710,27.298
68.273,117.526,30.710,27.298
69.811,118.587,30.055,26.716
68.806,117.358,30.055,26.716
69.449,116.889,29.414,26.146
69.340,117.217,29.414,26.146
69.887,117.983,29.414,26.146
69.121,118.092,29.414,26.146
70.105,118.857,29.414,26.146
69.121,119.623,29.414,26.146
71.015,118.953,28.787,25.589
70.480,119.274,28.787,25.589
71.015,118.311,28.787,25.589
70.694,118.846,28.787,25.589
70.587,119.809,28.787,25.589
72.235,119.360,28.173,25.043
71.293,120.302,28.173,25.043
71.816,120.826,28.173,25.043
71.712,119.255,28.173,25.043
71.508,120.825,28.797,25.597
72.472,121.146,28.797,25.597
71.723,121.681,28.797,25.597
71.616,120.076,28.797,25.597
71.407,120.452,28.183,25.051
72.559,120.347,28.183,25.051
72.245,120.661,28.183,25.051
72.444,120.020,27.582,24.517
71.932,119.507,27.582,24.517
73.059,120.020,27.582,24.517
72.752,120.532,27.582,24.517
72.649,121.455,27.582,24.517
72.547,121.763,27.582,24.517
72.544,122.123,26.993,23.994
72.645,122.424,26.993,23.994
73.416,121.616,26.418,23.482
72.818,122.477,27.002,24.002
73.009,122.055,26.426,23.490
72.818,123.347,25.863,22.989
72.722,122.674,25.863,22.989
72.905,122.456,25.311,22.499
72.721,121.336,24.772,22.019
73.550,121.981,24.772,22.019
72.906,120.968,24.772,22.019
72.548,122.711,24.243,21.550
72.999,123.342,24.243,21.550
73.344,122.790,23.726,21.090
72.832,121.740,23.220,20.640
72.997,121.544,22.725,20.200
73.809,122.655,22.240,19.769
74.388,122.407,22.240,19.769
73.478,123.812,22.240,19.769
74.592,123.625,21.766,19.348
75.158,123.544,21.766,19.348
75.312,123.984,21.302,18.935
74.700,123.194,20.848,18.531
75.594,124.960,20.403,18.136
76.324,124.788,19.968,17.749
76.751,125.907,19.542,17.371
76.243,124.527,19.542,17.371
77.042,125.181,19.542,17.371
76.969,124.236,19.542,17.371
78.087,125.612,19.125,17.000
78.443,124.545,19.125,17.000
78.441,126.028,18.718,16.638
79.206,125.542,18.718,16.638
79.554,126.446,18.718,16.638
80.598,126.098,18.718,16.638
80.060,127.281,18.318,16.283
80.400,126.941,18.318,16.283
81.013,125.783,18.318,16.283
81.762,125.171,18.318,16.283
82.511,124.013,18.318,16.283
82.987,123.264,18.318,16.283
82.511,124.694,18.318,16.283
83.941,125.988,18.318,16.283
83.677,125.439,17.928,15.936
84.010,124.840,17.928,15.936
85.036,124.303,17.546,15.596
85.537,125.538,17.171,15.263
86.112,126.623,17.171,15.263
86.725,127.585,16.805,14.938
87.662,127.898,16.805,14.938
87.299,128.238,16.447,14.619
87.972,127.687,16.447,14.619
89.011,128.849,16.447,14.619
89.928,128.176,16.447,14.619
90.478,128.360,16.447,14.619
91.028,125.854,16.447,14.619
91.701,126.404,16.447,14.619
91.464,125.558,16.096,14.308
92.154,126.230,15.753,14.003
92.564,126.757,15.753,14.003
93.466,126.737,15.417,13.704
93.752,127.023,15.417,13.704
94.726,127.768,15.417,13.704
95.013,127.825,15.417,13.704
95.528,128.455,15.417,13.704
96.079,129.430,15.088,13.412
96.584,128.701,15.088,13.412
96.977,128.196,15.088,13.412
97.818,128.365,15.088,13.412
98.547,126.738,15.088,13.412
99.164,126.570,15.088,13.412
99.893,126.850,15.088,13.412
100.509,127.692,15.088,13.412
101.014,128.084,15.088,13.412
102.094,128.930,14.766,13.126
103.246,129.094,14.766,13.126
103.631,127.832,14.766,13.126
104.454,128.765,14.766,13.126
104.948,128.820,14.766,13.126
106.110,128.378,14.451,12.846
106.486,127.035,14.451,12.846
107.507,125.048,14.451,12.846
107.990,124.672,14.451,12.846
108.366,125.370,14.451,12.846
109.090,126.491,14.143,12.572
109.773,126.859,14.143,12.572
110.141,127.437,14.143,12.572
110.930,127.910,14.143,12.572
111.403,128.594,14.143,12.572
112.507,129.067,14.143,12.572
111.928,129.645,14.143,12.572
112.927,128.646,14.143,12.572
113.505,128.383,14.143,12.572
113.663,128.226,14.143,12.572
114.136,127.647,14.143,12.572
114.819,129.067,14.143,12.572
114.767,130.906,14.143,12.572
115.030,130.433,14.143,12.572
115.608,129.540,14.143,12.572
115.030,128.962,14.143,12.572
115.608,129.960,14.143,12.572
115.135,130.959,14.143,12.572
115.843,130.941,13.842,12.304
115.071,129.758,13.842,12.304
115.637,127.854,13.842,12.304
116.132,127.143,13.546,12.041
116.484,127.294,13.546,12.041
115.528,127.042,13.546,12.041
115.276,126.287,13.546,12.041
115.024,125.834,13.546,12.041
115.679,127.394,13.546,12.041
115.024,127.143,13.546,12.041
115.377,127.797,13.546,12.041
114.521,128.955,13.546,12.041
114.370,129.811,13.546,12.041
113.715,129.056,13.546,12.041
115.578,129.912,13.546,12.041
114.722,135.903,13.546,12.041
114.236,134.236,13.258,11.785
113.989,133.990,13.258,11.785
113.250,132.659,13.258,11.785
112.807,127.485,13.258,11.785
112.955,126.648,13.258,11.785
112.215,127.485,13.258,11.785
112.363,128.717,13.258,11.785
112.018,127.584,13.258,11.785
111.476,128.126,13.258,11.785
111.821,127.485,13.258,11.785
112.265,126.746,13.258,11.785
111.624,125.022,13.258,11.785
111.969,125.958,13.258,11.785
111.328,125.909,13.258,11.785
111.082,125.564,13.258,11.785
111.230,126.401,13.258,11.785
111.082,125.859,13.258,11.785
110.540,125.613,13.258,11.785
110.984,125.367,13.258,11.785
110.343,125.909,13.258,11.785
110.589,125.367,13.258,11.785
110.836,127.584,13.258,11.785
110.589,128.027,13.258,11.785
110.047,127.190,13.258,11.785
109.702,126.549,13.258,11.785
110.146,126.106,13.258,11.785
109.801,126.451,13.258,11.785
110.146,127.190,13.258,11.785
109.505,127.239,13.258,11.785
109.653,127.485,13.258,11.785
109.900,128.027,13.258,11.785
109.062,128.274,13.258,11.785
109.210,128.816,13.258,11.785
108.865,127.978,13.258,11.785
109.407,127.732,13.258,11.785
109.259,126.993,13.258,11.785
109.407,127.535,13.258,11.785
109.456,128.570,13.258,11.785
109.505,128.816,13.258,11.785
109.358,128.077,13.258,11.785
109.210,128.619,13.258,11.785
109.653,128.077,13.258,11.785
109.998,128.422,13.258,11.785
109.456,129.161,13.258,11.785
110.097,128.225,13.258,11.785
109.752,128.668,13.258,11.785
109.998,127.436,13.258,11.785
109.712,128.084,12.975,11.533
110.050,127.554,12.975,11.533
110.484,127.313,12.975,11.533
110.918,126.879,12.975,11.533
110.194,127.699,12.975,11.533
110.821,127.361,12.975,11.533
110.484,127.891,12.975,11.533
111.303,128.229,12.975,11.533
111.448,128.952,12.975,11.533
111.786,128.615,12.975,11.533
111.062,128.181,12.975,11.533
111.496,128.711,12.975,11.533
112.123,127.795,12.975,11.533
111.786,127.168,12.975,11.533
111.448,126.734,12.975,11.533
112.557,126.975,12.975,11.533
112.123,126.638,12.975,11.533
112.943,127.265,12.975,11.533
113.088,127.506,12.975,11.533
113.737,128.140,12.698,11.287
114.162,127.810,12.698,11.287
113.548,128.517,12.698,11.287
114.351,127.810,12.698,11.287
114.209,128.612,12.698,11.287
114.634,128.093,12.698,11.287
115.059,127.479,12.698,11.287
115.578,127.243,12.698,11.287
114.964,126.346,12.698,11.287
115.861,126.960,12.698,11.287
115.908,126.063,12.698,11.287
116.239,126.488,12.698,11.287
115.531,127.479,12.698,11.287
116.050,127.526,12.698,11.287
116.475,127.290,12.698,11.287
115.672,127.810,12.698,11.287
116.097,128.612,12.698,11.287
116.616,129.131,12.698,11.287
116.286,128.801,12.698,11.287
115.578,128.565,12.698,11.287
115.908,127.857,12.698,11.287
116.522,127.338,12.698,11.287
116.097,127.951,12.698,11.287
116.805,128.281,12.698,11.287
116.947,128.329,12.698,11.287
117.182,128.565,12.698,11.287
116.663,128.234,12.698,11.287
117.371,127.338,12.698,11.287
117.230,127.290,12.698,11.287
116.899,127.526,12.698,11.287
117.890,128.140,12.698,11.287
118.126,127.810,12.698,11.287
118.457,128.706,12.698,11.287
117.749,129.037,12.698,11.287
118.174,128.801,12.698,11.287
117.749,129.697,12.698,11.287
118.457,129.273,12.698,11.287
118.598,128.848,12.698,11.287
119.023,129.556,12.698,11.287
119.637,130.075,12.698,11.287
119.212,129.367,12.698,11.287
118.976,129.225,12.698,11.287
119.778,128.801,12.698,11.287
120.109,129.697,12.698,11.287
120.345,130.122,12.698,11.287
119.637,130.547,12.698,11.287
120.156,130.216,12.698,11.287
119.731,129.697,12.698,11.287
120.345,129.461,12.698,11.287
119.825,128.376,12.698,11.287
120.439,129.178,12.698,11.287
119.825,129.697,12.698,11.287
120.439,130.028,12.698,11.287
119.825,129.037,12.698,11.287
120.156,128.989,12.698,11.287
119.448,128.659,12.698,11.287
119.778,129.650,12.698,11.287
119.731,129.037,12.698,11.287
119.778,128.612,12.698,11.287
119.920,129.320,12.698,11.287
119.495,128.706,12.698,11.287
118.976,129.414,12.698,11.287
119.212,128.989,12.698,11.287
118.410,128.470,12.698,11.287
118.268,128.895,12.698,11.287
117.843,128.093,12.698,11.287
118.268,127.479,12.698,11.287
117.654,128.753,12.698,11.287
118.079,129.556,12.698,11.287
118.315,129.981,12.698,11.287
117.513,127.951,12.698,11.287
117.938,128.281,12.698,11.287
118.362,128.612,12.698,11.287
117.654,129.320,12.698,11.287
117.796,128.612,12.698,11.287
117.560,128.470,12.698,11.287
117.135,128.046,12.698,11.287
118.032,127.621,12.698,11.287
117.796,128.423,12.698,11.287
117.371,128.093,12.698,11.287
116.852,128.801,12.698,11.287
117.371,129.414,12.698,11.287
116.852,128.706,12.698,11.287
116.994,128.187,12.698,11.287
117.513,127.574,12.698,11.287
116.711,128.848,12.698,11.287
117.135,128.989,12.698,11.287
117.371,127.998,12.698,11.287
116.569,127.574,12.698,11.287
116.522,128.565,12.698,11.287
116.569,128.423,12.698,11.287
116.805,128.659,12.698,11.287
117.135,128.140,12.698,11.287
117.371,128.093,12.698,11.287
116.569,128.140,12.698,11.287
117.088,128.659,12.698,11.287
117.324,129.273,12.698,11.287
116.616,129.792,12.698,11.287
116.758,130.877,12.698,11.287
116.616,130.169,12.698,11.287
116.569,130.877,12.698,11.287
116.899,130.924,12.698,11.287
117.135,131.349,12.698,11.287
117.371,130.736,12.698,11.287
116.475,130.783,12.698,11.287
116.616,130.924,12.698,11.287
116.475,130.500,12.698,11.287
115.955,132.246,12.698,11.287
116.569,132.387,12.698,11.287
115.861,132.057,12.698,11.287
116.380,132.010,12.698,11.287
115.672,131.868,12.698,11.287
115.908,131.255,12.698,11.287
116.239,130.924,12.698,11.287
115.436,130.405,12.698,11.287
115.767,130.736,12.698,11.287
115.720,130.972,12.698,11.287
115.389,130.736,12.698,11.287
115.153,131.349,12.698,11.287
115.012,131.774,12.698,11.287
115.625,132.199,12.698,11.287
115.012,131.019,12.698,11.287
115.153,130.500,12.698,11.287
114.540,131.868,12.698,11.287
114.587,131.444,12.698,11.287
114.351,132.340,12.698,11.287
114.304,131.821,12.698,11.287
113.973,131.963,12.698,11.287
114.870,131.444,12.698,11.287
114.728,132.057,12.698,11.287
114.304,131.538,12.698,11.287
113.690,132.246,12.698,11.287
114.209,131.632,12.698,11.287
113.785,131.019,12.698,11.287
114.115,130.688,12.698,11.287
114.351,131.396,12.698,11.287
113.549,132.010,12.698,11.287
113.407,131.585,12.698,11.287
113.265,131.915,12.698,11.287
112.841,131.302,12.698,11.287
113.549,131.255,12.698,11.287
112.935,131.868,12.698,11.287
113.454,130.877,12.698,11.287
112.746,130.264,12.698,11.287
112.459,130.579,12.979,11.537
113.086,130.338,12.979,11.537
112.459,129.615,12.979,11.537
112.893,130.338,12.979,11.537
111.976,130.097,12.979,11.537
112.314,130.917,12.979,11.537
112.073,131.351,12.979,11.537
111.542,130.145,12.979,11.537
111.108,130.869,12.979,11.537
111.735,131.400,12.979,11.537
110.915,131.062,12.979,11.537
110.963,130.628,12.979,11.537
110.626,130.483,12.979,11.537
109.999,131.014,12.979,11.537
110.626,132.123,12.979,11.537
109.999,131.785,12.979,11.537
110.336,131.544,12.979,11.537
110.578,130.821,12.979,11.537
109.854,131.448,12.979,11.537
109.999,131.785,12.979,11.537
110.433,132.220,12.979,11.537
110.867,132.943,12.979,11.537
110.336,132.702,12.979,11.537
110.867,132.461,12.979,11.537
110.240,131.737,12.979,11.537
110.963,132.557,12.979,11.537
111.070,132.580,13.266,11.792
110.528,133.221,13.266,11.792
111.366,131.199,13.266,11.792
112.007,130.558,13.266,11.792
111.465,131.298,13.266,11.792
112.500,132.235,13.266,11.792
113.042,132.481,13.266,11.792
112.599,133.122,13.266,11.792
113.338,132.876,13.266,11.792
113.881,132.136,13.266,11.792
113.437,132.580,13.266,11.792
114.374,132.333,13.266,11.792
115.015,132.777,13.266,11.792
114.510,131.470,13.560,12.053
115.467,131.722,13.560,12.053
116.243,131.219,13.271,11.796
115.997,131.959,13.271,11.796
116.737,132.107,13.271,11.796
117.575,132.649,13.271,11.796
118.094,131.240,13.564,12.057
118.850,131.290,13.564,12.057
119.102,131.945,13.564,12.057
119.556,132.601,13.564,12.057
119.606,132.147,13.564,12.057
119.927,130.811,13.864,12.324
120.803,132.202,13.864,12.324
121.473,131.326,13.864,12.324
121.318,131.893,13.864,12.324
121.060,131.223,13.864,12.324
122.245,131.996,13.864,12.324
121.885,131.429,13.864,12.324
122.761,131.893,13.864,12.324
123.018,130.605,13.864,12.324
123.688,131.068,13.864,12.324
123.534,131.017,13.864,12.324
123.791,131.274,13.864,12.324
124.461,130.811,13.864,12.324
124.410,131.377,13.864,12.324
124.873,131.841,13.864,12.324
125.749,131.481,13.864,12.324
125.595,132.047,13.864,12.324
125.956,131.068,13.864,12.324
126.419,131.429,13.864,12.324
126.162,131.068,13.864,12.324
126.728,130.914,13.864,12.324
127.398,130.656,13.864,12.324
127.244,132.150,13.864,12.324
128.017,131.687,13.864,12.324
128.790,132.563,13.864,12.324
128.532,132.305,13.864,12.324
128.893,133.181,13.864,12.324
129.563,134.057,13.864,12.324
129.717,134.521,13.864,12.324
129.769,134.881,13.864,12.324
129.717,133.902,13.864,12.324
130.387,134.160,13.864,12.324
130.026,134.521,13.864,12.324
131.005,134.057,13.864,12.324
131.469,132.769,13.864,12.324
130.902,133.336,13.864,12.324
131.572,133.593,13.864,12.324
131.212,132.820,13.864,12.324
130.954,132.253,13.864,12.324
131.521,130.965,13.864,12.324
131.572,130.398,13.864,12.324
131.152,130.850,14.171,12.597
131.268,130.547,14.485,12.875
131.106,131.570,14.485,12.875
130.407,130.439,14.485,12.875
130.999,130.924,14.485,12.875
130.299,131.085,14.485,12.875
127.553,118.757,14.485,12.875
126.826,119.258,14.176,12.601
126.520,120.458,13.873,12.332
126.220,121.037,13.578,12.069
125.363,120.280,13.578,12.069
125.413,119.826,13.578,12.069
125.060,120.381,13.578,12.069
125.615,119.826,13.578,12.069
128.189,133.300,13.578,12.069
127.253,132.067,13.878,12.336
126.582,131.912,13.878,12.336
126.840,131.448,13.878,12.336
126.995,132.428,13.878,12.336
126.531,132.789,13.878,12.336
126.003,133.562,14.185,12.609
126.266,132.877,14.185,12.609
126.741,133.140,14.185,12.609
125.845,132.033,14.185,12.609
126.530,130.926,14.185,12.609
125.950,131.401,14.185,12.609
126.214,130.715,14.185,12.609
127.004,130.979,14.185,12.609
126.574,131.003,14.499,12.888
127.275,130.195,14.499,12.888
126.574,131.111,14.499,12.888
127.382,130.950,14.499,12.888
127.760,130.249,14.499,12.888
127.059,131.057,14.499,12.888
127.867,130.465,14.499,12.888
128.460,131.488,14.499,12.888
129.053,131.111,14.499,12.888
128.568,130.411,14.499,12.888
129.484,130.896,14.499,12.888
130.185,131.812,14.499,12.888
129.592,132.728,14.499,12.888
130.723,133.752,14.499,12.888
131.424,134.021,14.499,12.888
131.155,133.105,14.499,12.888
131.316,132.620,14.499,12.888
131.909,130.518,14.499,12.888
131.424,130.249,14.499,12.888
132.232,129.117,14.499,12.888
131.747,128.201,14.499,12.888
132.556,128.794,14.499,12.888
132.825,128.417,14.499,12.888
132.124,129.010,14.499,12.888
132.933,128.740,14.499,12.888
133.202,128.902,14.499,12.888
132.986,129.374,14.820,13.173
133.482,129.099,14.820,13.173
132.545,129.815,14.820,13.173
133.041,130.311,14.820,13.173
133.867,129.595,14.820,13.173
133.261,130.311,14.820,13.173
132.545,130.806,14.820,13.173
132.931,131.853,14.820,13.173
133.206,131.357,14.820,13.173
132.490,130.641,14.820,13.173
132.655,130.035,14.820,13.173
133.041,129.319,14.820,13.173
132.934,129.802,15.148,13.465
131.891,128.777,15.483,13.762
132.063,128.259,15.483,13.762
132.121,127.971,15.483,13.762
131.603,128.950,15.483,13.762
130.970,128.662,15.483,13.762
130.682,127.684,15.483,13.762
130.164,127.281,15.483,13.762
130.222,126.878,15.483,13.762
129.474,127.626,15.483,13.762
128.380,128.489,15.483,13.762
127.747,128.201,15.483,13.762
128.150,128.719,15.483,13.762
128.208,130.503,15.483,13.762
127.345,131.251,15.483,13.762
126.366,131.769,15.483,13.762
125.963,131.942,15.483,13.762
126.366,131.424,15.483,13.762
125.618,130.446,15.483,13.762
125.446,131.079,15.483,13.762
125.273,131.712,15.483,13.762
124.640,129.928,15.483,13.762
124.697,130.215,15.483,13.762
124.295,129.928,15.483,13.762
123.892,130.906,15.483,13.762
124.525,130.848,15.483,13.762
124.007,131.251,15.483,13.762
124.525,131.769,15.483,13.762
123.777,132.747,15.483,13.762
124.295,132.345,15.483,13.762
123.662,133.323,15.483,13.762
123.949,132.805,15.483,13.762
124.352,132.402,15.483,13.762
123.489,132.230,15.483,13.762
123.432,131.481,15.483,13.762
123.144,130.388,15.483,13.762
124.122,130.676,15.483,13.762
123.719,131.309,15.483,13.762
123.547,132.057,15.483,13.762
123.374,132.920,15.483,13.762
123.201,133.898,15.483,13.762
124.180,133.265,15.483,13.762
124.007,133.783,15.483,13.762
124.064,133.726,15.483,13.762
124.467,133.323,15.483,13.762
123.834,132.690,15.483,13.762
124.007,133.208,15.483,13.762
124.525,132.230,15.483,13.762
123.662,132.632,15.483,13.762
124.065,132.690,15.483,13.762
124.122,133.783,15.483,13.762
124.410,134.186,15.483,13.762
123.662,132.863,15.483,13.762
124.180,132.230,15.483,13.762
124.467,131.942,15.483,13.762
123.489,133.726,15.483,13.762
123.086,134.589,15.483,13.762
123.949,134.646,15.483,13.762
123.662,134.013,15.483,13.762
123.259,134.416,15.483,13.762
122.971,133.668,15.483,13.762
123.719,134.186,15.483,13.762
123.201,133.668,15.483,13.762
123.834,134.186,15.483,13.762
123.316,133.208,15.483,13.762
122.568,132.690,15.483,13.762
122.971,132.057,15.483,13.762
123.489,132.690,15.483,13.762
122.626,132.747,15.483,13.762
122.683,133.150,15.483,13.762
122.856,132.402,15.483,13.762
122.799,132.920,15.483,13.762
122.971,132.517,15.483,13.762
123.144,132.805,15.483,13.762
122.741,133.208,15.483,13.762
121.993,132.460,15.483,13.762
122.281,132.978,15.483,13.762
121.648,133.380,15.483,13.762
121.820,132.747,15.483,13.762
121.648,133.035,15.483,13.762
121.130,133.783,15.483,13.762
121.648,132.920,15.483,13.762
120.784,133.553,15.483,13.762
120.842,132.575,15.483,13.762
120.209,132.632,15.483,13.762
120.957,133.496,15.483,13.762
120.324,133.783,15.483,13.762
119.461,133.380,15.483,13.762
119.173,132.632,15.483,13.762
119.921,132.230,15.483,13.762
119.288,131.827,15.483,13.762
118.770,132.345,15.483,13.762
119.173,131.942,15.483,13.762
119.576,132.575,15.483,13.762
118.943,132.057,15.483,13.762
119.461,132.460,15.483,13.762
119.058,131.481,15.483,13.762
119.576,131.309,15.483,13.762
118.943,131.481,15.483,13.762
119.691,131.999,15.483,13.762
119.288,132.517,15.483,13.762
118.886,131.999,15.483,13.762
119.749,132.978,15.483,13.762
119.806,133.841,15.483,13.762
119.864,133.783,15.483,13.762
120.267,132.805,15.483,13.762
119.634,132.287,15.483,13.762
120.382,131.539,15.483,13.762
120.094,131.942,15.483,13.762
120.957,132.460,15.483,13.762
121.475,131.942,15.483,13.762
120.842,132.460,15.483,13.762
121.590,132.632,15.483,13.762
121.648,132.230,15.483,13.762
122.050,131.712,15.483,13.762
122.568,132.345,15.483,13.762
122.626,131.942,15.483,13.762
122.914,131.424,15.483,13.762
123.432,130.561,15.483,13.762
122.914,130.158,15.483,13.762
123.777,131.021,15.483,13.762
124.064,131.654,15.483,13.762
124.467,130.561,15.483,13.762
124.870,129.467,15.483,13.762
125.388,129.870,15.483,13.762
125.100,130.388,15.483,13.762
125.848,129.985,15.483,13.762
126.251,131.079,15.483,13.762
126.884,130.791,15.483,13.762
127.287,131.309,15.483,13.762
127.064,130.402,15.153,13.469
127.796,130.571,15.153,13.469
127.965,131.303,15.153,13.469
128.697,130.571,15.153,13.469
128.866,130.289,15.153,13.469
129.148,129.782,15.153,13.469
129.542,130.289,15.153,13.469
128.922,130.796,15.153,13.469
129.767,131.415,15.153,13.469
130.049,131.021,15.153,13.469
130.218,131.528,15.153,13.469
130.612,131.810,15.153,13.469
130.218,132.429,15.153,13.469
130.724,132.598,15.153,13.469
130.330,132.767,15.153,13.469
131.062,132.485,15.153,13.469
131.119,132.880,15.153,13.469
131.400,132.373,15.153,13.469
131.569,132.767,15.153,13.469
130.612,133.274,15.153,13.469
130.893,132.316,15.153,13.469
131.175,132.148,15.153,13.469
131.457,133.218,15.153,13.469
130.499,132.936,15.153,13.469
130.781,133.668,15.153,13.469
130.724,134.062,15.153,13.469
130.668,133.781,15.153,13.469
130.612,133.386,15.153,13.469
130.443,132.429,15.153,13.469
130.612,132.148,15.153,13.469
130.330,132.654,15.153,13.469
131.062,133.274,15.153,13.469
130.781,132.091,15.153,13.469
130.837,133.386,15.153,13.469
130.218,132.542,15.153,13.469
130.612,132.148,15.153,13.469
129.992,132.654,15.153,13.469
130.161,132.035,15.153,13.469
130.330,132.880,15.153,13.469
130.274,132.260,15.153,13.469
129.992,133.218,15.153,13.469
129.373,133.612,15.153,13.469
129.880,133.105,15.153,13.469
129.336,132.760,14.829,13.182
128.729,132.154,14.829,13.182
129.336,130.996,14.829,13.182
128.729,131.051,14.829,13.182
129.225,130.886,14.829,13.182
128.288,131.823,14.829,13.182
128.454,131.327,14.829,13.182
128.729,130.390,14.829,13.182
128.343,130.996,14.829,13.182
127.517,129.949,14.829,13.182
127.682,129.453,14.829,13.182
127.847,130.280,14.829,13.182
127.902,129.673,14.829,13.182
128.178,130.059,14.829,13.182
127.021,129.453,14.829,13.182
127.627,130.280,14.829,13.182
126.910,129.563,14.829,13.182
126.965,130.170,14.829,13.182
126.580,129.122,14.829,13.182
126.084,128.626,14.829,13.182
126.580,129.012,14.829,13.182
125.973,128.075,14.829,13.182
126.359,127.910,14.829,13.182
125.532,127.414,14.829,13.182
125.698,127.469,14.829,13.182
125.973,127.744,14.829,13.182
125.808,127.469,14.829,13.182
125.643,127.634,14.829,13.182
125.367,127.359,14.829,13.182
124.981,126.532,14.829,13.182
125.477,127.248,14.829,13.182
124.540,126.973,14.829,13.182
125.036,127.359,14.829,13.182
125.092,128.185,14.829,13.182
124.155,127.469,14.829,13.182
124.320,127.965,14.829,13.182
124.044,126.918,14.829,13.182
124.981,126.973,14.829,13.182
124.596,126.146,14.829,13.182
124.099,125.870,14.829,13.182
123.493,126.036,14.829,13.182
124.099,124.878,14.829,13.182
123.493,124.713,14.829,13.182
123.769,125.319,14.829,13.182
123.824,124.493,14.829,13.182
123.769,125.209,14.829,13.182
123.383,124.934,14.829,13.182
122.556,123.886,14.829,13.182
122.722,125.926,14.829,13.182
122.226,124.878,14.829,13.182
121.840,125.926,14.829,13.182
122.005,124.217,14.829,13.182
121.619,125.044,14.829,13.182
121.013,125.981,14.829,13.182
121.289,126.367,14.829,13.182
120.241,127.303,14.829,13.182
119.635,127.910,14.829,13.182
119.800,127.414,14.829,13.182
119.635,128.461,14.829,13.182
119.209,129.823,14.513,12.901
118.615,130.093,14.513,12.901
118.669,131.010,14.513,12.901
118.076,131.172,14.513,12.901
117.375,131.765,14.513,12.901
116.997,131.172,14.513,12.901
116.512,132.412,14.513,12.901
116.674,133.006,14.513,12.901
116.080,132.736,14.513,12.901
115.271,132.359,14.513,12.901
114.786,132.952,14.513,12.901
114.192,132.574,14.513,12.901
114.031,132.197,14.513,12.901
113.545,132.790,14.513,12.901
113.167,131.765,14.513,12.901
112.682,132.251,14.513,12.901
112.952,132.520,14.513,12.901
112.143,132.790,14.513,12.901
111.549,131.873,14.513,12.901
112.035,131.388,14.513,12.901
111.441,131.765,14.513,12.901
111.495,129.554,14.513,12.901
111.118,128.852,14.513,12.901
110.416,128.475,14.513,12.901
111.010,129.068,14.513,12.901
110.093,128.259,14.513,12.901
109.715,128.205,14.513,12.901
110.309,127.288,14.513,12.901
109.715,128.205,14.513,12.901
109.985,127.720,14.513,12.901
108.744,126.803,14.513,12.901
108.259,126.425,14.513,12.901
108.636,127.018,14.513,12.901
108.906,126.533,14.513,12.901
107.773,127.450,14.513,12.901
107.396,128.151,14.513,12.901
107.881,127.881,14.513,12.901
107.180,127.396,14.513,12.901
107.342,127.126,14.513,12.901
106.964,126.641,14.513,12.901
106.587,127.126,14.513,12.901
107.180,128.043,14.513,12.901
106.479,127.342,14.513,12.901
106.101,126.749,14.513,12.901
105.939,127.342,14.513,12.901
105.454,128.367,14.513,12.901
106.047,127.774,14.513,12.901
105.130,126.749,14.513,12.901
104.861,126.047,14.513,12.901
104.807,125.778,14.513,12.901
104.597,125.655,14.204,12.626
104.861,126.236,14.204,12.626
104.492,125.444,14.204,12.626
104.650,125.708,14.204,12.626
104.070,125.550,14.204,12.626
104.545,125.919,14.204,12.626
103.858,126.606,14.204,12.626
104.333,126.658,14.204,12.626
104.434,127.454,13.901,12.356
104.035,128.134,13.604,12.093
103.579,127.274,13.604,12.093
104.237,127.628,13.604,12.093
103.883,127.072,13.604,12.093
103.589,128.127,13.314,11.835
104.332,127.385,13.314,11.835
103.985,128.028,13.314,11.835
103.342,127.880,13.314,11.835
104.084,127.731,13.314,11.835
103.738,128.276,13.314,11.835
104.381,128.424,13.314,11.835
104.233,129.166,13.314,11.835
104.899,128.959,13.030,11.582
104.366,129.685,13.030,11.582
104.996,130.315,13.030,11.582
104.657,130.944,13.030,11.582
105.123,131.581,12.752,11.335
105.739,131.344,12.752,11.335
105.254,130.580,13.035,11.586
105.980,130.143,13.035,11.586
105.447,131.064,13.035,11.586
105.883,131.597,13.035,11.586
105.544,131.258,13.035,11.586
104.818,130.725,13.035,11.586
105.657,131.175,12.757,11.339
105.894,131.981,12.757,11.339
106.196,131.118,13.039,11.590
105.469,131.845,13.039,11.590
106.002,131.312,13.039,11.590
105.275,131.263,13.039,11.590
104.713,131.340,12.761,11.343
104.856,131.388,12.761,11.343
104.713,131.814,12.761,11.343
104.286,132.336,12.761,11.343
103.899,131.571,13.043,11.594
104.646,132.115,12.765,11.347
103.963,131.251,13.047,11.598
103.818,130.912,13.047,11.598
104.377,131.550,12.769,11.350
103.760,132.167,12.769,11.350
103.576,132.791,12.497,11.108
104.161,132.234,12.773,11.354
103.544,132.567,12.773,11.354
103.781,133.089,12.773,11.354
103.322,133.622,12.501,11.112
103.926,132.739,12.501,11.112
103.137,131.949,12.501,11.112
103.432,131.296,12.778,11.358
104.163,131.737,12.505,11.116
103.559,131.133,12.505,11.116
104.071,131.737,12.505,11.116
103.621,132.259,12.238,10.879
103.121,131.395,12.238,10.879
103.559,132.256,11.977,10.647
103.425,132.746,11.977,10.647
104.004,131.811,11.977,10.647
103.917,131.647,12.242,10.882
103.326,131.875,12.242,10.882
103.899,131.329,12.513,11.123
103.108,130.539,12.513,11.123
103.555,129.806,12.246,10.886
102.690,130.124,12.246,10.886
103.191,129.623,12.246,10.886
103.874,130.306,12.246,10.886
104.136,130.905,11.985,10.654
103.200,129.969,11.985,10.654
102.978,129.390,11.985,10.654
103.824,130.237,11.985,10.654
104.047,130.370,11.985,10.654
103.111,129.702,11.985,10.654
103.487,128.521,12.250,10.889
104.101,129.383,11.989,10.657
103.165,129.517,11.989,10.657
103.566,130.186,11.989,10.657
101.538,117.724,12.254,10.893
100.855,117.132,12.254,10.893
101.173,116.722,12.254,10.893
101.674,117.405,12.254,10.893
101.082,117.086,12.254,10.893
101.750,116.257,12.526,11.134
100.959,116.676,12.526,11.134
101.191,116.164,12.526,11.134
101.488,115.799,12.803,11.380
101.000,115.723,13.086,11.632
100.660,114.701,13.086,11.632
101.195,115.042,13.086,11.632
100.563,115.480,13.086,11.632
100.708,115.917,13.086,11.632
100.465,114.118,13.086,11.632
100.028,114.847,13.086,11.632
99.493,115.285,13.086,11.632
98.894,114.904,13.375,11.889
99.107,115.340,13.671,12.152
98.548,115.086,13.671,12.152
99.005,114.730,13.671,12.152
98.446,114.883,13.671,12.152
98.090,115.137,13.671,12.152
97.600,114.630,13.380,11.893
96.884,114.756,13.676,12.156
96.427,113.994,13.676,12.156
96.915,114.564,13.384,11.897
96.368,113.917,13.384,11.897
95.549,114.663,13.680,12.160
96.108,113.900,13.680,12.160
95.244,114.358,13.680,12.160
94.888,115.019,13.680,12.160
94.051,115.254,13.983,12.429
93.895,115.618,13.983,12.429
94.595,116.101,13.685,12.164
94.137,115.134,13.685,12.164
93.578,114.677,13.685,12.164
93.731,114.829,13.685,12.164
92.764,114.677,13.685,12.164
92.612,114.931,13.685,12.164
93.069,114.575,13.685,12.164
92.284,114.361,13.393,11.905
92.831,114.113,13.393,11.905
91.886,113.864,13.393,11.905
91.139,114.909,13.393,11.905
91.587,114.859,13.393,11.905
90.641,115.407,13.393,11.905
89.994,114.561,13.393,11.905
89.845,113.913,13.393,11.905
89.198,114.959,13.393,11.905
89.546,115.407,13.393,11.905
88.103,115.158,13.393,11.905
87.555,114.909,13.393,11.905
86.609,115.457,13.393,11.905
85.863,115.905,13.393,11.905
86.111,116.153,13.393,11.905
85.464,115.108,13.393,11.905
84.419,115.058,13.393,11.905
83.473,115.407,13.393,11.905
82.826,115.755,13.393,11.905
82.776,115.805,13.393,11.905
82.030,116.353,13.393,11.905
81.183,116.601,13.393,11.905
80.835,117.049,13.393,11.905
80.586,116.402,13.393,11.905
79.242,116.751,13.393,11.905
78.695,117.497,13.393,11.905
77.772,117.211,13.689,12.168
77.212,117.465,13.689,12.168
77.263,115.481,13.689,12.168
76.296,115.837,13.689,12.168
76.958,116.499,13.689,12.168
76.296,115.837,13.689,12.168
75.431,116.092,13.689,12.168
75.686,116.244,13.689,12.168
74.821,115.684,13.689,12.168
74.261,115.227,13.689,12.168
74.516,116.193,13.689,12.168
73.549,116.753,13.689,12.168
72.786,116.193,13.689,12.168
71.514,116.549,13.689,12.168
71.056,115.583,13.689,12.168
70.293,115.532,13.689,12.168
69.936,116.397,13.689,12.168
69.173,117.465,13.689,12.168
68.817,116.397,13.689,12.168
67.647,117.058,13.689,12.168
67.548,116.026,13.992,12.438
66.560,116.598,13.992,12.438
70.981,117.378,13.992,12.438
71.311,116.971,14.302,12.713
70.988,117.547,14.618,12.994
70.149,116.586,14.306,12.717
69.430,117.183,14.001,12.446
67.422,117.065,13.703,12.180
66.439,116.949,13.411,11.921
64.901,117.701,13.125,11.666
64.242,116.556,12.845,11.418
63.044,116.263,12.571,11.174
62.323,116.968,12.303,10.936
61.362,117.745,12.303,10.936
60.128,117.883,12.303,10.936
70.050,118.386,12.303,10.936
69.639,118.706,12.303,10.936
70.233,119.391,12.303,10.936
69.006,119.697,12.575,11.178
69.707,120.305,12.575,11.178
