167.000,69.000,24.000,127.000
167.838,66.485,24.000,127.000
169.794,67.882,24.000,127.000
170.074,66.485,24.000,127.000
170.912,69.000,24.000,127.000
172.868,68.721,24.000,127.000
174.824,69.000,24.000,127.000
175.662,69.838,24.000,127.000
175.383,68.441,24.000,127.000
176.780,70.397,24.000,127.000
178.177,68.441,24.000,127.000
177.339,69.838,24.000,127.000
178.736,70.118,24.000,127.000
179.574,70.397,24.000,127.000
179.295,71.794,24.000,127.000
180.479,70.099,24.531,129.810
179.622,69.243,24.531,129.810
179.647,69.881,25.074,132.682
180.522,68.421,25.074,132.682
178.479,70.465,25.074,132.682
179.939,69.005,25.074,132.682
178.479,72.800,25.074,132.682
177.019,75.427,25.074,132.682
174.976,78.055,25.074,132.682
177.603,77.763,25.074,132.682
181.982,74.552,25.074,132.682
185.777,69.589,25.074,132.682
188.404,67.545,25.074,132.682
185.777,68.421,25.074,132.682
183.380,67.256,25.629,135.618
183.081,62.780,25.629,135.618
184.573,60.095,25.629,135.618
184.872,60.990,25.629,135.618
183.976,59.498,25.629,135.618
184.872,60.990,25.629,135.618
185.170,59.498,25.629,135.618
186.065,61.587,25.629,135.618
186.960,61.289,25.629,135.618
186.065,62.184,25.629,135.618
188.750,61.289,25.629,135.618
187.259,62.780,25.629,135.618
189.944,60.692,25.629,135.618
188.452,62.184,25.629,135.618
191.138,61.289,25.629,135.618
190.242,62.780,25.629,135.618
192.331,61.289,25.629,135.618
191.436,63.377,25.629,135.618
192.928,61.289,25.629,135.618
191.436,63.377,25.629,135.618
193.525,62.482,25.629,135.618
193.226,63.377,25.629,135.618
193.525,62.482,25.629,135.618
192.629,63.377,25.629,135.618
193.525,63.079,25.629,135.618
192.629,62.184,25.629,135.618
194.121,62.482,25.629,135.618
192.033,62.780,25.629,135.618
193.525,63.079,25.629,135.618
195.613,63.974,25.629,135.618
197.105,64.869,25.629,135.618
196.807,65.764,25.629,135.618
195.912,66.659,25.629,135.618
195.613,68.748,25.629,135.618
197.105,67.853,25.629,135.618
193.226,69.345,25.629,135.618
191.138,72.030,25.629,135.618
189.049,72.925,25.629,135.618
187.557,73.224,25.629,135.618
185.468,75.312,25.629,135.618
183.018,75.360,26.196,138.618
182.412,72.245,26.775,141.685
181.476,72.556,26.775,141.685
182.412,70.998,26.775,141.685
182.100,68.815,26.775,141.685
183.659,67.880,26.775,141.685
181.476,66.945,26.775,141.685
181.788,67.257,26.775,141.685
181.476,68.192,26.775,141.685
180.541,66.633,26.775,141.685
182.723,68.815,26.775,141.685
184.905,67.880,26.775,141.685
182.723,67.569,26.775,141.685
183.659,67.880,26.775,141.685
183.970,65.698,26.775,141.685
184.282,64.140,26.775,141.685
186.464,63.204,26.775,141.685
188.646,59.775,26.775,141.685
188.958,58.840,26.775,141.685
190.517,57.281,26.775,141.685
188.958,60.710,26.775,141.685
191.140,57.281,26.775,141.685
189.581,60.087,26.775,141.685
191.764,57.281,26.775,141.685
191.452,60.710,26.775,141.685
191.764,58.528,26.775,141.685
192.699,60.710,26.775,141.685
191.764,57.905,26.775,141.685
192.699,60.710,26.775,141.685
191.764,59.152,26.775,141.685
192.699,61.334,26.775,141.685
190.517,60.399,26.775,141.685
191.452,62.581,26.775,141.685
189.270,60.399,26.775,141.685
189.581,62.581,26.775,141.685
188.646,60.399,26.775,141.685
190.828,61.957,26.775,141.685
189.893,59.152,26.775,141.685
190.828,61.334,26.775,141.685
189.270,60.399,26.775,141.685
188.334,61.334,26.775,141.685
188.023,59.775,26.775,141.685
189.581,60.710,26.775,141.685
188.646,59.152,26.775,141.685
188.334,61.334,26.775,141.685
188.646,59.775,26.775,141.685
188.958,60.710,26.775,141.685
188.646,58.528,26.775,141.685
188.334,60.710,26.775,141.685
188.023,57.905,26.775,141.685
190.205,58.840,26.775,141.685
188.023,59.152,26.775,141.685
190.205,56.970,26.775,141.685
188.646,59.152,26.775,141.685
189.581,56.970,26.775,141.685
188.646,58.528,26.775,141.685
188.958,57.593,26.775,141.685
189.893,59.152,26.775,141.685
188.958,58.217,26.775,141.685
189.893,58.528,26.775,141.685
188.958,60.087,26.775,141.685
188.646,57.905,26.775,141.685
188.958,60.087,26.775,141.685
187.399,61.022,26.775,141.685
187.711,61.334,26.775,141.685
188.646,60.399,26.775,141.685
187.711,58.840,26.775,141.685
189.270,61.022,26.775,141.685
187.711,57.593,26.775,141.685
190.517,59.775,26.775,141.685
189.581,56.970,26.775,141.685
192.387,59.775,26.775,141.685
192.699,60.087,26.775,141.685
196.751,63.516,26.775,141.685
198.933,63.828,26.775,141.685
199.869,60.399,26.775,141.685
201.427,63.204,26.775,141.685
199.245,60.399,26.775,141.685
197.686,63.204,26.775,141.685
197.375,64.763,26.775,141.685
197.063,64.451,26.775,141.685
199.869,66.633,26.775,141.685
202.051,63.828,26.775,141.685
202.362,64.763,26.775,141.685
201.427,64.451,26.775,141.685
200.492,62.893,26.775,141.685
201.427,64.451,26.775,141.685
199.245,63.516,26.775,141.685
198.933,63.828,26.775,141.685
197.998,61.646,26.775,141.685
200.804,63.204,26.775,141.685
201.115,65.386,26.775,141.685
203.083,64.789,27.368,144.820
205.314,64.471,27.368,144.820
203.720,66.701,27.368,144.820
204.676,64.471,27.368,144.820
200.534,67.338,27.368,144.820
195.934,66.067,27.973,148.024
193.654,63.787,27.973,148.024
194.631,64.113,27.973,148.024
196.911,65.090,27.973,148.024
199.842,66.718,27.973,148.024
203.249,64.067,28.592,151.299
206.911,63.734,28.592,151.299
209.703,63.787,29.225,154.646
208.002,61.405,29.225,154.646
209.703,63.787,29.225,154.646
209.363,61.405,29.225,154.646
213.106,63.787,29.225,154.646
214.126,62.766,29.225,154.646
216.508,62.426,29.225,154.646
216.848,60.725,29.225,154.646
219.911,61.746,29.225,154.646
221.612,60.044,29.225,154.646
221.952,61.746,29.225,154.646
223.653,60.044,29.225,154.646
223.313,61.065,29.225,154.646
225.014,60.725,29.225,154.646
224.674,60.385,29.225,154.646
224.334,61.405,29.225,154.646
226.035,62.426,29.225,154.646
224.334,64.127,29.225,154.646
223.313,64.468,29.225,154.646
222.973,66.169,29.225,154.646
223.313,66.509,29.225,154.646
221.612,66.849,29.225,154.646
219.911,65.148,29.225,154.646
220.931,67.530,29.225,154.646
218.550,66.509,29.225,154.646
216.848,66.169,29.225,154.646
217.869,67.190,29.225,154.646
215.487,66.169,29.225,154.646
215.147,65.829,29.225,154.646
216.168,66.169,29.225,154.646
213.106,63.787,29.225,154.646
212.085,63.447,29.225,154.646
211.745,65.148,29.225,154.646
209.363,64.127,29.225,154.646
210.384,64.468,29.225,154.646
207.321,64.127,29.225,154.646
207.662,63.787,29.225,154.646
205.280,63.447,29.225,154.646
204.940,63.787,29.225,154.646
203.238,61.405,29.225,154.646
201.537,62.426,29.225,154.646
199.836,62.766,29.225,154.646
198.815,62.426,29.225,154.646
197.794,63.447,29.225,154.646
198.135,62.426,29.225,154.646
197.114,62.766,29.225,154.646
196.093,61.746,29.225,154.646
195.072,62.086,29.225,154.646
194.052,62.426,29.225,154.646
193.031,62.086,29.225,154.646
192.691,62.426,29.225,154.646
190.989,61.405,29.225,154.646
190.649,62.426,29.225,154.646
188.948,60.725,29.225,154.646
190.649,60.385,29.225,154.646
187.587,61.405,29.225,154.646
189.288,61.746,29.225,154.646
187.587,62.086,29.225,154.646
187.247,62.426,29.225,154.646
188.267,62.766,29.225,154.646
188.608,61.746,29.225,154.646
187.587,63.447,29.225,154.646
188.608,63.787,29.225,154.646
188.948,64.808,29.225,154.646
189.969,65.148,29.225,154.646
189.628,65.489,29.225,154.646
190.649,66.509,29.225,154.646
192.350,65.489,29.225,154.646
194.052,65.829,29.225,154.646
194.392,66.169,29.225,154.646
194.052,65.829,29.225,154.646
196.433,62.767,29.225,154.646
195.413,64.468,29.225,154.646
197.794,62.767,29.225,154.646
200.176,59.704,29.225,154.646
201.877,58.003,29.225,154.646
200.857,59.704,29.225,154.646
203.919,58.003,29.225,154.646
203.579,59.704,29.225,154.646
204.599,59.364,29.225,154.646
204.259,59.024,29.225,154.646
205.960,59.364,29.225,154.646
204.259,59.024,29.225,154.646
205.960,60.045,29.225,154.646
204.940,58.343,29.225,154.646
205.280,59.364,29.225,154.646
206.301,58.343,29.225,154.646
206.641,55.962,29.225,154.646
204.940,54.941,29.225,154.646
205.960,55.962,29.225,154.646
205.620,54.941,29.225,154.646
204.599,55.962,29.225,154.646
204.940,54.260,29.225,154.646
203.919,58.003,29.225,154.646
204.940,54.260,29.225,154.646
202.558,57.323,29.225,154.646
202.218,56.982,29.225,154.646
202.558,55.962,29.225,154.646
200.176,58.343,29.225,154.646
200.516,55.281,29.225,154.646
200.857,56.982,29.225,154.646
199.836,53.920,29.225,154.646
200.857,56.982,29.225,154.646
198.475,53.240,29.225,154.646
199.496,56.982,29.225,154.646
197.794,53.920,29.225,154.646
199.496,56.982,29.225,154.646
197.114,53.920,29.225,154.646
199.496,57.663,29.225,154.646
197.794,58.003,29.225,154.646
198.135,56.982,29.225,154.646
198.774,59.615,28.601,151.349
198.441,60.614,28.601,151.349
198.108,60.281,28.601,151.349
199.773,58.616,28.601,151.349
200.106,58.283,28.601,151.349
200.439,58.616,28.601,151.349
199.440,58.949,28.601,151.349
200.439,57.950,28.601,151.349
200.106,60.281,28.601,151.349
202.437,58.616,28.601,151.349
201.438,60.947,28.601,151.349
203.103,59.282,28.601,151.349
205.434,61.613,28.601,151.349
203.103,59.948,28.601,151.349
206.766,60.947,28.601,151.349
205.767,59.948,28.601,151.349
208.098,61.613,28.601,151.349
208.431,61.280,28.601,151.349
208.098,61.613,28.601,151.349
210.429,60.614,28.601,151.349
210.096,60.281,28.601,151.349
211.761,58.616,28.601,151.349
210.762,59.615,28.601,151.349
211.761,59.948,28.601,151.349
212.094,58.283,28.601,151.349
213.093,59.948,28.601,151.349
212.760,59.615,28.601,151.349
211.460,62.192,27.991,148.121
213.741,62.518,27.991,148.121
214.067,61.540,27.991,148.121
215.045,62.518,27.991,148.121
216.674,63.495,27.991,148.121
217.652,65.125,27.991,148.121
219.281,66.754,27.991,148.121
218.956,67.732,27.991,148.121
221.237,69.361,27.991,148.121
222.866,66.428,27.991,148.121
223.844,64.799,27.991,148.121
224.822,61.214,27.991,148.121
222.921,63.736,27.394,144.962
225.154,60.865,27.394,144.962
224.835,62.460,27.394,144.962
227.705,63.417,27.394,144.962
228.662,64.374,27.394,144.962
229.619,62.779,27.394,144.962
230.576,63.736,27.394,144.962
228.981,62.141,27.394,144.962
231.214,64.374,27.394,144.962
230.895,61.503,27.394,144.962
231.852,63.736,27.394,144.962
232.809,60.865,27.394,144.962
233.765,63.098,27.394,144.962
232.171,60.865,27.394,144.962
231.852,63.098,27.394,144.962
233.446,62.779,27.394,144.962
234.403,64.374,27.394,144.962
236.636,65.330,27.394,144.962
237.593,65.649,27.394,144.962
239.825,65.968,27.394,144.962
242.058,67.563,27.394,144.962
244.928,67.244,27.394,144.962
245.885,68.839,27.394,144.962
246.842,67.244,27.394,144.962
248.437,65.012,27.394,144.962
248.118,66.606,27.394,144.962
250.350,67.563,27.394,144.962
248.756,68.520,27.394,144.962
249.712,68.839,27.394,144.962
248.756,69.796,27.394,144.962
248.784,70.508,28.001,148.170
246.783,71.237,28.620,151.448
246.812,72.673,29.253,154.799
244.428,67.564,29.253,154.799
243.406,71.310,29.253,154.799
240.341,66.202,29.253,154.799
240.000,67.223,29.253,154.799
236.935,64.839,29.253,154.799
235.232,66.542,29.253,154.799
234.210,66.883,29.253,154.799
231.826,63.136,29.253,154.799
229.442,63.477,29.253,154.799
227.058,63.136,29.253,154.799
225.355,60.752,29.253,154.799
222.971,59.731,29.253,154.799
219.906,58.709,29.253,154.799
217.522,59.731,29.253,154.799
215.138,57.346,29.253,154.799
214.797,59.731,29.253,154.799
211.732,57.346,29.253,154.799
210.029,59.731,29.253,154.799
208.326,58.709,29.253,154.799
207.304,59.731,29.253,154.799
205.601,60.071,29.253,154.799
203.217,61.093,29.253,154.799
202.877,61.433,29.253,154.799
200.492,60.412,29.253,154.799
199.471,61.433,29.253,154.799
197.768,62.455,29.253,154.799
196.746,62.796,29.253,154.799
195.724,63.136,29.253,154.799
194.021,63.477,29.253,154.799
193.000,64.499,29.253,154.799
189.934,64.839,29.253,154.799
188.232,61.774,29.253,154.799
185.166,61.433,29.253,154.799
183.463,59.731,29.253,154.799
179.717,58.028,29.253,154.799
177.333,59.731,29.253,154.799
177.673,58.709,29.253,154.799
174.608,59.731,29.253,154.799
173.586,60.752,29.253,154.799
173.927,59.049,29.253,154.799
174.949,60.071,29.253,154.799
173.927,61.093,29.253,154.799
175.630,61.433,29.253,154.799
174.608,62.455,29.253,154.799
175.630,62.796,29.253,154.799
175.971,63.136,29.253,154.799
176.992,62.115,29.253,154.799
175.971,62.455,29.253,154.799
177.673,62.115,29.253,154.799
178.014,61.774,29.253,154.799
179.717,61.433,29.253,154.799
178.695,62.455,29.253,154.799
178.355,60.752,29.253,154.799
179.376,61.093,29.253,154.799
176.992,61.433,29.253,154.799
179.376,61.774,29.253,154.799
177.673,59.390,29.253,154.799
180.058,60.412,29.253,154.799
180.398,58.709,29.253,154.799
178.695,58.368,29.253,154.799
180.398,60.071,29.253,154.799
178.695,57.687,29.253,154.799
181.079,59.390,29.253,154.799
179.376,60.412,29.253,154.799
181.079,60.071,29.253,154.799
179.750,60.737,28.629,151.497
182.083,62.403,28.629,151.497
181.083,60.070,28.629,151.497
183.416,60.403,28.629,151.497
181.083,59.404,28.629,151.497
184.083,61.070,28.629,151.497
182.416,58.070,28.629,151.497
184.083,59.737,28.629,151.497
185.083,60.070,28.629,151.497
184.750,57.737,28.629,151.497
185.750,60.737,28.629,151.497
186.083,58.404,28.629,151.497
187.749,59.404,28.629,151.497
186.750,58.404,28.629,151.497
189.749,59.404,28.629,151.497
188.749,58.404,28.629,151.497
190.416,59.404,28.629,151.497
190.083,57.737,28.629,151.497
191.749,59.404,28.629,151.497
191.416,58.404,28.629,151.497
190.416,59.404,28.629,151.497
192.083,58.404,28.629,151.497
191.083,59.404,28.629,151.497
191.416,59.737,28.629,151.497
190.416,60.070,28.629,151.497
190.083,57.737,28.629,151.497
191.083,61.403,28.629,151.497
190.749,57.737,28.629,151.497
191.749,60.737,28.629,151.497
192.083,59.070,28.629,151.497
193.749,60.070,28.629,151.497
192.749,57.737,28.629,151.497
194.416,60.737,28.629,151.497
195.416,58.404,28.629,151.497
197.082,60.070,28.629,151.497
197.416,58.404,28.629,151.497
197.749,60.070,28.629,151.497
198.749,58.404,28.629,151.497
200.416,60.070,28.629,151.497
200.082,57.737,28.629,151.497
201.749,60.737,28.629,151.497
202.749,58.404,28.629,151.497
203.749,60.070,28.629,151.497
204.082,57.737,28.629,151.497
204.415,60.737,28.629,151.497
204.749,58.404,28.629,151.497
206.415,60.070,28.629,151.497
205.415,57.737,28.629,151.497
206.415,60.737,28.629,151.497
207.415,59.070,28.629,151.497
209.082,60.070,28.629,151.497
208.749,57.737,28.629,151.497
209.749,60.737,28.629,151.497
210.082,58.404,28.629,151.497
211.748,60.070,28.629,151.497
210.748,57.737,28.629,151.497
212.415,60.737,28.629,151.497
210.748,59.070,28.629,151.497
212.415,60.070,28.629,151.497
212.748,57.737,28.629,151.497
213.082,60.737,28.629,151.497
214.082,59.070,28.629,151.497
215.082,60.070,28.629,151.497
214.082,59.070,28.629,151.497
215.748,59.404,28.629,151.497
213.415,60.403,28.629,151.497
213.748,59.404,28.629,151.497
214.082,61.070,28.629,151.497
212.415,61.403,28.629,151.497
210.748,62.403,28.629,151.497
209.748,60.737,28.629,151.497
212.082,59.737,28.629,151.497
211.748,58.737,28.629,151.497
214.082,58.404,28.629,151.497
216.415,58.737,28.629,151.497
215.415,59.737,28.629,151.497
217.748,58.737,28.629,151.497
217.415,59.070,28.629,151.497
215.082,56.070,28.629,151.497
215.415,57.737,28.629,151.497
213.082,58.070,28.629,151.497
214.748,56.404,28.629,151.497
213.748,57.404,28.629,151.497
214.748,57.737,28.629,151.497
215.748,58.737,28.629,151.497
216.748,57.070,28.629,151.497
215.748,58.070,28.629,151.497
217.415,56.404,28.629,151.497
215.082,59.403,28.629,151.497
218.081,57.070,28.629,151.497
215.748,58.737,28.629,151.497
218.081,59.070,28.629,151.497
216.415,57.404,28.629,151.497
216.082,59.737,28.629,151.497
218.415,57.404,28.629,151.497
215.415,59.737,28.629,151.497
217.748,58.070,28.629,151.497
216.748,58.404,28.629,151.497
217.748,58.737,28.629,151.497
216.748,59.737,28.629,151.497
217.748,58.070,28.629,151.497
216.082,58.403,28.629,151.497
217.748,59.403,28.629,151.497
214.748,57.070,28.629,151.497
215.748,58.070,28.629,151.497
214.082,55.737,28.629,151.497
213.748,58.070,28.629,151.497
212.748,55.737,28.629,151.497
213.748,58.070,28.629,151.497
213.415,55.737,28.629,151.497
213.748,58.070,28.629,151.497
214.082,55.737,28.629,151.497
214.415,57.404,28.629,151.497
212.082,57.737,28.629,151.497
214.415,57.404,28.629,151.497
212.082,57.737,28.629,151.497
214.415,58.070,28.629,151.497
212.082,57.737,28.629,151.497
214.415,58.070,28.629,151.497
212.082,57.070,28.629,151.497
214.415,57.404,28.629,151.497
212.082,57.737,28.629,151.497
213.748,58.070,28.629,151.497
213.415,57.070,28.629,151.497
212.415,58.070,28.629,151.497
213.415,57.070,28.629,151.497
211.748,58.070,28.629,151.497
213.415,57.737,28.629,151.497
211.748,59.403,28.629,151.497
212.082,57.737,28.629,151.497
212.415,59.403,28.629,151.497
210.748,57.070,28.629,151.497
213.082,59.403,28.629,151.497
212.082,57.070,28.629,151.497
213.082,59.403,28.629,151.497
212.748,56.404,28.629,151.497
213.748,58.737,28.629,151.497
214.082,56.404,28.629,151.497
215.748,57.403,28.629,151.497
214.082,55.737,28.629,151.497
215.748,55.404,28.629,151.497
214.748,56.404,28.629,151.497
214.415,54.070,28.629,151.497
214.082,55.070,28.629,151.497
215.082,55.404,28.629,151.497
214.748,54.404,28.629,151.497
213.748,55.404,28.629,151.497
214.748,55.070,28.629,151.497
213.748,54.737,28.629,151.497
215.415,55.070,28.629,151.497
213.748,54.737,28.629,151.497
216.082,57.070,28.629,151.497
214.415,55.404,28.629,151.497
215.415,57.070,28.629,151.497
213.748,56.070,28.629,151.497
215.415,57.737,28.629,151.497
213.082,58.737,28.629,151.497
215.415,57.737,28.629,151.497
213.082,58.737,28.629,151.497
215.415,58.403,28.629,151.497
213.082,58.737,28.629,151.497
215.415,59.737,28.629,151.497
213.082,58.070,28.629,151.497
215.415,59.070,28.629,151.497
213.082,56.737,28.629,151.497
214.748,59.070,28.629,151.497
213.082,56.070,28.629,151.497
214.082,58.403,28.629,151.497
214.415,58.737,28.629,151.497
212.748,59.070,28.629,151.497
215.082,56.737,28.629,151.497
213.415,59.737,28.629,151.497
213.748,57.403,28.629,151.497
212.748,59.737,28.629,151.497
213.748,56.737,28.629,151.497
212.082,58.403,28.629,151.497
213.748,56.070,28.629,151.497
211.415,55.737,28.629,151.497
212.415,56.737,28.629,151.497
211.415,56.404,28.629,151.497
213.082,56.070,28.629,151.497
213.415,55.070,28.629,151.497
212.415,56.070,28.629,151.497
213.415,56.404,28.629,151.497
212.415,56.737,28.629,151.497
213.415,57.070,28.629,151.497
212.415,54.737,28.629,151.497
214.748,57.737,28.629,151.497
213.082,56.070,28.629,151.497
214.748,56.404,28.629,151.497
213.748,57.403,28.629,151.497
212.748,55.737,28.629,151.497
214.415,58.070,28.629,151.497
212.748,55.737,28.629,151.497
213.748,58.070,28.629,151.497
212.082,56.404,28.629,151.497
212.415,58.070,28.629,151.497
210.748,55.737,28.629,151.497
212.415,58.070,28.629,151.497
210.748,56.404,28.629,151.497
212.415,58.070,28.629,151.497
210.748,57.070,28.629,151.497
212.415,58.737,28.629,151.497
211.415,59.070,28.629,151.497
212.415,56.737,28.629,151.497
210.082,59.070,28.629,151.497
209.082,56.737,28.629,151.497
207.415,60.403,28.629,151.497
205.749,59.403,28.629,151.497
204.749,60.403,28.629,151.497
205.082,60.737,28.629,151.497
204.082,60.403,28.629,151.497
206.415,59.403,28.629,151.497
204.749,61.070,28.629,151.497
207.082,58.737,28.629,151.497
205.415,61.737,28.629,151.497
205.749,60.070,28.629,151.497
205.415,59.737,28.629,151.497
205.749,60.737,28.629,151.497
204.749,60.403,28.629,151.497
204.415,59.403,28.629,151.497
204.749,60.403,28.629,151.497
203.082,60.737,28.629,151.497
204.749,61.070,28.629,151.497
204.415,58.737,28.629,151.497
205.415,61.070,28.629,151.497
205.749,58.070,28.629,151.497
205.778,58.123,29.263,154.849
207.481,55.738,29.263,154.849
208.503,57.442,29.263,154.849
206.800,57.783,29.263,154.849
207.822,58.123,29.263,154.849
206.800,55.738,29.263,154.849
208.503,57.442,29.263,154.849
208.844,56.420,29.263,154.849
211.229,57.442,29.263,154.849
211.570,55.738,29.263,154.849
213.954,58.123,29.263,154.849
211.570,55.738,29.263,154.849
210.548,58.805,29.263,154.849
208.844,59.145,29.263,154.849
207.822,58.123,29.263,154.849
206.800,58.464,29.263,154.849
204.415,60.849,29.263,154.849
202.030,61.190,29.263,154.849
201.008,60.167,29.263,154.849
200.667,61.871,29.263,154.849
201.689,60.167,29.263,154.849
199.305,61.190,29.263,154.849
196.920,60.167,29.263,154.849
193.853,62.552,29.263,154.849
192.831,61.530,29.263,154.849
190.446,61.871,29.263,154.849
187.380,62.893,29.263,154.849
184.314,63.234,29.263,154.849
181.929,62.212,29.263,154.849
178.863,61.871,29.263,154.849
177.159,64.256,29.263,154.849
174.093,64.597,29.263,154.849
172.390,66.300,29.263,154.849
171.368,66.641,29.263,154.849
170.345,64.937,29.263,154.849
172.049,63.915,29.263,154.849
172.390,62.212,29.263,154.849
170.005,63.915,29.263,154.849
168.301,65.619,29.263,154.849
165.916,67.322,29.263,154.849
167.620,63.574,29.263,154.849
170.686,64.597,29.263,154.849
175.115,61.530,29.263,154.849
175.456,62.552,29.263,154.849
177.159,60.167,29.263,154.849
177.500,59.145,29.263,154.849
178.522,58.805,29.263,154.849
178.863,57.783,29.263,154.849
179.204,55.398,29.263,154.849
179.544,53.013,29.263,154.849
180.566,54.716,29.263,154.849
182.270,54.376,29.263,154.849
182.610,55.398,29.263,154.849
183.633,55.057,29.263,154.849
185.336,56.760,29.263,154.849
184.314,55.057,29.263,154.849
186.699,56.079,29.263,154.849
187.040,55.057,29.263,154.849
188.062,56.079,29.263,154.849
188.402,53.694,29.263,154.849
190.106,55.398,29.263,154.849
191.128,55.738,29.263,154.849
192.831,56.079,29.263,154.849
195.216,54.376,29.263,154.849
197.601,56.079,29.263,154.849
197.942,54.376,29.263,154.849
197.601,56.760,29.263,154.849
199.305,54.376,29.263,154.849
199.645,54.716,29.263,154.849
202.030,54.376,29.263,154.849
201.008,54.716,29.263,154.849
202.712,53.694,29.263,154.849
203.052,55.398,29.263,154.849
203.393,54.376,29.263,154.849
204.415,55.398,29.263,154.849
204.756,54.376,29.263,154.849
204.079,53.723,29.910,158.275
205.820,53.375,29.910,158.275
206.864,54.419,29.910,158.275
207.213,55.464,29.910,158.275
205.471,56.509,29.910,158.275
208.606,58.250,29.910,158.275
207.561,60.688,29.910,158.275
208.606,61.732,29.910,158.275
206.864,58.598,29.910,158.275
207.909,58.250,29.910,158.275
206.168,59.295,29.910,158.275
206.516,58.946,29.910,158.275
206.864,59.295,29.910,158.275
206.516,61.732,29.910,158.275
205.471,61.384,29.910,158.275
206.516,62.429,29.910,158.275
206.168,61.384,29.910,158.275
205.123,63.125,29.910,158.275
206.864,62.081,29.910,158.275
207.909,62.429,29.910,158.275
207.561,63.474,29.910,158.275
208.606,61.036,29.910,158.275
209.650,62.777,29.910,158.275
209.998,63.125,29.910,158.275
211.043,62.081,29.910,158.275
209.302,64.518,29.910,158.275
211.043,62.777,29.910,158.275
209.302,65.911,29.910,158.275
210.347,62.081,29.910,158.275
208.606,64.518,29.910,158.275
210.347,62.081,29.910,158.275
207.909,63.822,29.910,158.275
210.347,62.081,29.910,158.275
207.909,63.822,29.910,158.275
210.347,61.384,29.910,158.275
207.909,64.518,29.910,158.275
209.650,61.384,29.910,158.275
207.909,64.518,29.910,158.275
208.954,64.866,29.910,158.275
207.213,65.911,29.910,158.275
208.257,65.563,29.910,158.275
206.516,67.304,29.910,158.275
207.561,66.259,29.910,158.275
