57.000,21.000,31.000,45.000
59.197,19.613,30.339,44.040
58.468,20.925,30.339,44.040
60.364,21.363,30.339,44.040
62.550,19.176,30.339,44.040
65.904,17.572,30.339,44.040
68.382,16.552,30.339,44.040
71.735,17.572,30.339,44.040
75.380,18.301,30.339,44.040
78.150,18.738,30.339,44.040
80.629,19.759,30.339,44.040
82.524,21.071,30.339,44.040
82.962,19.467,30.339,44.040
78.733,21.071,30.339,44.040
73.631,20.342,30.339,44.040
66.195,20.780,30.339,44.040
59.343,21.217,30.339,44.040
55.698,19.322,30.339,44.040
50.304,18.301,30.339,44.040
43.160,19.322,30.339,44.040
38.057,20.634,30.339,44.040
31.788,21.363,30.339,44.040
27.560,20.051,30.339,44.040
23.915,19.905,30.339,44.040
20.562,21.217,30.339,44.040
19.541,21.946,30.339,44.040
21.437,22.966,30.339,44.040
22.457,21.363,30.339,44.040
22.078,20.287,29.692,43.101
20.509,21.285,29.692,43.101
19.795,21.999,29.692,43.101
18.226,22.141,29.692,43.101
18.939,23.711,29.692,43.101
19.938,24.710,29.692,43.101
22.317,23.657,29.059,42.182
23.853,25.193,29.059,42.182
25.110,26.170,29.059,42.182
26.901,25.409,28.439,41.283
29.770,26.638,28.439,41.283
35.374,28.142,28.439,41.283
38.244,30.192,28.439,41.283
42.207,31.968,28.439,41.283
45.077,32.925,28.439,41.283
46.853,34.155,28.439,41.283
47.537,35.658,28.439,41.283
48.767,37.162,28.439,41.283
49.728,37.981,29.068,42.196
50.711,36.210,29.711,43.129
49.712,33.212,29.711,43.129
51.282,27.072,29.711,43.129
53.138,20.933,29.711,43.129
54.138,19.933,29.711,43.129
54.852,17.792,29.711,43.129
55.565,16.507,29.711,43.129
57.422,15.507,29.711,43.129
58.992,17.649,29.711,43.129
60.272,20.999,29.078,42.210
62.064,23.469,28.458,41.310
62.474,24.426,28.458,41.310
63.705,24.289,28.458,41.310
65.458,24.862,27.851,40.429
68.206,24.648,27.257,39.566
69.885,25.448,26.676,38.723
71.035,24.502,26.107,37.897
71.192,25.511,25.550,37.089
72.293,25.078,25.005,36.298
69.664,25.812,24.472,35.524
66.724,25.695,24.472,35.524
63.018,27.547,23.950,34.766
61.387,28.029,23.439,34.025
60.226,27.632,22.939,33.299
60.998,28.844,22.939,33.299
62.411,29.305,22.450,32.589
63.166,28.119,22.450,32.589
64.353,29.521,22.450,32.589
64.461,28.550,22.450,32.589
64.785,28.874,22.450,32.589
64.245,29.629,22.450,32.589
63.921,28.442,22.450,32.589
62.735,27.903,22.450,32.589
61.116,28.011,22.450,32.589
59.714,27.903,22.450,32.589
57.880,27.364,22.450,32.589
55.830,27.256,22.450,32.589
53.996,26.500,22.450,32.589
52.069,27.147,22.947,33.310
50.099,27.808,23.455,34.047
49.084,26.569,23.455,34.047
47.394,25.554,23.455,34.047
45.703,25.216,23.455,34.047
44.689,24.202,23.455,34.047
45.928,23.187,23.455,34.047
46.717,22.398,23.455,34.047
47.732,23.638,23.455,34.047
49.648,24.653,23.455,34.047
50.211,24.991,23.455,34.047
50.775,23.300,23.455,34.047
49.310,22.511,23.455,34.047
48.295,23.300,23.455,34.047
48.859,22.962,23.455,34.047
51.000,24.427,23.455,34.047
53.367,23.638,23.455,34.047
55.734,23.976,23.455,34.047
57.650,23.413,23.455,34.047
60.468,22.624,23.455,34.047
63.061,22.736,23.455,34.047
67.682,22.398,23.455,34.047
70.580,22.606,23.974,34.800
69.312,24.104,23.974,34.800
69.406,25.273,24.504,35.570
70.234,26.712,25.046,36.357
68.910,28.036,25.046,36.357
68.308,26.712,25.046,36.357
66.022,28.036,25.046,36.357
63.013,26.953,25.046,36.357
61.929,25.629,25.046,36.357
63.253,26.712,25.046,36.357
64.096,26.110,25.046,36.357
64.938,25.268,25.046,36.357
65.781,26.351,25.046,36.357
66.623,26.231,25.046,36.357
67.225,25.388,25.046,36.357
62.531,25.508,25.046,36.357
58.319,24.184,25.046,36.357
57.235,23.342,25.046,36.357
56.152,22.740,25.046,36.357
55.069,21.898,25.046,36.357
54.226,19.611,25.046,36.357
54.828,19.250,25.046,36.357
53.927,23.468,25.600,37.162
55.280,26.051,25.600,37.162
54.614,29.852,26.167,37.984
55.499,31.389,26.746,38.824
56.655,32.546,26.746,38.824
56.784,34.216,26.746,38.824
58.712,35.116,26.746,38.824
60.897,35.759,26.746,38.824
62.567,36.144,26.746,38.824
64.238,37.815,26.746,38.824
64.881,38.201,26.746,38.824
63.210,39.100,26.746,38.824
59.740,39.486,26.746,38.824
56.784,41.157,26.746,38.824
55.113,37.944,26.746,38.824
55.499,32.674,26.746,38.824
56.912,29.975,26.746,38.824
58.326,28.561,26.746,38.824
59.997,29.975,26.746,38.824
60.902,30.513,26.175,37.996
60.089,30.312,25.617,37.186
58.982,27.234,25.617,37.186
58.424,23.478,25.071,36.393
57.822,24.080,25.071,36.393
57.219,23.478,25.071,36.393
58.304,24.321,25.071,36.393
58.223,23.432,24.536,35.617
58.812,24.729,24.536,35.617
57.515,24.139,24.536,35.617
55.982,25.201,24.536,35.617
55.629,25.554,24.536,35.617
54.332,25.908,24.536,35.617
53.116,25.492,24.013,34.858
52.148,26.865,23.501,34.114
52.035,26.300,23.501,34.114
50.567,25.961,23.501,34.114
49.325,25.397,23.501,34.114
47.857,25.961,23.501,34.114
47.292,24.945,23.501,34.114
45.824,24.606,23.501,34.114
44.808,25.397,23.501,34.114
43.340,25.058,23.501,34.114
41.871,24.042,23.501,34.114
43.565,24.606,23.501,34.114
47.292,25.397,23.501,34.114
49.664,24.606,23.501,34.114
51.584,25.623,23.501,34.114
50.793,25.058,23.501,34.114
50.003,23.590,23.501,34.114
50.144,23.627,23.000,33.387
49.431,23.663,22.509,32.675
48.941,23.074,22.029,31.978
50.106,23.603,22.029,31.978
50.847,22.438,22.029,31.978
52.223,22.756,22.029,31.978
54.022,21.168,22.029,31.978
56.669,20.215,22.029,31.978
58.680,22.227,22.029,31.978
60.903,22.332,22.029,31.978
62.703,21.380,22.029,31.978
63.868,19.792,22.029,31.978
65.032,18.204,22.029,31.978
65.561,17.463,22.029,31.978
64.397,18.839,22.029,31.978
64.503,17.675,22.029,31.978
62.280,16.510,22.029,31.978
60.480,17.463,22.029,31.978
57.622,21.168,22.029,31.978
53.070,20.639,22.029,31.978
51.693,20.109,22.029,31.978
50.741,19.580,22.029,31.978
49.788,19.898,22.029,31.978
49.259,21.274,22.029,31.978
48.729,20.533,22.029,31.978
47.565,18.945,22.029,31.978
47.211,19.799,22.517,32.685
46.021,19.258,22.517,32.685
41.169,20.132,23.015,33.409
42.636,20.795,23.524,34.148
47.184,19.361,24.044,34.903
50.073,18.321,24.044,34.903
49.033,17.282,24.044,34.903
47.993,16.935,24.044,34.903
47.646,18.206,24.044,34.903
46.838,19.708,24.044,34.903
47.878,21.903,24.044,34.903
49.149,23.637,24.044,34.903
50.882,23.983,24.044,34.903
52.615,24.099,24.044,34.903
54.117,21.672,24.044,34.903
56.543,20.632,24.044,34.903
58.970,20.286,24.044,34.903
60.934,19.015,24.044,34.903
62.436,19.361,24.044,34.903
63.707,17.859,24.044,34.903
62.898,17.050,24.044,34.903
63.938,16.011,24.044,34.903
64.516,16.819,24.044,34.903
64.863,16.473,24.044,34.903
65.672,16.819,24.044,34.903
66.484,17.272,24.576,35.676
64.620,16.020,25.120,36.465
63.292,16.141,25.120,36.465
66.793,17.469,25.120,36.465
69.086,17.589,25.120,36.465
66.793,18.434,25.120,36.465
62.326,19.038,25.120,36.465
59.308,19.641,25.120,36.465
59.912,19.521,25.120,36.465
60.515,16.261,25.120,36.465
62.326,12.036,25.120,36.465
65.179,10.005,25.676,37.272
68.264,8.154,25.676,37.272
71.102,7.784,25.676,37.272
69.745,9.882,25.676,37.272
67.153,10.992,25.676,37.272
65.056,12.349,25.676,37.272
64.192,13.706,25.676,37.272
61.354,14.817,25.676,37.272
58.023,15.434,25.676,37.272
54.938,14.570,25.676,37.272
52.347,15.434,25.676,37.272
54.167,17.139,25.128,36.477
55.482,19.274,24.593,35.699
57.255,20.811,24.593,35.699
58.555,21.874,24.593,35.699
59.619,21.047,24.593,35.699
61.155,21.165,24.593,35.699
62.219,19.865,24.593,35.699
63.282,20.692,24.593,35.699
65.055,19.392,24.593,35.699
65.882,19.038,24.593,35.699
65.528,19.629,24.593,35.699
63.398,18.984,24.068,34.938
64.207,19.100,24.068,34.938
66.174,19.910,24.068,34.938
68.602,22.338,24.068,34.938
71.031,24.767,24.068,34.938
69.528,26.040,24.068,34.938
67.099,24.767,24.068,34.938
62.820,26.040,24.068,34.938
60.159,24.305,24.068,34.938
58.193,24.652,24.068,34.938
56.690,25.230,24.068,34.938
55.186,24.420,24.068,34.938
54.145,24.999,24.068,34.938
53.567,25.577,24.068,34.938
52.526,24.536,24.068,34.938
53.567,23.726,24.068,34.938
54.839,24.073,24.068,34.938
57.037,22.570,24.068,34.938
58.771,23.148,24.068,34.938
60.044,21.413,24.068,34.938
61.316,21.529,24.068,34.938
62.588,26.039,24.068,34.938
63.167,28.700,24.068,34.938
64.670,29.741,24.068,34.938
65.480,30.782,24.068,34.938
66.752,29.278,24.068,34.938
68.256,28.700,24.068,34.938
66.521,29.509,24.068,34.938
64.786,28.700,24.068,34.938
66.289,29.509,24.068,34.938
68.024,29.856,24.068,34.938
66.983,29.509,24.068,34.938
68.024,28.700,24.068,34.938
66.521,29.278,24.068,34.938
64.323,28.237,24.068,34.938
62.588,29.047,24.068,34.938
60.391,29.394,24.068,34.938
61.663,30.203,24.068,34.938
61.779,30.319,24.068,34.938
62.820,30.897,24.068,34.938
63.398,31.475,24.068,34.938
64.439,30.666,24.068,34.938
64.092,31.707,24.068,34.938
60.738,32.516,24.068,34.938
58.309,33.326,24.068,34.938
57.268,34.598,24.068,34.938
58.078,32.632,24.068,34.938
59.118,30.897,24.068,34.938
59.928,31.244,24.068,34.938
59.118,28.815,24.068,34.938
59.928,24.999,24.068,34.938
58.424,23.726,24.068,34.938
57.615,21.760,24.068,34.938
55.649,19.331,24.068,34.938
53.682,17.596,24.068,34.938
51.716,18.175,24.068,34.938
50.213,19.678,24.068,34.938
48.478,23.726,24.068,34.938
44.430,24.073,24.068,34.938
42.695,24.883,24.068,34.938
40.035,26.386,24.068,34.938
38.531,27.427,24.068,34.938
39.572,28.700,24.068,34.938
40.844,29.972,24.068,34.938
43.273,31.475,24.068,34.938
45.471,32.285,24.068,34.938
46.049,31.707,24.068,34.938
46.627,33.210,24.068,34.938
45.818,32.169,24.068,34.938
46.627,31.360,24.068,34.938
49.287,28.006,24.068,34.938
53.104,26.039,24.068,34.938
55.533,24.536,24.068,34.938
57.731,25.577,24.068,34.938
59.465,25.924,24.068,34.938
61.663,25.346,24.068,34.938
62.473,24.536,24.068,34.938
61.200,25.114,24.068,34.938
62.241,23.148,24.068,34.938
61.135,23.122,24.601,35.711
59.835,23.713,24.601,35.711
57.825,21.939,24.601,35.711
54.633,19.930,24.601,35.711
51.914,18.629,24.601,35.711
46.594,18.984,24.601,35.711
41.511,19.339,24.601,35.711
35.718,20.402,24.601,35.711
30.871,19.102,24.601,35.711
28.861,19.693,24.601,35.711
29.689,17.920,24.601,35.711
32.408,18.275,24.601,35.711
34.418,19.339,24.601,35.711
35.495,20.293,25.145,36.501
34.590,19.011,25.701,37.308
35.701,18.394,25.701,37.308
36.570,19.391,26.270,38.134
37.982,19.100,26.851,38.977
39.426,17.731,27.445,39.840
40.901,17.975,28.052,40.721
41.575,17.301,28.052,40.721
40.362,15.818,28.052,40.721
40.227,16.762,28.052,40.721
41.440,15.818,28.052,40.721
43.462,17.301,28.052,40.721
43.866,20.132,28.052,40.721
42.923,23.232,28.052,40.721
43.866,23.637,28.052,40.721
44.541,25.120,28.052,40.721
45.484,26.333,28.052,40.721
46.967,25.389,28.052,40.721
49.259,26.602,28.052,40.721
51.820,27.007,28.052,40.721
53.573,27.681,28.052,40.721
54.786,26.468,28.052,40.721
56.538,25.524,28.052,40.721
58.291,25.120,28.052,40.721
60.582,25.794,28.052,40.721
62.874,23.771,28.052,40.721
65.166,22.019,28.052,40.721
68.536,19.997,28.052,40.721
67.592,16.896,28.052,40.721
64.492,9.482,28.052,40.721
60.852,2.877,28.052,40.721
59.369,0.315,28.052,40.721
57.886,1.529,28.052,40.721
55.595,8.134,28.052,40.721
54.112,21.210,28.052,40.721
54.786,31.860,28.052,40.721
53.573,38.196,28.052,40.721
53.438,39.679,28.052,40.721
54.651,40.353,28.052,40.721
53.977,38.600,28.052,40.721
55.729,35.769,28.052,40.721
56.403,33.208,28.052,40.721
57.077,29.299,28.052,40.721
55.325,27.007,28.052,40.721
54.381,26.602,28.052,40.721
53.168,25.659,28.052,40.721
51.685,26.333,28.052,40.721
51.011,25.928,28.052,40.721
51.685,27.142,28.052,40.721
50.472,26.198,28.052,40.721
51.685,27.142,28.052,40.721
50.202,26.468,28.052,40.721
51.146,27.681,28.052,40.721
50.742,27.816,28.052,40.721
50.337,28.220,28.052,40.721
51.011,27.276,28.052,40.721
50.068,28.220,28.052,40.721
49.663,27.816,28.052,40.721
48.719,28.759,28.052,40.721
49.124,28.894,28.052,40.721
49.259,28.759,28.052,40.721
49.394,28.355,28.052,40.721
49.528,28.490,28.052,40.721
48.315,28.355,28.052,40.721
49.528,27.411,28.052,40.721
48.045,28.085,28.052,40.721
48.989,28.220,28.052,40.721
49.158,27.485,27.454,39.853
50.346,27.881,27.454,39.853
50.511,27.415,26.869,39.003
50.124,28.061,26.869,39.003
51.779,27.855,26.296,38.171
52.158,28.739,26.296,38.171
51.527,28.360,26.296,38.171
52.411,26.970,26.296,38.171
53.296,25.580,26.296,38.171
52.917,26.717,26.296,38.171
52.032,25.075,26.296,38.171
51.148,23.179,26.296,38.171
50.201,24.199,26.878,39.016
49.039,22.262,26.878,39.016
50.718,22.907,26.878,39.016
50.018,23.682,27.472,39.879
51.471,23.550,27.472,39.879
50.811,23.418,27.472,39.879
51.735,23.286,27.472,39.879
51.075,23.946,27.472,39.879
51.471,25.134,27.472,39.879
50.282,25.794,27.472,39.879
50.414,26.454,27.472,39.879
49.754,26.586,27.472,39.879
50.679,26.718,27.472,39.879
50.018,26.322,27.472,39.879
50.943,25.662,27.472,39.879
50.282,26.850,27.472,39.879
50.150,26.190,27.472,39.879
51.603,24.738,27.472,39.879
50.679,25.134,27.472,39.879
51.867,23.946,27.472,39.879
52.791,24.606,27.472,39.879
52.395,23.682,27.472,39.879
52.263,24.342,27.472,39.879
53.187,22.890,27.472,39.879
52.263,23.550,27.472,39.879
51.274,24.615,28.080,40.761
50.543,25.144,28.701,41.663
51.800,24.827,29.336,42.585
53.633,25.532,29.336,42.585
51.699,26.084,29.985,43.527
50.919,25.752,30.649,44.490
52.244,24.427,30.649,44.490
51.508,25.458,30.649,44.490
54.248,24.938,29.995,43.541
53.239,25.947,29.995,43.541
54.809,25.161,29.356,42.613
54.386,26.713,29.356,42.613
53.681,26.008,29.356,42.613
54.386,26.995,29.356,42.613
53.963,26.290,29.356,42.613
53.540,25.584,29.356,42.613
54.527,26.290,29.356,42.613
54.104,25.584,29.356,42.613
53.399,26.572,29.356,42.613
54.386,25.584,29.356,42.613
53.681,26.572,29.356,42.613
54.386,25.584,29.356,42.613
53.399,26.290,29.356,42.613
53.540,25.302,29.356,42.613
53.117,26.290,29.356,42.613
52.693,25.867,29.356,42.613
53.681,26.854,29.356,42.613
52.976,26.431,29.356,42.613
52.270,25.725,29.356,42.613
52.976,26.431,29.356,42.613
51.988,25.725,29.356,42.613
52.411,26.431,29.356,42.613
53.117,25.725,29.356,42.613
52.129,26.713,29.356,42.613
53.117,26.008,29.356,42.613
52.976,26.995,29.356,42.613
53.117,26.008,29.356,42.613
53.822,26.713,29.356,42.613
54.809,25.725,29.356,42.613
54.386,26.431,29.356,42.613
54.245,25.443,29.356,42.613
54.386,26.431,29.356,42.613
