138.000,57.000,39.000,137.000
139.295,55.139,39.863,140.031
137.594,54.799,39.863,140.031
137.934,55.139,39.863,140.031
138.274,55.479,39.863,140.031
137.254,55.819,39.863,140.031
138.274,56.840,39.863,140.031
137.934,58.540,39.863,140.031
138.955,59.561,39.863,140.031
138.615,61.942,39.863,140.031
138.274,65.683,39.863,140.031
137.934,64.663,39.863,140.031
138.955,68.404,39.863,140.031
137.934,72.825,39.863,140.031
138.955,77.247,39.863,140.031
137.934,81.669,39.863,140.031
139.635,85.410,39.863,140.031
137.934,81.669,39.863,140.031
140.315,85.410,39.863,140.031
139.295,83.029,39.863,140.031
141.676,81.329,39.863,140.031
139.470,83.661,40.745,143.129
142.599,80.532,40.745,143.129
140.861,80.185,40.745,143.129
141.904,79.142,40.745,143.129
142.251,75.318,40.745,143.129
142.599,77.751,40.745,143.129
143.642,72.536,40.745,143.129
141.208,68.712,40.745,143.129
143.642,71.841,40.745,143.129
141.904,68.017,40.745,143.129
145.033,70.450,40.745,143.129
146.771,74.275,40.745,143.129
147.814,70.450,40.745,143.129
146.075,66.626,40.745,143.129
147.118,72.536,40.745,143.129
148.161,68.712,40.745,143.129
147.350,72.539,41.646,146.296
149.127,69.341,41.646,146.296
150.903,66.143,41.646,146.296
152.680,64.366,41.646,146.296
150.376,61.642,42.568,149.533
151.789,55.843,43.510,152.841
150.675,50.274,43.510,152.841
150.304,57.328,43.510,152.841
146.356,52.170,44.472,156.223
143.896,46.899,45.456,159.679
144.284,51.165,45.456,159.679
142.345,46.899,45.456,159.679
140.406,52.717,45.456,159.679
136.281,44.915,46.462,163.212
132.066,45.988,47.490,166.823
130.040,39.100,47.490,166.823
130.445,41.936,47.490,166.823
125.177,43.152,47.490,166.823
122.341,45.988,47.490,166.823
117.073,42.341,47.490,166.823
117.478,39.505,47.490,166.823
115.452,44.772,47.490,166.823
115.858,41.936,47.490,166.823
113.832,39.910,47.490,166.823
110.995,44.367,47.490,166.823
108.969,43.152,47.490,166.823
106.133,37.884,47.490,166.823
102.486,35.858,47.490,166.823
103.702,34.643,47.490,166.823
100.865,36.669,47.490,166.823
105.323,41.126,47.490,166.823
108.969,43.152,47.490,166.823
113.426,43.557,47.490,166.823
116.263,42.341,47.490,166.823
112.795,39.235,48.541,170.514
120.664,42.134,48.541,170.514
126.876,43.376,48.541,170.514
131.432,39.649,48.541,170.514
135.542,47.455,47.505,166.878
135.137,48.671,47.505,166.878
136.353,46.644,47.505,166.878
136.758,49.481,47.505,166.878
137.164,49.887,47.505,166.878
135.948,47.049,47.505,166.878
133.110,42.591,47.505,166.878
133.516,45.428,47.505,166.878
129.057,40.159,47.505,166.878
131.084,42.996,47.505,166.878
127.436,38.538,47.505,166.878
123.788,34.890,47.505,166.878
120.140,37.727,47.505,166.878
118.924,38.132,47.505,166.878
116.087,40.159,47.505,166.878
117.303,40.564,47.505,166.878
112.033,38.538,47.505,166.878
110.817,42.996,47.505,166.878
106.359,42.591,47.505,166.878
102.711,42.996,47.505,166.878
99.873,43.401,47.505,166.878
100.279,43.807,47.505,166.878
96.631,42.591,47.505,166.878
93.793,40.564,47.505,166.878
92.577,39.348,47.505,166.878
91.361,42.185,47.505,166.878
89.335,40.159,47.505,166.878
89.740,40.564,47.505,166.878
88.524,36.916,47.505,166.878
88.640,39.868,46.492,163.319
87.450,37.884,46.492,163.319
86.260,36.694,46.492,163.319
84.276,34.711,46.492,163.319
84.673,36.694,46.492,163.319
86.657,33.917,46.492,163.319
86.260,35.901,46.492,163.319
89.830,34.711,46.492,163.319
93.400,37.487,46.492,163.319
96.970,34.711,46.492,163.319
95.780,35.901,46.492,163.319
100.144,33.917,46.492,163.319
103.714,32.727,46.492,163.319
108.078,36.297,46.492,163.319
110.061,39.868,46.492,163.319
113.631,36.297,46.492,163.319
111.648,38.281,46.492,163.319
116.805,34.711,46.492,163.319
120.375,37.487,46.492,163.319
123.152,33.917,46.492,163.319
121.168,37.487,46.492,163.319
125.870,38.082,45.501,159.836
123.929,38.470,45.501,159.836
125.093,39.635,45.501,159.836
123.929,35.364,45.501,159.836
124.040,41.185,44.531,156.428
125.939,38.525,44.531,156.428
124.799,36.625,44.531,156.428
124.420,36.245,44.531,156.428
122.520,35.865,44.531,156.428
124.420,38.525,44.531,156.428
122.520,35.106,44.531,156.428
125.939,38.525,44.531,156.428
128.599,33.586,44.531,156.428
126.699,37.005,44.531,156.428
131.639,32.066,44.531,156.428
134.298,39.285,44.531,156.428
136.198,37.385,44.531,156.428
135.818,34.726,44.531,156.428
139.237,35.106,44.531,156.428
135.818,31.686,44.531,156.428
139.237,34.346,44.531,156.428
135.985,33.009,45.516,159.889
141.034,38.058,45.516,159.889
145.306,43.883,45.516,159.889
148.801,42.718,45.516,159.889
146.083,38.446,45.516,159.889
151.131,44.272,45.516,159.889
153.850,46.990,45.516,159.889
151.332,42.401,46.523,163.426
153.316,38.828,46.523,163.426
152.126,42.401,46.523,163.426
153.316,39.622,46.523,163.426
153.713,43.195,46.523,163.426
156.492,46.767,46.523,163.426
156.889,48.752,46.523,163.426
