150.000,53.000,40.000,148.000
147.519,56.190,40.000,148.000
145.037,60.090,40.000,148.000
143.265,63.280,40.000,148.000
141.492,62.926,40.000,148.000
139.011,66.116,40.000,148.000
136.530,69.306,40.000,148.000
133.339,68.952,40.000,148.000
132.276,72.142,40.000,148.000
129.794,71.788,40.000,148.000
127.313,73.560,40.000,148.000
126.959,73.915,40.000,148.000
125.186,75.687,40.000,148.000
124.832,76.041,40.000,148.000
123.059,73.560,40.000,148.000
124.123,72.497,40.000,148.000
123.059,72.851,40.000,148.000
120.578,69.661,40.000,148.000
120.223,67.888,40.000,148.000
121.287,66.116,40.000,148.000
118.270,64.111,40.885,151.275
117.183,63.024,40.885,151.275
118.270,66.285,40.885,151.275
117.183,66.647,40.885,151.275
118.270,67.734,40.885,151.275
117.183,68.096,40.885,151.275
119.719,69.183,40.885,151.275
120.806,69.546,40.885,151.275
122.618,72.082,40.885,151.275
123.705,70.270,40.885,151.275
125.516,68.459,40.885,151.275
127.328,70.995,40.885,151.275
129.140,69.908,40.885,151.275
130.227,68.821,40.885,151.275
132.038,72.807,40.885,151.275
135.299,73.169,40.885,151.275
134.937,70.633,40.885,151.275
138.923,71.720,40.885,151.275
141.459,68.459,40.885,151.275
141.097,66.647,40.885,151.275
142.908,65.560,40.885,151.275
144.720,69.546,40.885,151.275
145.807,70.633,40.885,151.275
147.618,72.444,40.885,151.275
149.430,73.531,40.885,151.275
151.966,70.995,40.885,151.275
155.227,68.459,40.885,151.275
157.764,69.546,40.885,151.275
160.300,71.357,40.885,151.275
162.836,73.169,40.885,151.275
165.372,73.531,40.885,151.275
166.459,74.618,40.885,151.275
167.943,77.279,40.013,148.049
169.716,76.215,40.013,148.049
170.780,74.442,40.013,148.049
172.553,72.669,40.013,148.049
172.907,69.478,40.013,148.049
174.680,66.996,40.013,148.049
173.398,69.600,39.160,144.891
174.439,69.947,39.160,144.891
175.480,70.294,39.160,144.891
174.439,69.252,39.160,144.891
175.480,70.294,39.160,144.891
175.133,70.641,39.160,144.891
174.092,71.682,39.160,144.891
175.133,72.723,39.160,144.891
174.092,74.458,39.160,144.891
173.745,74.805,39.160,144.891
174.092,74.458,39.160,144.891
172.357,72.029,39.160,144.891
172.704,72.376,39.160,144.891
170.275,71.335,39.160,144.891
168.540,68.211,39.160,144.891
166.804,65.782,39.160,144.891
165.069,66.823,39.160,144.891
162.640,62.312,39.160,144.891
161.599,59.188,39.160,144.891
159.864,57.453,39.160,144.891
158.128,57.106,39.160,144.891
155.699,56.759,39.160,144.891
154.658,58.494,39.160,144.891
152.229,61.618,39.160,144.891
149.106,66.129,39.160,144.891
146.676,64.394,39.160,144.891
144.247,70.988,39.160,144.891
141.124,73.417,39.160,144.891
138.000,74.458,39.160,144.891
136.265,75.499,39.160,144.891
133.836,76.540,39.160,144.891
132.795,76.193,39.160,144.891
131.754,77.234,39.160,144.891
130.713,78.275,39.160,144.891
128.977,75.846,39.160,144.891
127.936,75.499,39.160,144.891
126.201,73.070,39.160,144.891
125.854,72.029,39.160,144.891
125.507,70.294,39.160,144.891
122.553,69.771,40.026,148.097
121.489,67.997,40.026,148.097
121.135,69.771,40.026,148.097
118.852,66.292,40.912,151.374
121.390,68.105,40.912,151.374
119.577,67.743,40.912,151.374
121.390,68.830,40.912,151.374
121.027,67.743,40.912,151.374
124.290,67.380,40.912,151.374
125.378,68.468,40.912,151.374
125.740,67.380,40.912,151.374
128.278,67.018,40.912,151.374
130.091,66.655,40.912,151.374
130.015,65.357,41.817,154.723
132.609,65.727,41.817,154.723
133.300,63.631,42.742,158.146
135.194,60.222,42.742,158.146
137.845,57.571,42.742,158.146
139.739,56.434,42.742,158.146
141.633,58.328,42.742,158.146
142.769,63.252,42.742,158.146
143.148,65.904,42.742,158.146
142.769,67.040,42.742,158.146
145.421,70.449,42.742,158.146
145.511,75.421,41.831,154.774
147.365,79.499,41.831,154.774
146.994,76.904,41.831,154.774
148.106,79.499,41.831,154.774
149.960,80.611,41.831,154.774
149.589,78.016,41.831,154.774
150.701,81.353,41.831,154.774
153.649,80.502,40.939,151.473
156.188,83.041,40.939,151.473
157.277,79.776,40.939,151.473
158.365,76.511,40.939,151.473
158.002,76.874,40.939,151.473
158.365,73.609,40.939,151.473
156.783,69.298,41.844,154.824
158.637,68.186,41.844,154.824
158.266,65.590,41.844,154.824
160.862,63.736,41.844,154.824
159.008,61.140,41.844,154.824
162.345,57.802,41.844,154.824
162.716,57.432,41.844,154.824
161.604,56.319,41.844,154.824
161.974,56.690,41.844,154.824
161.604,54.836,41.844,154.824
159.749,57.432,41.844,154.824
160.862,53.352,41.844,154.824
160.491,52.982,41.844,154.824
161.604,51.127,41.844,154.824
159.749,49.273,41.844,154.824
160.862,51.127,41.844,154.824
