176.000,75.000,47.000,102.000
173.982,77.018,47.000,102.000
173.694,81.342,47.000,102.000
171.676,82.207,47.000,102.000
171.388,84.225,47.000,102.000
169.946,86.819,47.000,102.000
169.658,89.990,47.000,102.000
166.487,89.702,47.000,102.000
163.316,87.684,47.000,102.000
159.569,83.936,47.000,102.000
155.245,78.459,47.000,102.000
151.497,77.594,47.000,102.000
148.903,76.153,47.000,102.000
146.308,76.441,47.000,102.000
142.561,72.117,47.000,102.000
139.966,68.946,47.000,102.000
139.678,66.352,47.000,102.000
137.084,63.758,47.000,102.000
133.913,61.163,47.000,102.000
133.625,61.451,47.000,102.000
132.183,61.163,47.000,102.000
131.318,60.875,47.000,102.000
132.760,65.199,47.000,102.000
134.201,70.099,47.000,102.000
132.183,74.423,47.000,102.000
133.625,77.594,47.000,102.000
135.642,76.730,47.000,102.000
134.201,72.406,47.000,102.000
136.219,69.811,47.000,102.000
136.507,63.181,47.000,102.000
138.525,53.668,47.000,102.000
136.507,49.344,47.000,102.000
138.525,46.173,47.000,102.000
138.813,41.273,47.000,102.000
141.984,35.219,47.000,102.000
142.849,37.237,47.000,102.000
146.020,39.255,47.000,102.000
145.155,42.426,47.000,102.000
145.444,46.173,47.000,102.000
145.732,49.921,47.000,102.000
144.867,54.245,47.000,102.000
145.155,58.569,47.000,102.000
140.831,70.964,47.000,102.000
141.696,74.712,47.000,102.000
138.525,76.153,47.000,102.000
135.931,77.018,47.000,102.000
134.489,73.847,47.000,102.000
132.474,73.018,48.040,104.257
130.414,69.724,49.103,106.563
128.306,67.014,49.103,106.563
124.391,67.917,49.103,106.563
122.283,68.821,49.103,106.563
120.175,70.929,49.103,106.563
119.873,72.435,49.103,106.563
121.379,72.134,49.103,106.563
122.885,70.628,49.103,106.563
123.186,70.929,49.103,106.563
125.897,67.616,49.103,106.563
130.414,67.315,49.103,106.563
133.125,67.616,49.103,106.563
135.233,66.713,49.103,106.563
137.502,65.846,50.189,108.921
143.350,59.382,50.189,108.921
147.968,54.149,50.189,108.921
151.970,50.763,50.189,108.921
154.740,50.455,50.189,108.921
156.895,45.838,50.189,108.921
159.214,46.868,51.300,111.331
160.787,42.778,51.300,111.331
161.731,44.351,51.300,111.331
162.796,44.752,52.435,113.794
163.884,43.826,53.595,116.312
164.996,43.563,54.780,118.885
166.831,41.202,55.993,121.516
169.921,39.485,55.993,121.516
172.325,42.576,55.993,121.516
173.356,45.666,55.993,121.516
174.386,50.131,55.993,121.516
174.729,54.595,55.993,121.516
175.073,57.686,55.993,121.516
176.103,56.656,55.993,121.516
177.133,56.313,55.993,121.516
175.416,49.101,55.993,121.516
177.820,47.384,55.993,121.516
176.790,48.414,55.993,121.516
178.507,46.010,55.993,121.516
176.790,44.293,55.993,121.516
175.760,43.263,55.993,121.516
174.042,40.859,55.993,121.516
175.073,37.768,55.993,121.516
172.669,33.990,55.993,121.516
171.638,39.828,55.993,121.516
170.608,42.232,55.993,121.516
170.265,39.828,55.993,121.516
169.234,38.798,55.993,121.516
169.578,38.455,55.993,121.516
167.861,39.485,55.993,121.516
169.578,41.202,55.993,121.516
167.861,45.666,55.993,121.516
168.891,48.757,55.993,121.516
167.174,51.161,55.993,121.516
166.144,54.939,55.993,121.516
164.427,54.595,55.993,121.516
162.709,54.252,55.993,121.516
159.619,51.848,55.993,121.516
157.902,49.444,55.993,121.516
152.063,43.606,55.993,121.516
146.912,39.141,55.993,121.516
142.448,36.051,55.993,121.516
140.730,34.334,55.993,121.516
136.266,34.677,55.993,121.516
133.862,36.394,55.993,121.516
133.519,37.424,55.993,121.516
133.175,39.828,55.993,121.516
134.892,44.980,55.993,121.516
135.236,52.878,55.993,121.516
135.579,57.343,55.993,121.516
137.296,60.434,55.993,121.516
140.387,53.222,55.993,121.516
137.983,46.697,55.993,121.516
140.387,39.485,55.993,121.516
139.357,30.899,55.993,121.516
138.326,23.687,55.993,121.516
140.044,17.162,55.993,121.516
140.387,8.577,55.993,121.516
143.478,7.547,55.993,121.516
144.508,10.637,55.993,121.516
144.851,13.728,55.993,121.516
145.195,17.506,55.993,121.516
143.478,22.657,55.993,121.516
146.569,36.737,55.993,121.516
144.851,41.889,55.993,121.516
145.882,47.040,55.993,121.516
142.791,51.505,55.993,121.516
138.965,58.355,57.231,124.204
135.104,61.514,57.231,124.204
134.753,56.951,57.231,124.204
136.508,57.302,57.231,124.204
137.561,52.739,57.231,124.204
139.316,51.686,57.231,124.204
139.667,52.739,57.231,124.204
141.422,52.388,57.231,124.204
143.177,54.845,57.231,124.204
142.124,56.600,57.231,124.204
145.283,57.653,57.231,124.204
147.740,58.706,57.231,124.204
151.602,57.653,57.231,124.204
154.059,57.302,57.231,124.204
154.410,56.249,57.231,124.204
156.867,55.196,57.231,124.204
160.026,52.037,57.231,124.204
158.300,52.484,58.498,126.952
160.094,52.843,58.498,126.952
161.308,51.810,59.792,129.761
164.832,43.907,61.115,132.632
168.206,39.784,61.115,132.632
170.252,34.816,62.467,135.566
172.168,33.667,62.467,135.566
174.083,27.154,62.467,135.566
174.466,29.836,62.467,135.566
174.173,28.733,63.849,138.566
175.348,25.992,63.849,138.566
178.089,26.384,63.849,138.566
179.264,26.775,63.849,138.566
180.439,23.251,63.849,138.566
179.264,25.992,63.849,138.566
178.872,29.517,63.849,138.566
180.830,33.824,63.849,138.566
179.655,38.915,63.849,138.566
176.914,44.006,63.849,138.566
178.872,45.964,63.849,138.566
180.047,40.873,63.849,138.566
178.872,34.999,63.849,138.566
176.914,36.174,63.849,138.566
177.306,31.083,63.849,138.566
176.914,32.258,63.849,138.566
176.523,32.649,63.849,138.566
175.348,32.258,63.849,138.566
173.390,27.167,63.849,138.566
173.781,28.342,63.849,138.566
172.606,31.083,63.849,138.566
173.781,36.174,63.849,138.566
174.173,31.083,63.849,138.566
174.565,29.908,63.849,138.566
176.523,30.300,63.849,138.566
173.781,29.908,63.849,138.566
176.349,32.518,62.487,135.611
175.907,35.811,61.155,132.719
176.921,39.757,59.851,129.889
176.554,43.795,59.851,129.889
177.655,50.035,59.851,129.889
175.086,54.073,59.851,129.889
174.719,55.175,59.851,129.889
173.617,53.339,59.851,129.889
168.111,48.567,59.851,129.889
164.073,43.795,59.851,129.889
160.035,39.757,59.851,129.889
155.263,35.719,59.851,129.889
149.023,30.213,59.851,129.889
145.719,30.580,59.851,129.889
142.415,30.947,59.851,129.889
139.845,32.048,59.851,129.889
135.073,37.554,59.851,129.889
134.706,43.795,59.851,129.889
134.339,50.035,59.851,129.889
135.440,54.807,59.851,129.889
139.478,58.111,59.851,129.889
139.845,53.339,59.851,129.889
140.947,45.630,59.851,129.889
142.048,37.921,59.851,129.889
146.086,28.744,59.851,129.889
145.719,20.301,59.851,129.889
146.086,16.263,59.851,129.889
147.921,9.289,59.851,129.889
146.086,4.517,59.851,129.889
149.390,7.820,59.851,129.889
152.693,11.858,59.851,129.889
153.060,16.630,59.851,129.889
151.959,31.681,59.851,129.889
150.858,37.187,59.851,129.889
148.288,41.225,59.851,129.889
149.390,44.529,59.851,129.889
142.415,54.440,59.851,129.889
138.377,59.212,59.851,129.889
135.073,60.314,59.851,129.889
