40.000,199.000,61.000,103.000
40.320,197.399,61.000,103.000
40.000,197.719,61.000,103.000
39.680,196.118,61.000,103.000
39.360,196.439,61.000,103.000
39.680,196.118,61.000,103.000
38.079,194.518,61.000,103.000
39.039,194.197,61.000,103.000
38.079,193.877,61.000,103.000
38.399,192.917,61.000,103.000
38.079,191.316,61.000,103.000
37.759,188.434,61.000,103.000
36.798,184.272,61.000,103.000
36.478,178.829,61.000,103.000
37.439,173.386,61.000,103.000
37.118,167.943,61.000,103.000
36.798,159.938,61.000,103.000
37.759,153.215,61.000,103.000
39.335,145.981,59.699,100.803
41.528,139.400,59.699,100.803
44.349,130.313,59.699,100.803
46.542,123.733,59.699,100.803
49.362,118.406,59.699,100.803
52.809,113.706,59.699,100.803
56.256,109.005,59.699,100.803
60.956,104.305,59.699,100.803
65.172,98.313,61.020,103.034
70.811,92.854,62.370,105.313
76.574,85.915,63.750,107.643
82.932,80.896,63.750,107.643
89.289,75.207,63.750,107.643
93.791,70.892,65.160,110.025
100.974,65.078,65.160,110.025
109.524,59.948,65.160,110.025
118.074,56.185,65.160,110.025
127.993,56.527,65.160,110.025
137.227,53.449,65.160,110.025
146.087,55.426,66.602,112.459
155.526,52.979,66.602,112.459
166.363,51.231,66.602,112.459
175.802,50.881,66.602,112.459
183.842,49.133,66.602,112.459
193.281,47.385,66.602,112.459
206.215,49.832,66.602,112.459
213.556,49.483,66.602,112.459
220.198,49.832,66.602,112.459
228.239,47.385,66.602,112.459
235.580,46.337,66.602,112.459
242.222,48.085,66.602,112.459
247.466,49.133,66.602,112.459
253.409,51.580,66.602,112.459
257.953,52.629,66.602,112.459
261.799,55.775,66.602,112.459
265.644,55.426,66.602,112.459
270.189,57.873,66.602,112.459
273.335,59.621,66.602,112.459
276.481,63.466,66.602,112.459
280.326,65.913,66.602,112.459
284.871,67.661,66.602,112.459
288.017,70.807,66.602,112.459
291.863,75.352,66.602,112.459
296.407,80.596,66.602,112.459
300.253,85.839,66.602,112.459
304.098,88.986,66.602,112.459
308.076,92.457,68.076,114.948
313.436,96.387,68.076,114.948
319.510,102.461,68.076,114.948
324.155,109.250,68.076,114.948
329.515,116.039,68.076,114.948
332.731,122.114,68.076,114.948
337.376,128.188,68.076,114.948
341.307,133.548,68.076,114.948
345.952,139.622,68.076,114.948
349.168,146.411,68.076,114.948
352.383,153.200,68.076,114.948
355.599,158.560,68.076,114.948
358.101,165.349,68.076,114.948
360.602,170.709,68.076,114.948
360.959,177.498,68.076,114.948
364.175,182.143,68.076,114.948
364.532,186.073,68.076,114.948
363.460,190.004,68.076,114.948
365.961,193.934,68.076,114.948
363.460,197.150,68.076,114.948
363.103,198.222,68.076,114.948
361.316,199.294,68.076,114.948
361.674,199.651,68.076,114.948
359.172,197.865,68.076,114.948
360.959,198.222,68.076,114.948
358.458,194.292,68.076,114.948
359.530,194.649,68.076,114.948
357.743,190.718,68.076,114.948
361.569,189.533,66.624,112.496
362.618,188.484,66.624,112.496
362.268,183.938,66.624,112.496
364.017,180.091,66.624,112.496
365.765,178.343,66.624,112.496
365.415,173.797,66.624,112.496
368.563,169.950,66.624,112.496
368.213,166.803,66.624,112.496
369.262,160.858,66.624,112.496
368.912,155.613,66.624,112.496
367.863,151.766,66.624,112.496
367.514,146.521,66.624,112.496
366.464,142.674,66.624,112.496
364.017,138.128,66.624,112.496
360.869,133.582,66.624,112.496
357.722,130.435,66.624,112.496
352.477,126.588,66.624,112.496
347.023,121.353,68.098,114.985
343.091,118.136,68.098,114.985
337.730,116.348,68.098,114.985
332.368,117.421,68.098,114.985
326.292,115.634,68.098,114.985
317.009,115.474,69.605,117.529
309.337,112.917,69.605,117.529
299.473,109.629,69.605,117.529
293.262,112.917,69.605,117.529
287.051,109.629,69.605,117.529
280.110,110.725,69.605,117.529
274.630,105.245,69.605,117.529
268.419,107.071,69.605,117.529
262.208,107.437,69.605,117.529
256.728,109.263,69.605,117.529
251.978,111.090,69.605,117.529
246.498,113.647,69.605,117.529
241.749,115.474,69.605,117.529
236.999,116.570,69.605,117.529
232.981,118.397,69.605,117.529
230.423,120.954,69.605,117.529
227.135,124.242,69.605,117.529
225.308,126.800,69.605,117.529
223.482,130.818,69.605,117.529
221.574,135.204,71.145,120.130
222.695,136.324,71.145,120.130
222.321,141.179,71.145,120.130
223.471,144.886,72.719,122.787
224.617,149.085,72.719,122.787
224.208,153.666,74.328,125.504
227.029,156.730,75.972,128.281
230.618,157.129,75.972,128.281
233.501,157.779,77.653,131.119
239.614,159.001,77.653,131.119
244.913,156.148,77.653,131.119
248.581,158.186,77.653,131.119
254.695,152.888,77.653,131.119
258.363,154.110,77.653,131.119
265.870,151.187,75.997,128.323
273.216,152.940,74.376,125.586
280.634,154.111,74.376,125.586
284.928,155.282,74.376,125.586
289.222,157.234,74.376,125.586
294.297,158.405,74.376,125.586
298.477,160.873,72.790,122.908
301.915,163.548,72.790,122.908
306.882,165.458,72.790,122.908
311.085,167.368,72.790,122.908
315.175,164.628,71.238,120.287
316.297,167.245,71.238,120.287
319.662,170.611,71.238,120.287
318.620,172.974,69.719,117.722
321.181,174.072,69.719,117.722
324.394,170.037,68.232,115.212
325.468,172.544,68.232,115.212
327.975,168.604,68.232,115.212
327.667,171.559,66.777,112.755
331.522,167.703,66.777,112.755
333.924,169.919,65.353,110.350
333.581,170.262,65.353,110.350
337.253,169.124,63.959,107.997
342.142,170.599,62.595,105.694
343.784,169.614,62.595,105.694
347.398,169.285,62.595,105.694
352.327,168.299,62.595,105.694
357.912,167.971,62.595,105.694
362.840,168.956,62.595,105.694
368.426,169.942,62.595,105.694
374.011,169.614,62.595,105.694
378.282,169.285,62.595,105.694
382.553,166.985,62.595,105.694
386.824,164.685,62.595,105.694
390.439,163.043,62.595,105.694
395.367,161.400,62.595,105.694
400.295,157.786,62.595,105.694
404.566,156.143,62.595,105.694
408.837,155.157,62.595,105.694
412.451,152.200,62.595,105.694
416.190,148.645,63.980,108.032
419.213,147.638,63.980,108.032
421.563,144.615,63.980,108.032
424.688,143.768,65.396,110.423
427.091,140.679,65.396,110.423
428.121,138.963,65.396,110.423
431.210,139.993,65.396,110.423
432.926,139.649,65.396,110.423
435.329,139.306,65.396,110.423
437.045,140.336,65.396,110.423
437.388,142.052,65.396,110.423
440.478,144.455,65.396,110.423
442.194,144.798,65.396,110.423
444.597,146.514,65.396,110.423
446.999,146.858,65.396,110.423
447.343,147.201,65.396,110.423
450.432,146.858,65.396,110.423
450.798,144.396,64.001,108.068
455.042,141.339,62.636,105.763
454.056,135.750,62.636,105.763
456.942,131.491,61.301,103.508
456.045,126.702,59.993,101.300
455.730,121.349,59.993,101.300
455.415,117.885,59.993,101.300
452.581,112.532,59.993,101.300
449.118,105.289,59.993,101.300
444.394,98.676,59.993,101.300
440.930,89.544,59.993,101.300
436.837,75.374,59.993,101.300
429.594,70.021,59.993,101.300
419.832,64.668,59.993,101.300
409.441,65.612,59.993,101.300
398.420,60.889,59.993,101.300
386.769,57.425,59.993,101.300
374.488,52.702,59.993,101.300
358.428,58.055,59.993,101.300
341.103,54.647,61.321,103.542
323.400,51.751,61.321,103.542
307.629,50.785,61.321,103.542
291.214,35.658,61.321,103.542
274.799,29.542,61.321,103.542
259.028,30.508,61.321,103.542
241.970,26.967,61.321,103.542
221.692,31.795,61.321,103.542
205.921,26.324,61.321,103.542
190.133,22.154,60.013,101.334
178.325,19.287,58.733,99.173
162.602,21.445,58.733,99.173
148.730,20.521,58.733,99.173
135.606,17.185,60.033,101.367
123.948,18.130,60.033,101.367
114.810,19.075,60.033,101.367
103.781,20.651,60.033,101.367
94.013,20.966,60.033,101.367
84.875,22.541,60.033,101.367
78.888,22.856,60.033,101.367
71.641,25.692,60.033,101.367
63.763,29.789,60.033,101.367
57.146,34.515,60.033,101.367
50.529,41.762,60.033,101.367
45.173,45.859,60.033,101.367
41.566,55.526,61.361,103.610
38.023,60.357,61.361,103.610
35.769,67.764,61.361,103.610
33.514,79.681,61.361,103.610
29.972,85.800,61.361,103.610
27.073,91.920,61.361,103.610
23.530,98.683,61.361,103.610
19.987,104.803,61.361,103.610
16.445,110.922,61.361,103.610
12.258,117.685,61.361,103.610
10.003,123.805,61.361,103.610
8.393,129.280,61.361,103.610
6.782,132.179,61.361,103.610
6.460,135.721,61.361,103.610
6.138,137.332,61.361,103.610
7.749,140.230,61.361,103.610
6.782,143.129,61.361,103.610
8.393,146.028,61.361,103.610
9.359,149.571,61.361,103.610
10.969,153.113,61.361,103.610
13.868,157.944,61.361,103.610
16.767,162.131,61.361,103.610
20.836,167.893,60.052,101.400
23.673,171.360,60.052,101.400
25.879,176.088,60.052,101.400
28.812,189.682,61.381,103.644
31.067,193.871,61.381,103.644
33.322,196.126,61.381,103.644
34.289,197.737,61.381,103.644
36.544,199.348,61.381,103.644
38.155,200.958,61.381,103.644
39.766,202.569,61.381,103.644
40.732,202.247,61.381,103.644
41.699,203.858,61.381,103.644
43.310,204.825,61.381,103.644
43.632,203.858,61.381,103.644
44.599,205.469,61.381,103.644
44.921,205.791,61.381,103.644
46.532,207.402,61.381,103.644
45.565,208.369,61.381,103.644
47.176,208.691,61.381,103.644
48.142,210.946,61.381,103.644
47.820,209.979,61.381,103.644
48.787,212.235,61.381,103.644
47.105,208.748,62.739,105.937
49.410,207.760,62.739,105.937
47.008,206.247,64.127,108.281
48.691,207.257,64.127,108.281
49.701,206.247,64.127,108.281
50.710,207.930,64.127,108.281
47.556,203.589,65.546,110.676
50.044,205.577,66.996,113.125
47.582,199.599,66.996,113.125
49.395,200.172,68.479,115.628
46.160,194.780,68.479,115.628
47.957,195.859,68.479,115.628
45.441,191.186,68.479,115.628
47.238,192.983,68.479,115.628
45.441,191.905,68.479,115.628
46.520,189.389,68.479,115.628
46.160,189.029,68.479,115.628
45.801,189.389,68.479,115.628
44.799,187.504,67.018,113.162
46.557,187.856,67.018,113.162
44.095,188.207,67.018,113.162
45.149,187.719,65.589,110.749
45.493,189.440,65.589,110.749
45.149,189.784,65.589,110.749
45.493,189.440,65.589,110.749
44.460,190.473,65.589,110.749
44.804,190.817,65.589,110.749
45.837,189.784,65.589,110.749
44.804,190.129,65.589,110.749
45.837,189.784,65.589,110.749
46.182,190.129,65.589,110.749
46.526,190.473,65.589,110.749
46.870,190.817,65.589,110.749
47.903,190.473,65.589,110.749
47.534,190.319,67.040,113.199
47.183,190.671,67.040,113.199
48.942,189.615,67.040,113.199
48.590,190.671,67.040,113.199
48.214,191.244,68.524,115.704
47.082,188.845,70.040,118.264
45.926,190.206,71.589,120.880
44.799,189.831,71.589,120.880
45.176,189.663,73.173,123.555
44.024,189.279,73.173,123.555
43.613,189.904,74.792,126.288
40.749,188.915,76.447,129.083
38.655,191.233,78.138,131.938
35.663,192.752,79.867,134.858
36.084,191.695,81.634,137.841
36.513,189.553,81.634,137.841
84.065,69.333,83.440,140.891
81.876,70.647,83.440,140.891
79.686,64.954,83.440,140.891
80.998,68.567,81.661,137.887
84.855,70.710,81.661,137.887
83.569,72.853,81.661,137.887
81.426,66.424,81.661,137.887
80.140,67.709,81.661,137.887
83.141,68.138,81.661,137.887
80.998,66.852,81.661,137.887
80.569,68.995,81.661,137.887
82.712,71.996,81.661,137.887
82.343,68.921,79.919,134.946
82.763,72.697,79.919,134.946
80.785,68.880,78.215,132.068
82.049,71.252,79.946,134.990
79.262,67.433,78.241,132.112
80.494,67.844,78.241,132.112
80.083,69.076,78.241,132.112
78.791,72.301,79.972,135.035
78.372,71.882,79.972,135.035
79.664,74.307,81.741,138.022
76.661,70.446,81.741,138.022
78.806,72.591,81.741,138.022
75.803,67.013,81.741,138.022
77.948,70.017,81.741,138.022
77.519,69.588,81.741,138.022
75.496,68.992,79.998,135.079
78.373,74.884,78.292,132.198
76.318,71.185,78.292,132.198
77.551,74.884,78.292,132.198
77.140,70.364,78.292,132.198
77.551,67.487,78.292,132.198
78.783,70.364,78.292,132.198
81.754,73.591,80.024,135.123
46.576,183.127,78.318,132.242
46.223,188.103,76.648,129.421
48.234,181.263,76.648,129.421
48.636,176.033,76.648,129.421
50.648,171.608,76.648,129.421
51.855,167.183,76.648,129.421
53.866,162.757,76.648,129.421
55.878,145.458,76.648,129.421
58.694,137.010,76.648,129.421
63.001,128.695,75.013,126.662
67.332,120.427,75.013,126.662
72.451,112.946,75.013,126.662
77.569,107.828,75.013,126.662
83.475,104.284,75.013,126.662
88.594,99.953,75.013,126.662
94.500,99.559,75.013,126.662
101.193,96.016,75.013,126.662
107.886,95.622,75.013,126.662
115.367,93.654,75.013,126.662
124.423,94.047,75.013,126.662
138.991,94.441,75.013,126.662
150.824,98.350,76.673,129.464
162.891,95.464,75.038,126.703
172.737,100.584,75.038,126.703
189.102,103.833,73.438,124.001
205.118,103.298,71.871,121.357
213.794,96.885,71.871,121.357
226.997,99.525,71.871,121.357
237.183,101.411,71.871,121.357
248.123,104.052,71.871,121.357
256.799,106.693,71.871,121.357
266.230,110.842,71.871,121.357
274.152,115.746,71.871,121.357
280.565,122.914,71.871,121.357
286.786,131.844,70.339,118.769
290.847,137.382,70.339,118.769
293.431,143.658,70.339,118.769
296.016,149.196,70.339,118.769
297.123,154.734,70.339,118.769
296.016,158.057,70.339,118.769
294.908,162.118,70.339,118.769
293.167,167.298,68.839,116.236
291.361,170.550,68.839,116.236
288.960,174.924,67.371,113.757
287.899,177.399,67.371,113.757
284.717,178.460,67.371,113.757
280.827,178.814,67.371,113.757
276.937,179.875,67.371,113.757
273.906,182.110,65.934,111.331
271.484,183.148,65.934,111.331
270.519,186.003,64.528,108.957
267.616,183.574,63.152,106.634
265.296,185.894,63.152,106.634
260.324,188.215,63.152,106.634
257.341,185.231,63.152,106.634
255.020,188.878,63.152,106.634
251.374,191.861,63.152,106.634
252.368,196.170,63.152,106.634
249.385,199.816,63.152,106.634
249.054,201.474,63.152,106.634
247.396,203.131,63.152,106.634
249.105,205.046,64.549,108.993
246.854,206.535,63.173,106.669
248.512,208.856,63.173,106.669
247.517,210.514,63.173,106.669
248.511,212.610,61.825,104.394
244.941,211.637,61.825,104.394
247.862,216.504,61.825,104.394
245.706,213.551,60.507,102.168
247.294,218.315,60.507,102.168
245.706,220.538,60.507,102.168
247.929,222.126,60.507,102.168
245.071,220.538,60.507,102.168
246.659,222.761,60.507,102.168
243.165,220.538,60.507,102.168
244.753,222.126,60.507,102.168
241.895,219.268,60.507,102.168
239.672,215.139,60.507,102.168
236.813,211.011,60.507,102.168
234.590,204.976,60.507,102.168
232.367,200.213,60.507,102.168
234.590,191.638,60.507,102.168
234.929,181.401,59.217,99.989
233.997,173.631,59.217,99.989
236.794,165.860,59.217,99.989
237.105,158.090,59.217,99.989
239.902,143.481,59.217,99.989
241.433,137.657,57.954,97.857
244.170,128.227,57.954,97.857
246.908,123.056,57.954,97.857
248.476,117.240,59.236,100.022
251.274,112.576,59.236,100.022
255.938,108.534,59.236,100.022
259.980,105.114,59.236,100.022
264.644,101.072,59.236,100.022
268.686,101.383,59.236,100.022
273.349,97.341,59.236,100.022
278.013,100.139,59.236,100.022
281.551,101.936,60.547,102.235
286.318,95.898,60.547,102.235
291.085,98.758,60.547,102.235
294.702,101.254,61.886,104.497
294.354,104.479,63.256,106.809
296.755,109.153,64.655,109.172
292.871,113.227,66.086,111.587
291.060,118.110,67.548,114.056
290.681,131.930,69.042,116.579
285.029,145.303,70.570,119.159
281.695,159.749,70.570,119.159
275.399,173.454,70.570,119.159
265.779,177.132,72.131,121.795
252.019,191.889,73.727,124.490
243.575,203.761,75.358,127.244
236.060,208.903,75.358,127.244
225.787,215.293,77.026,130.060
218.106,222.166,77.026,130.060
201.734,229.536,78.730,132.937
193.575,233.638,80.472,135.878
188.928,229.837,80.472,135.878
185.127,224.346,80.472,135.878
182.046,215.393,82.252,138.885
179.887,207.190,82.252,138.885
176.865,196.397,82.252,138.885
181.614,184.741,82.252,138.885
182.909,175.675,82.252,138.885
186.795,166.608,82.252,138.885
189.817,159.269,82.252,138.885
193.702,153.657,82.252,138.885
199.315,148.908,82.252,138.885
204.927,142.432,82.252,138.885
210.539,137.683,82.252,138.885
217.015,133.797,82.252,138.885
225.218,131.639,82.252,138.885
233.421,130.344,82.252,138.885
242.487,130.775,82.252,138.885
253.280,130.344,82.252,138.885
264.073,132.502,82.252,138.885
275.730,137.251,82.252,138.885
286.523,140.273,82.252,138.885
298.179,147.613,82.252,138.885
311.563,153.225,82.252,138.885
324.946,155.384,82.252,138.885
340.920,160.132,82.252,138.885
356.894,162.291,82.252,138.885
365.097,163.586,82.252,138.885
377.617,162.291,82.252,138.885
389.273,160.996,82.252,138.885
400.066,159.701,82.252,138.885
408.269,160.996,82.252,138.885
415.609,158.837,82.252,138.885
421.221,160.132,82.252,138.885
421.655,154.565,84.072,141.957
421.214,149.711,84.072,141.957
419.890,143.974,84.072,141.957
416.958,134.004,82.279,138.930
412.208,126.662,82.279,138.930
407.457,126.230,82.279,138.930
400.115,122.344,82.279,138.930
389.319,119.321,82.279,138.930
371.612,115.434,82.279,138.930
355.633,114.138,82.279,138.930
337.063,110.251,82.279,138.930
307.264,110.683,82.279,138.930
286.103,105.069,82.279,138.930
264.086,98.642,80.524,135.967
234.923,99.909,80.524,135.967
209.986,106.249,80.524,135.967
175.751,113.434,80.524,135.967
148.278,115.548,80.524,135.967
117.424,112.589,80.524,135.967
91.642,110.476,80.524,135.967
63.324,115.970,80.524,135.967
40.078,117.238,80.524,135.967
14.296,113.435,80.524,135.967
-1.342,108.785,80.524,135.967
-11.063,103.291,80.524,135.967
-19.939,105.404,80.524,135.967
-26.279,99.910,80.524,135.967
-25.856,95.260,80.524,135.967
-23.743,88.920,80.524,135.967
-20.784,79.199,80.524,135.967
-13.599,68.633,80.524,135.967
-0.497,59.757,80.524,135.967
17.677,51.727,80.524,135.967
35.852,44.542,80.524,135.967
50.645,37.356,80.524,135.967
66.283,32.707,80.524,135.967
76.004,29.749,80.524,135.967
84.880,26.790,80.524,135.967
96.291,28.058,80.524,135.967
113.620,21.718,80.524,135.967
129.259,24.677,80.524,135.967
144.052,23.409,80.524,135.967
157.999,26.367,80.524,135.967
171.947,25.099,80.524,135.967
190.966,28.058,80.524,135.967
209.141,34.398,80.524,135.967
221.398,33.130,80.524,135.967
231.964,31.017,80.524,135.967
244.221,33.130,80.524,135.967
253.097,36.088,80.524,135.967
261.127,39.047,80.524,135.967
268.312,44.542,80.524,135.967
274.652,49.191,80.524,135.967
279.302,56.376,80.524,135.967
283.105,62.716,80.524,135.967
284.373,71.592,80.524,135.967
284.796,80.467,80.524,135.967
284.373,90.188,80.524,135.967
284.825,101.008,78.807,133.068
283.584,111.349,78.807,133.068
283.228,123.533,77.127,130.230
281.204,132.034,77.127,130.230
279.180,137.296,77.127,130.230
277.965,144.178,77.127,130.230
275.941,151.870,77.127,130.230
276.373,160.672,75.482,127.453
276.796,172.342,73.872,124.735
278.705,179.278,72.297,122.075
278.326,184.211,72.297,122.075
279.464,189.903,72.297,122.075
282.120,195.595,72.297,122.075
281.794,201.651,70.755,119.472
284.394,203.508,70.755,119.472
286.993,206.108,70.755,119.472
289.593,202.023,70.755,119.472
292.193,197.195,70.755,119.472
293.305,194.531,69.246,116.924
297.196,193.326,67.770,114.431
298.263,189.413,67.770,114.431
300.753,186.923,67.770,114.431
303.243,183.722,67.770,114.431
305.022,184.077,67.770,114.431
307.512,183.722,67.770,114.431
307.867,184.789,67.770,114.431
308.223,183.722,67.770,114.431
307.156,188.346,67.770,114.431
307.513,185.973,69.269,116.962
303.514,190.699,69.269,116.962
301.616,190.537,70.801,119.550
298.272,193.882,70.801,119.550
295.670,199.456,70.801,119.550
290.839,198.341,70.801,119.550
285.265,206.145,70.801,119.550
278.204,208.746,70.801,119.550
267.782,207.038,72.368,122.195
254.764,204.504,73.969,124.899
244.682,196.275,75.606,127.662
232.729,191.157,77.278,130.487
223.399,192.374,77.278,130.487
212.024,187.143,78.988,133.374
196.095,188.679,80.736,136.325
186.848,193.765,82.522,139.341
176.020,197.664,82.522,139.341
166.569,199.268,84.348,142.424
158.746,201.826,86.214,145.575
151.958,203.184,86.214,145.575
146.980,205.446,86.214,145.575
142.002,208.614,86.214,145.575
137.025,213.592,86.214,145.575
134.663,215.268,88.122,148.796
136.050,219.431,88.122,148.796
135.588,224.518,88.122,148.796
137.900,230.531,88.122,148.796
140.213,235.619,88.122,148.796
144.376,240.707,88.122,148.796
147.613,244.870,88.122,148.796
149.001,249.958,88.122,148.796
152.239,255.046,88.122,148.796
152.701,258.283,88.122,148.796
154.089,257.821,88.122,148.796
157.327,260.133,88.122,148.796
158.751,258.007,90.071,152.088
161.115,260.371,90.071,152.088
164.424,258.007,90.071,152.088
166.788,256.589,90.071,152.088
169.152,256.116,90.071,152.088
172.461,254.698,90.071,152.088
175.771,255.171,90.071,152.088
177.227,254.960,92.064,155.453
180.609,251.577,92.064,155.453
184.958,250.128,92.064,155.453
189.307,251.577,92.064,155.453
191.724,246.262,92.064,155.453
196.220,246.046,94.101,158.892
206.592,240.613,94.101,158.892
227.114,238.975,92.094,155.504
237.880,242.031,90.130,152.187
247.815,240.611,90.130,152.187
257.750,242.977,90.130,152.187
267.684,239.665,90.130,152.187
283.296,242.031,90.130,152.187
294.744,243.197,88.208,148.942
311.304,241.662,86.327,145.766
326.256,243.927,86.327,145.766
348.337,260.649,88.237,148.991
361.768,263.891,88.237,148.991
371.494,257.870,88.237,148.991
381.220,260.186,88.237,148.991
390.945,257.870,88.237,148.991
399.745,251.849,88.237,148.991
425.238,227.993,86.356,145.814
434.756,218.475,86.356,145.814
441.555,215.302,86.356,145.814
446.541,216.662,86.356,145.814
450.520,212.537,84.514,142.704
456.125,212.776,82.712,139.661
458.295,208.869,82.712,139.661
460.433,207.429,80.948,136.683
460.886,204.381,79.222,133.768
460.470,195.649,79.222,133.768
457.560,176.937,79.222,133.768
453.996,171.550,77.532,130.915
445.960,157.013,79.248,133.812
433.898,139.127,79.248,133.812
422.232,120.816,81.001,136.772
407.352,114.439,81.001,136.772
395.022,80.852,81.001,136.772
376.740,65.121,81.001,136.772
356.877,56.991,82.793,139.798
334.714,50.473,82.793,139.798
312.551,45.693,82.793,139.798
292.127,40.043,82.793,139.798
270.833,35.263,82.793,139.798
248.670,29.614,82.793,139.798
227.377,34.394,82.793,139.798
207.821,37.436,82.793,139.798
185.659,31.787,82.793,139.798
166.972,37.436,82.793,139.798
153.501,44.823,82.793,139.798
146.113,53.080,82.793,139.798
137.856,68.290,82.793,139.798
130.469,84.369,82.793,139.798
124.593,100.406,84.625,142.891
126.814,108.845,84.625,142.891
127.259,119.061,84.625,142.891
133.033,132.831,84.625,142.891
137.919,142.159,84.625,142.891
141.916,158.593,84.625,142.891
147.893,164.847,86.497,146.053
153.795,173.473,86.497,146.053
160.605,178.467,86.497,146.053
168.323,184.369,86.497,146.053
176.949,189.363,86.497,146.053
186.483,195.265,86.497,146.053
195.418,199.773,88.411,149.284
207.019,202.093,88.411,149.284
218.621,199.773,88.411,149.284
230.745,203.601,86.526,146.101
243.916,204.964,86.526,146.101
253.453,199.060,86.526,146.101
264.807,200.422,86.526,146.101
281.611,200.876,86.526,146.101
291.148,202.239,86.526,146.101
298.869,196.335,86.526,146.101
308.108,199.206,84.680,142.985
313.886,193.428,84.680,142.985
319.665,194.761,84.680,142.985
327.221,186.316,84.680,142.985
332.836,186.555,82.875,139.936
339.361,180.031,82.875,139.936
336.471,181.942,81.107,136.952
336.105,178.889,79.378,134.031
332.534,178.310,77.685,131.173
329.825,176.957,76.028,128.376
325.636,177.172,74.407,125.638
321.339,175.220,74.407,125.638
315.481,174.048,74.407,125.638
308.842,174.438,74.407,125.638
302.483,171.637,72.820,122.959
295.985,172.020,72.820,122.959
289.762,167.068,71.267,120.337
284.393,162.943,69.747,117.770
279.138,160.317,68.260,115.259
271.614,154.943,68.260,115.259
265.523,151.002,68.260,115.259
259.432,147.060,68.260,115.259
254.058,141.686,68.260,115.259
247.967,134.879,68.260,115.259
242.593,128.788,68.260,115.259
237.219,122.697,68.260,115.259
231.845,118.040,68.260,115.259
225.754,112.665,68.260,115.259
220.380,109.441,68.260,115.259
213.572,106.933,68.260,115.259
208.198,104.425,68.260,115.259
199.957,101.200,68.260,115.259
189.567,95.826,68.260,115.259
181.327,90.452,68.260,115.259
172.370,85.077,68.260,115.259
164.846,81.853,68.260,115.259
155.541,81.693,69.770,117.809
144.188,81.327,69.770,117.809
132.578,79.406,68.282,115.297
122.901,84.782,68.282,115.297
113.941,91.592,68.282,115.297
104.265,96.968,68.282,115.297
93.871,100.910,68.282,115.297
83.477,104.136,68.282,115.297
73.084,105.928,68.282,115.297
64.124,109.153,68.282,115.297
53.730,111.662,68.282,115.297
45.487,113.454,68.282,115.297
37.960,115.963,68.282,115.297
32.125,122.374,66.826,112.838
25.738,127.972,65.401,110.432
19.902,133.121,65.401,110.432
13.380,137.584,65.401,110.432
9.604,142.733,65.401,110.432
8.574,149.942,65.401,110.432
9.604,157.837,65.401,110.432
12.007,164.360,65.401,110.432
17.338,182.014,66.848,112.875
21.198,190.084,66.848,112.875
24.355,193.242,66.848,112.875
28.215,197.102,66.848,112.875
32.075,199.558,66.848,112.875
35.934,201.312,66.848,112.875
39.794,199.558,66.848,112.875
41.548,201.312,66.848,112.875
43.302,198.856,66.848,112.875
45.057,201.312,66.848,112.875
47.513,198.856,66.848,112.875
47.864,201.312,66.848,112.875
49.618,198.856,66.848,112.875
49.267,201.312,66.848,112.875
49.618,198.856,66.848,112.875
50.671,201.312,66.848,112.875
50.320,200.259,66.848,112.875
49.969,202.014,66.848,112.875
50.320,202.365,66.848,112.875
48.566,203.417,66.848,112.875
48.916,202.365,66.848,112.875
48.566,204.119,66.848,112.875
47.513,203.066,66.848,112.875
46.460,204.119,66.848,112.875
45.408,203.066,66.848,112.875
45.057,204.821,66.848,112.875
44.004,205.873,66.848,112.875
42.952,204.119,66.848,112.875
41.197,205.172,66.848,112.875
38.741,207.628,66.848,112.875
39.092,205.172,66.848,112.875
35.232,208.330,66.848,112.875
33.478,209.382,66.848,112.875
31.022,211.838,66.848,112.875
32.075,207.979,66.848,112.875
29.618,211.838,66.848,112.875
25.759,214.294,66.848,112.875
26.811,210.435,66.848,112.875
22.250,214.996,66.848,112.875
19.794,214.645,66.848,112.875
16.636,217.101,66.848,112.875
15.584,214.645,66.848,112.875
13.127,217.803,66.848,112.875
11.373,215.347,66.848,112.875
10.320,214.996,66.848,112.875
8.566,216.751,66.848,112.875
8.917,214.294,66.848,112.875
7.163,216.751,66.848,112.875
5.408,217.803,66.848,112.875
5.057,218.154,66.848,112.875
5.408,219.207,66.848,112.875
3.654,221.663,66.848,112.875
5.408,221.312,66.848,112.875
3.654,223.768,66.848,112.875
4.706,224.821,66.848,112.875
3.654,228.680,66.848,112.875
6.110,228.329,66.848,112.875
3.654,232.189,66.848,112.875
6.110,230.435,66.848,112.875
5.759,233.592,66.848,112.875
7.513,235.347,66.848,112.875
6.461,237.803,66.848,112.875
8.917,240.259,66.848,112.875
9.268,241.312,66.848,112.875
9.619,243.066,66.848,112.875
12.075,244.820,66.848,112.875
13.829,246.575,66.848,112.875
12.777,249.031,66.848,112.875
14.531,250.785,66.848,112.875
14.883,252.085,68.327,115.372
13.756,254.157,69.839,117.925
12.603,257.797,71.384,120.534
13.757,256.075,72.964,123.201
12.552,256.698,74.578,125.927
14.509,257.873,74.578,125.927
14.901,259.830,74.578,125.927
15.292,261.787,74.578,125.927
18.032,262.179,74.578,125.927
17.613,262.816,76.228,128.713
18.814,264.016,76.228,128.713
19.216,264.668,77.914,131.560
18.778,266.183,79.638,134.471
20.032,266.601,79.638,134.471
22.958,267.019,79.638,134.471
19.909,268.567,81.400,137.446
23.754,265.576,81.400,137.446
25.036,267.712,81.400,137.446
25.463,267.285,81.400,137.446
27.599,264.294,81.400,137.446
30.590,266.431,81.400,137.446
30.163,261.731,81.400,137.446
32.299,265.576,81.400,137.446
34.435,262.585,81.400,137.446
35.751,262.395,83.201,140.487
37.096,258.575,85.042,143.596
40.221,255.451,85.042,143.596
42.453,253.219,85.042,143.596
46.470,250.094,85.042,143.596
52.273,246.077,85.042,143.596
56.290,242.952,85.042,143.596
55.813,237.196,86.924,146.773
57.218,230.365,88.847,150.020
61.415,228.034,88.847,150.020
63.819,222.987,90.813,153.339
65.287,220.796,92.822,156.732
69.672,219.335,92.822,156.732
75.031,220.796,92.822,156.732
82.339,218.360,92.822,156.732
90.621,220.796,92.822,156.732
97.929,219.335,92.822,156.732
101.340,224.694,92.822,156.732
107.673,223.232,92.822,156.732
113.033,225.668,92.822,156.732
119.366,226.156,92.822,156.732
126.674,226.643,92.822,156.732
134.957,223.232,92.822,156.732
142.990,227.251,90.842,153.390
149.189,228.682,90.842,153.390
153.480,231.066,90.842,153.390
156.818,226.775,90.842,153.390
161.109,228.205,90.842,153.390
164.447,222.960,90.842,153.390
168.738,219.622,90.842,153.390
173.983,214.378,90.842,153.390
179.228,209.133,90.842,153.390
184.333,207.551,88.905,150.119
188.533,201.485,88.905,150.119
194.599,197.285,88.905,150.119
199.732,193.085,88.905,150.119
203.932,190.752,88.905,150.119
208.132,189.352,88.905,150.119
212.332,187.019,88.905,150.119
217.465,187.485,88.905,150.119
222.598,185.152,88.905,150.119
226.798,184.686,88.905,150.119
230.064,183.286,88.905,150.119
232.397,184.686,88.905,150.119
236.597,184.219,88.905,150.119
239.864,183.752,88.905,150.119
243.130,182.352,88.905,150.119
245.427,186.202,87.009,146.917
245.884,184.832,87.009,146.917
248.168,186.202,87.009,146.917
245.884,182.092,87.009,146.917
249.081,185.288,87.009,146.917
246.798,183.005,87.009,146.917
249.081,184.375,87.009,146.917
246.798,180.265,87.009,146.917
244.414,177.218,88.934,150.168
246.748,174.884,88.934,150.168
245.347,171.617,88.934,150.168
244.880,172.083,88.934,150.168
245.347,168.816,88.934,150.168
245.814,166.482,88.934,150.168
246.281,163.214,88.934,150.168
245.814,160.880,88.934,150.168
248.148,158.546,88.934,150.168
246.748,155.279,88.934,150.168
250.949,154.812,88.934,150.168
250.482,151.544,88.934,150.168
253.749,149.210,88.934,150.168
252.349,145.943,88.934,150.168
256.550,144.542,88.934,150.168
258.884,140.341,88.934,150.168
262.152,138.007,88.934,150.168
261.685,134.740,88.934,150.168
266.820,133.339,88.934,150.168
270.087,135.673,88.934,150.168
271.488,131.472,88.934,150.168
275.689,131.005,88.934,150.168
279.890,133.339,88.934,150.168
279.423,130.072,88.934,150.168
284.558,131.472,88.934,150.168
284.091,128.204,88.934,150.168
287.359,129.605,88.934,150.168
289.693,128.204,88.934,150.168
290.160,126.804,88.934,150.168
292.494,126.337,88.934,150.168
293.894,126.804,88.934,150.168
297.162,127.271,88.934,150.168
295.761,124.937,88.934,150.168
299.029,125.404,88.934,150.168
297.628,124.003,88.934,150.168
299.962,123.536,88.934,150.168
296.695,118.402,88.934,150.168
299.962,118.868,88.934,150.168
297.628,114.667,88.934,150.168
299.029,112.333,88.934,150.168
296.695,109.066,88.934,150.168
298.095,107.665,88.934,150.168
295.761,105.331,88.934,150.168
297.162,105.798,88.934,150.168
295.761,104.398,88.934,150.168
297.162,105.798,88.934,150.168
294.828,102.531,88.934,150.168
294.361,102.064,88.934,150.168
292.960,100.663,88.934,150.168
294.361,98.329,88.934,150.168
292.027,100.663,88.934,150.168
294.361,98.329,88.934,150.168
290.160,96.929,88.934,150.168
292.494,98.329,88.934,150.168
290.160,95.995,88.934,150.168
294.257,96.247,87.038,146.965
290.146,94.876,87.038,146.965
291.516,96.247,87.038,146.965
290.146,93.049,87.038,146.965
289.689,91.678,87.038,146.965
292.887,94.876,87.038,146.965
290.603,90.765,87.038,146.965
291.059,90.308,87.038,146.965
291.516,88.024,87.038,146.965
293.801,90.308,87.038,146.965
292.430,88.937,87.038,146.965
293.801,91.222,87.038,146.965
292.430,90.765,87.038,146.965
295.628,93.963,87.038,146.965
293.344,96.247,87.038,146.965
294.714,101.272,87.038,146.965
293.344,105.384,87.038,146.965
293.801,110.409,87.038,146.965
294.257,114.521,87.038,146.965
293.801,117.718,87.038,146.965
295.171,122.744,87.038,146.965
294.714,126.855,87.038,146.965
296.998,131.881,87.038,146.965
297.455,136.906,87.038,146.965
301.466,141.555,85.182,143.831
302.807,145.579,85.182,143.831
305.042,149.603,85.182,143.831
304.658,155.015,83.365,140.764
309.343,161.155,81.587,137.762
310.627,163.296,81.587,137.762
313.625,165.438,81.587,137.762
316.623,165.866,81.587,137.762
322.190,165.438,81.587,137.762
328.613,162.440,81.587,137.762
334.180,162.012,81.587,137.762
342.317,161.583,81.587,137.762
354.735,160.299,81.587,137.762
363.163,157.442,83.392,140.810
368.853,161.381,83.392,140.810
385.049,157.442,83.392,140.810
398.204,157.247,85.237,143.926
407.009,155.190,87.123,147.110
415.697,153.818,87.123,147.110
423.471,151.532,87.123,147.110
432.160,148.331,87.123,147.110
439.934,145.130,87.123,147.110
450.119,139.205,85.265,143.973
458.622,132.492,85.265,143.973
466.002,128.420,83.447,140.903
463.812,127.106,83.447,140.903
462.590,124.809,81.668,137.898
457.875,125.237,81.668,137.898
450.896,123.815,79.926,134.957
439.569,125.913,79.926,134.957
432.437,124.654,79.926,134.957
423.627,121.718,79.926,134.957
413.140,117.942,79.926,134.957
405.169,115.845,79.926,134.957
397.198,112.908,79.926,134.957
388.388,109.132,79.926,134.957
377.061,104.518,79.926,134.957
368.251,99.064,79.926,134.957
360.281,94.449,79.926,134.957
353.450,92.249,78.222,132.079
347.557,89.304,76.553,129.262
342.564,87.197,74.921,126.506
337.677,85.893,73.323,123.808
333.444,83.969,73.323,123.808
331.629,83.434,71.760,121.168
329.746,80.797,71.760,121.168
330.122,79.667,71.760,121.168
330.499,77.784,71.760,121.168
332.382,78.161,71.760,121.168
331.252,77.031,71.760,121.168
333.136,76.654,71.760,121.168
331.252,80.044,71.760,121.168
332.382,80.421,71.760,121.168
330.499,83.057,71.760,121.168
328.616,85.694,71.760,121.168
325.979,88.330,71.760,121.168
321.083,90.214,71.760,121.168
316.402,96.225,70.229,118.584
307.187,102.492,70.229,118.584
298.709,110.970,70.229,118.584
291.705,117.974,70.229,118.584
287.124,128.120,68.732,116.055
284.599,137.139,68.732,116.055
280.630,149.044,68.732,116.055
274.757,154.107,67.266,113.580
267.342,157.990,67.266,113.580
261.340,162.580,67.266,113.580
255.834,174.877,68.754,116.093
250.206,173.967,70.275,118.662
247.515,166.149,71.830,121.287
244.765,153.463,73.419,123.971
242.838,143.059,73.419,123.971
240.911,127.259,73.419,123.971
239.755,116.083,73.419,123.971
238.599,106.449,73.419,123.971
239.755,99.898,73.419,123.971
241.682,93.347,73.419,123.971
242.069,85.178,75.044,126.713
241.675,76.907,75.044,126.713
246.008,71.786,75.044,126.713
247.190,66.666,75.044,126.713
249.947,62.333,75.044,126.713
251.917,57.212,75.044,126.713
251.523,51.304,75.044,126.713
246.197,44.590,76.704,129.517
245.795,38.550,76.704,129.517
242.976,40.563,76.704,129.517
239.353,39.356,76.704,129.517
233.910,41.682,78.401,132.383
229.383,42.917,78.401,132.383
222.387,43.328,78.401,132.383
217.038,46.209,78.401,132.383
211.688,49.912,78.401,132.383
206.338,55.262,78.401,132.383
200.989,58.143,78.401,132.383
195.639,56.085,78.401,132.383
191.112,58.966,78.401,132.383
181.239,54.428,76.729,129.559
173.587,51.609,76.729,129.559
167.546,52.011,76.729,129.559
163.921,52.414,76.729,129.559
160.470,52.631,75.093,126.797
157.711,52.237,75.093,126.797
155.852,51.689,73.492,124.093
153.923,50.532,73.492,124.093
151.995,49.375,73.492,124.093
153.894,51.070,71.924,121.446
152.761,49.937,71.924,121.446
153.138,48.805,71.924,121.446
152.761,46.917,71.924,121.446
154.649,47.295,71.924,121.446
154.271,44.652,71.924,121.446
156.159,46.540,71.924,121.446
157.291,45.407,71.924,121.446
159.179,46.540,71.924,121.446
158.046,45.407,71.924,121.446
160.689,48.050,71.924,121.446
159.556,46.162,71.924,121.446
161.444,48.805,71.924,121.446
160.311,46.917,71.924,121.446
158.424,47.295,71.924,121.446
159.556,46.917,71.924,121.446
157.669,48.805,71.924,121.446
156.536,47.672,71.924,121.446
155.404,47.295,71.924,121.446
154.271,46.917,71.924,121.446
153.138,48.805,71.924,121.446
152.006,48.427,71.924,121.446
150.873,47.295,71.924,121.446
148.986,49.182,71.924,121.446
147.853,50.315,71.924,121.446
146.721,52.202,71.924,121.446
146.343,54.845,71.924,121.446
143.701,56.732,71.924,121.446
144.833,60.130,71.924,121.446
142.946,62.018,71.924,121.446
140.303,62.395,71.924,121.446
137.660,64.283,71.924,121.446
138.793,66.925,71.924,121.446
136.905,68.813,71.924,121.446
133.368,68.645,73.516,124.133
132.982,69.030,73.516,124.133
131.824,70.188,73.516,124.133
130.667,71.346,73.516,124.133
129.509,70.960,73.516,124.133
129.177,68.936,71.948,121.486
130.308,71.323,70.414,118.895
129.200,69.475,70.414,118.895
129.569,72.802,70.414,118.895
129.200,69.475,70.414,118.895
128.830,71.323,70.414,118.895
128.460,68.736,70.414,118.895
131.048,69.845,70.414,118.895
129.939,67.997,70.414,118.895
130.308,68.367,70.414,118.895
131.417,67.258,70.414,118.895
132.526,67.627,70.414,118.895
133.635,65.040,70.414,118.895
135.483,66.888,70.414,118.895
135.113,65.040,70.414,118.895
136.222,66.888,70.414,118.895
138.070,67.258,70.414,118.895
139.179,67.627,70.414,118.895
140.287,65.780,70.414,118.895
142.874,66.149,70.414,118.895
143.244,65.780,70.414,118.895
145.831,63.932,70.414,118.895
146.940,64.301,70.414,118.895
149.527,65.410,70.414,118.895
152.114,64.301,70.414,118.895
153.962,62.453,70.414,118.895
156.549,61.345,70.414,118.895
159.875,59.497,70.414,118.895
160.245,59.866,70.414,118.895
162.832,57.279,70.414,118.895
164.680,59.127,70.414,118.895
167.267,57.279,70.414,118.895
167.637,55.431,70.414,118.895
170.224,54.322,70.414,118.895
169.854,53.953,70.414,118.895
172.441,53.583,70.414,118.895
173.550,51.735,70.414,118.895
174.659,50.626,70.414,118.895
175.768,50.257,70.414,118.895
176.137,50.626,70.414,118.895
175.768,48.779,70.414,118.895
177.616,49.148,70.414,118.895
175.768,47.300,70.414,118.895
178.355,48.409,70.414,118.895
176.507,46.561,70.414,118.895
178.355,46.931,70.414,118.895
177.246,45.083,70.414,118.895
181.203,44.569,68.912,116.360
181.589,42.672,67.443,113.878
183.359,43.734,67.443,113.878
186.466,41.878,66.004,111.450
188.199,42.224,66.004,111.450
191.317,41.185,66.004,111.450
195.128,43.610,66.004,111.450
196.833,42.461,64.597,109.073
199.885,44.834,64.597,109.073
201.580,47.208,64.597,109.073
203.953,48.903,64.597,109.073
206.327,51.276,64.597,109.073
206.035,50.152,63.219,106.747
207.694,51.147,63.219,106.747
209.353,50.815,63.219,106.747
209.685,51.811,63.219,106.747
210.681,52.806,63.219,106.747
211.676,53.802,63.219,106.747
212.670,51.422,61.871,104.471
212.995,52.396,61.871,104.471
214.618,53.370,61.871,104.471
213.713,51.667,60.552,102.243
215.302,52.621,60.552,102.243
214.349,51.031,60.552,102.243
215.302,51.985,60.552,102.243
214.984,52.303,60.552,102.243
215.302,50.078,60.552,102.243
215.029,51.475,59.260,100.063
215.962,51.786,59.260,100.063
215.651,52.719,59.260,100.063
215.983,52.287,57.997,97.929
215.070,53.200,57.997,97.929
213.548,54.722,57.997,97.929
214.461,56.853,57.997,97.929
211.721,55.331,57.997,97.929
212.026,55.635,57.997,97.929
209.895,55.331,57.997,97.929
210.199,55.635,57.997,97.929
208.677,55.940,57.997,97.929
209.590,55.635,57.997,97.929
208.742,54.625,56.760,95.840
209.040,53.136,56.760,95.840
209.337,54.030,56.760,95.840
209.040,52.540,56.760,95.840
210.529,55.221,56.760,95.840
210.827,53.136,56.760,95.840
211.721,54.625,56.760,95.840
213.210,53.136,56.760,95.840
212.913,53.434,56.760,95.840
214.998,53.136,56.760,95.840
215.892,53.434,56.760,95.840
217.381,54.328,56.760,95.840
217.679,52.838,56.760,95.840
219.765,53.136,56.760,95.840
220.659,53.434,56.760,95.840
221.552,53.136,56.760,95.840
223.042,52.838,56.760,95.840
224.532,53.136,56.760,95.840
224.829,50.455,56.760,95.840
226.915,52.540,56.760,95.840
229.000,50.455,56.760,95.840
231.086,48.369,56.760,95.840
232.575,50.455,56.760,95.840
233.469,48.965,56.760,95.840
235.555,49.859,56.760,95.840
237.640,48.369,56.760,95.840
240.321,49.859,56.760,95.840
241.811,52.540,56.760,95.840
245.088,55.221,56.760,95.840
247.769,57.307,56.760,95.840
250.451,59.392,56.760,95.840
253.728,60.882,56.760,95.840
257.005,62.371,56.760,95.840
260.878,64.457,56.760,95.840
264.751,66.542,56.760,95.840
268.624,68.032,56.760,95.840
273.093,70.117,56.760,95.840
277.561,73.394,56.760,95.840
282.188,78.207,58.016,97.961
287.365,83.384,58.016,97.961
293.150,89.169,58.016,97.961
298.327,94.346,58.016,97.961
301.068,100.741,58.016,97.961
302.637,110.715,59.299,100.128
304.888,115.097,60.611,102.344
309.168,126.837,61.952,104.608
314.218,139.512,63.323,106.922
317.311,153.157,64.724,109.288
319.689,159.612,64.724,109.288
320.708,164.028,64.724,109.288
321.727,168.445,64.724,109.288
322.067,170.823,64.724,109.288
323.086,174.560,64.724,109.288
322.067,175.579,64.724,109.288
321.048,179.995,64.724,109.288
318.569,177.024,66.156,111.706
316.833,180.149,66.156,111.706
315.097,181.191,66.156,111.706
314.055,183.621,66.156,111.706
312.319,186.746,66.156,111.706
311.972,188.483,66.156,111.706
310.236,192.302,66.156,111.706
310.583,194.039,66.156,111.706
310.236,195.775,66.156,111.706
311.305,197.061,67.620,114.178
312.370,200.255,67.620,114.178
313.463,201.570,69.116,116.704
313.075,203.666,70.645,119.286
314.986,205.039,72.208,121.925
315.367,206.443,73.806,124.623
318.079,209.930,73.806,124.623
321.565,212.641,73.806,124.623
323.502,214.578,73.806,124.623
325.499,216.013,75.438,127.380
328.271,217.201,75.438,127.380
331.835,218.389,75.438,127.380
333.814,218.785,75.438,127.380
336.586,219.973,75.438,127.380
340.150,220.369,75.438,127.380
342.130,219.181,75.438,127.380
342.525,217.993,75.438,127.380
344.505,217.597,75.438,127.380
340.795,218.242,77.108,130.198
342.819,216.218,77.108,130.198
339.026,216.877,78.814,133.079
336.009,216.693,80.557,136.023
333.894,216.270,80.557,136.023
330.935,214.156,80.557,136.023
