256.000,152.000,73.000,210.000
253.297,151.459,73.000,210.000
256.000,152.000,73.000,210.000
253.297,151.459,73.000,210.000
256.000,152.000,73.000,210.000
253.297,151.459,73.000,210.000
256.000,150.919,73.000,210.000
253.297,151.459,73.000,210.000
256.000,152.000,73.000,210.000
253.297,151.459,73.000,210.000
254.919,152.000,73.000,210.000
253.297,151.459,73.000,210.000
254.919,152.000,73.000,210.000
252.216,151.459,73.000,210.000
254.919,152.000,73.000,210.000
252.216,151.459,73.000,210.000
254.919,152.000,73.000,210.000
252.216,151.459,73.000,210.000
254.919,152.000,73.000,210.000
252.216,151.459,73.000,210.000
254.919,152.000,73.000,210.000
252.216,151.459,73.000,210.000
254.919,152.000,73.000,210.000
252.216,151.459,73.000,210.000
254.919,152.000,73.000,210.000
252.216,151.459,73.000,210.000
254.919,152.000,73.000,210.000
252.216,151.459,73.000,210.000
254.919,152.000,73.000,210.000
252.216,151.459,73.000,210.000
254.919,152.000,73.000,210.000
252.216,151.459,73.000,210.000
254.919,152.000,73.000,210.000
252.216,151.459,73.000,210.000
254.919,152.000,73.000,210.000
252.216,151.459,73.000,210.000
254.919,152.000,73.000,210.000
252.216,151.459,73.000,210.000
254.919,152.000,73.000,210.000
252.216,151.459,73.000,210.000
254.919,152.000,73.000,210.000
252.216,151.459,73.000,210.000
254.919,152.000,73.000,210.000
252.216,151.459,73.000,210.000
254.919,152.000,73.000,210.000
252.216,151.459,73.000,210.000
254.919,152.000,73.000,210.000
252.216,151.459,73.000,210.000
254.919,152.000,73.000,210.000
252.216,151.459,73.000,210.000
254.919,152.000,73.000,210.000
252.216,151.459,73.000,210.000
254.919,152.000,73.000,210.000
252.216,151.459,73.000,210.000
254.919,152.000,73.000,210.000
252.216,151.459,73.000,210.000
254.919,152.000,73.000,210.000
252.216,151.459,73.000,210.000
254.919,152.000,73.000,210.000
252.216,151.459,73.000,210.000
254.919,152.000,73.000,210.000
252.216,151.459,73.000,210.000
254.919,152.000,73.000,210.000
252.216,151.459,73.000,210.000
254.919,152.000,73.000,210.000
252.216,151.459,73.000,210.000
254.919,152.000,73.000,210.000
252.216,151.459,73.000,210.000
254.919,152.000,73.000,210.000
252.216,151.459,73.000,210.000
254.919,152.000,73.000,210.000
252.216,151.459,73.000,210.000
254.919,152.000,73.000,210.000
252.216,151.459,73.000,210.000
254.919,152.000,73.000,210.000
252.216,151.459,73.000,210.000
254.919,152.000,73.000,210.000
252.216,151.459,73.000,210.000
254.919,152.000,73.000,210.000
252.216,151.459,73.000,210.000
254.919,152.000,73.000,210.000
252.216,151.459,73.000,210.000
254.919,152.000,73.000,210.000
252.216,152.541,73.000,210.000
254.919,152.000,73.000,210.000
252.216,152.541,73.000,210.000
254.919,152.000,73.000,210.000
252.216,152.541,73.000,210.000
254.919,152.000,73.000,210.000
252.216,151.459,73.000,210.000
254.919,152.000,73.000,210.000
252.216,152.541,73.000,210.000
254.919,152.000,73.000,210.000
252.216,151.459,73.000,210.000
254.919,152.000,73.000,210.000
252.216,151.459,73.000,210.000
254.919,152.000,73.000,210.000
252.216,151.459,73.000,210.000
254.919,152.000,73.000,210.000
252.216,151.459,73.000,210.000
254.919,152.000,73.000,210.000
252.216,151.459,73.000,210.000
254.919,152.000,73.000,210.000
252.216,151.459,73.000,210.000
253.838,152.000,73.000,210.000
252.216,152.541,73.000,210.000
256.000,150.919,73.000,210.000
255.459,150.378,73.000,210.000
258.162,149.838,73.000,210.000
257.622,150.378,73.000,210.000
257.081,149.838,73.000,210.000
258.703,150.378,73.000,210.000
258.162,149.838,73.000,210.000
259.784,150.378,73.000,210.000
258.162,149.838,73.000,210.000
259.784,150.378,73.000,210.000
258.162,149.838,73.000,210.000
258.703,150.378,73.000,210.000
257.081,149.838,73.000,210.000
258.703,150.378,73.000,210.000
258.162,149.838,73.000,210.000
258.703,150.378,73.000,210.000
257.081,149.838,73.000,210.000
258.703,150.378,73.000,210.000
257.081,149.838,73.000,210.000
258.703,150.378,73.000,210.000
258.162,150.919,73.000,210.000
258.703,151.459,73.000,210.000
258.162,150.919,73.000,210.000
258.703,151.459,73.000,210.000
258.162,152.000,73.000,210.000
259.784,150.378,73.000,210.000
258.162,150.919,73.000,210.000
258.703,151.460,73.000,210.000
258.162,150.919,73.000,210.000
258.703,151.460,73.000,210.000
258.162,150.919,73.000,210.000
258.703,151.460,73.000,210.000
258.162,150.919,73.000,210.000
258.703,151.460,73.000,210.000
258.162,150.919,73.000,210.000
258.703,151.460,73.000,210.000
258.162,150.919,73.000,210.000
258.703,151.460,73.000,210.000
258.162,150.919,73.000,210.000
259.784,151.460,73.000,210.000
258.162,150.919,73.000,210.000
259.784,151.460,73.000,210.000
258.162,150.919,73.000,210.000
259.784,151.460,73.000,210.000
258.162,150.919,73.000,210.000
259.784,151.460,73.000,210.000
258.162,150.919,73.000,210.000
259.784,151.460,73.000,210.000
258.162,150.919,73.000,210.000
259.784,151.460,73.000,210.000
258.162,150.919,73.000,210.000
259.784,151.460,73.000,210.000
258.162,150.919,73.000,210.000
259.784,151.460,73.000,210.000
258.162,150.919,73.000,210.000
259.784,151.460,73.000,210.000
258.162,150.919,73.000,210.000
259.784,151.460,73.000,210.000
258.162,150.919,73.000,210.000
259.784,151.460,73.000,210.000
258.162,150.919,73.000,210.000
259.784,151.460,73.000,210.000
258.162,150.919,73.000,210.000
259.784,151.460,73.000,210.000
258.162,150.919,73.000,210.000
259.784,151.460,73.000,210.000
258.162,150.919,73.000,210.000
259.784,151.460,73.000,210.000
258.162,150.919,73.000,210.000
258.703,151.460,73.000,210.000
258.162,150.919,73.000,210.000
258.703,151.460,73.000,210.000
258.162,150.919,73.000,210.000
258.703,151.460,73.000,210.000
258.162,150.919,73.000,210.000
258.703,151.460,73.000,210.000
258.162,150.919,73.000,210.000
258.703,151.460,73.000,210.000
258.162,150.919,73.000,210.000
258.703,151.460,73.000,210.000
258.162,150.919,73.000,210.000
258.703,151.460,73.000,210.000
258.162,150.919,73.000,210.000
258.703,151.460,73.000,210.000
258.162,150.919,73.000,210.000
258.703,151.460,73.000,210.000
258.162,150.919,73.000,210.000
258.703,151.460,73.000,210.000
258.162,150.919,73.000,210.000
259.784,151.460,73.000,210.000
258.162,150.919,73.000,210.000
258.703,151.460,73.000,210.000
258.162,150.919,73.000,210.000
258.703,151.460,73.000,210.000
258.162,149.838,73.000,210.000
258.703,151.460,73.000,210.000
258.162,150.919,73.000,210.000
259.784,151.460,73.000,210.000
258.162,149.838,73.000,210.000
258.703,151.460,73.000,210.000
258.162,150.919,73.000,210.000
258.703,150.378,73.000,210.000
257.081,149.838,73.000,210.000
258.703,150.378,73.000,210.000
258.162,149.838,73.000,210.000
258.703,150.378,73.000,210.000
258.162,150.919,73.000,210.000
259.784,150.378,73.000,210.000
258.162,150.919,73.000,210.000
258.703,150.378,73.000,210.000
258.162,150.919,73.000,210.000
258.703,151.460,73.000,210.000
258.162,150.919,73.000,210.000
258.703,150.378,73.000,210.000
257.081,150.919,73.000,210.000
256.540,150.378,73.000,210.000
254.919,150.919,73.000,210.000
255.794,149.157,74.615,214.646
254.136,148.604,74.615,214.646
253.584,148.052,74.615,214.646
253.031,147.499,74.615,214.646
253.584,146.947,74.615,214.646
253.031,147.499,74.615,214.646
253.584,146.947,74.615,214.646
253.031,147.499,74.615,214.646
254.689,146.947,74.615,214.646
253.031,147.499,74.615,214.646
253.584,146.947,74.615,214.646
253.031,147.499,74.615,214.646
253.584,146.947,74.615,214.646
253.031,147.499,74.615,214.646
253.584,146.947,74.615,214.646
251.926,147.499,74.615,214.646
253.584,146.947,74.615,214.646
251.926,147.499,74.615,214.646
252.479,146.947,74.615,214.646
251.926,147.499,74.615,214.646
252.479,145.842,74.615,214.646
250.821,147.499,74.615,214.646
252.479,145.842,74.615,214.646
251.926,147.499,74.615,214.646
252.479,146.947,74.615,214.646
251.926,147.499,74.615,214.646
252.479,146.947,74.615,214.646
251.926,147.499,74.615,214.646
253.584,146.947,74.615,214.646
251.926,147.499,74.615,214.646
253.584,146.947,74.615,214.646
251.926,147.499,74.615,214.646
253.584,146.947,74.615,214.646
251.926,147.499,74.615,214.646
253.584,146.947,74.615,214.646
251.926,146.394,74.615,214.646
253.584,145.842,74.615,214.646
251.926,147.499,74.615,214.646
253.584,145.842,74.615,214.646
251.926,147.499,74.615,214.646
253.584,145.842,74.615,214.646
253.031,147.499,74.615,214.646
253.584,145.842,74.615,214.646
253.031,146.394,74.615,214.646
253.584,145.842,74.615,214.646
251.926,147.499,74.615,214.646
253.584,145.842,74.615,214.646
253.031,146.394,74.615,214.646
253.584,145.842,74.615,214.646
251.926,146.394,74.615,214.646
252.479,146.947,74.615,214.646
251.926,147.499,74.615,214.646
251.374,146.947,74.615,214.646
249.716,147.499,74.615,214.646
251.374,145.842,74.615,214.646
250.821,146.394,74.615,214.646
251.374,144.737,74.615,214.646
250.821,146.394,74.615,214.646
251.374,144.737,74.615,214.646
251.926,145.289,74.615,214.646
252.479,143.632,74.615,214.646
251.926,145.289,74.615,214.646
251.374,144.737,74.615,214.646
250.821,146.394,74.615,214.646
251.374,144.737,74.615,214.646
252.702,147.558,73.024,210.069
252.161,147.017,73.024,210.069
251.621,147.558,73.024,210.069
252.161,147.017,73.024,210.069
252.702,147.558,73.024,210.069
253.243,147.017,73.024,210.069
252.702,148.639,73.024,210.069
253.243,148.099,73.024,210.069
251.621,148.639,73.024,210.069
253.243,148.099,73.024,210.069
251.621,149.721,73.024,210.069
253.243,148.099,73.024,210.069
251.621,149.721,73.024,210.069
253.243,149.180,73.024,210.069
252.702,149.721,73.024,210.069
254.324,149.180,73.024,210.069
252.702,149.721,73.024,210.069
254.324,148.099,73.024,210.069
252.702,148.639,73.024,210.069
254.324,148.099,73.024,210.069
252.702,148.639,73.024,210.069
254.324,148.099,73.024,210.069
252.702,148.639,73.024,210.069
254.324,148.099,73.024,210.069
251.621,147.558,73.024,210.069
253.243,147.017,73.024,210.069
250.539,147.558,73.024,210.069
251.080,147.017,73.024,210.069
250.539,146.477,73.024,210.069
251.080,144.855,73.024,210.069
250.539,143.232,73.024,210.069
251.080,142.692,73.024,210.069
250.539,139.988,73.024,210.069
251.080,138.366,73.024,210.069
249.458,136.744,73.024,210.069
249.999,132.959,73.024,210.069
247.295,130.256,73.024,210.069
248.917,127.552,73.024,210.069
248.376,124.849,73.024,210.069
137.533,161.075,73.024,210.069
133.748,159.453,73.024,210.069
135.371,161.075,73.024,210.069
134.830,160.535,73.024,210.069
136.452,159.994,73.024,210.069
133.748,159.453,73.024,210.069
135.371,161.075,73.024,210.069
136.993,160.535,73.024,210.069
134.289,158.913,73.024,210.069
134.830,161.616,73.024,210.069
137.533,162.157,73.024,210.069
135.911,161.616,73.024,210.069
137.533,162.157,73.024,210.069
135.911,161.616,73.024,210.069
138.615,163.238,73.024,210.069
136.993,161.616,73.024,210.069
138.615,162.157,73.024,210.069
139.155,161.616,73.024,210.069
136.452,158.913,73.024,210.069
139.155,161.616,73.024,210.069
137.533,158.913,73.024,210.069
138.074,160.535,73.024,210.069
137.533,159.994,73.024,210.069
138.074,160.535,73.024,210.069
138.615,161.075,73.024,210.069
139.155,160.535,73.024,210.069
138.615,157.831,73.024,210.069
139.155,160.535,73.024,210.069
138.615,158.913,73.024,210.069
140.237,161.616,73.024,210.069
138.615,161.075,73.024,210.069
141.318,161.616,73.024,210.069
138.615,161.075,73.024,210.069
140.237,161.616,73.024,210.069
137.533,162.157,73.024,210.069
140.237,163.779,73.024,210.069
137.533,163.238,73.024,210.069
140.237,164.860,73.024,210.069
139.696,161.075,73.024,210.069
141.318,163.779,73.024,210.069
138.615,164.320,73.024,210.069
141.318,164.860,73.024,210.069
138.615,162.157,73.024,210.069
140.237,164.860,73.024,210.069
138.615,161.075,73.024,210.069
140.237,162.698,73.024,210.069
138.615,164.320,73.024,210.069
141.318,163.779,73.024,210.069
138.615,163.238,73.024,210.069
141.318,164.860,73.024,210.069
138.615,161.075,73.024,210.069
141.318,163.779,73.024,210.069
139.696,163.238,73.024,210.069
141.318,163.779,73.024,210.069
139.696,162.157,73.024,210.069
141.318,163.779,73.024,210.069
138.615,161.075,73.024,210.069
140.237,162.698,73.024,210.069
138.615,162.157,73.024,210.069
140.237,162.698,73.024,210.069
138.615,162.157,73.024,210.069
139.155,162.698,73.024,210.069
137.533,161.075,73.024,210.069
138.074,161.616,73.024,210.069
137.533,161.075,73.024,210.069
138.074,161.616,73.024,210.069
138.615,159.994,73.024,210.069
139.155,161.616,73.024,210.069
138.615,159.994,73.024,210.069
139.155,160.535,73.024,210.069
139.696,159.994,73.024,210.069
141.318,161.616,73.024,210.069
140.777,162.157,73.024,210.069
142.400,162.698,73.024,210.069
144.022,164.320,73.024,210.069
142.400,164.860,73.024,210.069
145.103,162.157,73.024,210.069
144.318,167.003,71.467,205.589
148.022,166.473,71.467,205.589
145.377,168.061,71.467,205.589
149.081,166.473,71.467,205.589
147.493,168.061,71.467,205.589
150.139,167.532,71.467,205.589
149.371,171.254,69.943,201.205
149.889,171.772,69.943,201.205
146.264,172.290,69.943,201.205
143.674,173.843,69.943,201.205
141.085,174.361,69.943,201.205
140.567,174.879,69.943,201.205
141.085,176.433,69.943,201.205
142.639,171.772,69.943,201.205
139.178,170.083,71.490,205.656
135.641,163.964,73.072,210.207
127.536,157.709,74.689,214.857
115.808,150.168,76.341,219.611
116.723,143.634,78.030,224.470
121.254,139.352,79.756,229.436
129.563,133.751,81.521,234.513
138.054,129.278,83.325,239.701
144.174,124.706,85.168,245.005
146.503,120.032,87.053,250.425
152.304,120.677,87.053,250.425
159.394,121.322,87.053,250.425
167.774,119.388,87.053,250.425
178.732,118.743,87.053,250.425
189.689,118.099,87.053,250.425
201.936,112.298,87.053,250.425
130.389,136.147,87.053,250.425
124.483,143.166,85.196,245.085
127.215,142.739,83.379,239.859
125.363,144.591,83.379,239.859
128.450,146.443,83.379,239.859
125.363,142.122,83.379,239.859
128.450,146.443,83.379,239.859
125.363,142.122,83.379,239.859
128.450,146.443,83.379,239.859
125.363,142.122,83.379,239.859
128.450,146.443,83.379,239.859
125.363,142.122,83.379,239.859
128.450,146.443,83.379,239.859
125.363,142.122,83.379,239.859
128.450,146.443,83.379,239.859
125.363,142.122,83.379,239.859
128.450,146.443,83.379,239.859
125.363,142.122,83.379,239.859
128.450,146.443,83.379,239.859
125.363,142.122,83.379,239.859
128.450,146.443,83.379,239.859
125.363,142.122,83.379,239.859
128.450,146.443,83.379,239.859
125.363,142.122,83.379,239.859
128.450,146.443,83.379,239.859
125.363,142.122,83.379,239.859
128.450,146.443,83.379,239.859
126.364,144.835,81.601,234.744
130.593,149.065,81.601,234.744
127.387,148.656,79.861,229.738
132.228,152.815,78.158,224.838
129.334,152.237,78.158,224.838
131.841,156.308,76.491,220.044
131.275,154.608,76.491,220.044
130.708,155.175,76.491,220.044
132.408,156.874,76.491,220.044
132.677,158.674,74.860,215.351
133.232,158.120,74.860,215.351
133.786,158.674,74.860,215.351
132.123,159.229,74.860,215.351
134.894,159.783,74.860,215.351
132.123,158.120,74.860,215.351
132.677,158.674,74.860,215.351
131.014,159.229,74.860,215.351
133.786,159.783,74.860,215.351
131.014,157.011,74.860,215.351
136.003,157.566,74.860,215.351
134.340,157.011,74.860,215.351
137.810,160.910,73.264,210.759
135.097,159.283,73.264,210.759
133.470,159.825,73.264,210.759
132.927,159.283,73.264,210.759
132.385,159.825,73.264,210.759
129.673,159.283,73.264,210.759
128.045,160.910,73.264,210.759
127.503,160.368,73.264,210.759
125.875,159.825,73.264,210.759
128.588,159.283,73.264,210.759
126.960,159.825,73.264,210.759
129.673,161.453,73.264,210.759
129.130,160.910,73.264,210.759
131.134,156.890,74.885,215.422
136.124,151.900,74.885,215.422
138.896,148.019,74.885,215.422
144.996,146.355,74.885,215.422
152.204,143.583,74.885,215.422
158.303,140.811,74.885,215.422
168.838,139.147,74.885,215.422
210.424,140.811,74.885,215.422
222.068,139.147,74.885,215.422
228.167,137.484,74.885,215.422
237.593,138.038,74.885,215.422
247.019,135.266,74.885,215.422
253.118,134.711,74.885,215.422
252.564,136.375,74.885,215.422
248.552,140.275,73.288,210.828
247.765,146.184,71.725,206.332
246.994,149.920,70.195,201.932
249.593,149.400,70.195,201.932
247.836,151.052,68.698,197.625
249.362,151.561,68.698,197.625
249.604,153.178,67.233,193.411
251.098,152.680,67.233,193.411
248.609,153.178,67.233,193.411
251.098,152.680,67.233,193.411
248.609,153.178,67.233,193.411
251.098,152.680,67.233,193.411
248.609,154.174,67.233,193.411
251.098,152.680,67.233,193.411
248.609,153.178,67.233,193.411
251.098,152.680,67.233,193.411
248.609,153.178,67.233,193.411
251.098,152.680,67.233,193.411
248.609,153.178,67.233,193.411
251.098,152.680,67.233,193.411
248.609,153.178,67.233,193.411
250.102,152.680,67.233,193.411
248.609,153.178,67.233,193.411
250.102,152.680,67.233,193.411
248.609,154.174,67.233,193.411
251.098,152.680,67.233,193.411
248.609,153.178,67.233,193.411
251.098,152.680,67.233,193.411
248.609,153.178,67.233,193.411
251.098,152.680,67.233,193.411
248.609,154.174,67.233,193.411
251.098,152.680,67.233,193.411
248.609,154.174,67.233,193.411
251.098,152.680,67.233,193.411
248.609,153.178,67.233,193.411
251.098,152.680,67.233,193.411
248.609,154.174,67.233,193.411
251.098,152.680,67.233,193.411
248.609,154.174,67.233,193.411
251.098,152.680,67.233,193.411
248.609,153.178,67.233,193.411
250.102,152.680,67.233,193.411
248.609,154.174,67.233,193.411
250.102,152.680,67.233,193.411
248.609,153.178,67.233,193.411
251.098,152.680,67.233,193.411
248.609,154.174,67.233,193.411
251.098,152.680,67.233,193.411
249.604,153.178,67.233,193.411
250.102,152.680,67.233,193.411
248.609,154.174,67.233,193.411
251.098,152.680,67.233,193.411
249.604,153.178,67.233,193.411
250.102,153.676,67.233,193.411
249.604,153.178,67.233,193.411
251.098,152.680,67.233,193.411
248.609,154.174,67.233,193.411
251.098,152.680,67.233,193.411
249.604,153.178,67.233,193.411
251.098,152.680,67.233,193.411
249.604,153.178,67.233,193.411
251.098,152.680,67.233,193.411
249.604,154.174,67.233,193.411
251.098,152.680,67.233,193.411
249.604,153.178,67.233,193.411
250.102,152.680,67.233,193.411
249.604,154.174,67.233,193.411
250.102,152.680,67.233,193.411
248.609,154.174,67.233,193.411
251.098,152.680,67.233,193.411
249.604,153.178,67.233,193.411
250.102,152.680,67.233,193.411
248.609,154.174,67.233,193.411
251.098,152.680,67.233,193.411
248.609,153.178,67.233,193.411
250.102,152.680,67.233,193.411
248.609,154.174,67.233,193.411
250.102,152.680,67.233,193.411
248.609,153.178,67.233,193.411
250.102,152.680,67.233,193.411
248.609,154.174,67.233,193.411
251.098,152.680,67.233,193.411
248.609,154.174,67.233,193.411
250.102,152.680,67.233,193.411
248.609,154.174,67.233,193.411
251.098,152.680,67.233,193.411
248.609,153.178,67.233,193.411
251.098,151.684,67.233,193.411
248.609,153.178,67.233,193.411
251.098,152.680,67.233,193.411
248.609,153.178,67.233,193.411
251.098,151.684,67.233,193.411
248.609,154.174,67.233,193.411
249.107,152.680,67.233,193.411
244.626,156.165,67.233,193.411
251.098,161.641,67.233,193.411
247.613,164.130,67.233,193.411
257.447,161.874,65.800,189.287
255.800,159.666,64.396,185.250
253.416,158.235,64.396,185.250
252.939,157.758,64.396,185.250
253.416,159.189,64.396,185.250
251.986,158.712,64.396,185.250
254.370,158.235,64.396,185.250
252.939,157.758,64.396,185.250
253.416,159.189,64.396,185.250
252.939,157.758,64.396,185.250
254.370,158.235,64.396,185.250
251.986,156.805,64.396,185.250
255.324,157.282,64.396,185.250
252.939,155.851,64.396,185.250
254.370,158.235,64.396,185.250
252.939,155.851,64.396,185.250
252.463,158.235,64.396,185.250
252.939,155.851,64.396,185.250
251.509,158.235,64.396,185.250
252.939,155.851,64.396,185.250
251.509,158.235,64.396,185.250
252.939,155.851,64.396,185.250
251.509,159.189,64.396,185.250
252.939,156.805,64.396,185.250
252.463,157.282,64.396,185.250
251.986,156.805,64.396,185.250
251.509,157.282,64.396,185.250
251.986,156.805,64.396,185.250
252.463,158.235,64.396,185.250
251.986,156.805,64.396,185.250
253.416,158.235,64.396,185.250
251.986,157.758,64.396,185.250
253.416,158.235,64.396,185.250
251.986,157.758,64.396,185.250
254.370,158.235,64.396,185.250
251.986,156.805,64.396,185.250
253.416,159.189,64.396,185.250
251.986,157.758,64.396,185.250
254.370,158.235,64.396,185.250
251.986,156.805,64.396,185.250
253.416,159.189,64.396,185.250
252.939,157.758,64.396,185.250
253.416,158.235,64.396,185.250
251.986,157.758,64.396,185.250
254.370,158.235,64.396,185.250
252.939,157.758,64.396,185.250
253.416,158.235,64.396,185.250
252.939,157.758,64.396,185.250
253.416,158.235,64.396,185.250
251.986,157.758,64.396,185.250
254.370,158.235,64.396,185.250
251.986,156.805,64.396,185.250
254.370,158.235,64.396,185.250
252.939,156.805,64.396,185.250
252.463,158.235,64.396,185.250
253.893,157.758,64.396,185.250
253.416,158.235,64.396,185.250
251.986,157.758,64.396,185.250
254.370,158.235,64.396,185.250
251.986,157.758,64.396,185.250
254.370,158.235,64.396,185.250
252.940,156.805,64.396,185.250
253.416,158.235,64.396,185.250
252.940,157.758,64.396,185.250
253.416,158.235,64.396,185.250
252.940,157.758,64.396,185.250
253.416,158.235,64.396,185.250
252.940,157.758,64.396,185.250
253.416,158.235,64.396,185.250
251.986,157.758,64.396,185.250
254.370,158.235,64.396,185.250
251.986,157.758,64.396,185.250
254.370,158.235,64.396,185.250
252.940,156.805,64.396,185.250
253.416,158.235,64.396,185.250
252.940,157.758,64.396,185.250
253.416,157.282,64.396,185.250
251.986,156.805,64.396,185.250
254.370,158.235,64.396,185.250
252.940,156.805,64.396,185.250
253.416,158.235,64.396,185.250
251.986,157.758,64.396,185.250
254.370,158.235,64.396,185.250
252.940,156.805,64.396,185.250
252.463,158.235,64.396,185.250
253.893,157.758,64.396,185.250
252.463,158.235,64.396,185.250
252.940,157.758,64.396,185.250
253.416,157.282,64.396,185.250
251.986,156.805,64.396,185.250
254.370,158.235,64.396,185.250
252.940,156.805,64.396,185.250
252.463,158.235,64.396,185.250
253.893,156.805,64.396,185.250
252.463,158.235,64.396,185.250
253.893,156.805,64.396,185.250
252.463,158.235,64.396,185.250
253.893,157.758,64.396,185.250
252.463,158.235,64.396,185.250
252.940,157.758,64.396,185.250
253.416,158.235,64.396,185.250
252.940,157.758,64.396,185.250
254.370,157.282,64.396,185.250
252.940,156.805,64.396,185.250
254.370,158.235,64.396,185.250
252.940,156.805,64.396,185.250
252.463,159.189,64.396,185.250
252.940,158.712,64.396,185.250
254.370,158.235,64.396,185.250
252.940,157.758,64.396,185.250
254.370,158.235,64.396,185.250
252.940,156.805,64.396,185.250
254.370,158.235,64.396,185.250
253.893,156.805,64.396,185.250
252.463,157.282,64.396,185.250
252.940,155.851,64.396,185.250
250.555,157.282,64.396,185.250
245.310,158.712,64.396,185.250
241.019,161.096,64.396,185.250
247.218,163.480,64.396,185.250
253.416,165.864,64.396,185.250
252.939,216.884,64.396,185.250
247.694,223.082,64.396,185.250
241.496,227.374,64.396,185.250
234.344,231.665,64.396,185.250
259.615,161.573,64.396,185.250
261.680,158.493,63.023,181.299
257.480,159.893,63.023,181.299
255.147,157.560,63.023,181.299
253.747,159.893,63.023,181.299
257.947,158.493,63.023,181.299
256.547,159.893,63.023,181.299
257.947,158.493,63.023,181.299
257.480,158.959,63.023,181.299
256.081,157.559,63.023,181.299
255.614,159.893,63.023,181.299
256.081,157.559,63.023,181.299
253.747,159.893,63.023,181.299
256.081,158.493,63.023,181.299
253.747,159.893,63.023,181.299
255.147,158.493,63.023,181.299
252.814,160.826,63.023,181.299
256.081,159.426,63.023,181.299
252.814,159.893,63.023,181.299
256.081,158.493,63.023,181.299
252.814,159.893,63.023,181.299
256.081,158.493,63.023,181.299
253.747,159.893,63.023,181.299
256.081,158.493,63.023,181.299
253.747,159.893,63.023,181.299
256.081,158.493,63.023,181.299
253.747,158.959,63.023,181.299
257.947,157.559,63.023,181.299
256.547,159.893,63.023,181.299
257.947,157.559,63.023,181.299
257.480,159.893,63.023,181.299
257.014,158.493,63.023,181.299
255.614,159.893,63.023,181.299
257.947,158.493,63.023,181.299
254.681,159.893,63.023,181.299
254.214,157.559,63.023,181.299
254.681,160.826,63.023,181.299
258.880,160.359,63.023,181.299
260.280,159.893,63.023,181.299
260.747,160.359,63.023,181.299
258.414,161.759,63.023,181.299
254.214,164.093,63.023,181.299
254.001,193.556,64.418,185.311
260.711,197.940,65.843,189.411
254.373,190.627,65.843,189.411
245.046,162.735,67.300,193.601
245.283,157.595,65.864,189.473
250.648,154.181,65.864,189.473
251.136,155.644,65.864,189.473
249.673,155.157,65.864,189.473
254.062,156.620,65.864,189.473
253.574,155.157,65.864,189.473
252.111,156.620,65.864,189.473
251.623,155.157,65.864,189.473
253.086,156.620,65.864,189.473
252.599,155.157,65.864,189.473
252.111,156.620,65.864,189.473
251.623,155.157,65.864,189.473
251.136,155.644,65.864,189.473
251.623,155.157,65.864,189.473
251.136,155.644,65.864,189.473
250.648,155.157,65.864,189.473
252.111,155.644,65.864,189.473
250.648,155.157,65.864,189.473
252.111,156.620,65.864,189.473
250.648,155.157,65.864,189.473
252.111,156.620,65.864,189.473
250.648,156.132,65.864,189.473
252.111,155.644,65.864,189.473
250.648,155.157,65.864,189.473
252.111,155.644,65.864,189.473
250.648,155.157,65.864,189.473
252.111,155.644,65.864,189.473
250.648,155.157,65.864,189.473
252.111,155.644,65.864,189.473
250.648,155.157,65.864,189.473
253.087,155.644,65.864,189.473
250.648,155.157,65.864,189.473
252.111,155.644,65.864,189.473
250.648,155.157,65.864,189.473
252.111,155.644,65.864,189.473
250.648,155.157,65.864,189.473
253.087,154.669,65.864,189.473
250.648,155.157,65.864,189.473
252.111,155.644,65.864,189.473
250.648,155.157,65.864,189.473
252.111,155.644,65.864,189.473
250.648,155.157,65.864,189.473
252.111,155.644,65.864,189.473
250.648,155.157,65.864,189.473
252.111,155.644,65.864,189.473
250.648,155.157,65.864,189.473
252.111,155.644,65.864,189.473
250.648,155.157,65.864,189.473
252.111,155.644,65.864,189.473
250.648,155.157,65.864,189.473
253.087,155.644,65.864,189.473
250.648,155.157,65.864,189.473
252.111,155.644,65.864,189.473
250.648,155.157,65.864,189.473
252.111,156.620,65.864,189.473
250.648,155.157,65.864,189.473
252.111,156.620,65.864,189.473
250.648,155.157,65.864,189.473
252.111,156.620,65.864,189.473
250.648,156.132,65.864,189.473
252.111,155.644,65.864,189.473
250.648,155.157,65.864,189.473
252.111,155.644,65.864,189.473
250.648,155.157,65.864,189.473
251.136,155.644,65.864,189.473
250.648,155.157,65.864,189.473
252.111,155.644,65.864,189.473
250.648,155.157,65.864,189.473
251.136,155.644,65.864,189.473
250.648,154.181,65.864,189.473
252.111,155.644,65.864,189.473
250.648,154.181,65.864,189.473
251.136,156.620,65.864,189.473
250.648,155.157,65.864,189.473
251.136,156.620,65.864,189.473
249.673,155.157,65.864,189.473
252.111,156.620,65.864,189.473
250.648,156.132,65.864,189.473
252.111,155.644,65.864,189.473
250.648,155.157,65.864,189.473
251.136,156.620,65.864,189.473
250.648,156.132,65.864,189.473
252.111,157.595,65.864,189.473
251.623,158.083,65.864,189.473
255.037,161.496,65.864,189.473
258.451,161.984,65.864,189.473
262.276,163.430,67.322,193.665
268.756,165.922,67.322,193.665
277.838,165.331,68.811,197.950
294.521,161.556,70.334,202.329
315.895,160.938,71.890,206.806
328.906,151.471,73.480,211.381
343.597,147.663,73.480,211.381
352.846,152.559,73.480,211.381
361.629,142.883,75.106,216.058
356.624,138.990,75.106,216.058
353.844,135.097,75.106,216.058
355.180,139.009,73.504,211.451
356.489,141.788,71.937,206.942
352.760,140.190,71.937,206.942
354.358,141.788,71.937,206.942
352.760,140.190,71.937,206.942
354.358,141.788,71.937,206.942
352.760,140.190,71.937,206.942
354.358,141.788,71.937,206.942
352.760,140.190,71.937,206.942
354.358,141.788,71.937,206.942
353.825,140.190,71.937,206.942
354.358,141.788,71.937,206.942
352.760,140.190,71.937,206.942
354.358,141.788,71.937,206.942
352.760,142.321,71.937,206.942
354.358,143.919,71.937,206.942
353.585,146.639,70.403,202.528
353.064,144.032,70.403,202.528
353.585,144.553,70.403,202.528
353.064,145.075,70.403,202.528
354.628,146.639,70.403,202.528
355.881,149.301,68.901,198.209
356.391,149.811,68.901,198.209
354.860,149.301,68.901,198.209
356.391,149.811,68.901,198.209
354.860,148.280,68.901,198.209
357.411,149.811,68.901,198.209
355.881,149.301,68.901,198.209
357.411,148.790,68.901,198.209
354.860,149.301,68.901,198.209
356.391,149.811,68.901,198.209
356.901,150.321,68.901,198.209
360.094,153.910,67.432,193.983
357.598,154.409,67.432,193.983
360.094,153.910,67.432,193.983
358.596,154.409,67.432,193.983
358.097,152.911,67.432,193.983
360.594,154.409,67.432,193.983
357.099,151.912,67.432,193.983
361.592,154.409,67.432,193.983
361.093,153.910,67.432,193.983
362.591,155.407,67.432,193.983
357.099,156.905,67.432,193.983
359.595,154.409,67.432,193.983
355.223,143.457,68.924,198.274
351.651,143.967,68.924,198.274
350.120,148.560,68.924,198.274
351.651,154.174,68.924,198.274
356.244,159.788,68.924,198.274
359.816,166.422,68.924,198.274
358.285,172.036,68.924,198.274
362.288,175.667,70.449,202.661
359.885,169.636,72.008,207.145
362.960,167.898,73.601,211.728
362.415,171.713,73.601,211.728
361.870,175.527,73.601,211.728
357.098,172.620,75.229,216.413
356.844,170.804,76.894,221.201
352.859,167.957,76.894,221.201
356.844,166.249,76.894,221.201
352.859,164.541,76.894,221.201
354.567,162.833,76.894,221.201
352.859,165.680,76.894,221.201
355.705,165.110,76.894,221.201
357.413,166.818,76.894,221.201
355.705,165.110,76.894,221.201
356.275,165.680,76.894,221.201
356.844,165.110,76.894,221.201
356.275,165.680,76.894,221.201
357.983,166.249,76.894,221.201
355.136,164.541,76.894,221.201
356.844,163.971,76.894,221.201
353.997,164.541,76.894,221.201
356.844,162.833,76.894,221.201
353.997,165.680,76.894,221.201
356.844,163.971,76.894,221.201
351.720,162.263,76.894,221.201
350.279,158.044,78.595,226.095
345.183,152.524,80.334,231.097
344.588,150.740,80.334,231.097
347.562,154.904,80.334,231.097
344.588,155.498,80.334,231.097
343.993,157.283,80.334,231.097
342.209,157.878,80.334,231.097
340.424,158.472,80.334,231.097
341.019,159.067,80.334,231.097
347.562,162.041,80.334,231.097
339.885,157.634,82.111,236.210
345.357,159.457,82.111,236.210
277.871,146.690,82.111,236.210
271.183,144.866,82.111,236.210
271.791,146.690,82.111,236.210
273.615,146.082,82.111,236.210
269.216,148.014,80.360,231.173
273.381,149.800,80.360,231.173
272.786,146.824,80.360,231.173
273.070,148.716,78.646,226.243
274.817,148.133,78.646,226.243
273.070,148.716,78.646,226.243
274.817,146.969,78.646,226.243
273.070,148.716,78.646,226.243
274.817,146.969,78.646,226.243
273.070,148.716,78.646,226.243
273.652,146.969,78.646,226.243
271.905,147.551,78.646,226.243
273.652,146.969,78.646,226.243
271.905,147.551,78.646,226.243
273.652,146.969,78.646,226.243
271.905,147.551,78.646,226.243
273.652,145.804,78.646,226.243
271.905,148.716,78.646,226.243
271.323,145.804,78.646,226.243
269.576,149.881,78.646,226.243
273.652,151.627,78.646,226.243
271.905,149.881,78.646,226.243
274.427,152.854,76.969,221.419
272.718,152.284,76.969,221.419
275.567,152.854,76.969,221.419
272.718,151.144,76.969,221.419
276.707,151.714,76.969,221.419
273.857,151.144,76.969,221.419
275.567,151.714,76.969,221.419
274.997,152.284,76.969,221.419
275.567,151.714,76.969,221.419
274.997,152.284,76.969,221.419
276.707,152.854,76.969,221.419
276.137,152.284,76.969,221.419
275.567,153.994,76.969,221.419
274.997,153.424,76.969,221.419
275.567,152.854,76.969,221.419
273.857,154.564,76.969,221.419
276.707,152.854,76.969,221.419
274.997,153.424,76.969,221.419
274.427,151.714,76.969,221.419
273.857,153.424,76.969,221.419
275.567,150.575,76.969,221.419
273.857,152.284,76.969,221.419
273.287,151.714,76.969,221.419
274.997,152.284,76.969,221.419
272.148,151.714,76.969,221.419
276.137,152.284,76.969,221.419
272.148,152.854,76.969,221.419
276.137,152.284,76.969,221.419
272.148,151.714,76.969,221.419
276.137,153.424,76.969,221.419
271.008,151.714,76.969,221.419
276.137,153.424,76.969,221.419
273.287,150.575,76.969,221.419
277.277,151.144,76.969,221.419
274.252,154.055,75.328,216.697
278.157,154.612,75.328,216.697
274.252,155.170,75.328,216.697
278.157,155.728,75.328,216.697
274.252,154.055,75.328,216.697
277.041,155.728,75.328,216.697
274.081,156.426,73.722,212.076
280.086,158.063,73.722,212.076
275.173,155.334,73.722,212.076
277.902,156.972,73.722,212.076
276.265,156.426,73.722,212.076
276.810,156.972,73.722,212.076
278.448,157.518,73.722,212.076
275.719,158.063,73.722,212.076
279.540,156.426,73.722,212.076
275.719,156.972,73.722,212.076
279.540,157.518,73.722,212.076
275.719,156.972,73.722,212.076
278.448,157.518,73.722,212.076
275.719,158.063,73.722,212.076
279.540,156.426,73.722,212.076
276.810,156.972,73.722,212.076
279.540,157.518,73.722,212.076
276.810,155.880,73.722,212.076
278.448,157.518,73.722,212.076
275.719,155.880,73.722,212.076
278.448,158.609,73.722,212.076
275.551,161.397,72.149,207.553
279.291,160.862,72.149,207.553
276.620,161.397,72.149,207.553
275.017,159.794,72.149,207.553
275.882,158.052,73.746,212.145
279.031,155.139,75.377,216.839
284.055,156.813,75.377,216.839
286.845,152.906,75.377,216.839
291.868,151.232,75.377,216.839
343.774,167.418,75.377,216.839
351.626,166.756,77.045,221.636
354.478,166.185,77.045,221.636
350.666,161.958,78.750,226.540
351.610,158.847,80.492,231.552
355.782,159.443,80.492,231.552
357.570,162.423,80.492,231.552
359.358,160.635,80.492,231.552
362.338,161.231,80.492,231.552
362.934,160.635,80.492,231.552
361.146,161.231,80.492,231.552
360.550,160.635,80.492,231.552
361.146,162.423,80.492,231.552
361.742,161.827,80.492,231.552
358.762,160.039,80.492,231.552
360.550,161.827,80.492,231.552
361.146,161.231,80.492,231.552
360.550,161.827,80.492,231.552
358.762,161.231,80.492,231.552
359.358,161.827,80.492,231.552
358.762,161.231,80.492,231.552
358.166,161.827,80.492,231.552
359.131,157.410,82.273,236.675
358.521,158.019,82.273,236.675
356.694,158.629,82.273,236.675
359.740,159.238,82.273,236.675
361.567,158.629,82.273,236.675
362.553,154.114,84.093,241.912
359.440,154.737,84.093,241.912
363.799,157.850,84.093,241.912
373.851,159.696,85.954,247.264
383.397,161.606,85.954,247.264
373.851,153.332,85.954,247.264
359.033,156.539,87.855,252.735
345.238,151.719,89.799,258.327
309.998,156.373,89.799,258.327
278.747,146.399,89.799,258.327
262.125,136.426,89.799,258.327
250.821,127.782,89.799,258.327
244.729,124.768,87.884,252.818
246.293,123.074,86.010,247.426
245.656,121.163,86.010,247.426
243.504,128.098,84.176,242.150
243.801,132.482,82.381,236.986
240.751,133.092,82.381,236.986
242.217,133.855,80.624,231.932
242.814,133.259,80.624,231.932
243.411,129.080,80.624,231.932
242.814,126.095,80.624,231.932
238.636,129.080,80.624,231.932
240.427,124.901,80.624,231.932
238.636,127.886,80.624,231.932
237.124,129.656,82.408,237.064
236.846,123.868,84.231,242.309
237.469,125.739,84.231,242.309
234.351,125.115,84.231,242.309
236.222,126.986,84.231,242.309
235.598,122.620,84.231,242.309
237.469,126.986,84.231,242.309
238.093,122.620,84.231,242.309
237.469,123.244,84.231,242.309
236.846,122.620,84.231,242.309
236.222,124.491,84.231,242.309
238.093,121.373,84.231,242.309
237.469,124.491,84.231,242.309
238.093,121.373,84.231,242.309
237.469,124.491,84.231,242.309
238.093,121.373,84.231,242.309
238.717,118.255,84.231,242.309
236.846,121.373,84.231,242.309
237.469,117.007,84.231,242.309
235.598,118.878,84.231,242.309
237.469,113.265,84.231,242.309
238.093,117.631,84.231,242.309
237.469,113.265,84.231,242.309
238.093,113.889,84.231,242.309
239.964,108.276,84.231,242.309
240.588,113.889,84.231,242.309
238.717,107.028,84.231,242.309
243.083,112.641,84.231,242.309
242.177,107.410,82.435,237.141
242.788,114.125,82.435,237.141
240.957,118.397,82.435,237.141
242.788,109.241,82.435,237.141
240.957,113.514,82.435,237.141
241.944,103.925,84.259,242.388
239.836,109.516,82.462,237.219
242.091,110.059,84.286,242.468
239.216,100.254,86.151,247.832
238.579,107.271,86.151,247.832
240.492,110.461,86.151,247.832
241.130,104.720,86.151,247.832
237.941,109.185,86.151,247.832
239.854,100.892,86.151,247.832
239.216,106.633,86.151,247.832
239.854,99.617,86.151,247.832
239.216,106.633,86.151,247.832
239.854,100.892,86.151,247.832
240.492,106.633,86.151,247.832
239.854,100.892,86.151,247.832
240.492,107.909,86.151,247.832
238.579,103.444,86.151,247.832
241.768,109.185,86.151,247.832
238.579,103.444,86.151,247.832
243.044,109.185,86.151,247.832
238.579,102.168,86.151,247.832
241.768,109.185,86.151,247.832
238.579,103.444,86.151,247.832
241.768,109.185,86.151,247.832
238.579,104.720,86.151,247.832
241.768,110.461,86.151,247.832
238.579,105.995,86.151,247.832
241.768,111.737,86.151,247.832
238.579,105.995,86.151,247.832
241.768,111.737,86.151,247.832
238.579,105.995,86.151,247.832
241.768,110.461,86.151,247.832
94.414,155.751,86.151,247.832
89.948,156.389,86.151,247.832
90.586,157.027,86.151,247.832
91.224,157.665,86.151,247.832
89.311,155.752,86.151,247.832
91.224,156.389,86.151,247.832
89.311,155.752,86.151,247.832
88.673,156.389,86.151,247.832
86.759,154.476,86.151,247.832
88.673,156.389,86.151,247.832
89.311,157.027,86.151,247.832
91.224,158.941,86.151,247.832
95.217,163.428,84.314,242.547
98.339,161.555,84.314,242.547
100.211,162.179,84.314,242.547
105.830,157.809,84.314,242.547
110.727,151.888,86.179,247.914
113.917,155.078,86.179,247.914
109.450,155.716,86.179,247.914
110.089,157.631,86.179,247.914
105.622,158.269,86.179,247.914
103.707,158.907,86.179,247.914
100.517,156.993,86.179,247.914
104.984,158.907,86.179,247.914
103.069,159.545,86.179,247.914
103.707,156.354,86.179,247.914
106.064,151.626,88.086,253.399
100.194,153.582,88.086,253.399
103.455,150.321,88.086,253.399
98.890,152.278,88.086,253.399
102.151,152.930,88.086,253.399
100.194,153.582,88.086,253.399
100.846,151.626,88.086,253.399
98.890,153.582,88.086,253.399
100.846,152.930,88.086,253.399
97.585,154.887,88.086,253.399
98.238,155.539,88.086,253.399
91.063,153.582,88.086,253.399
86.498,155.539,88.086,253.399
78.019,149.669,88.086,253.399
70.844,149.017,88.086,253.399
67.583,137.929,88.086,253.399
67.894,138.745,86.208,247.995
72.362,130.447,86.208,247.995
75.127,128.784,84.369,242.706
75.751,120.663,84.369,242.706
75.127,115.041,84.369,242.706
81.445,123.048,82.570,237.530
91.839,127.328,82.570,237.530
88.594,121.021,80.809,232.465
96.373,127.603,80.809,232.465
92.044,131.812,79.086,227.508
86.774,126.541,79.086,227.508
87.359,130.640,79.086,227.508
90.737,136.022,80.836,232.541
100.912,139.014,80.836,232.541
139.273,133.994,79.112,227.582
144.069,141.502,77.425,222.729
154.961,145.515,77.425,222.729
156.681,138.063,77.425,222.729
161.841,130.610,77.425,222.729
158.974,133.476,77.425,222.729
160.694,130.610,77.425,222.729
157.828,134.623,77.425,222.729
158.101,129.814,75.774,217.979
159.450,137.006,74.158,213.331
159.999,133.162,74.158,213.331
158.351,137.006,74.158,213.331
161.097,133.162,74.158,213.331
159.241,140.200,72.576,208.781
159.779,134.289,72.576,208.781
161.071,142.212,71.029,204.329
159.293,139.829,69.514,199.972
161.523,146.426,68.032,195.707
160.792,146.085,66.581,191.534
162.927,151.454,65.161,187.449
162.227,152.987,63.771,183.452
164.588,150.626,63.771,183.452
162.227,152.987,63.771,183.452
164.588,150.626,63.771,183.452
162.227,152.987,63.771,183.452
164.588,151.571,63.771,183.452
162.227,152.987,63.771,183.452
164.588,151.571,63.771,183.452
162.227,152.987,63.771,183.452
164.588,151.571,63.771,183.452
163.902,155.802,62.411,179.540
164.364,154.416,62.411,179.540
166.366,158.557,61.080,175.711
164.105,156.296,61.080,175.711
166.366,157.653,61.080,175.711
165.009,157.201,61.080,175.711
164.557,157.653,61.080,175.711
165.009,158.105,61.080,175.711
166.968,161.287,59.778,171.964
167.411,159.073,59.778,171.964
166.083,159.516,59.778,171.964
166.526,159.959,59.778,171.964
166.083,160.401,59.778,171.964
166.526,159.073,59.778,171.964
166.968,159.516,59.778,171.964
166.526,159.959,59.778,171.964
166.968,160.401,59.778,171.964
166.526,159.073,59.778,171.964
166.083,159.516,59.778,171.964
165.641,159.073,59.778,171.964
165.198,159.516,59.778,171.964
165.641,159.959,59.778,171.964
166.968,160.401,59.778,171.964
166.526,159.073,59.778,171.964
161.657,158.631,59.778,171.964
155.903,162.614,59.778,171.964
159.886,165.713,59.778,171.964
255.050,148.451,59.778,171.964
259.918,146.237,59.778,171.964
262.131,147.565,59.778,171.964
259.918,146.237,59.778,171.964
262.131,146.680,59.778,171.964
260.636,151.500,58.503,168.297
262.802,149.334,58.503,168.297
260.636,150.634,58.503,168.297
261.935,149.334,58.503,168.297
260.636,151.500,58.503,168.297
261.935,149.334,58.503,168.297
261.502,151.500,58.503,168.297
261.069,149.334,58.503,168.297
262.368,151.500,58.503,168.297
260.203,149.334,58.503,168.297
262.368,151.500,58.503,168.297
260.203,149.334,58.503,168.297
263.235,151.500,58.503,168.297
262.802,149.334,58.503,168.297
261.502,151.500,58.503,168.297
262.802,149.334,58.503,168.297
262.368,151.500,58.503,168.297
261.935,149.334,58.503,168.297
262.368,151.500,58.503,168.297
261.935,149.334,58.503,168.297
260.636,151.500,58.503,168.297
261.069,149.334,58.503,168.297
255.438,152.366,58.503,168.297
254.138,148.468,58.503,168.297
252.839,154.965,58.503,168.297
254.138,160.597,58.503,168.297
249.373,154.099,58.503,168.297
249.806,152.800,58.503,168.297
251.106,153.233,58.503,168.297
253.272,153.666,58.503,168.297
251.972,152.366,58.503,168.297
253.272,152.800,58.503,168.297
251.972,152.366,58.503,168.297
253.272,151.933,58.503,168.297
251.972,153.233,58.503,168.297
253.272,152.800,58.503,168.297
251.972,152.366,58.503,168.297
253.272,151.933,58.503,168.297
251.106,153.233,58.503,168.297
253.272,153.666,58.503,168.297
251.972,151.500,58.503,168.297
253.272,153.666,58.503,168.297
251.106,151.500,58.503,168.297
252.405,152.800,58.503,168.297
251.972,152.366,58.503,168.297
252.405,151.933,58.503,168.297
251.106,153.233,58.503,168.297
252.405,153.666,58.503,168.297
251.106,152.366,58.503,168.297
253.272,152.800,58.503,168.297
251.972,152.366,58.503,168.297
252.405,152.800,58.503,168.297
251.972,153.233,58.503,168.297
252.405,153.666,58.503,168.297
251.972,152.366,58.503,168.297
254.138,151.933,58.503,168.297
251.972,152.366,58.503,168.297
248.940,152.800,58.503,168.297
243.309,154.965,58.503,168.297
238.505,158.848,57.256,164.708
257.582,162.663,57.256,164.708
262.666,154.243,58.522,168.352
261.367,152.943,58.522,168.352
257.467,151.643,58.522,168.352
254.433,153.810,58.522,168.352
254.867,152.510,58.522,168.352
256.167,152.943,58.522,168.352
255.733,154.243,58.522,168.352
256.167,154.677,58.522,168.352
256.600,153.377,58.522,168.352
256.167,153.810,58.522,168.352
258.333,154.243,58.522,168.352
256.167,154.677,58.522,168.352
258.333,153.377,58.522,168.352
256.167,152.943,58.522,168.352
258.333,154.243,58.522,168.352
256.167,153.810,58.522,168.352
258.333,154.243,58.522,168.352
255.300,153.810,58.522,168.352
257.467,154.243,58.522,168.352
255.300,153.810,58.522,168.352
256.600,154.243,58.522,168.352
257.033,154.677,58.522,168.352
256.600,153.377,58.522,168.352
257.033,154.677,58.522,168.352
255.733,154.243,58.522,168.352
257.033,155.543,58.522,168.352
255.733,153.377,58.522,168.352
257.900,154.677,58.522,168.352
259.200,154.243,58.522,168.352
261.366,156.410,58.522,168.352
260.066,154.243,58.522,168.352
263.966,155.543,58.522,168.352
264.400,151.643,58.522,168.352
266.566,150.343,58.522,168.352
271.333,146.444,58.522,168.352
273.499,141.677,58.522,168.352
278.266,137.777,58.522,168.352
282.649,138.319,57.274,164.762
285.303,139.667,56.053,161.248
287.379,138.422,56.053,161.248
289.976,138.141,54.858,157.809
289.570,142.609,54.858,157.809
286.727,145.453,54.858,157.809
284.696,150.733,54.858,157.809
285.915,151.952,54.858,157.809
280.634,157.232,54.858,157.809
282.665,160.075,54.858,157.809
280.634,161.294,54.858,157.809
276.978,164.950,54.858,157.809
280.634,162.919,54.858,157.809
276.978,165.762,54.858,157.809
274.947,162.106,54.858,157.809
270.548,163.310,56.071,161.301
266.051,163.680,57.312,164.870
268.173,161.558,57.312,164.870
266.900,161.134,57.312,164.870
268.173,158.163,57.312,164.870
264.457,155.899,58.580,168.518
262.459,156.285,59.876,172.246
260.416,156.679,61.201,176.057
262.682,158.039,61.201,176.057
264.042,159.398,61.201,176.057
262.682,155.320,61.201,176.057
266.761,159.398,61.201,176.057
268.120,153.507,61.201,176.057
264.042,150.335,61.201,176.057
267.214,146.257,61.201,176.057
263.135,143.085,61.201,176.057
264.495,139.006,61.201,176.057
265.854,134.928,61.201,176.057
266.307,135.381,61.201,176.057
269.480,131.303,61.201,176.057
273.190,130.122,59.896,172.302
271.859,128.792,59.896,172.302
273.190,130.122,59.896,172.302
275.407,126.131,59.896,172.302
273.908,125.831,58.618,168.628
273.474,126.265,58.618,168.628
274.776,128.435,58.618,168.628
273.474,129.737,58.618,168.628
273.040,130.171,58.618,168.628
276.079,131.473,58.618,168.628
278.249,132.775,58.618,168.628
280.965,135.828,57.368,165.032
279.691,136.253,57.368,165.032
283.514,136.678,57.368,165.032
286.992,135.572,56.145,161.513
284.786,136.893,54.948,158.068
282.751,134.045,54.948,158.068
283.972,132.011,54.948,158.068
280.310,132.418,54.948,158.068
276.648,135.266,54.948,158.068
271.359,140.555,54.948,158.068
274.207,144.217,54.948,158.068
273.801,147.065,54.948,158.068
271.766,154.795,54.948,158.068
274.957,153.468,56.163,161.566
272.878,158.043,56.163,161.566
274.414,154.961,57.406,165.140
276.539,155.386,57.406,165.140
275.264,156.661,57.406,165.140
273.989,157.086,57.406,165.140
276.964,155.811,57.406,165.140
273.139,154.536,57.406,165.140
271.864,150.710,57.406,165.140
275.689,147.735,57.406,165.140
278.665,143.909,57.406,165.140
277.389,139.234,57.406,165.140
275.264,135.408,57.406,165.140
273.139,135.833,57.406,165.140
271.014,137.109,57.406,165.140
270.589,139.234,57.406,165.140
272.714,141.359,57.406,165.140
273.989,143.484,57.406,165.140
274.414,145.610,57.406,165.140
275.689,148.585,57.406,165.140
275.264,150.710,57.406,165.140
276.539,152.836,57.406,165.140
279.515,151.560,57.406,165.140
282.490,154.536,57.406,165.140
285.466,154.961,57.406,165.140
286.741,154.536,57.406,165.140
288.016,155.811,57.406,165.140
287.591,155.386,57.406,165.140
288.866,154.961,57.406,165.140
287.591,153.686,57.406,165.140
288.016,155.811,57.406,165.140
286.741,154.536,57.406,165.140
288.866,154.961,57.406,165.140
286.741,152.836,57.406,165.140
288.866,154.961,57.406,165.140
286.741,151.986,57.406,165.140
288.866,154.111,57.406,165.140
286.741,152.836,57.406,165.140
288.866,154.961,57.406,165.140
287.591,152.836,57.406,165.140
288.016,154.961,57.406,165.140
287.591,152.836,57.406,165.140
288.016,154.961,57.406,165.140
286.741,152.836,57.406,165.140
288.016,154.961,57.406,165.140
286.741,152.836,57.406,165.140
288.016,154.961,57.406,165.140
286.741,152.836,57.406,165.140
287.166,155.811,57.406,165.140
284.190,153.686,57.406,165.140
288.866,152.411,57.406,165.140
295.242,151.135,57.406,165.140
383.938,159.042,56.182,161.619
386.850,158.626,56.182,161.619
390.594,156.546,56.182,161.619
291.172,155.298,56.182,161.619
288.260,157.378,56.182,161.619
291.172,155.298,56.182,161.619
289.092,158.210,56.182,161.619
290.340,155.298,56.182,161.619
289.092,158.210,56.182,161.619
288.676,155.298,56.182,161.619
287.428,157.378,56.182,161.619
284.516,156.962,56.182,161.619
278.299,163.095,54.984,158.172
387.000,160.246,54.984,158.172
388.221,161.467,54.984,158.172
391.554,163.546,53.811,154.799
392.749,163.147,53.811,154.799
391.554,163.546,53.811,154.799
392.749,163.944,53.811,154.799
392.568,160.165,55.002,158.224
391.346,159.758,55.002,158.224
392.568,160.165,55.002,158.224
391.346,160.572,55.002,158.224
392.568,160.980,55.002,158.224
391.346,160.572,55.002,158.224
392.568,160.980,55.002,158.224
391.346,159.758,55.002,158.224
391.753,161.794,55.002,158.224
392.160,162.201,55.002,158.224
391.753,161.794,55.002,158.224
391.346,162.201,55.002,158.224
391.753,159.351,55.002,158.224
391.346,159.758,55.002,158.224
392.568,160.165,55.002,158.224
392.160,158.943,55.002,158.224
392.568,159.351,55.002,158.224
391.346,159.758,55.002,158.224
392.568,160.165,55.002,158.224
392.160,159.758,55.002,158.224
392.568,160.980,55.002,158.224
392.160,159.758,55.002,158.224
393.382,160.980,55.002,158.224
392.975,159.758,55.002,158.224
391.944,159.275,56.219,161.725
392.360,157.194,56.219,161.725
393.609,158.443,56.219,161.725
394.025,158.859,56.219,161.725
394.441,158.443,56.219,161.725
393.193,158.026,56.219,161.725
394.996,160.152,55.020,158.276
395.190,161.447,53.846,154.901
393.842,164.251,52.698,151.597
391.891,164.642,52.698,151.597
390.721,164.251,52.698,151.597
387.989,165.422,52.698,151.597
386.038,165.812,52.698,151.597
387.989,163.861,52.698,151.597
386.038,165.032,52.698,151.597
387.989,163.861,52.698,151.597
386.038,165.032,52.698,151.597
387.989,164.642,52.698,151.597
386.038,166.593,52.698,151.597
387.989,163.861,52.698,151.597
386.038,165.032,52.698,151.597
387.209,164.642,52.698,151.597
385.258,166.593,52.698,151.597
387.209,164.642,52.698,151.597
385.258,165.812,52.698,151.597
387.989,163.081,52.698,151.597
386.038,165.032,52.698,151.597
387.989,163.861,52.698,151.597
386.038,164.251,52.698,151.597
387.989,164.642,52.698,151.597
386.038,165.812,52.698,151.597
387.989,163.861,52.698,151.597
386.038,165.032,52.698,151.597
387.209,164.642,52.698,151.597
385.258,166.593,52.698,151.597
387.209,164.642,52.698,151.597
385.258,165.812,52.698,151.597
387.209,163.081,52.698,151.597
385.258,165.032,52.698,151.597
387.209,163.861,52.698,151.597
385.258,165.032,52.698,151.597
387.209,163.861,52.698,151.597
385.258,165.032,52.698,151.597
387.209,163.861,52.698,151.597
385.258,165.032,52.698,151.597
387.209,163.861,52.698,151.597
385.258,165.032,52.698,151.597
387.209,163.861,52.698,151.597
385.258,165.032,52.698,151.597
387.209,163.861,52.698,151.597
385.258,165.032,52.698,151.597
387.209,163.861,52.698,151.597
385.258,165.032,52.698,151.597
387.209,163.861,52.698,151.597
385.258,165.032,52.698,151.597
387.209,163.081,52.698,151.597
385.258,164.251,52.698,151.597
387.209,164.642,52.698,151.597
385.258,165.812,52.698,151.597
387.209,163.861,52.698,151.597
385.258,165.032,52.698,151.597
386.429,163.861,52.698,151.597
386.038,164.251,52.698,151.597
388.770,163.861,52.698,151.597
390.721,164.251,52.698,151.597
391.891,164.642,52.698,151.597
392.282,165.032,52.698,151.597
391.111,163.081,52.698,151.597
393.553,166.578,51.574,148.364
392.999,169.264,50.474,145.200
394.120,168.143,50.474,145.200
394.494,168.516,50.474,145.200
395.615,167.395,50.474,145.200
393.746,169.264,50.474,145.200
394.868,168.143,50.474,145.200
392.999,168.516,50.474,145.200
394.868,167.395,50.474,145.200
392.999,169.264,50.474,145.200
394.120,168.143,50.474,145.200
393.746,167.769,50.474,145.200
394.868,166.648,50.474,145.200
392.252,167.021,50.474,145.200
393.373,168.890,50.474,145.200
393.746,168.516,50.474,145.200
394.120,168.143,50.474,145.200
392.251,168.516,50.474,145.200
394.120,166.648,50.474,145.200
392.999,167.769,50.474,145.200
393.373,168.143,50.474,145.200
394.494,168.516,50.474,145.200
394.120,166.648,50.474,145.200
392.999,167.021,50.474,145.200
394.120,165.900,50.474,145.200
392.999,167.021,50.474,145.200
393.373,166.648,50.474,145.200
392.999,166.274,50.474,145.200
391.130,168.890,50.474,145.200
393.746,166.274,50.474,145.200
391.878,168.143,50.474,145.200
392.999,166.274,50.474,145.200
391.878,168.143,50.474,145.200
392.483,164.598,51.591,148.413
390.573,165.744,51.591,148.413
392.483,166.890,51.591,148.413
390.573,166.508,51.591,148.413
393.247,166.126,51.591,148.413
390.573,165.744,51.591,148.413
391.191,163.705,52.733,151.697
389.239,163.315,52.733,151.697
391.191,164.486,52.733,151.697
390.020,164.877,52.733,151.697
389.031,163.604,53.899,155.053
391.027,161.608,53.899,155.053
387.532,161.135,55.092,158.484
385.492,162.359,55.092,158.484
388.348,160.319,55.092,158.484
386.308,161.543,55.092,158.484
387.532,161.135,55.092,158.484
387.124,162.359,55.092,158.484
387.532,159.504,55.092,158.484
386.308,161.543,55.092,158.484
387.532,161.135,55.092,158.484
387.124,162.359,55.092,158.484
386.716,160.319,55.092,158.484
387.940,161.543,55.092,158.484
388.348,161.135,55.092,158.484
387.124,162.359,55.092,158.484
387.532,159.504,55.092,158.484
386.308,161.543,55.092,158.484
387.532,161.951,55.092,158.484
387.124,161.543,55.092,158.484
386.716,161.135,55.092,158.484
387.124,162.359,55.092,158.484
385.245,157.643,56.311,161.990
384.189,158.014,57.557,165.574
384.615,158.440,57.557,165.574
385.894,157.162,57.557,165.574
384.615,157.588,57.557,165.574
385.042,158.014,57.557,165.574
384.615,158.440,57.557,165.574
384.189,158.866,57.557,165.574
384.615,159.293,57.557,165.574
383.337,158.014,57.557,165.574
382.911,158.440,57.557,165.574
385.042,157.162,57.557,165.574
386.320,158.440,57.557,165.574
385.042,156.309,57.557,165.574
385.468,157.588,57.557,165.574
384.189,156.309,57.557,165.574
386.320,157.588,57.557,165.574
383.337,157.162,57.557,165.574
383.763,158.440,57.557,165.574
385.042,158.014,57.557,165.574
384.615,159.293,57.557,165.574
384.189,157.162,57.557,165.574
385.468,158.440,57.557,165.574
384.189,157.162,57.557,165.574
385.468,158.440,57.557,165.574
384.189,158.014,57.557,165.574
384.615,158.440,57.557,165.574
385.042,158.014,57.557,165.574
384.615,158.440,57.557,165.574
384.189,158.014,57.557,165.574
383.763,158.440,57.557,165.574
385.042,157.162,57.557,165.574
384.615,159.293,57.557,165.574
384.189,157.162,57.557,165.574
384.615,158.440,57.557,165.574
385.042,157.162,57.557,165.574
385.468,158.440,57.557,165.574
384.189,156.309,57.557,165.574
385.468,157.588,57.557,165.574
384.189,156.309,57.557,165.574
385.468,157.588,57.557,165.574
384.189,157.162,57.557,165.574
385.468,158.440,57.557,165.574
384.189,157.162,57.557,165.574
385.468,158.440,57.557,165.574
384.189,157.162,57.557,165.574
384.615,158.440,57.557,165.574
384.189,158.866,57.557,165.574
385.468,158.440,57.557,165.574
385.042,156.309,57.557,165.574
386.320,157.588,57.557,165.574
384.189,157.162,57.557,165.574
385.468,158.440,57.557,165.574
384.189,156.309,57.557,165.574
386.320,156.736,57.557,165.574
384.189,157.162,57.557,165.574
385.468,158.440,57.557,165.574
385.042,156.309,57.557,165.574
386.320,157.588,57.557,165.574
384.189,157.162,57.557,165.574
385.468,159.293,57.557,165.574
384.189,157.162,57.557,165.574
