0.01026869
0.02427173
0.02290058
0.02290511
0.02307081
0.02285171
0.02387810
0.02290058
0.02302265
0.02402091
0.02295113
0.02364516
0.02310634
0.02285028
0.02361965
0.02273488
0.02312684
0.02401805
0.02286625
0.02357697
0.02289248
0.02298927
0.02318811
0.02290058
0.02355576
0.02270150
0.02275467
0.02302718
0.02278733
0.02344441
0.02259660
0.02315140
0.02392793
0.02270675
0.02360153
0.02299905
0.02302837
0.02402496
0.02275872
0.02332425
0.02349901
0.02311873
0.02381945
0.02318001
0.02317739
0.02350879
0.02301526
0.02353430
0.02348089
0.02298355
0.02383804
0.02302980
0.02307963
0.02356911
0.02288628
0.06698871
0.02447867
0.02315688
0.02351022
0.02324438
0.02357721
0.02336240
0.02300882
0.02378130
0.02315998
0.02316642
0.02349806
0.02310395
0.02361345
0.02327251
0.02311420
0.02387547
0.02293468
0.02360678
0.02390695
0.02326989
0.02397680
0.02381468
0.02317739
0.02365661
0.02302456
0.02304530
0.02375817
0.02291751
0.02352571
0.02331376
0.02288723
0.02342701
0.02288127
0.02299500
0.02332020
0.02298260
0.02393055
0.02322674
0.02353072
0.02379394
0.02312803
0.02356601
0.02348566
0.02306867
0.02372408
0.02297354
0.02282071
0.02357435
0.02292085
0.02338982
0.02311063
0.02301383
0.02428269
0.02293611
0.02302647
0.02359629
0.02286887
0.02366471
0.02300882
0.02359343
0.02401996
0.02293682
0.02350640
0.02387524
0.02315021
0.02392292
0.02335453
0.02305555
0.02368164
0.02296710
0.02327800
0.02377558
0.02325082
0.02412176
0.02338839
0.02339578
0.02408171
0.02337146
0.02317810
0.02405405
0.02328873
0.02339864
0.02402163
0.02329230
0.02398181
0.02384329
0.02307534
0.02391863
0.02342868
0.02353096
0.02363062
0.02327132
0.02355266
0.02402997
0.02316356
0.02403951
0.02366233
0.02301455
0.02416396
0.02338409
0.02340961
0.02374291
0.02311921
0.02388477
0.02389193
0.02304554
0.02390575
0.02323151
0.02307916
0.03248239
0.02327299
0.02372432
0.02315092
0.03242373
0.02333927
0.02396774
0.02310133
0.02329087
0.02417636
0.02293372
0.02350163
0.02408600
0.02327180
0.02385306
0.02377057
0.02323818
0.02385259
0.02313995
0.02318072
0.02387953
0.02296138
0.02371669
0.02400279
0.02309442
0.02385354
0.02320242
0.02320147
0.02405572
0.02306485
0.02321315
0.02350187
0.02297282
0.02376008
0.02336431
0.02294254
0.02353406
0.02307463
0.02352643
0.02323675
0.02316546
0.02443194
0.02333617
0.02340245
0.02433944
0.02357984
0.02332711
0.02376103
0.02348089
0.02395082
0.02379823
0.02344799
0.02418876
0.02384043
0.02335525
0.02444363
0.02361798
0.02327347
0.02409458
0.02332473
0.02358055
0.02407670
0.02351642
0.02375627
0.02389169
0.02344060
0.02485776
0.02412343
0.02341914
0.02337813
0.02450800
0.02405834
0.02367544
0.02453732
0.02342343
0.02377987
0.02381444
0.02357483
0.02454662
0.02422500
0.02344346
0.02430987
0.02428865
0.02343941
0.02437806
0.02435851
0.02345705
0.02414703
0.02438164
0.02330947
0.02409983
0.02333379
0.02348089
0.02437449
0.02348900
0.02352691
0.02529049
0.02425575
0.02360368
0.02477407
0.02384353
0.02355552
0.02462840
0.02414870
0.02447271
0.02527237
0.02483654
0.02444577
0.02497721
0.02437663
0.02381325
0.02490711
0.02496147
0.02452111
0.02463055
0.02526879
0.02442002
0.02417445
0.02504802
0.02510953
0.02427816
0.02450299
0.02457142
0.02415133
0.02443695
0.02529931
0.02436852
0.02440691
0.02483559
0.02466536
0.02421856
0.02513337
0.02563119
0.02437568
0.02441740
0.02529335
0.02430296
0.02446890
0.02505136
0.03389454
0.02444148
0.02484155
