51.000,53.000,87.000,290.000
56.003,56.574,87.000,290.000
58.147,55.859,87.000,290.000
61.721,55.144,87.000,290.000
62.436,54.429,87.000,290.000
67.439,53.715,87.000,290.000
69.583,54.429,87.000,290.000
71.727,53.715,87.000,290.000
73.871,54.429,87.000,290.000
77.445,52.285,87.000,290.000
81.018,53.000,87.000,290.000
83.163,52.285,87.000,290.000
88.166,53.000,87.000,290.000
88.880,53.715,87.000,290.000
93.883,54.429,87.000,290.000
93.169,53.715,87.000,290.000
96.742,55.859,87.000,290.000
100.316,56.574,87.000,290.000
102.460,55.859,87.000,290.000
106.832,58.262,85.145,283.816
108.931,58.962,85.145,283.816
112.428,59.661,85.145,283.816
113.128,58.962,85.145,283.816
119.423,59.661,85.145,283.816
120.122,58.962,85.145,283.816
123.620,61.060,85.145,283.816
125.718,58.962,85.145,283.816
129.216,61.060,85.145,283.816
132.713,58.962,85.145,283.816
132.014,58.262,85.145,283.816
136.910,57.563,85.145,283.816
134.811,59.661,85.145,283.816
139.708,57.563,85.145,283.816
141.806,56.863,85.145,283.816
143.905,58.962,85.145,283.816
143.205,58.262,85.145,283.816
146.703,56.164,85.145,283.816
147.402,55.464,85.145,283.816
154.378,60.513,83.329,277.763
156.432,59.829,83.329,277.763
161.223,59.144,83.329,277.763
161.452,62.765,81.552,271.840
164.802,62.095,81.552,271.840
161.151,63.057,79.813,266.043
163.118,63.712,79.813,266.043
163.774,65.679,79.813,266.043
168.364,66.335,79.813,266.043
169.522,61.351,81.579,271.929
170.192,62.021,81.579,271.929
173.543,61.351,81.579,271.929
175.553,62.021,81.579,271.929
178.904,61.351,81.579,271.929
176.894,62.021,81.579,271.929
180.245,61.351,81.579,271.929
180.915,62.021,81.579,271.929
182.925,62.692,81.579,271.929
178.234,62.021,81.579,271.929
184.266,61.351,81.579,271.929
188.957,62.021,81.579,271.929
186.947,62.692,81.579,271.929
190.297,60.681,81.579,271.929
194.397,62.935,79.839,266.130
193.741,64.902,79.839,266.130
199.018,67.108,78.136,260.455
199.660,66.466,78.136,260.455
201.585,67.108,78.136,260.455
207.363,66.466,78.136,260.455
206.340,69.862,76.470,254.900
210.737,66.721,76.470,254.900
210.109,68.605,76.470,254.900
214.506,66.721,76.470,254.900
214.716,71.255,74.839,249.465
216.561,69.411,74.839,249.465
217.951,75.033,73.243,244.145
219.312,75.897,71.681,238.938
218.723,75.308,71.681,238.938
221.668,74.719,71.681,238.938
224.612,72.952,71.681,238.938
222.846,74.719,71.681,238.938
226.448,74.429,70.153,233.843
226.640,79.700,68.657,228.856
231.178,79.422,67.193,223.976
229.522,82.182,67.193,223.976
232.899,82.974,65.760,219.199
235.162,87.914,64.357,214.525
237.377,91.731,62.985,209.950
238.547,95.465,61.642,205.473
238.041,93.946,61.642,205.473
240.162,96.625,60.327,201.091
243.194,99.247,59.041,196.803
243.679,99.732,59.041,196.803
247.074,97.307,59.041,196.803
250.470,98.762,59.041,196.803
253.437,95.718,57.782,192.606
251.063,97.142,57.782,192.606
250.589,96.667,57.782,192.606
250.114,96.193,57.782,192.606
252.487,94.769,57.782,192.606
255.810,93.345,57.782,192.606
253.437,91.920,57.782,192.606
255.810,94.294,57.782,192.606
259.133,91.920,57.782,192.606
257.709,92.395,57.782,192.606
261.032,91.920,57.782,192.606
261.506,91.446,57.782,192.606
261.032,93.819,57.782,192.606
263.405,92.395,57.782,192.606
260.818,97.652,56.550,188.498
265.929,93.470,56.550,188.498
265.464,95.793,56.550,188.498
268.716,93.470,56.550,188.498
264.535,95.793,56.550,188.498
269.645,92.541,56.550,188.498
269.181,93.935,56.550,188.498
269.336,96.393,55.344,184.479
265.244,95.938,55.344,184.479
269.336,97.302,55.344,184.479
268.611,101.460,54.163,180.545
273.049,100.383,53.008,176.694
270.871,101.690,53.008,176.694
273.920,99.512,53.008,176.694
271.742,100.819,53.008,176.694
272.178,100.383,53.008,176.694
270.000,99.948,53.008,176.694
272.178,97.770,53.008,176.694
269.129,99.077,53.008,176.694
272.178,96.028,53.008,176.694
270.000,96.464,53.008,176.694
270.985,95.410,51.878,172.926
271.412,94.984,51.878,172.926
270.133,93.705,51.878,172.926
271.412,92.426,51.878,172.926
271.838,93.705,51.878,172.926
272.264,91.574,51.878,172.926
270.985,92.000,51.878,172.926
274.821,91.574,51.878,172.926
272.690,92.000,51.878,172.926
275.673,91.574,51.878,172.926
274.395,90.295,51.878,172.926
277.378,89.869,51.878,172.926
276.100,90.295,51.878,172.926
279.083,89.869,51.878,172.926
276.952,89.443,51.878,172.926
280.788,89.869,51.878,172.926
280.361,88.591,51.878,172.926
282.492,87.312,51.878,172.926
281.214,90.295,51.878,172.926
284.197,88.165,51.878,172.926
285.476,87.738,51.878,172.926
286.754,86.460,51.878,172.926
288.033,86.886,51.878,172.926
289.311,86.460,51.878,172.926
287.180,86.886,51.878,172.926
290.164,87.312,51.878,172.926
288.885,88.591,51.878,172.926
292.314,91.667,50.772,169.239
294.399,90.416,50.772,169.239
292.314,88.330,50.772,169.239
294.399,90.416,50.772,169.239
292.126,92.622,49.689,165.630
295.800,90.581,49.689,165.630
292.943,90.173,49.689,165.630
295.800,88.948,49.689,165.630
292.943,89.357,49.689,165.630
296.617,90.581,49.689,165.630
298.658,89.357,49.689,165.630
295.800,87.316,49.689,165.630
297.025,89.357,49.689,165.630
300.699,88.132,49.689,165.630
297.025,86.907,49.689,165.630
300.699,87.316,49.689,165.630
297.025,88.540,49.689,165.630
301.883,90.700,48.629,162.098
300.684,91.099,48.629,162.098
305.438,92.442,47.592,158.641
304.265,92.833,47.592,158.641
306.220,91.661,47.592,158.641
305.829,91.270,47.592,158.641
309.348,90.879,47.592,158.641
308.725,92.193,46.577,155.258
309.873,91.811,46.577,155.258
309.490,93.724,46.577,155.258
311.093,95.010,45.584,151.947
309.970,94.636,45.584,151.947
311.093,92.764,45.584,151.947
310.719,93.138,45.584,151.947
311.842,93.513,45.584,151.947
310.719,92.389,45.584,151.947
313.340,93.513,45.584,151.947
312.448,89.889,46.593,155.309
314.361,87.975,46.593,155.309
313.979,87.592,46.593,155.309
318.955,90.272,46.593,155.309
319.082,93.035,45.599,151.997
318.485,96.461,44.627,148.755
318.119,93.894,44.627,148.755
321.418,94.994,44.627,148.755
319.585,94.627,44.627,148.755
322.152,93.528,44.627,148.755
321.052,92.428,44.627,148.755
323.618,93.528,44.627,148.755
322.518,93.161,44.627,148.755
324.351,92.794,44.627,148.755
322.518,94.627,44.627,148.755
324.351,92.794,44.627,148.755
324.474,95.441,43.675,145.583
328.052,97.339,42.743,142.478
326.999,96.988,42.743,142.478
328.052,96.636,42.743,142.478
328.403,96.285,42.743,142.478
327.350,95.934,42.743,142.478
329.105,96.285,42.743,142.478
330.861,95.934,42.743,142.478
329.625,99.146,41.832,139.440
331.343,99.489,41.832,139.440
330.999,97.771,41.832,139.440
332.030,98.802,41.832,139.440
333.061,98.458,41.832,139.440
332.718,98.115,41.832,139.440
333.061,97.771,41.832,139.440
333.176,100.251,40.940,136.466
335.530,98.570,40.940,136.466
333.176,98.233,40.940,136.466
334.858,97.897,40.940,136.466
332.503,97.561,40.940,136.466
334.185,97.897,40.940,136.466
334.297,100.325,40.067,133.556
335.943,99.996,40.067,133.556
334.297,99.008,40.067,133.556
335.943,98.679,40.067,133.556
334.150,101.055,39.212,130.708
336.404,99.444,39.212,130.708
335.270,102.390,38.376,127.921
338.414,103.450,37.558,125.193
337.328,104.488,36.757,122.523
338.593,107.250,35.973,119.910
339.831,107.104,35.206,117.353
338.963,107.972,35.206,117.353
339.252,107.104,35.206,117.353
340.698,106.815,35.206,117.353
339.252,106.525,35.206,117.353
340.698,105.658,35.206,117.353
339.831,106.525,35.206,117.353
340.120,106.236,35.206,117.353
340.409,107.682,35.206,117.353
339.948,108.655,34.455,114.850
341.680,109.607,33.720,112.401
340.295,110.438,33.720,112.401
340.018,109.607,33.720,112.401
341.403,110.438,33.720,112.401
340.018,110.161,33.720,112.401
341.403,109.884,33.720,112.401
340.018,110.161,33.720,112.401
340.849,111.546,33.720,112.401
339.873,111.943,33.001,110.004
340.687,113.299,33.001,110.004
340.777,113.165,32.297,107.658
341.573,113.961,32.297,107.658
341.662,114.342,31.609,105.362
341.402,113.563,31.609,105.362
340.104,113.823,31.609,105.362
341.921,114.602,31.609,105.362
340.623,113.303,31.609,105.362
339.844,114.082,31.609,105.362
341.142,112.784,31.609,105.362
342.960,112.524,31.609,105.362
341.662,112.264,31.609,105.362
340.883,113.563,31.609,105.362
342.471,112.934,30.935,103.116
342.217,112.680,30.935,103.116
342.980,112.426,30.935,103.116
342.217,113.188,30.935,103.116
343.996,112.426,30.935,103.116
344.250,113.188,30.935,103.116
345.013,112.426,30.935,103.116
343.742,113.188,30.935,103.116
344.504,112.934,30.935,103.116
343.609,115.259,30.275,100.917
344.651,115.615,29.629,98.765
344.895,114.885,29.629,98.765
345.445,114.296,28.998,96.658
345.684,115.011,28.998,96.658
345.763,116.730,28.379,94.597
345.530,115.564,28.379,94.597
345.763,115.798,28.379,94.597
346.463,115.564,28.379,94.597
345.297,115.798,28.379,94.597
346.929,115.098,28.379,94.597
345.297,116.730,28.379,94.597
347.395,115.098,28.379,94.597
345.297,116.730,28.379,94.597
347.861,115.098,28.379,94.597
346.229,116.264,28.379,94.597
346.929,114.632,28.379,94.597
346.696,115.331,28.379,94.597
345.996,114.632,28.379,94.597
347.162,115.798,28.379,94.597
347.395,115.564,28.379,94.597
347.024,117.247,27.774,92.580
347.708,116.563,27.774,92.580
347.024,117.247,27.774,92.580
348.164,116.563,27.774,92.580
346.567,116.334,27.774,92.580
347.708,116.106,27.774,92.580
347.480,115.878,27.774,92.580
346.795,116.106,27.774,92.580
347.936,116.334,27.774,92.580
347.133,116.662,27.182,90.606
347.803,116.885,27.182,90.606
348.026,117.108,27.182,90.606
347.240,118.290,26.602,88.673
347.895,118.071,26.602,88.673
346.803,117.416,26.602,88.673
347.021,118.071,26.602,88.673
347.240,116.979,26.602,88.673
347.021,117.197,26.602,88.673
347.515,117.932,26.035,86.782
346.446,118.574,26.035,86.782
347.943,118.360,26.035,86.782
346.874,117.718,26.035,86.782
347.358,119.262,25.479,84.932
347.148,118.634,25.479,84.932
346.520,118.843,25.479,84.932
347.567,119.471,25.479,84.932
347.233,118.964,24.936,83.120
347.028,119.169,24.936,83.120
346.414,119.374,24.936,83.120
347.438,119.579,24.936,83.120
346.414,118.555,24.936,83.120
347.028,118.760,24.936,83.120
346.004,118.145,24.936,83.120
346.619,119.169,24.936,83.120
345.594,118.555,24.936,83.120
345.390,118.350,24.936,83.120
346.823,119.374,24.936,83.120
345.390,118.760,24.936,83.120
346.414,118.555,24.936,83.120
346.209,118.350,24.936,83.120
346.004,119.374,24.936,83.120
346.209,119.169,24.936,83.120
346.414,118.964,24.936,83.120
346.209,119.169,24.936,83.120
346.004,119.374,24.936,83.120
345.799,119.989,24.936,83.120
346.414,119.374,24.936,83.120
347.028,119.579,24.936,83.120
346.414,118.964,24.936,83.120
347.438,119.169,24.936,83.120
347.506,120.648,24.404,81.348
348.346,120.936,23.884,79.613
348.543,121.132,23.884,79.613
