51.000,47.000,25.000,62.000
47.151,40.139,25.000,62.000
34.266,36.959,25.000,62.000
31.421,42.816,25.000,62.000
39.286,38.633,25.000,62.000
31.756,38.800,25.000,62.000
33.262,37.963,25.000,62.000
36.441,40.474,25.000,62.000
42.968,38.968,25.000,62.000
40.792,34.784,25.000,62.000
43.467,31.841,25.553,63.372
46.033,31.328,25.553,63.372
59.887,35.604,25.553,63.372
63.821,32.354,25.553,63.372
63.308,29.446,25.553,63.372
85.373,29.617,25.553,63.372
99.228,32.183,25.553,63.372
92.215,26.539,25.553,63.372
84.518,26.025,25.553,63.372
88.672,23.372,26.118,64.774
87.098,22.848,26.118,64.774
84.476,25.470,26.118,64.774
86.049,29.491,26.118,64.774
92.518,36.310,26.118,64.774
77.174,40.491,26.696,66.207
74.851,37.810,26.696,66.207
82.178,28.339,26.696,66.207
78.730,19.264,27.287,67.672
71.607,12.506,27.287,67.672
63.022,10.862,27.287,67.672
64.301,12.506,27.287,67.672
73.616,18.533,27.287,67.672
82.201,21.273,27.287,67.672
89.690,22.917,27.287,67.672
104.484,19.812,27.287,67.672
118.183,22.186,27.287,67.672
114.713,20.177,27.287,67.672
114.896,18.533,27.287,67.672
130.056,22.369,27.287,67.672
138.640,25.109,27.287,67.672
146.866,26.824,27.891,69.169
150.040,27.010,27.891,69.169
151.720,28.317,27.891,69.169
148.920,26.637,27.891,69.169
151.720,23.463,27.891,69.169
152.557,27.979,27.296,67.694
126.429,31.086,27.296,67.694
106.514,30.903,27.296,67.694
103.773,28.893,27.296,67.694
105.418,32.365,27.296,67.694
108.158,24.143,27.296,67.694
109.072,13.728,27.296,67.694
107.793,11.353,27.296,67.694
116.021,18.376,27.900,69.192
120.690,20.430,27.900,69.192
123.118,28.834,27.900,69.192
112.473,30.515,27.900,69.192
111.166,31.075,27.900,69.192
102.138,27.403,28.517,70.723
100.802,22.631,28.517,70.723
123.517,18.241,28.517,70.723
136.148,16.971,27.909,69.214
129.610,22.015,27.909,69.214
131.665,30.048,27.909,69.214
129.610,35.839,27.909,69.214
131.665,38.268,27.909,69.214
136.709,43.312,27.909,69.214
144.742,52.466,27.909,69.214
140.819,58.631,27.909,69.214
126.060,59.565,27.909,69.214
130.597,45.426,28.527,70.746
124.933,48.011,29.158,72.311
110.685,52.500,29.158,72.311
101.902,43.327,29.158,72.311
98.137,47.184,29.803,73.911
107.513,54.964,29.803,73.911
116.889,65.537,29.803,73.911
125.467,69.328,29.803,73.911
134.445,67.931,29.803,73.911
148.210,72.919,29.803,73.911
138.035,65.138,29.803,73.911
145.816,60.550,29.803,73.911
156.788,57.159,29.803,73.911
165.366,54.964,29.803,73.911
169.954,57.558,29.803,73.911
183.320,57.358,29.803,73.911
179.131,59.154,29.803,73.911
176.138,59.752,29.803,73.911
177.934,61.947,29.803,73.911
176.569,53.471,30.462,75.546
136.604,59.976,29.813,73.935
122.835,43.812,29.813,73.935
133.012,39.621,29.813,73.935
135.207,40.619,29.813,73.935
137.003,38.025,29.813,73.935
132.740,37.000,30.472,75.571
131.295,47.046,29.822,73.959
112.180,36.867,29.186,72.382
104.952,35.890,29.186,72.382
104.366,39.211,29.186,72.382
145.978,30.420,29.186,72.382
150.081,34.523,29.186,72.382
146.760,24.950,29.186,72.382
139.531,14.986,29.186,72.382
172.157,19.870,29.186,72.382
187.036,15.218,29.832,73.984
187.547,16.970,29.196,72.406
189.697,30.454,29.196,72.406
197.709,33.777,29.196,72.406
181.368,35.611,29.842,74.008
177.573,30.618,29.842,74.008
180.170,24.825,29.842,74.008
178.372,23.027,29.842,74.008
156.599,24.425,29.842,74.008
146.412,25.424,29.842,74.008
137.681,34.107,29.206,72.430
128.883,36.257,29.206,72.430
125.169,37.626,29.206,72.430
123.410,35.084,29.206,72.430
122.884,36.920,29.852,74.032
135.721,35.206,29.215,72.453
142.565,39.312,29.215,72.453
144.325,41.072,29.215,72.453
146.868,36.183,29.215,72.453
151.137,17.918,28.592,70.908
149.415,9.689,28.592,70.908
162.817,12.474,27.982,69.396
170.497,16.782,27.982,69.396
178.551,23.338,27.982,69.396
174.617,27.646,27.982,69.396
166.189,30.830,27.982,69.396
157.385,29.144,27.982,69.396
159.820,32.329,27.982,69.396
163.754,32.516,27.982,69.396
145.585,30.455,27.982,69.396
121.511,24.155,27.386,67.916
127.634,12.334,26.802,66.468
118.125,16.101,26.802,66.468
127.230,13.179,26.230,65.051
127.340,21.149,25.671,63.663
