40.000,199.000,61.000,103.000
39.680,198.039,61.000,103.000
39.360,198.360,61.000,103.000
40.320,198.039,61.000,103.000
40.000,197.079,61.000,103.000
39.039,196.118,61.000,103.000
38.719,195.798,61.000,103.000
37.759,194.838,61.000,103.000
38.079,194.518,61.000,103.000
37.759,192.917,61.000,103.000
37.439,193.237,61.000,103.000
38.399,191.636,61.000,103.000
37.439,188.114,61.000,103.000
38.399,190.996,61.000,103.000
37.439,187.474,61.000,103.000
39.680,193.557,61.000,103.000
40.000,192.596,61.000,103.000
36.478,155.776,61.000,103.000
37.439,145.851,61.000,103.000
39.632,137.999,59.699,100.803
42.452,130.792,59.699,100.803
45.272,123.585,59.699,100.803
47.538,116.293,61.020,103.034
50.420,111.489,61.020,103.034
54.584,105.404,61.020,103.034
59.388,100.599,61.020,103.034
64.833,93.874,61.020,103.034
69.637,87.788,61.020,103.034
76.363,81.703,61.020,103.034
82.449,77.539,61.020,103.034
87.893,74.016,61.020,103.034
93.338,68.571,61.020,103.034
99.423,64.408,61.020,103.034
108.071,60.884,61.020,103.034
118.640,56.721,61.020,103.034
126.007,53.838,61.020,103.034
140.549,51.541,59.719,100.837
150.893,53.735,59.719,100.837
158.730,49.660,59.719,100.837
169.073,46.212,59.719,100.837
176.910,42.764,59.719,100.837
188.507,43.078,59.719,100.837
197.598,44.018,59.719,100.837
208.568,41.824,59.719,100.837
216.405,45.899,59.719,100.837
223.614,42.451,59.719,100.837
230.823,40.884,59.719,100.837
236.779,43.705,59.719,100.837
242.735,45.272,59.719,100.837
248.690,46.212,59.719,100.837
254.646,47.780,59.719,100.837
259.974,49.974,59.719,100.837
264.049,52.168,59.719,100.837
267.497,53.735,59.719,100.837
271.572,57.183,59.719,100.837
275.020,60.004,59.719,100.837
277.841,63.452,59.719,100.837
281.289,67.527,59.719,100.837
285.364,70.348,59.719,100.837
289.439,73.169,59.719,100.837
293.514,76.617,59.719,100.837
298.842,80.692,59.719,100.837
302.290,84.767,59.719,100.837
306.365,88.842,59.719,100.837
310.440,92.290,59.719,100.837
315.769,95.738,59.719,100.837
320.471,101.693,59.719,100.837
326.426,109.530,59.719,100.837
331.128,115.485,59.719,100.837
335.345,123.150,61.040,103.068
339.510,129.879,61.040,103.068
342.394,135.966,61.040,103.068
345.375,143.801,62.391,105.348
348.422,149.090,63.771,107.679
352.104,156.120,63.771,107.679
355.786,161.810,63.771,107.679
358.129,167.500,63.771,107.679
359.133,173.860,63.771,107.679
361.476,180.220,63.771,107.679
363.150,185.910,63.771,107.679
362.146,191.600,63.771,107.679
362.481,195.282,63.771,107.679
363.485,198.294,63.771,107.679
361.811,201.307,63.771,107.679
361.476,202.981,63.771,107.679
359.803,204.654,63.771,107.679
360.807,204.989,63.771,107.679
359.133,203.985,63.771,107.679
357.460,203.650,63.771,107.679
358.464,199.968,63.771,107.679
357.460,200.303,63.771,107.679
358.464,195.282,63.771,107.679
358.799,193.608,63.771,107.679
360.472,190.596,63.771,107.679
360.137,186.914,63.771,107.679
362.480,183.901,63.771,107.679
362.815,180.220,63.771,107.679
365.828,175.868,63.771,107.679
364.775,171.552,65.182,110.061
366.486,167.104,65.182,110.061
365.459,161.288,65.182,110.061
366.486,156.156,65.182,110.061
364.775,150.340,65.182,110.061
365.801,145.208,65.182,110.061
364.091,141.444,65.182,110.061
362.380,136.312,65.182,110.061
359.174,131.900,66.624,112.496
356.027,127.354,66.624,112.496
351.299,122.119,68.098,114.985
346.652,117.472,68.098,114.985
341.820,114.346,69.605,117.529
335.364,114.941,71.145,120.130
329.016,114.568,71.145,120.130
320.093,112.076,72.719,122.787
310.551,109.405,72.719,122.787
302.222,109.234,74.328,125.504
293.710,108.251,75.972,128.281
287.728,107.852,75.972,128.281
280.949,110.643,75.972,128.281
272.248,108.810,77.653,131.119
266.134,107.588,77.653,131.119
259.205,107.180,77.653,131.119
253.092,106.772,77.653,131.119
247.793,109.626,77.653,131.119
242.494,108.403,77.653,131.119
238.011,110.441,77.653,131.119
232.712,112.479,77.653,131.119
227.414,114.517,77.653,131.119
225.376,115.739,77.653,131.119
222.523,119.408,77.653,131.119
220.601,122.770,75.997,128.323
220.202,126.360,75.997,128.323
217.410,130.748,75.997,128.323
215.415,135.136,75.997,128.323
218.207,137.130,75.997,128.323
213.642,141.091,77.679,131.162
218.127,144.760,77.679,131.162
220.166,148.430,77.679,131.162
223.020,150.468,77.679,131.162
226.689,152.507,77.679,131.162
230.358,152.099,77.679,131.162
234.028,153.322,77.679,131.162
236.882,152.099,77.679,131.162
241.367,150.061,77.679,131.162
249.114,147.206,77.679,131.162
254.414,150.061,77.679,131.162
259.714,148.022,77.679,131.162
265.830,150.061,77.679,131.162
271.130,149.653,77.679,131.162
278.062,148.430,77.679,131.162
283.362,150.468,77.679,131.162
289.478,151.691,77.679,131.162
294.778,152.915,77.679,131.162
299.929,154.706,76.022,128.365
304.201,158.767,74.401,125.628
308.497,159.158,74.401,125.628
308.914,162.379,72.814,122.949
313.118,164.290,72.814,122.949
311.207,166.965,72.814,122.949
315.411,169.641,72.814,122.949
318.086,170.787,72.814,122.949
317.758,172.467,71.261,120.327
321.124,170.596,71.261,120.327
320.802,170.798,69.742,117.761
324.097,171.164,69.742,117.761
328.016,169.950,68.254,115.249
329.807,169.591,68.254,115.249
333.031,166.367,68.254,115.249
333.414,168.632,66.799,112.792
336.569,166.178,66.799,112.792
339.725,164.425,66.799,112.792
344.283,164.775,66.799,112.792
347.438,163.022,66.799,112.792
351.295,163.373,66.799,112.792
356.554,160.217,66.799,112.792
361.814,161.269,66.799,112.792
367.073,160.918,66.799,112.792
371.631,161.970,66.799,112.792
376.189,162.321,66.799,112.792
379.344,159.867,66.799,112.792
383.902,158.113,66.799,112.792
389.162,156.360,66.799,112.792
392.317,153.906,66.799,112.792
396.875,152.153,66.799,112.792
402.134,148.998,66.799,112.792
406.692,149.348,66.799,112.792
411.250,146.193,66.799,112.792
413.003,145.842,66.799,112.792
416.860,143.388,66.799,112.792
418.613,143.738,66.799,112.792
421.067,141.284,66.799,112.792
424.223,138.830,66.799,112.792
425.275,139.180,66.799,112.792
428.430,135.324,66.799,112.792
429.482,137.778,66.799,112.792
432.638,137.427,66.799,112.792
433.690,138.479,66.799,112.792
435.443,139.531,66.799,112.792
437.196,139.882,66.799,112.792
438.248,142.336,66.799,112.792
440.702,144.089,66.799,112.792
441.754,145.842,66.799,112.792
443.507,144.790,66.799,112.792
445.260,145.141,66.799,112.792
444.909,141.985,66.799,112.792
448.065,138.830,66.799,112.792
450.519,133.570,66.799,112.792
447.364,127.610,66.799,112.792
447.714,123.052,66.799,112.792
447.364,117.092,66.799,112.792
444.909,110.430,66.799,112.792
445.961,105.171,66.799,112.792
442.104,100.613,66.799,112.792
439.775,92.691,65.374,110.386
435.511,84.277,63.980,108.032
429.802,76.553,63.980,108.032
423.422,70.844,63.980,108.032
416.369,67.150,63.980,108.032
407.302,60.769,63.980,108.032
397.564,57.747,63.980,108.032
383.123,55.396,63.980,108.032
369.240,51.693,62.616,105.729
354.450,56.623,62.616,105.729
338.346,54.322,62.616,105.729
320.945,46.674,64.001,108.068
303.812,43.650,64.001,108.068
286.008,36.596,64.001,108.068
270.219,28.869,64.001,108.068
255.103,29.877,64.001,108.068
236.626,24.838,64.001,108.068
217.478,31.221,64.001,108.068
201.018,27.526,64.001,108.068
176.958,20.405,65.417,110.459
162.881,14.568,65.417,110.459
148.976,14.415,66.865,112.903
139.133,8.432,68.344,115.401
125.143,10.943,68.344,115.401
113.305,11.302,68.344,115.401
104.337,8.074,68.344,115.401
91.782,10.585,68.344,115.401
86.401,12.378,68.344,115.401
80.560,14.646,66.887,112.940
73.491,13.482,65.460,110.531
64.901,17.261,65.460,110.531
56.311,22.415,65.460,110.531
50.470,27.569,65.460,110.531
45.316,34.784,65.460,110.531
41.537,43.374,65.460,110.531
39.132,51.963,65.460,110.531
36.849,58.772,64.064,108.174
35.168,66.506,64.064,108.174
32.142,76.257,64.064,108.174
28.443,82.646,64.064,108.174
24.744,89.035,64.064,108.174
20.372,96.769,64.064,108.174
15.329,105.176,64.064,108.174
11.630,110.892,64.064,108.174
7.931,117.281,64.064,108.174
4.904,122.998,64.064,108.174
2.551,127.369,64.064,108.174
1.542,131.740,64.064,108.174
1.901,136.459,62.698,105.867
1.572,139.421,62.698,105.867
1.901,143.041,62.698,105.867
2.888,146.003,62.698,105.867
4.534,148.964,62.698,105.867
6.788,152.314,61.361,103.610
9.615,156.212,60.052,101.400
11.822,159.679,60.052,101.400
15.289,164.408,60.052,101.400
18.756,169.136,60.052,101.400
20.963,173.233,60.052,101.400
24.430,178.592,60.052,101.400
28.528,191.515,60.052,101.400
30.734,194.982,60.052,101.400
33.571,197.189,60.052,101.400
35.777,198.765,60.052,101.400
36.723,201.602,60.052,101.400
38.299,203.178,60.052,101.400
40.505,202.862,60.052,101.400
40.190,203.178,60.052,101.400
43.027,204.123,60.052,101.400
43.342,205.069,60.052,101.400
45.549,205.384,60.052,101.400
44.603,208.221,60.052,101.400
46.179,207.275,60.052,101.400
47.125,210.742,60.052,101.400
48.070,212.949,60.052,101.400
48.385,212.003,60.052,101.400
49.961,214.840,60.052,101.400
49.016,215.155,60.052,101.400
50.592,217.362,60.052,101.400
49.016,215.786,60.052,101.400
51.222,218.623,60.052,101.400
50.907,217.047,60.052,101.400
51.853,217.992,60.052,101.400
51.515,218.506,61.381,103.644
51.838,216.250,61.381,103.644
52.161,214.769,62.739,105.937
51.809,215.306,64.127,108.281
52.846,216.552,65.546,110.676
51.125,213.456,65.546,110.676
51.471,209.019,66.996,113.125
53.284,213.970,68.479,115.628
47.678,204.860,69.994,118.186
50.335,207.745,71.542,120.801
46.955,203.615,71.542,120.801
50.335,204.741,71.542,120.801
46.204,201.361,71.542,120.801
47.330,196.480,71.542,120.801
46.204,199.859,71.542,120.801
45.077,197.982,71.542,120.801
45.453,195.353,71.542,120.801
42.824,196.480,71.542,120.801
43.951,195.353,71.542,120.801
42.904,194.108,70.017,118.225
44.741,193.740,70.017,118.225
42.904,194.843,70.017,118.225
44.741,193.740,70.017,118.225
43.639,194.108,70.017,118.225
44.741,193.005,70.017,118.225
43.639,194.108,70.017,118.225
43.323,194.306,68.524,115.704
44.402,194.665,68.524,115.704
44.762,195.025,68.524,115.704
44.402,194.665,68.524,115.704
45.481,195.025,68.524,115.704
45.121,195.385,68.524,115.704
46.229,193.732,70.040,118.264
45.126,194.834,70.040,118.264
46.229,195.202,70.040,118.264
45.126,195.570,70.040,118.264
46.258,194.643,71.589,120.880
44.380,195.019,71.589,120.880
45.537,194.851,73.173,123.555
43.616,195.235,73.173,123.555
46.305,194.083,73.173,123.555
41.532,196.511,71.613,120.920
42.660,196.887,71.613,120.920
41.612,197.089,70.086,118.341
40.508,197.457,70.086,118.341
40.141,198.561,70.086,118.341
39.037,198.928,70.086,118.341
39.430,198.417,68.591,115.818
40.510,198.057,68.591,115.818
39.506,198.945,67.128,113.348
39.858,199.298,67.128,113.348
40.211,199.650,67.128,113.348
40.563,198.593,67.128,113.348
39.506,198.945,67.128,113.348
39.858,199.298,67.128,113.348
40.211,199.650,67.128,113.348
41.268,197.888,67.128,113.348
40.915,198.945,67.128,113.348
41.268,198.593,67.128,113.348
40.915,199.650,67.128,113.348
41.973,198.593,67.128,113.348
43.734,197.536,67.128,113.348
45.496,198.593,67.128,113.348
43.030,198.241,67.128,113.348
45.496,197.888,67.128,113.348
43.734,197.536,67.128,113.348
46.201,195.774,67.128,113.348
45.824,194.886,68.613,115.856
44.743,195.246,68.613,115.856
44.383,195.606,68.613,115.856
45.463,195.246,68.613,115.856
45.103,194.166,68.613,115.856
44.099,196.442,67.150,113.385
45.862,197.500,67.150,113.385
47.624,199.262,67.150,113.385
48.709,204.224,68.636,115.894
47.629,204.584,68.636,115.894
50.150,204.224,68.636,115.894
46.908,201.702,68.636,115.894
50.765,199.813,67.172,113.422
49.707,196.640,67.172,113.422
50.765,195.582,67.172,113.422
49.002,190.999,67.172,113.422
50.765,184.300,67.172,113.422
52.528,177.601,67.172,113.422
50.765,168.786,67.172,113.422
53.233,159.267,67.172,113.422
54.996,151.158,67.172,113.422
56.054,143.754,67.172,113.422
59.227,137.055,67.172,113.422
63.105,128.946,67.172,113.422
66.983,122.247,67.172,113.422
72.797,119.038,65.740,111.003
77.283,114.552,65.740,111.003
82.973,110.747,64.338,108.636
88.713,107.033,64.338,108.636
95.130,103.318,64.338,108.636
103.572,98.928,64.338,108.636
110.664,94.538,64.338,108.636
118.431,94.200,64.338,108.636
126.478,93.349,65.761,111.040
141.866,94.627,67.216,113.496
153.933,95.934,68.703,116.008
166.831,96.823,67.238,113.534
178.093,99.054,65.804,111.113
185.346,100.781,65.804,111.113
201.580,101.817,65.804,111.113
215.741,99.400,65.804,111.113
229.211,99.054,65.804,111.113
237.156,102.163,65.804,111.113
249.244,105.962,65.804,111.113
257.188,109.071,65.804,111.113
267.205,112.870,65.804,111.113
275.840,118.742,65.804,111.113
282.402,125.995,65.804,111.113
287.583,131.176,65.804,111.113
292.073,137.738,65.804,111.113
295.873,143.610,65.804,111.113
298.370,151.340,67.260,113.571
298.723,156.635,67.260,113.571
299.782,161.931,67.260,113.571
298.017,165.108,67.260,113.571
295.546,168.992,67.260,113.571
294.486,171.463,67.260,113.571
291.309,174.640,67.260,113.571
288.132,177.111,67.260,113.571
284.954,178.170,67.260,113.571
279.659,177.817,67.260,113.571
274.363,178.170,67.260,113.571
270.480,179.936,67.260,113.571
267.303,178.877,67.260,113.571
264.125,179.936,67.260,113.571
261.654,181.701,67.260,113.571
261.301,182.054,67.260,113.571
257.418,182.407,67.260,113.571
257.794,183.278,65.826,111.149
255.376,186.387,65.826,111.149
257.794,189.497,65.826,111.149
254.833,193.013,64.422,108.779
252.466,196.056,64.422,108.779
252.128,198.423,64.422,108.779
249.085,201.467,64.422,108.779
252.053,201.649,63.048,106.459
248.413,203.965,63.048,106.459
250.729,204.958,63.048,106.459
249.075,206.613,63.048,106.459
248.744,208.267,63.048,106.459
247.751,211.246,63.048,106.459
246.758,212.900,63.048,106.459
245.765,214.555,63.048,106.459
245.481,214.733,61.704,104.189
246.451,218.653,60.388,101.967
244.956,220.046,59.100,99.792
244.689,222.605,57.840,97.664
243.779,222.909,57.840,97.664
243.475,221.998,57.840,97.664
241.957,221.694,57.840,97.664
239.225,218.962,57.840,97.664
237.707,216.230,57.840,97.664
235.582,211.676,57.840,97.664
234.735,207.158,56.607,95.582
233.801,200.860,57.859,97.696
233.497,193.268,57.859,97.696
236.230,183.853,57.859,97.696
234.712,173.224,57.859,97.696
235.623,164.417,57.859,97.696
237.141,153.788,57.859,97.696
239.267,143.159,57.859,97.696
239.571,136.174,57.859,97.696
241.089,129.189,57.859,97.696
243.823,123.419,57.859,97.696
246.556,118.863,57.859,97.696
249.896,114.308,57.859,97.696
253.844,110.968,57.859,97.696
257.792,107.627,57.859,97.696
262.348,105.501,57.859,97.696
266.903,102.768,57.859,97.696
270.851,103.072,57.859,97.696
275.406,102.768,57.859,97.696
278.862,103.893,59.139,99.858
283.519,104.824,59.139,99.858
288.175,106.376,59.139,99.858
291.589,108.549,59.139,99.858
293.762,111.963,59.139,99.858
295.362,116.978,60.448,102.067
292.507,119.833,60.448,102.067
290.192,127.592,61.785,104.325
288.499,134.176,63.152,106.634
284.853,146.441,63.152,106.634
278.308,158.673,64.549,108.993
271.193,165.110,64.549,108.993
265.206,176.911,65.977,111.404
259.319,189.031,65.977,111.404
249.607,202.530,67.437,113.869
239.342,209.963,67.437,113.869
226.477,220.088,68.929,116.388
219.334,225.181,70.454,118.964
211.568,227.770,70.454,118.964
194.291,232.976,72.013,121.596
187.865,231.086,72.013,121.596
185.219,225.416,72.013,121.596
188.621,216.723,72.013,121.596
184.463,207.273,72.013,121.596
184.841,200.092,72.013,121.596
186.731,186.862,72.013,121.596
187.865,179.681,72.013,121.596
188.245,171.669,73.606,124.286
192.495,162.783,73.606,124.286
196.744,157.760,73.606,124.286
200.222,151.965,73.606,124.286
203.816,146.181,75.235,127.036
209.740,139.468,75.235,127.036
217.511,131.917,76.899,129.846
225.180,126.670,76.899,129.846
233.656,125.459,76.899,129.846
242.133,127.477,76.899,129.846
250.609,128.688,76.899,129.846
259.892,131.514,76.899,129.846
272.861,136.359,78.601,132.719
286.475,140.072,78.601,132.719
298.440,145.435,78.601,132.719
312.054,153.274,78.601,132.719
324.018,158.637,78.601,132.719
340.108,163.175,78.601,132.719
352.897,165.238,78.601,132.719
363.211,165.650,78.601,132.719
376.001,162.762,78.601,132.719
387.140,161.525,78.601,132.719
397.454,162.762,78.601,132.719
406.943,159.049,78.601,132.719
413.956,158.637,78.601,132.719
417.669,155.749,78.601,132.719
422.207,150.386,78.601,132.719
420.262,147.427,76.925,129.889
419.858,142.178,76.925,129.889
417.032,136.121,76.925,129.889
413.398,131.680,76.925,129.889
407.342,128.854,76.925,129.889
398.055,125.220,76.925,129.889
386.732,120.013,78.627,132.763
369.811,117.124,78.627,132.763
352.891,113.410,78.627,132.763
335.322,111.513,80.366,135.700
305.373,109.404,80.366,135.700
283.859,104.764,80.366,135.700
256.662,102.551,78.652,132.806
235.608,102.964,78.652,132.806
206.041,110.489,80.392,135.745
174.394,116.819,80.392,135.745
143.590,121.460,80.392,135.745
111.618,113.392,82.171,138.748
86.171,113.823,82.171,138.748
62.450,117.705,82.171,138.748
38.728,112.961,82.171,138.748
9.831,115.117,82.171,138.748
-7.852,110.373,82.171,138.748
-16.909,105.629,82.171,138.748
-23.379,107.785,82.171,138.748
-26.398,102.178,82.171,138.748
-25.104,95.709,82.171,138.748
-22.948,90.964,82.171,138.748
-20.791,81.907,82.171,138.748
-15.184,68.537,82.171,138.748
-3.539,60.342,82.171,138.748
14.144,52.147,82.171,138.748
31.828,43.953,82.171,138.748
44.335,37.483,82.171,138.748
56.436,30.233,80.419,135.789
68.677,24.745,80.419,135.789
82.606,16.725,80.419,135.789
93.159,18.836,80.419,135.789
108.776,19.258,80.419,135.789
122.338,19.945,82.198,138.794
132.262,10.022,82.198,138.794
147.693,7.760,80.445,135.834
164.160,13.249,80.445,135.834
181.472,18.738,80.445,135.834
202.272,23.849,78.730,132.937
220.238,26.461,77.051,130.102
231.966,27.675,77.051,130.102
243.695,30.506,77.051,130.102
252.996,31.719,77.051,130.102
260.681,36.168,77.051,130.102
267.556,42.234,77.051,130.102
272.813,49.918,77.051,130.102
276.453,60.029,77.051,130.102
280.783,68.042,75.408,127.328
283.554,76.354,75.408,127.328
284.741,86.249,75.408,127.328
285.137,96.144,75.408,127.328
283.949,106.039,75.408,127.328
282.762,116.726,75.408,127.328
281.517,123.941,77.076,130.145
278.685,130.818,77.076,130.145
277.471,137.696,77.076,130.145
276.258,144.573,77.076,130.145
275.044,151.451,77.076,130.145
272.212,158.328,77.076,130.145
270.189,166.824,77.076,130.145
269.785,175.319,77.076,130.145
271.808,182.197,77.076,130.145
278.478,190.213,75.432,127.369
274.915,195.361,75.432,127.369
280.854,198.924,75.432,127.369
279.666,199.320,75.432,127.369
285.605,199.716,75.432,127.369
288.377,199.320,75.432,127.369
291.148,194.965,75.432,127.369
294.624,191.362,73.824,124.653
296.561,187.874,73.824,124.653
299.963,185.842,72.249,121.995
302.617,183.946,72.249,121.995
306.030,181.291,72.249,121.995
304.893,178.637,72.249,121.995
308.306,179.016,72.249,121.995
308.685,176.362,72.249,121.995
309.064,178.258,72.249,121.995
307.926,179.395,72.249,121.995
307.547,182.050,72.249,121.995
305.651,183.946,72.249,121.995
304.458,184.564,73.848,124.694
299.419,185.726,73.848,124.694
295.156,186.889,73.848,124.694
290.892,184.176,73.848,124.694
285.078,188.440,73.848,124.694
276.525,184.165,72.273,122.035
266.673,185.570,73.872,124.735
256.980,182.081,73.872,124.735
244.184,187.897,73.872,124.735
232.940,189.060,73.872,124.735
220.457,192.105,75.507,127.495
210.987,191.106,77.177,130.316
197.945,190.925,78.885,133.199
186.765,192.167,78.885,133.199
178.070,194.238,78.885,133.199
170.203,198.792,78.885,133.199
162.336,202.519,78.885,133.199
155.879,204.911,80.630,136.146
150.377,207.027,80.630,136.146
145.722,209.143,80.630,136.146
140.000,214.223,82.414,139.158
136.972,218.117,82.414,139.158
139.135,222.010,82.414,139.158
137.837,226.768,82.414,139.158
140.965,231.063,84.237,142.237
142.327,235.453,86.101,145.384
143.682,239.520,86.101,145.384
147.750,242.684,86.101,145.384
150.009,245.847,86.101,145.384
150.461,249.915,86.101,145.384
153.625,252.174,86.101,145.384
154.981,254.434,86.101,145.384
157.240,253.982,86.101,145.384
159.500,254.434,86.101,145.384
162.596,253.806,84.265,142.284
164.807,254.248,84.265,142.284
167.903,251.152,84.265,142.284
165.692,250.710,84.265,142.284
171.442,249.383,84.265,142.284
169.230,248.056,84.265,142.284
174.095,248.499,84.265,142.284
178.961,246.287,84.265,142.284
184.710,247.614,84.265,142.284
191.579,246.499,86.129,145.432
198.360,245.143,86.129,145.432
206.950,246.499,86.129,145.432
216.443,240.622,86.129,145.432
224.402,240.420,88.035,148.649
234.106,239.034,88.035,148.649
244.734,238.572,88.035,148.649
253.513,240.882,88.035,148.649
261.368,242.268,88.035,148.649
284.010,239.034,88.035,148.649
298.756,242.846,86.158,145.479
312.315,244.833,84.320,142.377
331.126,244.635,86.186,145.527
346.959,246.897,86.186,145.527
362.433,248.573,88.093,148.747
373.068,246.261,88.093,148.747
382.778,241.175,88.093,148.747
393.412,236.088,88.093,148.747
408.671,231.002,88.093,148.747
416.531,225.916,88.093,148.747
427.166,220.830,88.093,148.747
436.876,219.443,88.093,148.747
443.812,219.905,88.093,148.747
449.654,214.806,86.214,145.575
453.726,208.018,86.214,145.575
455.989,200.325,86.214,145.575
460.062,190.822,86.214,145.575
457.799,184.940,86.214,145.575
457.410,178.205,84.376,142.470
452.760,167.345,82.576,139.432
447.126,156.509,82.576,139.432
440.624,145.674,82.576,139.432
431.522,133.104,82.576,139.432
416.352,115.334,82.576,139.432
407.250,107.099,82.576,139.432
388.799,85.321,84.403,142.517
371.522,64.499,84.403,142.517
352.662,53.270,86.271,145.670
330.474,42.855,86.271,145.670
308.286,37.874,86.271,145.670
286.098,28.365,86.271,145.670
265.722,22.478,86.271,145.670
243.533,23.837,86.271,145.670
223.157,20.667,86.271,145.670
201.874,24.743,86.271,145.670
181.408,21.495,84.431,142.564
162.352,26.370,84.431,142.564
153.932,35.676,84.431,142.564
143.739,48.528,84.431,142.564
134.433,65.811,84.431,142.564
125.127,83.094,84.431,142.564
119.135,100.368,86.299,145.718
120.494,111.692,86.299,145.718
120.949,119.949,88.208,148.942
126.042,131.524,88.208,148.942
132.061,144.951,88.208,148.942
139.006,154.673,88.208,148.942
145.024,160.692,88.208,148.942
151.969,169.489,88.208,148.942
157.988,175.508,88.208,148.942
166.515,182.897,86.327,145.766
175.124,188.788,86.327,145.766
183.733,191.959,86.327,145.766
195.967,194.225,86.327,145.766
205.483,198.303,86.327,145.766
217.322,202.914,84.486,142.657
226.049,206.397,86.356,145.814
242.820,204.131,86.356,145.814
251.432,203.678,86.356,145.814
264.576,200.505,86.356,145.814
284.283,202.496,84.514,142.704
294.163,199.315,82.712,139.661
304.148,198.881,82.712,139.661
312.396,199.315,82.712,139.661
319.777,194.539,82.712,139.661
324.552,191.500,82.712,139.661
330.196,188.461,82.712,139.661
334.103,186.291,82.712,139.661
337.142,183.252,82.712,139.661
334.972,178.476,82.712,139.661
334.598,177.036,80.948,136.683
333.414,175.627,79.222,133.768
329.048,175.049,77.532,130.915
324.572,173.828,77.532,130.915
319.281,172.608,77.532,130.915
313.991,169.759,77.532,130.915
308.701,170.980,77.532,130.915
302.859,169.630,75.879,128.123
294.839,166.774,74.261,125.391
289.244,165.481,72.677,122.717
281.233,160.522,72.677,122.717
272.460,155.563,72.677,122.717
265.975,150.603,72.677,122.717
259.490,144.881,72.677,122.717
254.531,139.159,72.677,122.717
248.809,134.200,72.677,122.717
243.087,127.715,72.677,122.717
237.365,121.993,72.677,122.717
233.168,116.271,72.677,122.717
228.209,112.838,72.677,122.717
222.487,108.642,72.677,122.717
216.765,106.735,72.677,122.717
209.819,105.469,71.127,120.100
201.232,102.109,71.127,120.100
194.139,97.256,71.127,120.100
185.552,91.656,71.127,120.100
176.966,92.776,71.127,120.100
170.887,85.780,69.610,117.539
163.945,80.300,69.610,117.539
153.349,78.473,69.610,117.539
141.062,78.670,68.126,115.032
128.546,79.027,68.126,115.032
114.808,81.836,69.633,117.577
107.864,87.318,69.633,117.577
99.457,92.800,69.633,117.577
91.051,99.014,69.633,117.577
82.645,103.765,69.633,117.577
68.391,106.324,69.633,117.577
59.984,108.882,69.633,117.577
50.847,109.979,69.633,117.577
42.441,111.806,69.633,117.577
34.766,115.826,69.633,117.577
27.090,121.309,69.633,117.577
17.953,127.522,69.633,117.577
10.278,134.466,69.633,117.577
3.061,138.854,71.174,120.179
0.446,145.204,71.174,120.179
-0.675,151.555,71.174,120.179
3.577,166.117,72.749,122.838
9.304,174.136,72.749,122.838
13.504,182.918,72.749,122.838
19.232,188.646,72.749,122.838
21.905,192.082,72.749,122.838
26.105,194.755,72.749,122.838
29.542,195.901,72.749,122.838
33.742,197.046,72.749,122.838
37.179,195.901,72.749,122.838
39.059,199.787,71.197,120.218
42.422,197.171,71.197,120.218
42.048,198.292,71.197,120.218
44.664,197.918,71.197,120.218
44.290,196.797,71.197,120.218
46.906,198.666,71.197,120.218
46.585,198.146,69.679,117.655
46.951,199.975,69.679,117.655
48.751,199.467,68.193,115.146
49.109,201.257,68.193,115.146
47.319,201.615,68.193,115.146
49.109,200.541,68.193,115.146
45.888,203.046,68.193,115.146
46.961,204.836,68.193,115.146
44.456,205.194,68.193,115.146
44.814,206.268,68.193,115.146
43.740,208.057,68.193,115.146
42.666,204.836,68.193,115.146
41.592,209.489,68.193,115.146
39.803,211.995,68.193,115.146
38.729,211.637,68.193,115.146
36.223,212.710,68.193,115.146
35.865,209.489,68.193,115.146
33.488,213.822,66.739,112.690
32.511,214.010,65.316,110.287
31.555,215.517,63.923,107.935
29.973,218.931,62.559,105.633
29.645,217.946,62.559,105.633
26.690,220.902,62.559,105.633
26.361,220.573,62.559,105.633
23.406,221.558,62.559,105.633
21.107,223.200,62.559,105.633
18.809,223.529,62.559,105.633
15.854,223.857,62.559,105.633
14.212,224.842,62.559,105.633
12.570,223.857,62.559,105.633
11.655,225.933,61.225,103.381
10.048,223.683,61.225,103.381
7.913,226.334,59.920,101.176
8.249,225.897,58.642,99.018
6.094,227.436,58.642,99.018
6.402,227.744,58.642,99.018
4.247,229.899,58.642,99.018
3.324,230.822,58.642,99.018
4.863,232.361,58.642,99.018
3.324,233.900,58.642,99.018
4.247,235.439,58.642,99.018
2.708,235.747,58.642,99.018
5.478,237.902,58.642,99.018
3.324,240.056,58.642,99.018
5.478,239.133,58.642,99.018
3.233,241.550,59.939,101.209
4.806,242.494,59.939,101.209
5.750,244.067,59.939,101.209
3.548,246.898,59.939,101.209
6.379,249.101,59.939,101.209
6.065,250.674,59.939,101.209
7.638,252.876,59.939,101.209
10.469,255.078,59.939,101.209
7.638,257.281,59.939,101.209
11.728,258.854,59.939,101.209
9.525,257.910,59.939,101.209
12.357,259.483,59.939,101.209
10.154,261.056,59.939,101.209
13.082,263.527,61.266,103.448
12.760,261.276,61.266,103.448
12.416,263.801,62.621,105.737
14.111,265.701,64.007,108.077
13.751,266.945,65.423,110.468
13.384,267.504,66.870,112.912
14.436,269.259,66.870,112.912
14.787,269.610,66.870,112.912
16.542,270.663,66.870,112.912
18.352,270.507,68.350,115.410
15.735,271.091,69.862,117.964
19.035,272.191,69.862,117.964
18.642,273.549,71.408,120.573
18.241,272.604,72.987,123.241
23.222,269.156,72.987,123.241
21.306,271.072,72.987,123.241
25.520,269.156,72.987,123.241
22.725,269.780,74.602,125.968
27.033,266.256,74.602,125.968
26.641,267.431,74.602,125.968
30.948,264.690,74.602,125.968
32.123,265.081,74.602,125.968
34.142,261.656,76.253,128.755
36.943,259.655,76.253,128.755
38.144,257.654,76.253,128.755
40.207,252.493,77.940,131.604
43.165,247.217,79.664,134.515
48.791,240.957,81.427,137.491
52.768,234.558,83.229,140.533
51.457,229.753,83.229,140.533
54.515,224.074,83.229,140.533
57.673,220.253,85.070,143.643
60.799,217.127,85.070,143.643
64.027,213.222,86.952,146.821
67.222,210.940,86.952,146.821
69.575,213.577,88.876,150.069
80.304,213.111,88.876,150.069
87.301,216.376,88.876,150.069
92.433,214.977,88.876,150.069
97.564,215.443,88.876,150.069
100.937,218.139,90.842,153.390
109.043,224.338,90.842,153.390
118.102,225.768,90.842,153.390
126.208,224.338,90.842,153.390
135.267,223.861,90.842,153.390
142.420,226.245,90.842,153.390
148.618,227.675,90.842,153.390
152.910,227.198,90.842,153.390
155.294,225.768,90.842,153.390
159.585,224.338,90.842,153.390
161.969,219.093,90.842,153.390
168.912,215.673,88.905,150.118
174.978,209.606,88.905,150.118
175.445,210.073,88.905,150.118
179.645,205.873,88.905,150.118
185.711,199.807,88.905,150.118
192.711,192.807,88.905,150.118
195.978,188.607,88.905,150.118
198.311,193.741,88.905,150.118
201.577,188.607,88.905,150.118
206.710,189.074,88.905,150.118
210.910,187.674,88.905,150.118
216.043,184.408,88.905,150.118
220.243,186.741,88.905,150.118
223.510,183.474,88.905,150.118
228.643,185.808,88.905,150.118
232.739,183.360,87.009,146.917
236.849,183.817,87.009,146.917
240.046,183.360,87.009,146.917
239.589,182.904,87.009,146.917
242.786,183.360,87.009,146.917
244.156,182.904,87.009,146.917
242.786,182.447,87.009,146.917
245.070,182.904,87.009,146.917
243.700,181.533,87.009,146.917
243.243,179.250,87.009,146.917
242.786,176.053,87.009,146.917
245.070,173.770,87.009,146.917
242.786,169.659,87.009,146.917
244.154,170.786,85.154,143.784
243.707,169.445,85.154,143.784
243.260,166.316,85.154,143.784
241.919,163.188,85.154,143.784
244.154,159.165,85.154,143.784
241.026,157.824,85.154,143.784
242.366,152.908,85.154,143.784
244.601,147.097,85.154,143.784
246.836,144.862,85.154,143.784
243.707,139.946,85.154,143.784
245.942,135.029,85.154,143.784
249.173,138.540,87.038,146.965
245.062,133.514,87.038,146.965
248.365,133.310,88.963,150.217
253.501,134.711,88.963,150.217
258.638,129.575,88.963,150.217
258.171,127.240,88.963,150.217
262.373,126.773,88.963,150.217
266.576,125.372,88.963,150.217
273.580,130.509,88.963,150.217
277.783,127.240,88.963,150.217
277.316,123.971,88.963,150.217
282.630,126.670,90.932,153.540
276.425,125.238,90.932,153.540
283.584,124.761,90.932,153.540
288.834,127.147,90.932,153.540
285.493,126.670,90.932,153.540
290.743,128.102,90.932,153.540
291.223,125.908,92.944,156.938
291.713,126.703,95.000,160.410
295.204,126.204,95.000,160.410
296.699,124.708,95.000,160.410
296.201,123.212,95.000,160.410
295.702,120.719,95.000,160.410
299.118,120.987,92.974,156.989
296.678,115.619,92.974,156.989
301.070,119.035,92.974,156.989
294.472,109.704,95.031,160.462
298.962,111.201,95.031,160.462
294.472,106.711,95.031,160.462
296.966,104.217,95.031,160.462
293.475,103.719,95.031,160.462
295.969,105.215,95.031,160.462
292.477,101.723,95.031,160.462
295.969,105.215,95.031,160.462
291.480,100.726,95.031,160.462
293.974,102.222,95.031,160.462
290.482,97.733,95.031,160.462
290.053,98.963,93.005,157.040
290.574,101.108,91.021,153.692
290.096,99.675,91.021,153.692
289.685,99.932,89.080,150.414
289.218,96.659,89.080,150.414
288.816,95.108,87.181,147.206
291.104,97.396,87.181,147.206
288.946,94.997,85.321,144.067
289.394,92.757,85.321,144.067
288.145,90.409,83.502,140.995
290.337,95.230,83.502,140.995
288.270,92.086,81.721,137.988
290.415,87.368,81.721,137.988
290.046,87.599,79.978,135.046
292.145,91.377,79.978,135.046
290.046,87.599,79.978,135.046
292.145,93.056,79.978,135.046
290.046,92.637,79.978,135.046
292.145,97.254,79.978,135.046
289.206,101.032,79.978,135.046
292.145,106.490,79.978,135.046
289.206,111.107,79.978,135.046
292.145,115.725,79.978,135.046
290.046,119.503,79.978,135.046
292.984,124.121,79.978,135.046
293.406,126.547,81.748,138.033
295.551,131.267,81.748,138.033
297.697,136.845,81.748,138.033
298.984,141.564,81.748,138.033
300.271,144.568,81.748,138.033
302.417,149.288,81.748,138.033
305.420,154.008,81.748,138.033
308.424,157.869,81.748,138.033
312.190,162.236,80.005,135.090
313.450,165.176,80.005,135.090
317.230,166.435,80.005,135.090
321.009,167.695,80.005,135.090
326.468,168.115,80.005,135.090
333.607,165.176,80.005,135.090
343.265,162.236,80.005,135.090
352.401,161.177,81.775,138.079
361.414,159.031,81.775,138.079
368.971,158.840,83.584,141.134
377.604,159.554,85.433,144.256
389.712,158.209,85.433,144.256
402.716,155.967,85.433,144.256
413.927,155.519,85.433,144.256
422.447,155.967,85.433,144.256
431.863,153.725,85.433,144.256
440.383,149.689,85.433,144.256
447.778,142.151,83.611,141.180
456.116,136.446,83.611,141.180
464.198,132.452,81.828,138.169
465.487,130.304,81.828,138.169
464.136,132.786,83.639,141.226
462.819,127.957,83.639,141.226
458.868,124.884,83.639,141.226
448.771,129.713,83.639,141.226
438.674,127.518,83.639,141.226
431.211,131.469,83.639,141.226
421.992,126.640,83.639,141.226
410.591,126.444,85.489,144.351
399.869,122.520,87.381,147.545
388.909,118.508,89.314,150.809
379.065,112.414,89.314,150.809
369.220,108.195,89.314,150.809
362.188,103.038,89.314,150.809
354.219,101.632,89.314,150.809
347.187,97.413,89.314,150.809
340.155,92.256,89.314,150.809
332.844,89.129,91.290,154.146
327.573,85.775,91.290,154.146
320.101,86.555,93.310,157.556
316.528,81.255,95.374,161.042
315.026,77.751,95.374,161.042
310.335,79.605,97.485,164.605
314.941,75.000,97.485,164.605
310.335,76.535,97.485,164.605
313.917,76.023,97.485,164.605
311.246,76.857,99.641,168.247
309.601,78.794,101.846,171.970
314.412,79.328,101.846,171.970
312.731,80.199,104.099,175.774
315.463,79.652,104.099,175.774
313.824,84.570,104.099,175.774
311.092,88.395,104.099,175.774
305.082,95.498,104.099,175.774
297.694,100.923,106.403,179.663
294.902,104.832,106.403,179.663
289.875,110.976,106.403,179.663
280.381,119.353,106.403,179.663
272.365,128.267,104.134,175.832
265.573,136.990,101.913,172.082
253.269,148.223,101.913,172.082
249.525,151.968,101.913,172.082
243.909,149.162,99.740,168.413
237.103,145.498,99.740,168.413
230.298,140.786,99.740,168.413
228.727,135.028,99.740,168.413
226.110,127.175,99.740,168.413
225.659,120.393,97.613,164.821
224.122,112.707,97.613,164.821
222.585,105.022,97.613,164.821
222.073,96.312,97.613,164.821
223.610,90.676,97.613,164.821
224.122,81.966,97.613,164.821
226.684,76.331,97.613,164.821
228.221,71.719,97.613,164.821
229.758,66.084,97.613,164.821
231.295,62.497,97.613,164.821
230.783,57.886,97.613,164.821
233.345,52.250,97.613,164.821
234.923,49.895,99.772,168.468
236.494,53.561,99.772,168.468
232.828,47.801,99.772,168.468
233.352,50.419,99.772,168.468
229.686,43.611,99.772,168.468
224.973,46.230,99.772,168.468
221.307,49.895,99.772,168.468
214.499,48.324,99.772,168.468
207.691,50.943,99.772,168.468
202.978,49.372,99.772,168.468
196.470,52.682,97.645,164.875
188.126,52.958,95.562,161.359
180.602,52.457,95.562,161.359
175.084,53.961,95.562,161.359
166.557,51.454,95.562,161.359
161.040,50.952,95.562,161.359
153.516,48.444,95.562,161.359
145.992,47.942,95.562,161.359
142.660,46.279,93.524,157.918
137.042,45.041,95.594,161.412
133.530,42.532,95.594,161.412
134.065,41.835,93.555,157.970
133.643,42.100,91.560,154.601
138.788,42.359,89.607,151.304
137.377,43.770,89.607,151.304
139.692,42.210,87.696,148.078
140.153,41.749,87.696,148.078
141.534,39.448,87.696,148.078
142.915,43.590,87.696,148.078
143.406,40.289,85.826,144.920
147.361,40.532,83.996,141.829
146.920,41.854,83.996,141.829
149.940,41.242,82.205,138.805
146.920,39.947,82.205,138.805
150.803,42.968,82.205,138.805
147.783,40.810,82.205,138.805
150.803,44.694,82.205,138.805
149.600,43.263,80.452,135.845
151.679,45.118,78.736,132.948
149.613,43.878,78.736,132.948
149.199,45.118,78.736,132.948
147.900,45.791,80.478,135.889
145.787,43.679,80.478,135.889
145.365,45.791,80.478,135.889
143.253,47.058,80.478,135.889
141.048,47.746,82.259,138.896
139.844,48.811,80.505,135.934
138.577,50.079,80.505,135.934
137.309,49.656,80.505,135.934
133.506,52.614,80.505,135.934
130.423,54.179,82.286,138.941
126.536,57.203,82.286,138.941
122.649,55.907,82.286,138.941
120.490,58.066,82.286,138.941
117.466,61.090,82.286,138.941
115.212,62.689,84.106,142.016
113.005,63.131,84.106,142.016
115.212,67.104,84.106,142.016
114.770,67.545,84.106,142.016
114.329,67.987,84.106,142.016
116.536,71.077,84.106,142.016
112.400,69.048,85.967,145.158
115.558,71.304,85.967,145.158
111.497,65.438,85.967,145.158
114.656,68.597,85.967,145.158
110.595,64.536,85.967,145.158
113.753,67.694,85.967,145.158
111.497,64.536,85.967,145.158
113.719,65.648,84.134,142.062
113.277,64.324,84.134,142.062
117.154,63.710,82.340,139.033
117.586,65.007,82.340,139.033
119.747,63.710,82.340,139.033
120.179,63.278,82.340,139.033
123.204,63.710,82.340,139.033
120.179,61.549,82.340,139.033
125.797,61.981,82.340,139.033
123.636,63.278,82.340,139.033
126.662,62.846,82.340,139.033
125.365,60.685,82.340,139.033
129.255,61.117,82.340,139.033
129.687,62.414,82.340,139.033
131.848,60.253,82.340,139.033
133.144,60.685,82.340,139.033
136.170,58.524,82.340,139.033
136.602,59.821,82.340,139.033
142.895,56.721,80.584,136.068
145.010,57.990,80.584,136.068
147.125,54.183,80.584,136.068
150.086,53.760,80.584,136.068
151.355,54.183,80.584,136.068
154.315,52.068,80.584,136.068
156.430,50.799,80.584,136.068
157.699,51.222,80.584,136.068
160.597,51.450,78.865,133.166
163.433,51.673,77.183,130.326
163.838,51.268,77.183,130.326
165.053,49.242,77.183,130.326
167.828,49.460,75.538,127.547
168.225,50.650,75.538,127.547
168.621,51.046,75.538,127.547
170.604,48.271,75.538,127.547
169.414,48.668,75.538,127.547
169.811,48.271,75.538,127.547
167.828,45.496,75.538,127.547
171.309,44.945,73.927,124.827
169.369,47.661,73.927,124.827
172.861,44.945,73.927,124.827
170.145,42.229,73.927,124.827
172.085,43.393,73.927,124.827
172.473,39.901,73.927,124.827
175.189,40.289,73.927,124.827
176.351,39.002,72.350,122.165
179.010,40.900,72.350,122.165
180.149,39.002,72.350,122.165
184.326,37.862,72.350,122.165
186.196,43.191,70.807,119.560
189.541,39.846,70.807,119.560
192.142,45.421,70.807,119.560
196.121,45.621,69.297,117.010
194.302,46.712,69.297,117.010
198.898,49.713,67.819,114.515
199.966,47.933,67.819,114.515
200.322,46.153,67.819,114.515
199.254,47.221,67.819,114.515
201.034,46.153,67.819,114.515
203.472,45.659,66.373,112.073
203.821,48.097,66.373,112.073
204.866,49.839,66.373,112.073
205.911,50.885,66.373,112.073
206.956,47.749,66.373,112.073
208.001,49.491,66.373,112.073
208.373,46.992,64.958,109.683
209.396,49.379,64.958,109.683
209.760,47.591,63.573,107.344
208.759,47.925,63.573,107.344
209.760,50.260,63.573,107.344
208.759,47.257,63.573,107.344
209.093,50.260,63.573,107.344
208.091,49.259,63.573,107.344
207.804,48.796,62.217,105.055
208.784,51.082,62.217,105.055
206.498,50.102,62.217,105.055
206.825,50.429,62.217,105.055
205.845,52.061,62.217,105.055
204.212,52.388,62.217,105.055
202.508,53.597,63.593,107.379
202.220,50.560,62.237,105.089
202.569,49.476,60.910,102.848
202.889,51.714,60.910,102.848
203.209,52.034,60.910,102.848
202.250,49.157,60.910,102.848
203.209,50.116,60.910,102.848
204.168,47.239,60.910,102.848
205.127,49.476,60.910,102.848
206.701,50.881,59.611,100.655
208.265,48.691,59.611,100.655
209.806,51.875,58.340,98.508
209.478,49.832,59.631,100.688
209.791,50.771,59.631,100.688
212.608,47.955,59.631,100.688
212.295,49.519,59.631,100.688
216.249,48.481,58.359,98.541
217.781,50.626,58.359,98.541
219.312,49.094,58.359,98.541
220.844,50.626,58.359,98.541
221.763,47.256,58.359,98.541
223.294,48.175,58.359,98.541
225.438,49.094,58.359,98.541
225.745,45.112,58.359,98.541
228.502,46.031,58.359,98.541
229.421,44.499,58.359,98.541
231.565,42.968,58.359,98.541
233.709,45.112,58.359,98.541
234.628,46.643,58.359,98.541
236.159,48.788,58.359,98.541
238.304,51.544,58.359,98.541
241.060,54.914,58.359,98.541
243.205,58.283,58.359,98.541
246.574,59.202,58.359,98.541
249.944,61.959,58.359,98.541
253.926,64.716,58.359,98.541
257.908,66.860,58.359,98.541
261.890,68.392,58.359,98.541
265.872,69.923,58.359,98.541
269.854,72.680,58.359,98.541
275.061,76.662,58.359,98.541
280.269,81.870,58.359,98.541
285.476,87.077,58.359,98.541
289.458,92.284,58.359,98.541
294.053,96.266,58.359,98.541
298.648,101.474,58.359,98.541
303.242,107.294,58.359,98.541
308.450,118.015,58.359,98.541
311.935,128.048,59.650,100.721
316.006,132.744,59.650,100.721
318.823,138.693,59.650,100.721
321.641,142.137,59.650,100.721
323.833,146.207,59.650,100.721
321.641,151.529,59.650,100.721
325.711,153.721,59.650,100.721
322.894,156.539,59.650,100.721
325.085,160.609,59.650,100.721
321.641,164.679,59.650,100.721
322.606,169.087,60.970,102.949
319.085,175.808,60.970,102.949
317.415,180.313,62.319,105.227
315.779,184.565,62.319,105.227
315.452,188.818,62.319,105.227
313.066,192.065,63.698,107.555
314.069,194.406,63.698,107.555
311.729,197.415,63.698,107.555
314.069,199.086,63.698,107.555
312.397,202.095,63.698,107.555
314.121,202.640,65.107,109.935
314.462,205.716,65.107,109.935
315.488,208.108,65.107,109.935
317.880,209.816,65.107,109.935
320.272,212.892,65.107,109.935
323.348,215.967,65.107,109.935
326.423,217.676,65.107,109.935
328.815,219.385,65.107,109.935
330.524,221.094,65.107,109.935
333.600,222.119,65.107,109.935
337.359,220.410,65.107,109.935
339.751,221.435,65.107,109.935
342.826,221.777,65.107,109.935
345.218,222.802,65.107,109.935
346.927,220.410,65.107,109.935
346.585,220.752,65.107,109.935
347.611,220.410,65.107,109.935
346.585,221.435,65.107,109.935
347.611,218.360,65.107,109.935
345.218,219.385,65.107,109.935
344.877,216.993,65.107,109.935
343.168,220.068,65.107,109.935
341.459,217.676,65.107,109.935
