302.000,135.000,67.000,81.000
299.963,139.365,67.000,81.000
297.926,144.312,67.000,81.000
299.381,149.842,67.000,81.000
301.418,153.043,67.000,81.000
303.455,154.498,67.000,81.000
304.827,149.073,68.482,82.792
306.315,146.396,68.482,82.792
305.422,147.288,68.482,82.792
308.694,149.965,68.482,82.792
310.714,150.592,69.998,84.624
313.450,149.680,69.998,84.624
317.407,144.013,71.546,86.496
323.933,137.487,71.546,86.496
329.216,134.690,71.546,86.496
332.635,130.650,71.546,86.496
333.567,127.853,71.546,86.496
332.013,125.056,71.546,86.496
336.675,128.475,71.546,86.496
338.850,123.192,71.546,86.496
343.511,116.666,71.546,86.496
347.551,112.626,71.546,86.496
351.591,109.829,71.546,86.496
355.631,107.654,71.546,86.496
359.031,111.533,73.129,88.410
367.607,118.203,73.129,88.410
375.696,121.510,74.747,90.366
377.900,135.668,76.401,92.365
362.939,129.481,78.091,94.409
352.574,100.636,79.819,96.498
345.293,91.276,79.819,96.498
339.399,86.075,79.819,96.498
334.892,83.648,79.819,96.498
332.466,87.462,79.819,96.498
329.784,92.509,81.585,98.633
330.139,85.776,81.585,98.633
339.163,87.994,83.390,100.815
360.533,112.986,83.390,100.815
365.241,119.868,83.390,100.815
368.452,122.886,85.235,103.046
362.159,116.593,85.235,103.046
358.086,99.193,85.235,103.046
354.014,89.937,85.235,103.046
355.865,90.307,85.235,103.046
359.937,87.716,85.235,103.046
364.750,91.788,85.235,103.046
356.976,98.082,85.235,103.046
342.537,91.788,85.235,103.046
346.610,104.746,85.235,103.046
352.903,108.818,85.235,103.046
348.090,121.776,85.235,103.046
374.419,126.397,87.121,105.325
364.202,119.208,87.121,105.325
357.769,114.288,87.121,105.325
352.849,108.612,87.121,105.325
355.498,112.018,87.121,105.325
351.001,124.594,89.049,107.656
355.256,140.452,89.049,107.656
338.624,156.310,89.049,107.656
320.445,177.582,89.049,107.656
335.189,170.901,87.150,105.360
328.753,156.896,87.150,105.360
313.991,137.591,87.150,105.360
306.799,127.370,87.150,105.360
307.177,120.178,87.150,105.360
303.013,117.529,87.150,105.360
286.736,111.851,87.150,105.360
287.301,118.447,85.291,103.113
281.744,126.226,85.291,103.113
288.042,144.379,85.291,103.113
282.870,161.303,87.178,105.394
279.463,175.313,87.178,105.394
277.569,177.964,87.178,105.394
273.855,169.333,89.107,107.726
269.955,154.441,87.207,105.429
262.759,138.911,87.207,105.429
257.482,134.559,85.347,103.181
260.178,129.585,83.527,100.980
255.824,126.116,81.746,98.827
250.498,131.442,81.746,98.827
251.435,138.084,83.554,101.013
252.394,151.651,85.403,103.248
249.797,168.344,85.403,103.248
246.459,185.036,85.403,103.248
244.604,186.891,85.403,103.248
241.265,178.359,85.403,103.248
240.706,169.905,87.293,105.533
233.962,167.010,85.431,103.282
232.369,172.046,83.609,101.080
230.553,176.040,83.609,101.080
225.832,180.035,83.609,101.080
267.677,154.861,81.826,98.924
271.587,164.457,81.826,98.924
275.542,176.816,80.081,96.815
269.629,175.077,80.081,96.815
273.455,178.208,80.081,96.815
275.194,180.642,80.081,96.815
277.054,180.669,78.373,94.750
279.530,182.664,76.702,92.729
282.596,180.762,75.066,90.752
285.530,173.263,75.066,90.752
219.343,165.764,75.066,90.752
214.115,159.009,76.727,92.760
227.778,162.009,76.727,92.760
226.112,145.679,76.727,92.760
229.066,131.860,78.425,94.812
241.670,96.093,78.425,94.812
246.780,88.258,78.425,94.812
213.142,22.619,76.752,92.790
206.808,23.620,76.752,92.790
204.474,25.953,76.752,92.790
208.808,17.619,76.752,92.790
198.473,19.952,76.752,92.790
194.806,15.619,76.752,92.790
195.806,21.953,76.752,92.790
196.807,18.952,76.752,92.790
222.476,9.951,76.752,92.790
226.810,12.952,76.752,92.790
235.811,5.284,76.752,92.790
224.098,17.520,75.116,90.811
279.302,102.452,73.514,88.875
273.520,126.314,75.140,90.841
296.692,169.069,75.140,90.841
331.415,179.915,76.803,92.851
320.406,182.917,76.803,92.851
294.720,177.246,76.803,92.851
298.389,184.252,76.803,92.851
294.720,182.584,76.803,92.851
289.716,170.908,76.803,92.851
208.225,77.472,78.502,94.905
203.792,77.131,78.502,94.905
209.559,53.495,76.828,92.882
210.057,66.386,75.190,90.901
210.383,61.487,75.190,90.901
214.647,56.475,73.586,88.962
214.328,69.580,73.586,88.962
217.204,76.292,73.586,88.962
218.297,65.226,72.017,87.065
221.738,59.282,72.017,87.065
217.046,56.467,72.017,87.065
217.984,56.780,72.017,87.065
214.543,52.088,72.017,87.065
209.528,56.642,73.610,88.992
213.684,83.179,73.610,88.992
226.793,59.839,73.610,88.992
225.647,66.484,75.239,90.960
191.248,101.756,76.904,92.973
181.561,98.750,76.904,92.973
185.904,85.055,76.904,92.973
200.648,74.670,78.605,95.030
197.299,66.180,80.344,97.133
158.563,89.561,80.344,97.133
186.830,116.432,80.344,97.133
189.924,142.512,82.122,99.282
285.161,82.230,82.122,99.282
276.243,83.300,82.122,99.282
272.650,82.640,80.371,97.164
275.862,92.761,78.657,95.092
260.488,119.067,78.657,95.092
252.630,128.292,78.657,95.092
259.204,130.430,80.397,97.196
264.442,135.668,80.397,97.196
266.188,140.207,80.397,97.196
204.379,139.858,80.397,97.196
206.823,143.699,80.397,97.196
210.665,140.557,80.397,97.196
157.935,131.826,80.397,97.196
169.726,140.533,82.176,99.347
169.570,149.505,80.423,97.228
174.111,155.444,80.423,97.228
170.685,136.610,82.203,99.379
176.755,131.254,82.203,99.379
182.105,136.787,80.450,97.260
177.562,141.330,80.450,97.260
180.707,137.486,80.450,97.260
183.805,137.498,82.230,99.412
189.936,135.287,84.049,101.611
158.175,161.936,84.049,101.611
160.001,176.904,84.049,101.611
202.713,163.396,84.049,101.611
210.379,155.000,84.049,101.611
177.159,171.428,84.049,101.611
170.222,173.983,84.049,101.611
222.427,181.650,84.049,101.611
238.854,160.841,84.049,101.611
136.797,135.855,85.909,103.859
134.185,139.960,85.909,103.859
150.230,141.079,85.909,103.859
167.022,132.497,85.909,103.859
182.684,148.350,84.076,101.645
185.240,144.333,84.076,101.645
185.080,150.697,82.284,99.477
182.579,153.914,82.284,99.477
172.214,141.405,82.284,99.477
165.424,147.480,82.284,99.477
170.785,143.549,82.284,99.477
179.585,140.132,80.529,97.356
184.832,145.378,80.529,97.356
188.658,151.196,82.311,99.510
196.166,152.984,82.311,99.510
192.564,159.903,80.555,97.388
189.713,178.140,78.837,95.311
194.850,192.180,78.837,95.311
194.507,185.674,78.837,95.311
197.658,171.178,77.156,93.278
199.450,150.531,75.511,91.289
204.997,137.278,73.900,89.342
204.676,129.896,73.900,89.342
200.503,137.920,73.900,89.342
225.328,135.933,75.535,91.319
238.124,136.261,75.535,91.319
235.171,133.308,75.535,91.319
236.811,132.324,75.535,91.319
232.873,138.674,73.925,89.372
229.019,145.507,72.348,87.466
226.459,152.800,70.805,85.600
226.767,162.949,70.805,85.600
231.375,170.086,69.295,83.775
232.984,177.652,67.818,81.988
229.155,173.823,67.818,81.988
186.536,131.047,69.318,83.802
189.887,133.392,67.840,82.015
231.019,119.950,69.341,83.830
232.525,119.047,69.341,83.830
234.633,121.155,69.341,83.830
235.536,119.047,69.341,83.830
237.042,113.927,69.341,83.830
287.422,192.329,67.862,82.042
282.696,194.785,69.364,83.857
202.254,180.023,69.364,83.857
192.830,166.688,67.884,82.069
186.049,154.009,67.884,82.069
266.976,152.183,69.386,83.885
269.086,152.485,69.386,83.885
266.976,155.800,69.386,83.885
268.483,158.512,69.386,83.885
268.181,166.649,69.386,83.885
272.117,173.644,67.907,82.096
274.771,161.551,67.907,82.096
269.757,164.206,67.907,82.096
275.314,175.600,66.459,80.345
283.685,186.280,66.459,80.345
279.932,184.260,66.459,80.345
276.180,174.156,66.459,80.345
273.005,162.899,66.459,80.345
276.757,152.218,66.459,80.345
279.932,142.115,66.459,80.345
273.685,132.677,65.041,78.632
268.661,133.788,63.654,76.955
270.043,131.853,63.654,76.955
271.921,126.125,65.063,78.658
276.700,129.960,63.675,76.980
280.849,134.662,63.675,76.980
278.595,127.752,62.317,75.339
278.866,118.820,62.317,75.339
273.182,113.677,62.317,75.339
269.122,111.241,62.317,75.339
262.742,116.479,60.988,73.732
262.342,113.190,62.338,75.363
264.181,109.828,63.717,77.031
267.779,115.086,63.717,77.031
267.935,121.987,65.127,78.735
262.226,120.235,66.568,80.477
254.419,112.429,66.568,80.477
237.938,90.744,66.568,80.477
227.779,94.110,65.148,78.761
224.667,98.354,65.148,78.761
227.779,75.434,65.148,78.761
222.068,84.838,66.589,80.504
223.514,96.696,66.589,80.504
228.431,100.456,66.589,80.504
232.191,103.059,66.589,80.504
234.155,106.070,68.063,82.285
230.607,108.942,66.611,80.530
225.688,105.759,66.611,80.530
211.443,101.566,68.085,82.312
216.445,98.739,66.633,80.556
230.048,101.343,66.633,80.556
235.500,100.250,65.212,78.838
234.084,94.868,65.212,78.838
233.234,89.486,65.212,78.838
236.350,85.238,65.212,78.838
238.333,82.688,65.212,78.838
238.616,80.139,65.212,78.838
238.899,84.388,65.212,78.838
239.322,87.139,63.821,77.157
238.490,90.743,63.821,77.157
238.767,87.694,63.821,77.157
235.163,79.655,63.821,77.157
237.180,77.004,62.460,75.512
233.653,80.531,62.460,75.512
237.180,77.547,62.460,75.512
241.249,73.477,62.460,75.512
244.234,72.663,62.460,75.512
243.420,76.190,62.460,75.512
248.574,75.376,62.460,75.512
247.760,79.988,62.460,75.512
245.319,85.686,62.460,75.512
240.707,87.585,62.460,75.512
237.180,92.197,62.460,75.512
236.366,95.181,62.460,75.512
240.978,88.941,62.460,75.512
246.675,79.988,62.460,75.512
249.660,76.462,62.460,75.512
245.590,81.616,62.460,75.512
249.117,79.175,62.460,75.512
246.384,92.270,61.128,73.901
242.932,92.004,61.128,73.901
238.418,94.925,61.128,73.901
239.746,97.314,61.128,73.901
239.345,93.467,62.481,75.537
242.330,90.481,62.481,75.537
244.230,84.782,62.481,75.537
247.758,81.797,62.481,75.537
251.286,80.983,62.481,75.537
255.357,83.968,62.481,75.537
258.900,79.804,61.148,73.926
254.385,73.164,61.148,73.926
251.995,70.242,61.148,73.926
246.759,81.014,59.844,72.349
250.658,84.913,59.844,72.349
255.077,81.534,59.844,72.349
256.896,77.635,59.844,72.349
254.277,79.158,58.568,70.806
253.514,83.992,58.568,70.806
256.821,81.193,58.568,70.806
254.532,82.974,58.568,70.806
252.949,97.705,57.319,69.296
243.240,100.942,57.319,69.296
237.016,92.726,57.319,69.296
226.828,85.066,56.097,67.819
222.199,88.234,56.097,67.819
227.729,85.434,54.901,66.372
245.677,81.978,56.115,67.841
257.132,84.172,56.115,67.841
253.964,101.477,56.115,67.841
259.570,102.696,56.115,67.841
262.236,114.336,57.357,69.342
258.499,117.077,57.357,69.342
262.236,119.319,57.357,69.342
265.009,109.733,56.134,67.863
264.641,91.528,57.376,69.365
262.196,82.228,58.645,70.899
261.432,84.521,58.645,70.899
259.462,79.772,59.943,72.468
264.409,83.157,59.943,72.468
263.291,91.709,58.664,70.923
268.642,105.214,58.664,70.923
272.461,117.513,57.413,69.410
292.660,51.429,57.413,69.410
293.408,56.666,57.413,69.410
288.492,52.839,56.189,67.930
284.151,42.037,54.991,66.481
278.657,44.187,54.991,66.481
265.998,60.190,54.991,66.481
267.275,62.971,53.818,65.064
265.639,64.140,53.818,65.064
268.241,87.589,52.670,63.676
272.130,92.394,52.670,63.676
276.881,94.175,51.547,62.318
285.165,94.847,51.547,62.318
277.776,91.936,51.547,62.318
270.934,92.408,52.688,63.697
275.740,94.468,52.688,63.697
284.208,91.035,52.688,63.697
286.236,86.769,53.853,65.106
288.840,91.747,52.705,63.718
305.068,81.615,51.581,62.359
305.292,80.046,51.581,62.359
302.827,77.134,51.581,62.359
303.051,85.423,51.581,62.359
305.545,88.032,50.481,61.029
303.758,85.935,49.404,59.728
299.252,83.145,49.404,59.728
296.892,79.068,49.404,59.728
296.122,75.959,50.498,61.049
297.658,73.985,50.498,61.049
300.948,76.397,50.498,61.049
306.431,78.371,50.498,61.049
245.114,69.276,51.615,62.400
246.684,84.297,51.615,62.400
248.701,99.317,51.615,62.400
251.167,108.509,51.615,62.400
255.875,112.768,51.615,62.400
258.790,117.925,51.615,62.400
266.188,106.940,51.615,62.400
271.792,103.128,51.615,62.400
274.707,107.836,51.615,62.400
275.828,112.096,51.615,62.400
300.264,85.418,51.615,62.400
305.420,91.022,51.615,62.400
314.851,100.799,52.757,63.781
