225.000,135.000,61.000,71.000
223.182,136.298,61.000,71.000
222.403,137.077,61.000,71.000
219.028,133.702,61.000,71.000
214.614,132.403,61.000,71.000
210.719,133.182,61.000,71.000
207.863,130.326,61.000,71.000
208.642,126.951,61.000,71.000
206.824,123.575,61.000,71.000
205.006,118.122,61.000,71.000
201.112,106.957,61.000,71.000
197.736,102.024,61.000,71.000
194.880,99.167,61.000,71.000
192.024,96.311,61.000,71.000
188.924,95.795,62.350,72.571
186.536,91.283,62.350,72.571
186.801,93.141,62.350,72.571
188.659,89.160,62.350,72.571
188.394,90.487,62.350,72.571
189.631,92.713,63.729,74.177
186.956,95.551,65.139,75.818
188.897,90.283,65.139,75.818
189.174,91.670,65.139,75.818
190.561,93.611,65.139,75.818
191.392,96.661,65.139,75.818
193.261,100.137,66.580,77.495
195.812,104.388,66.580,77.495
197.229,108.639,66.580,77.495
199.779,112.324,66.580,77.495
200.630,114.874,66.580,77.495
202.613,111.757,66.580,77.495
204.597,106.939,66.580,77.495
202.613,101.554,66.580,77.495
204.597,95.036,66.580,77.495
205.448,89.084,66.580,77.495
204.597,83.132,66.580,77.495
207.715,78.314,66.580,77.495
209.132,73.496,66.580,77.495
210.549,73.780,66.580,77.495
211.966,74.630,66.580,77.495
212.816,74.913,66.580,77.495
213.100,76.897,66.580,77.495
213.833,78.686,68.053,79.210
214.702,82.452,68.053,79.210
213.254,86.797,68.053,79.210
212.385,91.143,68.053,79.210
214.413,95.488,68.053,79.210
212.964,101.571,68.053,79.210
214.413,107.654,68.053,79.210
215.282,113.158,68.053,79.210
217.889,117.503,68.053,79.210
220.496,120.690,68.053,79.210
223.103,120.980,68.053,79.210
225.131,117.793,68.053,79.210
227.159,112.289,68.053,79.210
229.766,105.047,68.053,79.210
232.373,95.488,68.053,79.210
234.401,86.508,68.053,79.210
233.172,77.022,66.602,77.521
236.857,79.006,66.602,77.521
236.201,79.013,65.182,75.867
239.838,83.298,63.792,74.249
241.827,88.539,62.431,72.666
240.498,92.526,62.431,72.666
242.358,94.917,62.431,72.666
242.624,93.589,62.431,72.666
241.295,96.512,62.431,72.666
240.498,98.372,62.431,72.666
242.358,98.638,62.431,72.666
241.561,100.498,62.431,72.666
243.953,100.764,62.431,72.666
244.218,103.687,62.431,72.666
246.079,106.610,62.431,72.666
245.813,110.597,62.431,72.666
246.610,114.051,62.431,72.666
247.407,115.380,62.431,72.666
248.205,112.457,62.431,72.666
247.407,109.002,62.431,72.666
248.736,103.953,62.431,72.666
250.065,97.841,62.431,72.666
251.925,85.882,62.431,72.666
252.722,74.986,62.431,72.666
253.520,68.874,62.431,72.666
254.317,63.825,62.431,72.666
255.646,59.307,62.431,72.666
256.974,57.978,62.431,72.666
256.177,57.713,62.431,72.666
259.148,56.694,61.100,71.116
260.969,58.515,61.100,71.116
261.749,60.335,61.100,71.116
263.049,62.676,61.100,71.116
261.229,66.057,61.100,71.116
262.529,69.438,61.100,71.116
260.709,73.340,61.100,71.116
260.969,77.761,61.100,71.116
258.628,81.662,61.100,71.116
256.287,85.563,61.100,71.116
254.467,91.025,61.100,71.116
250.565,95.447,61.100,71.116
246.664,95.707,61.100,71.116
242.243,92.326,61.100,71.116
238.862,87.904,61.100,71.116
237.041,80.882,61.100,71.116
239.382,70.739,61.100,71.116
241.722,64.237,61.100,71.116
245.104,56.694,61.100,71.116
246.404,51.753,61.100,71.116
246.664,53.573,61.100,71.116
249.005,58.515,61.100,71.116
251.866,63.977,61.100,71.116
253.166,69.959,61.100,71.116
253.946,74.380,61.100,71.116
253.166,78.801,61.100,71.116
251.346,82.182,61.100,71.116
251.085,84.003,61.100,71.116
250.305,82.182,61.100,71.116
249.525,80.882,61.100,71.116
248.225,79.061,61.100,71.116
247.444,81.402,61.100,71.116
244.583,84.263,61.100,71.116
242.243,88.164,61.100,71.116
238.862,92.586,61.100,71.116
234.960,95.967,61.100,71.116
236.173,96.529,62.452,72.690
238.566,93.605,62.452,72.690
242.022,89.086,62.452,72.690
245.468,81.387,63.834,74.298
249.544,72.963,63.834,74.298
253.619,67.257,63.834,74.298
256.608,63.725,63.834,74.298
259.054,65.083,63.834,74.298
262.586,66.985,63.834,74.298
265.575,71.605,63.834,74.298
266.390,81.115,63.834,74.298
267.205,86.821,63.834,74.298
268.020,91.984,63.834,74.298
267.205,96.603,63.834,74.298
263.962,100.009,65.246,75.942
262.018,95.843,65.246,75.942
260.840,93.709,63.855,74.323
258.159,94.296,65.267,75.967
255.659,95.686,65.267,75.967
253.159,97.630,65.267,75.967
251.769,100.686,65.267,75.967
247.877,103.017,66.711,77.648
243.049,104.436,66.711,77.648
238.222,105.856,66.711,77.648
234.243,103.524,68.187,79.366
235.114,97.429,68.187,79.366
235.865,90.227,69.696,81.122
239.722,81.030,69.696,81.122
242.985,72.427,69.696,81.122
243.282,66.790,69.696,81.122
245.952,64.120,69.696,81.122
248.622,67.977,69.696,81.122
250.105,73.020,69.696,81.122
252.776,78.657,69.696,81.122
250.373,84.955,68.210,79.392
252.406,90.471,68.210,79.392
248.631,95.988,68.210,79.392
246.599,100.343,68.210,79.392
244.566,101.795,68.210,79.392
241.373,99.762,68.210,79.392
238.759,97.149,68.210,79.392
235.566,92.213,68.210,79.392
231.791,93.665,68.210,79.392
229.759,95.117,68.210,79.392
227.726,95.407,68.210,79.392
223.371,98.020,68.210,79.392
219.016,102.376,68.210,79.392
215.822,105.569,68.210,79.392
217.274,100.633,68.210,79.392
219.833,95.237,69.719,81.148
223.691,88.411,69.719,81.148
226.955,80.992,69.719,81.148
229.626,72.979,69.719,81.148
232.297,66.153,69.719,81.148
234.968,61.108,69.719,81.148
238.233,64.966,69.719,81.148
239.716,68.824,69.719,81.148
241.794,73.869,69.719,81.148
240.904,78.914,69.719,81.148
243.574,83.959,69.719,81.148
241.497,89.598,69.719,81.148
240.607,93.456,69.719,81.148
238.529,94.940,69.719,81.148
237.045,95.237,69.719,81.148
235.562,94.940,69.719,81.148
232.891,95.830,69.719,81.148
229.626,96.721,69.719,81.148
227.549,98.204,69.719,81.148
224.878,100.875,69.719,81.148
225.030,102.133,71.261,82.944
223.514,102.436,71.261,82.944
220.177,100.313,71.261,82.944
221.087,96.370,71.261,82.944
220.177,91.819,71.261,82.944
216.840,84.236,71.261,82.944
217.144,74.226,71.261,82.944
216.840,64.823,71.261,82.944
215.324,57.239,71.261,82.944
213.807,51.476,71.261,82.944
211.684,47.533,71.261,82.944
209.560,47.229,71.261,82.944
211.684,48.139,71.261,82.944
210.774,49.656,71.261,82.944
212.290,52.386,71.261,82.944
213.200,55.723,71.261,82.944
214.110,59.059,71.261,82.944
214.414,63.609,71.261,82.944
212.897,66.946,71.261,82.944
213.807,72.709,71.261,82.944
211.684,79.079,71.261,82.944
213.200,84.843,71.261,82.944
213.504,90.606,71.261,82.944
212.594,95.763,71.261,82.944
215.930,99.100,71.261,82.944
216.716,102.273,72.838,84.779
218.266,100.103,72.838,84.779
221.056,99.173,72.838,84.779
223.847,93.902,72.838,84.779
226.017,87.391,72.838,84.779
228.187,79.640,72.838,84.779
225.397,73.129,72.838,84.779
227.567,65.998,72.838,84.779
229.117,58.867,72.838,84.779
228.187,51.736,72.838,84.779
230.978,45.225,72.838,84.779
233.768,38.094,72.838,84.779
236.501,31.044,74.450,86.655
238.085,25.656,74.450,86.655
239.670,22.804,74.450,86.655
241.888,21.854,74.450,86.655
239.670,24.072,74.450,86.655
243.156,23.755,74.450,86.655
241.571,26.607,74.450,86.655
245.691,27.558,74.450,86.655
243.473,31.678,74.450,86.655
243.789,36.431,74.450,86.655
241.571,42.453,74.450,86.655
245.057,47.840,74.450,86.655
241.274,53.786,76.097,88.572
242.246,55.405,76.097,88.572
236.740,53.138,76.097,88.572
230.857,49.134,77.780,90.531
225.531,44.354,79.501,92.534
219.778,38.601,79.501,92.534
214.702,32.171,79.501,92.534
210.302,27.772,79.501,92.534
205.903,23.372,79.501,92.534
203.534,23.711,79.501,92.534
199.135,26.080,79.501,92.534
197.443,27.772,79.501,92.534
194.050,30.389,77.806,90.561
191.069,32.707,77.806,90.561
188.089,36.351,77.806,90.561
184.446,39.331,77.806,90.561
181.465,42.312,77.806,90.561
178.484,45.293,77.806,90.561
175.503,48.936,77.806,90.561
171.860,52.579,77.806,90.561
167.555,56.222,77.806,90.561
167.886,59.865,77.806,90.561
162.256,64.833,77.806,90.561
157.288,70.464,77.806,90.561
154.969,73.444,77.806,90.561
158.612,72.451,77.806,90.561
162.256,68.808,77.806,90.561
166.561,62.515,77.806,90.561
171.542,53.610,79.527,92.565
176.633,43.103,81.287,94.613
181.823,34.453,81.287,94.613
185.590,27.303,83.085,96.706
188.773,21.998,83.085,96.706
190.542,18.108,83.085,96.706
193.725,15.632,83.085,96.706
197.615,14.571,83.085,96.706
200.798,12.803,83.085,96.706
205.396,11.035,83.085,96.706
209.993,12.803,83.085,96.706
213.884,15.986,83.085,96.706
216.267,18.953,84.924,98.846
219.520,22.206,84.924,98.846
221.328,26.905,84.924,98.846
223.858,32.328,84.924,98.846
225.666,38.473,84.924,98.846
228.919,46.064,84.924,98.846
227.835,53.656,84.924,98.846
226.998,59.239,83.113,96.738
220.573,65.877,84.952,98.878
212.979,61.176,84.952,98.878
206.109,48.520,84.952,98.878
199.961,43.819,84.952,98.878
195.260,31.163,84.952,98.878
190.559,23.569,84.952,98.878
185.858,17.421,84.952,98.878
180.434,12.720,84.952,98.878
178.626,9.466,84.952,98.878
175.001,12.263,83.140,96.769
173.231,14.032,83.140,96.769
175.709,17.218,83.140,96.769
176.936,22.002,81.367,94.706
171.741,25.119,81.367,94.706
167.239,28.236,81.367,94.706
161.351,32.046,81.367,94.706
156.155,35.856,81.367,94.706
152.683,40.538,79.632,92.686
150.988,45.622,79.632,92.686
147.938,50.706,79.632,92.686
144.209,58.503,79.632,92.686
146.582,64.265,79.632,92.686
142.853,71.383,79.632,92.686
141.158,75.112,79.632,92.686
142.853,77.485,79.632,92.686
144.434,71.888,81.394,94.737
146.166,63.919,81.394,94.737
150.670,51.100,81.394,94.737
154.544,38.418,79.658,92.717
158.952,29.263,79.658,92.717
163.360,21.464,79.658,92.717
165.055,17.056,79.658,92.717
166.750,14.683,79.658,92.717
170.541,13.384,77.959,90.739
172.864,14.379,77.959,90.739
176.514,12.720,77.959,90.739
180.864,15.287,76.297,88.804
183.787,16.261,76.297,88.804
186.710,18.535,76.297,88.804
186.385,22.107,76.297,88.804
187.359,25.030,76.297,88.804
187.684,28.602,76.297,88.804
188.658,32.824,76.297,88.804
188.983,38.995,76.297,88.804
188.009,46.465,76.297,88.804
188.983,51.986,76.297,88.804
188.476,56.058,77.985,90.769
185.488,58.381,77.985,90.769
186.484,58.049,77.985,90.769
183.497,55.062,77.985,90.769
183.165,51.410,77.985,90.769
182.169,46.431,77.985,90.769
181.837,40.124,77.985,90.769
182.833,33.817,77.985,90.769
180.509,30.165,77.985,90.769
180.177,30.497,77.985,90.769
177.853,30.829,77.985,90.769
179.513,29.169,77.985,90.769
177.190,29.501,77.985,90.769
176.858,29.833,77.985,90.769
176.526,28.837,77.985,90.769
176.194,29.169,77.985,90.769
175.198,30.829,77.985,90.769
174.866,32.489,77.985,90.769
173.870,35.476,77.985,90.769
170.882,40.456,77.985,90.769
167.231,44.771,77.985,90.769
163.579,50.414,77.985,90.769
159.928,61.369,77.985,90.769
155.613,69.004,77.985,90.769
151.961,77.966,77.985,90.769
149.637,84.274,77.985,90.769
145.322,91.245,77.985,90.769
140.343,96.224,77.985,90.769
136.375,100.071,76.322,88.833
132.497,104.819,78.010,90.799
