405.000,256.000,122.000,148.000
407.654,254.407,122.000,148.000
407.124,252.815,122.000,148.000
411.901,250.160,122.000,148.000
415.618,244.321,122.000,148.000
418.272,239.543,122.000,148.000
420.926,236.888,122.000,148.000
422.519,231.049,122.000,148.000
419.865,224.147,122.000,148.000
415.087,220.431,122.000,148.000
407.124,216.715,122.000,148.000
398.099,209.813,122.000,148.000
391.197,200.788,122.000,148.000
384.296,191.764,122.000,148.000
374.209,185.924,122.000,148.000
363.061,182.208,122.000,148.000
354.036,179.553,122.000,148.000
346.072,180.084,122.000,148.000
339.171,180.615,122.000,148.000
334.393,183.269,122.000,148.000
329.615,181.677,122.000,148.000
323.775,183.269,122.000,148.000
320.059,181.677,122.000,148.000
317.405,183.269,122.000,148.000
311.565,180.615,122.000,148.000
304.664,180.084,122.000,148.000
297.762,176.368,122.000,148.000
290.861,171.590,122.000,148.000
281.836,166.812,122.000,148.000
273.873,162.034,122.000,148.000
269.095,155.133,122.000,148.000
267.502,143.984,122.000,148.000
268.033,132.836,122.000,148.000
268.564,121.687,122.000,148.000
273.342,109.477,122.000,148.000
279.182,97.267,122.000,148.000
285.021,88.242,122.000,148.000
289.799,79.217,122.000,148.000
296.701,68.069,122.000,148.000
303.602,59.044,122.000,148.000
308.380,55.327,122.000,148.000
305.726,55.858,122.000,148.000
305.195,58.513,122.000,148.000
301.478,60.105,122.000,148.000
298.824,63.822,122.000,148.000
296.170,69.661,122.000,148.000
292.454,73.377,122.000,148.000
287.676,78.155,122.000,148.000
282.898,82.933,122.000,148.000
277.058,87.711,122.000,148.000
269.095,91.427,122.000,148.000
261.132,95.143,122.000,148.000
254.230,96.736,122.000,148.000
250.514,100.452,122.000,148.000
249.983,103.107,122.000,148.000
249.452,105.761,122.000,148.000
248.921,106.292,122.000,148.000
247.329,104.699,122.000,148.000
244.674,104.168,122.000,148.000
245.205,103.638,122.000,148.000
243.613,105.230,122.000,148.000
245.205,106.823,122.000,148.000
241.489,107.354,122.000,148.000
242.020,105.761,122.000,148.000
241.489,104.168,122.000,148.000
245.205,99.390,122.000,148.000
246.798,96.736,122.000,148.000
248.391,95.143,122.000,148.000
246.798,91.427,122.000,148.000
247.329,88.773,122.000,148.000
245.736,87.180,122.000,148.000
248.391,84.526,122.000,148.000
247.860,83.995,122.000,148.000
248.391,83.464,122.000,148.000
247.860,82.933,122.000,148.000
250.514,82.402,122.000,148.000
249.983,82.933,122.000,148.000
252.638,82.402,122.000,148.000
252.107,81.871,122.000,148.000
254.761,82.402,122.000,148.000
256.354,81.871,122.000,148.000
259.008,82.402,122.000,148.000
262.724,81.871,122.000,148.000
268.564,82.402,122.000,148.000
274.404,80.810,122.000,148.000
280.243,81.341,122.000,148.000
286.083,80.810,122.000,148.000
290.861,82.402,122.000,148.000
296.701,80.810,122.000,148.000
301.479,80.279,122.000,148.000
304.133,77.624,122.000,148.000
306.787,74.970,122.000,148.000
310.503,71.254,122.000,148.000
309.973,66.476,122.000,148.000
312.627,65.945,122.000,148.000
309.973,62.229,122.000,148.000
314.750,63.822,122.000,148.000
315.281,63.291,122.000,148.000
317.936,64.883,122.000,148.000
321.652,68.599,122.000,148.000
321.121,71.254,122.000,148.000
316.343,74.970,122.000,148.000
314.750,79.748,122.000,148.000
313.158,86.649,122.000,148.000
309.442,93.551,122.000,148.000
303.602,102.576,122.000,148.000
296.701,113.724,122.000,148.000
289.799,128.058,122.000,148.000
283.959,137.083,122.000,148.000
278.120,146.108,122.000,148.000
271.218,155.133,122.000,148.000
266.440,164.158,122.000,148.000
261.662,173.183,122.000,148.000
254.761,182.208,122.000,148.000
246.798,190.171,122.000,148.000
238.835,198.134,122.000,148.000
230.871,205.035,122.000,148.000
225.032,211.937,122.000,148.000
218.130,218.838,122.000,148.000
214.414,224.678,122.000,148.000
211.760,230.518,122.000,148.000
211.229,233.172,122.000,148.000
210.698,232.641,122.000,148.000
216.538,231.049,122.000,148.000
222.377,231.579,122.000,148.000
227.155,232.110,122.000,148.000
229.810,234.765,122.000,148.000
235.649,236.357,122.000,148.000
243.613,235.826,122.000,148.000
252.638,239.543,122.000,148.000
261.663,243.259,122.000,148.000
270.687,246.975,122.000,148.000
278.651,250.691,122.000,148.000
287.676,253.345,122.000,148.000
296.701,253.876,122.000,148.000
305.726,250.160,122.000,148.000
312.627,243.259,122.000,148.000
319.528,237.419,122.000,148.000
325.368,232.641,122.000,148.000
328.022,226.801,122.000,148.000
322.183,218.838,122.000,148.000
321.652,212.999,122.000,148.000
316.874,208.221,122.000,148.000
307.849,203.443,122.000,148.000
295.639,200.788,122.000,148.000
284.490,199.196,122.000,148.000
273.342,194.418,122.000,148.000
261.132,190.702,122.000,148.000
242.551,186.985,122.000,148.000
229.279,186.455,122.000,148.000
217.069,182.738,122.000,148.000
204.858,177.960,122.000,148.000
189.463,173.183,122.000,148.000
175.129,169.466,122.000,148.000
165.042,164.688,122.000,148.000
163.450,158.849,122.000,148.000
167.166,151.947,122.000,148.000
167.697,145.046,122.000,148.000
168.228,142.392,122.000,148.000
169.820,143.984,122.000,148.000
174.598,139.206,122.000,148.000
178.314,136.552,122.000,148.000
183.092,133.897,122.000,148.000
186.808,131.243,122.000,148.000
191.586,128.589,122.000,148.000
191.056,128.058,122.000,148.000
193.710,124.342,122.000,148.000
194.241,124.872,122.000,148.000
195.833,125.403,122.000,148.000
197.426,124.872,122.000,148.000
199.019,127.527,122.000,148.000
203.797,126.996,122.000,148.000
211.760,133.897,122.000,148.000
217.600,139.737,122.000,148.000
222.377,144.515,122.000,148.000
228.217,147.169,122.000,148.000
235.119,148.762,122.000,148.000
239.897,149.293,122.000,148.000
242.551,146.639,122.000,148.000
244.144,143.984,122.000,148.000
242.551,141.330,122.000,148.000
242.020,135.490,122.000,148.000
238.304,129.650,122.000,148.000
237.773,122.749,122.000,148.000
236.180,113.724,122.000,148.000
237.773,103.637,122.000,148.000
239.366,91.427,122.000,148.000
238.835,80.279,122.000,148.000
237.242,70.192,122.000,148.000
235.649,59.043,122.000,148.000
238.304,47.895,122.000,148.000
238.835,39.932,122.000,148.000
245.736,33.030,122.000,148.000
257.946,28.252,122.000,148.000
272.280,29.845,122.000,148.000
284.490,35.685,122.000,148.000
298.824,42.586,122.000,148.000
312.096,49.488,122.000,148.000
323.245,56.389,122.000,148.000
335.455,63.290,122.000,148.000
346.603,69.130,122.000,148.000
356.690,74.970,122.000,148.000
364.653,81.871,122.000,148.000
370.493,87.711,122.000,148.000
375.271,94.612,122.000,148.000
378.987,101.514,122.000,148.000
378.456,108.415,122.000,148.000
375.802,115.317,122.000,148.000
371.024,122.218,122.000,148.000
361.999,129.119,122.000,148.000
352.974,134.959,122.000,148.000
343.949,138.675,122.000,148.000
333.862,141.330,122.000,148.000
324.837,142.922,122.000,148.000
317.936,144.515,122.000,148.000
309.973,145.046,122.000,148.000
302.575,149.182,119.398,144.844
292.703,151.780,119.398,144.844
281.792,155.417,119.398,144.844
271.547,157.462,116.852,141.755
261.886,156.954,116.852,141.755
251.208,158.479,116.852,141.755
241.547,157.971,116.852,141.755
232.501,162.913,114.360,138.732
223.648,168.709,111.921,135.774
210.498,174.066,111.921,135.774
199.297,181.372,111.921,135.774
190.043,187.703,111.921,135.774
180.790,194.034,111.921,135.774
171.536,201.340,111.921,135.774
161.309,208.645,111.921,135.774
150.107,214.976,111.921,135.774
140.854,219.359,111.921,135.774
134.523,220.820,111.921,135.774
128.191,222.282,111.921,135.774
122.834,221.795,111.921,135.774
120.399,223.256,111.921,135.774
116.990,219.846,111.921,135.774
118.451,217.411,111.921,135.774
117.964,213.028,111.921,135.774
121.373,209.619,111.921,135.774
124.782,209.132,111.921,135.774
128.191,208.645,111.921,135.774
131.601,208.158,111.921,135.774
137.932,208.645,111.921,135.774
145.237,209.132,111.921,135.774
149.620,208.645,111.921,135.774
154.004,208.158,111.921,135.774
159.361,208.645,111.921,135.774
162.770,210.106,111.921,135.774
164.231,213.515,111.921,135.774
163.744,215.950,111.921,135.774
167.153,219.359,111.921,135.774
163.744,216.924,111.921,135.774
165.205,221.307,111.921,135.774
162.770,219.846,111.921,135.774
166.179,222.282,111.921,135.774
163.744,218.872,111.921,135.774
164.022,220.907,114.398,138.778
160.174,216.790,116.929,141.848
160.464,217.860,119.516,144.986
164.105,216.300,119.516,144.986
163.584,212.659,119.516,144.986
166.039,212.674,122.160,148.194
167.634,207.890,122.160,148.194
170.292,204.169,122.160,148.194
172.950,200.448,122.160,148.194
175.608,195.664,122.160,148.194
176.139,190.880,122.160,148.194
178.648,185.380,124.863,151.473
181.213,178.631,127.625,154.824
183.990,173.632,127.625,154.824
182.002,166.734,130.449,158.250
182.326,160.861,133.335,161.751
188.708,153.318,133.335,161.751
196.251,148.096,133.335,161.751
203.793,146.356,133.335,161.751
210.175,145.775,133.335,161.751
216.558,145.195,133.335,161.751
224.100,145.775,133.335,161.751
228.162,144.035,133.335,161.751
232.223,143.455,133.335,161.751
236.285,144.035,133.335,161.751
239.186,145.775,133.335,161.751
233.964,142.874,133.335,161.751
238.025,145.775,133.335,161.751
237.445,140.554,133.335,161.751
241.507,144.615,133.335,161.751
238.606,142.874,133.335,161.751
242.667,145.775,133.335,161.751
240.926,144.035,133.335,161.751
243.827,146.936,133.335,161.751
242.087,144.035,133.335,161.751
238.025,146.936,133.335,161.751
231.643,144.035,133.335,161.751
229.902,148.096,133.335,161.751
224.681,142.874,133.335,161.751
228.742,145.775,133.335,161.751
228.162,147.516,133.335,161.751
225.261,152.738,133.335,161.751
227.001,159.120,133.335,161.751
226.421,164.342,133.335,161.751
230.483,168.403,133.335,161.751
232.223,167.823,133.335,161.751
236.285,171.885,133.335,161.751
239.186,175.946,133.335,161.751
242.087,180.007,133.335,161.751
243.622,182.432,136.285,165.330
247.773,184.211,136.285,165.330
245.994,180.060,136.285,165.330
248.793,181.307,139.301,168.988
251.824,178.276,139.301,168.988
256.067,181.307,139.301,168.988
250.612,175.852,139.301,168.988
257.279,176.458,139.301,168.988
259.098,168.578,139.301,168.988
265.732,162.306,142.383,172.727
272.514,166.180,145.533,176.548
278.131,168.827,148.753,180.454
280.073,163.001,148.753,180.454
288.501,165.706,152.044,184.447
297.115,169.843,155.408,188.528
301.711,176.878,158.846,192.699
299.637,183.099,158.846,192.699
302.900,188.856,162.361,196.962
305.019,193.802,162.361,196.962
298.661,187.443,162.361,196.962
300.530,193.327,165.953,201.320
291.142,189.717,165.953,201.320
290.055,197.229,169.625,205.774
281.936,193.539,169.625,205.774
282.674,200.182,169.625,205.774
276.031,193.539,169.625,205.774
282.674,198.706,169.625,205.774
276.031,190.586,169.625,205.774
281.198,186.896,169.625,205.774
283.412,180.253,169.625,205.774
287.103,173.610,169.625,205.774
284.888,166.966,169.625,205.774
288.579,167.705,169.625,205.774
287.841,159.585,169.625,205.774
290.055,152.942,169.625,205.774
286.365,147.775,169.625,205.774
281.198,142.609,169.625,205.774
274.555,137.442,169.625,205.774
267.912,130.799,169.625,205.774
268.650,124.156,169.625,205.774
264.959,117.513,169.625,205.774
270.126,115.298,169.625,205.774
270.864,111.608,169.625,205.774
274.555,113.822,169.625,205.774
278.245,114.560,169.625,205.774
280.460,116.774,169.625,205.774
284.150,120.465,169.625,205.774
284.888,125.632,169.625,205.774
285.627,132.275,169.625,205.774
281.936,140.394,169.625,205.774
280.187,148.991,166.008,201.386
272.241,156.937,166.008,201.386
267.185,161.994,166.008,201.386
253.459,168.495,166.008,201.386
235.400,173.552,166.008,201.386
210.117,172.830,166.008,201.386
194.947,176.442,166.008,201.386
181.222,174.274,166.008,201.386
172.548,172.940,162.467,197.092
162.696,172.998,159.003,192.889
154.388,170.386,155.612,188.775
146.940,169.709,155.612,188.775
144.908,160.906,155.612,188.775
138.814,157.521,155.612,188.775
132.720,154.135,155.612,188.775
136.105,156.166,155.612,188.775
133.196,149.694,152.294,184.750
127.232,145.055,152.294,184.750
119.942,137.766,152.294,184.750
119.279,133.127,152.294,184.750
114.640,128.488,152.294,184.750
113.978,129.151,152.294,184.750
115.966,125.837,152.294,184.750
116.628,119.873,152.294,184.750
113.315,112.583,152.294,184.750
119.279,111.920,152.294,184.750
125.243,107.282,152.294,184.750
129.882,102.643,152.294,184.750
137.172,105.956,152.294,184.750
145.787,99.992,152.294,184.750
155.728,105.956,152.294,184.750
165.668,110.595,152.294,184.750
172.922,110.614,155.663,188.837
181.727,112.646,155.663,188.837
187.824,114.678,155.663,188.837
191.021,107.670,159.107,193.015
198.637,112.516,159.107,193.015
204.868,109.054,159.107,193.015
212.484,111.132,159.107,193.015
220.100,107.670,159.107,193.015
229.100,109.747,159.107,193.015
236.716,113.209,159.107,193.015
244.332,108.362,159.107,193.015
253.332,111.824,159.107,193.015
262.333,108.362,159.107,193.015
274.103,109.054,159.107,193.015
284.488,109.747,159.107,193.015
297.643,110.439,159.107,193.015
308.028,106.977,159.107,193.015
318.413,104.900,159.107,193.015
328.799,102.823,159.107,193.015
361.339,107.670,159.107,193.015
391.110,112.516,159.107,193.015
405.649,114.593,159.107,193.015
413.227,113.176,162.627,197.286
409.689,106.807,162.627,197.286
416.058,113.176,162.627,197.286
412.520,103.977,162.627,197.286
411.812,108.930,162.627,197.286
408.274,103.977,162.627,197.286
406.151,107.515,162.627,197.286
407.203,113.029,159.159,193.078
396.814,106.796,159.159,193.078
394.736,114.414,159.159,193.078
391.760,118.476,155.765,188.961
384.305,116.442,155.765,188.961
375.493,118.476,155.765,188.961
371.274,119.837,152.443,184.931
365.867,123.727,149.192,180.988
356.820,122.528,146.011,177.128
348.560,126.976,146.011,177.128
340.300,130.152,146.011,177.128
333.896,135.103,142.897,173.351
327.056,140.699,142.897,173.351
321.460,142.565,142.897,173.351
315.863,143.187,142.897,173.351
311.993,149.230,139.850,169.654
308.205,152.799,136.868,166.036
306.419,155.777,136.868,166.036
297.485,148.034,136.868,166.036
292.125,151.012,136.868,166.036
284.382,143.270,136.868,166.036
282.971,150.207,133.949,162.495
277.726,143.795,133.949,162.495
273.645,138.549,133.949,162.495
269.565,133.303,133.949,162.495
265.485,128.057,133.949,162.495
261.405,121.646,133.949,162.495
257.325,114.068,133.949,162.495
255.238,110.457,136.912,166.090
251.068,108.669,136.912,166.090
250.172,113.631,139.942,169.765
245.465,103.540,143.038,173.521
245.819,110.015,146.203,177.360
243.911,101.745,146.203,177.360
248.364,110.015,146.203,177.360
252.687,115.314,149.437,181.285
250.737,109.461,149.437,181.285
255.155,114.877,152.744,185.295
250.503,107.566,152.744,185.295
253.640,114.481,156.123,189.395
258.396,109.725,156.123,189.395
257.716,104.970,156.123,189.395
263.830,104.290,156.123,189.395
259.989,107.129,159.577,193.585
255.128,102.268,159.577,193.585
252.642,106.610,163.108,197.869
250.513,105.901,163.108,197.869
246.500,108.866,166.717,202.246
239.970,103.788,166.717,202.246
234.363,108.325,170.405,206.721
229.172,110.549,170.405,206.721
224.979,112.109,174.175,211.295
216.642,105.288,174.175,211.295
214.368,112.109,174.175,211.295
209.063,105.288,174.175,211.295
211.337,113.625,174.175,211.295
204.515,108.320,174.175,211.295
198.657,111.486,178.029,215.970
194.783,107.613,178.029,215.970
200.206,114.585,178.029,215.970
196.333,110.712,178.029,215.970
206.404,119.233,178.029,215.970
202.530,116.909,178.029,215.970
211.052,122.332,178.029,215.970
216.475,127.755,178.029,215.970
224.996,130.079,178.029,215.970
224.222,126.206,178.029,215.970
232.743,130.079,178.029,215.970
228.870,124.656,178.029,215.970
240.490,130.079,178.029,215.970
238.166,124.656,178.029,215.970
234.292,119.233,178.029,215.970
245.913,129.304,178.029,215.970
242.039,130.079,178.029,215.970
234.444,125.279,181.968,220.748
233.652,132.405,181.968,220.748
224.245,130.785,185.994,225.632
212.951,134.166,190.109,230.624
203.851,138.303,190.109,230.624
192.307,140.043,194.315,235.727
183.006,142.579,194.315,235.727
173.705,145.116,194.315,235.727
179.624,152.726,194.315,235.727
170.323,150.189,194.315,235.727
162.713,156.108,194.315,235.727
155.103,156.954,194.315,235.727
164.404,164.564,194.315,235.727
156.794,162.027,194.315,235.727
150.875,161.182,194.315,235.727
160.176,168.792,194.315,235.727
152.566,162.873,194.315,235.727
148.338,163.718,194.315,235.727
155.948,169.637,194.315,235.727
150.029,165.410,194.315,235.727
144.110,162.873,194.315,235.727
138.191,163.718,194.315,235.727
149.228,171.937,190.171,230.700
145.091,171.109,190.171,230.700
140.953,171.937,190.171,230.700
129.405,163.375,194.379,235.804
128.559,167.604,194.379,235.804
134.480,173.525,194.379,235.804
122.677,163.018,198.680,241.021
128.729,170.799,198.680,241.021
122.677,164.747,198.680,241.021
135.628,176.484,194.443,235.881
123.821,164.218,198.745,241.100
138.444,175.958,194.507,235.959
144.368,181.883,194.507,235.959
135.058,172.572,194.507,235.959
149.369,179.167,190.359,230.927
153.511,186.622,190.359,230.927
147.712,179.167,190.359,230.927
145.227,176.682,190.359,230.927
152.682,182.481,190.359,230.927
142.842,173.910,194.570,236.036
145.382,179.837,194.570,236.036
133.567,169.320,198.875,241.258
128.673,174.732,203.275,246.596
126.019,172.078,203.275,246.596
132.211,180.039,203.275,246.596
126.019,173.847,203.275,246.596
123.366,176.501,203.275,246.596
120.712,175.616,203.275,246.596
118.059,174.732,203.275,246.596
113.636,172.078,203.275,246.596
110.982,172.963,203.275,246.596
117.174,179.154,203.275,246.596
110.982,174.732,203.275,246.596
106.559,172.078,203.275,246.596
103.906,164.117,203.275,246.596
97.069,162.307,207.773,252.052
110.630,170.444,207.773,252.052
104.301,164.115,207.773,252.052
91.685,152.885,212.370,257.629
76.871,149.076,217.068,263.329
61.730,139.303,221.871,269.155
44.251,127.310,226.780,275.110
30.480,110.957,231.797,281.197
37.334,117.265,236.926,287.418
23.931,105.924,236.926,287.418
35.215,114.510,242.168,293.777
23.624,105.026,242.168,293.777
32.971,111.616,247.526,300.277
21.123,106.231,247.526,300.277
30.677,110.731,253.002,306.921
18.567,107.428,253.002,306.921
32.879,117.337,253.002,306.921
25.173,114.034,253.002,306.921
34.938,118.634,258.600,313.712
19.235,111.661,264.322,320.652
34.187,119.713,264.322,320.652
23.836,113.962,264.322,320.652
34.038,118.768,270.170,327.747
23.457,115.241,270.170,327.747
31.446,117.714,276.147,334.998
17.171,107.774,282.257,342.410
25.517,115.455,288.502,349.986
11.708,104.156,288.502,349.986
17.985,117.966,288.502,349.986
14.218,111.689,288.502,349.986
23.006,125.498,288.502,349.986
9.197,114.200,288.502,349.986
15.474,125.498,288.502,349.986
11.708,114.200,288.502,349.986
23.006,128.009,288.502,349.986
9.197,116.710,288.502,349.986
17.985,120.477,288.502,349.986
6.686,111.689,288.502,349.986
12.963,125.498,288.502,349.986
6.686,114.200,288.502,349.986
12.963,125.498,288.502,349.986
6.686,114.200,288.502,349.986
10.452,120.477,288.502,349.986
4.175,111.689,288.502,349.986
7.941,122.987,288.502,349.986
-1.763,109.998,294.885,357.729
2.087,118.981,294.885,357.729
-4.329,109.998,294.885,357.729
7.473,122.470,288.597,350.101
-3.829,116.191,288.597,350.101
7.721,123.555,282.442,342.635
-3.341,117.410,282.442,342.635
0.347,126.014,282.442,342.635
-3.341,122.326,282.442,342.635
0.347,128.472,282.442,342.635
1.576,122.326,282.442,342.635
7.721,123.555,282.442,342.635
7.179,121.286,276.419,335.328
18.004,127.300,276.419,335.328
24.018,126.097,276.419,335.328
27.627,132.111,276.419,335.328
33.304,124.658,282.535,342.747
31.454,114.488,288.786,350.330
35.224,123.285,288.786,350.330
28.941,117.002,288.786,350.330
37.737,123.285,288.786,350.330
26.428,117.002,288.786,350.330
35.224,113.232,288.786,350.330
21.401,101.922,288.786,350.330
37.737,100.665,288.786,350.330
38.454,111.131,295.175,358.081
29.463,99.571,295.175,358.081
48.730,95.718,295.175,358.081
70.565,109.847,295.175,358.081
87.263,103.425,295.175,358.081
109.099,117.554,295.175,358.081
128.365,123.976,295.175,358.081
152.559,141.412,288.881,350.445
163.872,147.697,288.881,350.445
175.186,153.983,288.881,350.445
173.929,157.754,288.881,350.445
190.271,161.525,288.881,350.445
196.986,164.050,282.720,342.972
196.443,166.521,276.691,335.658
188.015,160.501,276.691,335.658
148.027,146.673,270.791,328.500
92.645,128.998,270.791,328.500
74.970,116.036,270.791,328.500
57.295,105.431,270.791,328.500
40.852,95.684,276.782,335.768
51.691,89.662,276.782,335.768
64.940,88.458,276.782,335.768
58.129,75.997,282.906,343.197
81.317,85.589,276.873,335.878
87.341,81.974,276.873,335.878
98.184,85.589,276.873,335.878
106.618,86.793,276.873,335.878
117.461,92.817,276.873,335.878
133.187,88.270,270.968,328.715
146.157,94.166,270.968,328.715
159.128,90.628,270.968,328.715
172.098,87.091,270.968,328.715
182.710,81.195,270.968,328.715
195.680,77.658,270.968,328.715
203.692,65.458,276.963,335.988
214.539,59.432,276.963,335.988
227.796,50.996,276.963,335.988
238.643,44.970,276.963,335.988
251.900,46.175,276.963,335.988
269.978,52.201,276.963,335.988
285.646,50.996,276.963,335.988
294.407,62.710,271.057,328.823
297.945,63.889,271.057,328.823
292.048,76.864,271.057,328.823
283.791,78.043,271.057,328.823
276.450,91.781,265.277,321.811
266.061,88.318,265.277,321.811
260.289,80.238,265.277,321.811
249.900,76.775,265.277,321.811
239.511,80.238,265.277,321.811
247.355,73.085,271.146,328.931
257.974,78.984,271.146,328.931
254.434,94.323,271.146,328.931
199.326,142.182,265.364,321.916
186.624,157.194,265.364,321.916
195.019,170.643,259.705,315.051
187.108,160.472,259.705,315.051
195.324,171.456,254.166,308.333
200.854,174.774,254.166,308.333
204.172,171.456,254.166,308.333
207.490,165.926,254.166,308.333
196.646,156.778,259.790,315.155
207.043,150.332,254.250,308.434
200.157,144.023,248.828,301.857
210.115,139.936,243.521,295.419
207.605,133.894,238.328,289.119
215.144,127.980,233.246,282.954
210.783,128.063,228.272,276.920
214.174,120.484,223.404,271.014
217.091,107.846,223.404,271.014
227.906,100.429,218.640,265.235
234.822,96.838,213.977,259.579
236.206,102.298,209.414,254.043
241.074,111.155,204.948,248.626
244.119,121.542,200.578,243.324
242.052,124.978,196.300,238.135
248.261,133.281,192.114,233.056
255.950,133.348,188.017,228.086
264.950,137.439,188.017,228.086
272.474,134.351,184.008,223.222
279.839,140.590,180.084,218.462
283.757,136.672,180.084,218.462
278.879,135.225,176.243,213.803
270.443,137.525,176.243,213.803
265.075,135.225,176.243,213.803
267.376,132.924,176.243,213.803
265.075,127.555,176.243,213.803
259.706,125.255,176.243,213.803
