0.00648832
0.01475573
0.01366568
0.01356769
0.01316953
0.01337934
0.01312184
0.01310086
0.01326776
0.01338196
0.01308608
0.01322126
0.01331782
0.01336002
0.01326847
0.01327276
0.01319122
0.01335073
0.01346469
0.01320577
0.01324821
0.01366735
0.01331687
0.01336074
0.01339602
0.01336265
0.01322222
0.01319480
0.01338482
0.01328301
0.01336956
0.01329970
0.01334572
0.01332426
0.01330161
0.01337743
0.01336098
0.01326895
0.01327181
0.01339030
0.01333761
0.01325965
0.01329374
0.01338720
0.01335263
0.01347613
0.01321101
0.01336718
0.01340795
0.01350617
0.01326418
0.01323986
0.01336718
0.01320219
0.01332712
0.01331925
0.01316047
0.01328921
0.01312876
0.01316738
0.01325250
0.01319432
0.01323223
0.01338172
0.01316166
0.01319933
0.01312232
0.01307797
0.01306343
0.01318026
0.01324868
0.01323223
0.01318026
0.01325870
0.01290703
0.01335716
0.01325774
0.01353025
0.01327872
0.01336932
0.01322675
0.01344085
0.01351762
0.01329494
0.01343441
0.01341867
0.01338768
0.01348686
0.01323009
0.01345611
0.01325417
0.01329422
0.01324296
0.01320934
0.01326895
0.01342726
0.01323366
0.01325679
0.01304221
0.01318741
0.01338625
0.01335526
0.01334786
0.01356435
0.01338148
0.01330113
0.01320148
0.01338434
0.01337981
0.01327610
0.01334238
0.01340961
0.01316929
0.01344156
0.01326680
0.01329136
0.01322746
0.01334357
0.01319242
0.01316500
0.01323152
0.01342988
0.01337910
0.01289988
0.01343942
0.01325154
0.01335263
0.01344442
0.01335239
0.01327586
0.01323152
0.01329875
0.01316810
0.01333499
0.01318192
0.01319385
0.01316166
0.01337314
0.01338720
0.01337695
0.01341581
0.01325083
0.01321030
0.01336670
0.01327515
0.01323628
0.01337624
0.01324081
0.01303744
0.01318717
0.01324081
0.01323509
0.01319313
0.01345968
0.01333880
0.01323891
0.01330614
0.01323843
0.01325130
0.01329494
0.01328659
0.01345944
0.01343107
0.01336408
0.01357698
0.01362658
0.01359963
0.01359487
0.01342368
0.01349282
0.01345253
0.01353693
0.01347351
0.01315475
0.01308608
0.01319265
0.01331782
0.01329207
0.01340246
0.01334953
0.01348877
0.01327920
0.01288724
0.01331568
0.01320028
0.01317668
0.01332498
0.01294780
0.01325178
0.01321125
0.01320744
0.01344132
0.01318169
0.01315999
0.01330256
0.01310992
0.01315498
0.01330280
0.01317000
0.01333761
0.01313567
0.01320434
0.01324534
0.01330256
0.01331878
0.01341319
0.01341057
0.01342010
0.01333427
0.01339674
0.01338220
0.01329041
0.01334953
0.01334190
0.01334047
0.01321959
0.01318598
0.01318741
0.01320815
0.01322198
0.01322770
0.01333094
0.01331186
0.01327705
0.01315141
0.01341009
0.01319551
0.01316142
0.01320076
0.01318598
0.01333332
0.01341176
0.01343417
0.01362848
0.01308322
0.01314163
0.01311278
0.01319838
0.01319647
0.01335883
0.01331210
0.01332808
0.01340032
0.01336288
0.01318240
0.01322031
0.01303458
0.01303148
0.01309657
0.01303530
0.01304126
0.01310182
0.01326561
0.01321197
0.01312470
0.01325464
0.01317239
0.01310873
0.01323843
0.01301050
0.01329494
0.01326251
0.01326680
0.01316810
0.01332855
0.01318002
0.01314449
0.01311755
0.01315713
0.01316953
0.01328635
0.01330352
0.01305413
0.01317406
0.01316571
0.01314592
0.01311874
0.01310158
0.01299930
0.01306009
0.01320624
0.01321602
0.01325679
0.01307440
0.01313424
0.01319885
0.01292205
0.01357436
0.01317120
0.01341510
0.01346970
0.01344419
0.01311541
0.01319742
0.01306415
0.01322126
0.01306915
0.01317334
0.01282072
0.01317549
0.01316643
0.01324368
0.01298356
0.01315045
0.01310301
0.01310825
0.01320386
0.01323986
0.01308250
0.01298642
0.01301098
0.01308084
0.01309562
0.01312208
0.01288676
0.01305103
0.01268911
0.01288891
0.01296282
0.01314569
0.01299691
0.01347518
0.01331472
0.01324034
0.01304817
0.01294899
0.01310301
0.01318383
0.01308393
0.01329184
0.01310515
0.01301789
0.01320791
0.01305795
0.01288271
0.01321363
0.01314259
0.01297140
0.01292753
0.01297498
0.01295900
0.01315618
0.01313186
0.01290917
0.01321292
0.01343250
0.01304817
0.01317334
0.01319933
0.01325011
0.01303744
0.01316333
0.01297092
0.01317763
0.01302552
0.01334500
0.01332474
0.01320434
0.01328492
0.01314020
0.01308250
0.01312304
0.01313877
0.01302385
0.01297092
0.01328301
0.01317906
0.01332712
0.01323605
0.01325560
0.01304770
0.01323509
0.01325178
0.01342273
0.01317716
0.01277184
0.01292157
0.01287055
0.01310301
0.01297402
0.01268959
0.01294184
0.01286340
0.01300478
0.01297879
0.01312566
0.01294208
0.01324463
0.01277995
0.01300716
0.01311493
0.01313543
0.01294565
0.01330280
0.01306987
0.01298070
0.01331162
0.01316190
0.01311946
0.01311207
0.01305699
0.01299357
0.01323438
0.01296139
0.01305437
0.01307201
0.01288533
0.01306653
0.01341271
0.01296639
0.01305103
0.01296234
0.01304102
0.01305509
0.01284432
0.01277781
0.01305318
0.01296830
0.01306915
0.01308250
0.01298904
0.01299906
0.01298451
0.01300168
0.01295495
0.01313996
0.01290321
0.01332402
0.01288867
0.01299620
0.01307631
0.01302028
0.01326132
0.01308775
0.01306009
0.01297283
0.01291895
0.01296139
0.01291609
0.01290298
0.01275563
0.01313281
0.01289058
0.01291108
0.01306009
0.01301217
0.01307845
0.01298475
0.01304603
0.01306438
0.01299000
0.01333761
0.01319194
0.01295805
0.01302242
0.01310825
0.01308036
0.01311493
0.01308298
0.01296115
0.01316524
0.01306438
0.01299477
0.01307631
0.01283193
0.01311898
0.01290011
0.01295853
0.01297927
0.01293492
0.01313186
0.01308632
0.01297307
0.01308918
0.01305866
0.01322699
0.01313567
0.01325035
0.01295805
0.01311707
0.01310420
0.01301599
0.01308727
0.01308227
0.01324201
0.01308537
0.01299167
0.01314068
0.01316738
0.01323175
0.01308060
0.01332331
0.01331472
0.01344252
0.01301932
0.01323104
0.01329994
0.01321220
0.01326966
0.01270342
0.01310873
0.01300669
0.01313710
0.01326871
0.01325440
0.01293397
0.01296425
0.01323366
0.01325250
0.01323843
0.01309490
0.01322341
0.01350379
0.01326036
0.01322341
0.01327324
0.01324940
0.01322007
0.01333022
0.01305389
0.01320672
0.01339197
0.01338196
0.01322436
0.01322246
0.01339102
0.01332259
0.01334524
0.01327276
0.01336479
0.01332116
0.01344490
0.01333070
0.01323152
0.01324654
0.01337218
0.01318359
0.01311421
0.01343560
0.01339507
0.01328349
0.01325512
0.01334405
0.01334333
0.01310468
0.01330614
0.01339817
0.01331329
0.01355577
0.01343870
0.01350784
0.01365709
0.01350117
0.01359820
0.01361084
0.01358366
0.01323891
0.01343155
0.01350355
0.01354933
0.01359630
0.01356959
0.01362491
0.01331806
0.01365519
0.01374006
0.01334167
0.01359463
0.01347947
0.01348209
0.01341176
0.01369429
0.01331449
0.01360106
0.01357651
0.01339245
0.01352000
0.01356721
0.01362038
0.01361370
0.01357102
0.01343656
0.01362133
0.01347446
0.01373196
