0.00410748
0.01144576
0.01212120
0.01126361
0.01071787
0.01073122
0.01059198
0.01062989
0.01096582
0.01133442
0.01076674
0.01059008
0.01060033
0.01050186
0.01058841
0.01065898
0.01051331
0.01061559
0.01057792
0.01056671
0.01056170
0.01053977
0.01064801
0.01065636
0.01091743
0.01057363
0.01059723
0.01067877
0.01064372
0.01065540
0.01064301
0.01054025
0.01065278
0.01066232
0.01067090
0.01061749
0.01059365
0.01060319
0.01059079
0.01072192
0.01058578
0.01047492
0.01064730
0.01062083
0.01068020
0.01059413
0.01063132
0.01057386
0.01060772
0.01070046
0.01055455
0.01057386
0.01067257
0.01091743
0.01098657
0.01062655
0.01057553
0.01062298
0.01059628
0.01062560
0.01065564
0.01063037
0.01059699
0.01058054
0.01066661
0.01053381
0.01056600
0.01048303
0.01063204
0.01065111
0.01051617
0.01059198
0.01061249
0.01061940
0.01057577
0.01051235
0.01060939
0.01061463
0.01061749
0.01056600
0.01055527
0.01059222
0.01066184
0.01061773
0.01054335
0.01062250
0.01053095
0.01058078
0.01061392
0.01055264
0.01065230
0.01062846
0.01063871
0.01055479
0.01055312
0.01058054
0.01063085
0.01116657
0.01093578
0.01061082
0.01058149
0.01055813
0.01057816
0.01064587
0.01053572
0.01061320
0.01067924
0.01063514
0.01061010
0.01058316
0.01060224
0.01053452
0.01077914
0.01056814
0.01057363
0.01063609
0.01060104
0.01063228
0.01064467
0.01061058
0.01069927
0.01065302
0.01064777
0.01055574
0.01060653
0.01055288
0.01065207
0.01059651
0.01054645
0.01065993
0.01061058
0.01061082
0.01053333
0.01048326
0.01053262
0.01056743
0.01055765
0.01053452
0.01057220
0.01066279
0.01064420
0.01055527
0.01118851
0.01109862
0.01072669
0.01068020
0.01068306
0.01070237
0.01072192
0.01062584
