0.00420141
0.01098061
0.01208663
0.01112771
0.01071286
0.01042867
0.01037598
0.01032090
0.01030064
0.01037097
0.01034522
0.01031590
0.01040077
0.01041341
0.01034069
0.01126742
0.01061463
0.01037073
0.01033950
0.01042247
0.01033664
0.01037169
0.01034665
0.01037359
0.01053691
0.01032948
0.01040316
0.01044631
0.01031756
0.01033282
0.01044011
0.01050472
0.01036119
0.01042509
0.01040912
0.01036978
0.01037717
0.01041698
0.01048732
0.01035500
0.01041436
0.01039743
0.01029301
0.01041484
0.01039982
0.01046562
0.01037908
0.01039481
0.01040173
0.01040006
0.01030254
0.01041317
0.01042223
0.01030874
0.01034331
0.01045656
0.01031113
0.01044583
0.01043177
0.01030231
0.01020336
0.01138639
0.01053405
0.01039743
0.01034188
0.01045108
0.01042509
0.01041174
0.01041937
0.01036477
0.01039338
0.01049018
0.01057720
0.01044059
0.01052666
0.01052999
0.01049423
0.01050234
0.01050735
0.01040745
0.01045871
0.01059222
0.01037931
0.01047325
0.01041031
0.01032615
0.01044536
0.01047635
0.01051211
0.01040721
0.01048779
0.01047516
0.01042128
0.01043868
0.01041222
0.01047683
0.01033568
0.01042008
0.01047325
0.01035142
0.01036716
0.01038599
0.01052976
0.01037979
0.01042986
0.01037335
0.01035881
0.01070690
0.01048088
0.01048565
0.01036525
0.01049137
0.01042485
0.01034355
0.01032925
0.01041389
0.01047993
0.01047087
0.01044273
0.01044989
0.01046586
0.01046371
0.01045251
0.01048207
0.01051164
0.01040602
0.01035857
0.01047039
0.01030803
0.01045108
0.01044631
0.01032233
0.01043439
0.01043344
0.01030993
0.01035261
0.01041675
0.01050353
0.01029849
0.01039410
0.01039362
0.01039195
0.01033545
0.01037240
0.01041293
0.01039314
0.01042676
0.01049781
0.01038504
0.01048350
0.01041031
0.01040149
0.01040840
0.01137733
0.01056218
0.01054931
0.01043820
0.01044917
0.01045680
0.01043177
0.01040149
0.01046038
0.01047730
0.01054549
0.01057291
0.01056433
0.01059318
0.01056814
0.01055264
0.01054621
0.01056790
0.01045227
0.01044059
0.01047301
0.01047850
0.01043105
0.01048303
0.01042175
0.01036525
0.01042986
0.01045728
0.01047707
0.01043892
0.01045346
0.01042986
0.01048279
0.01042628
0.01048017
0.01058984
0.01044822
0.01047325
0.01050949
0.01048923
0.01044321
0.01052237
0.01048565
0.01042461
0.01046181
0.01049829
0.01086259
0.01041985
0.01046419
0.01037121
0.01052904
0.01042938
0.01050258
0.01046824
0.01043820
0.01045299
0.01044273
0.01054597
0.01043463
0.01044703
0.01045489
0.01048112
0.01048517
0.01044011
0.01046777
0.01039958
0.01041961
0.01050329
0.01050854
0.01046944
0.01036572
0.01041818
0.01040220
0.01042175
0.01047349
0.01055622
0.01043034
0.01045656
0.01043439
0.01039362
0.01040840
0.01039124
0.01052809
0.01041603
0.01046538
0.01046324
0.01044750
0.01036596
0.01044488
0.01045632
0.01042390
0.01056361
0.01089740
0.01053977
0.01041675
0.01051164
0.01047683
0.01040316
0.01039743
0.01039910
0.01049399
0.01039696
0.01036739
0.01045108
0.01039648
0.01040387
0.01054788
0.01051617
0.01037335
0.01043558
0.01045871
0.01041198
0.01038718
0.01052976
0.01056671
0.01043272
0.01038504
0.01041865
0.01065421
0.01072860
0.01041961
0.01045132
0.01043582
0.01043677
0.01051855
0.01040840
0.01039290
0.01036501
0.01041961
0.01050949
0.01039219
0.01044750
0.01047230
0.01039958
0.01028037
0.01044345
0.01049185
0.01055574
0.01094055
0.01047492
0.01044035
0.01091766
0.01039863
0.01034665
0.01049399
0.01033497
0.01037860
0.01037359
0.01023817
0.01040030
0.01038074
0.01032567
0.01035762
0.01039147
0.01053572
0.01025081
0.01037669
0.01044297
0.01038575
0.01035547
0.01040459
0.01043487
0.01031065
0.01031184
0.01051426
0.01031113
0.01037145
0.01044393
0.01028800
0.01035142
0.01038933
0.01043320
0.01024342
