336.000,165.000,26.000,61.000
336.503,165.839,26.000,61.000
334.658,164.664,26.000,61.000
331.063,165.556,26.575,62.350
328.491,162.984,26.575,62.350
317.346,164.870,26.575,62.350
311.183,162.064,26.009,61.020
309.002,157.869,26.009,61.020
303.317,155.975,26.584,62.370
294.226,157.519,26.584,62.370
289.938,155.975,26.584,62.370
287.365,155.461,26.584,62.370
281.704,156.318,26.584,62.370
274.329,154.088,26.584,62.370
268.162,150.729,27.172,63.750
264.831,149.151,27.172,63.750
256.840,147.296,26.593,62.391
249.119,146.781,26.593,62.391
245.173,146.267,26.593,62.391
239.853,144.379,26.593,62.391
233.505,141.805,26.593,62.391
229.215,139.232,26.593,62.391
222.867,138.717,26.593,62.391
217.204,137.173,26.593,62.391
211.885,133.913,26.593,62.391
205.194,131.339,26.593,62.391
199.689,130.185,26.026,61.060
193.811,128.674,26.026,61.060
182.896,123.804,26.026,61.060
176.683,121.285,26.026,61.060
173.828,120.109,26.026,61.060
167.615,118.262,26.026,61.060
159.387,115.072,26.026,61.060
152.502,112.889,26.026,61.060
149.983,111.041,26.026,61.060
143.434,109.866,26.026,61.060
133.862,107.011,26.026,61.060
127.313,105.164,26.026,61.060
123.787,103.989,26.026,61.060
114.265,100.003,26.601,62.411
106.885,98.115,26.601,62.411
99.161,95.884,26.601,62.411
91.437,92.966,26.601,62.411
83.713,91.078,26.601,62.411
74.960,89.190,26.601,62.411
67.236,87.302,26.601,62.411
59.512,85.414,26.601,62.411
51.788,83.869,26.601,62.411
43.035,81.294,26.601,62.411
35.654,79.749,26.601,62.411
28.274,77.518,26.601,62.411
14.028,73.227,26.601,62.411
4.244,69.623,26.601,62.411
48.699,68.468,26.034,61.080
40.132,66.285,26.034,61.080
27.198,63.765,26.034,61.080
19.303,61.245,26.034,61.080
15.439,60.069,26.034,61.080
5.528,57.550,26.034,61.080
35.597,55.366,26.034,61.080
27.702,53.182,26.034,61.080
23.405,50.938,26.610,62.431
10.871,56.604,26.610,62.431
56.714,10.761,26.610,62.431
51.537,9.606,26.043,61.100
53.049,8.094,26.043,61.100
54.562,10.615,26.043,61.100
51.705,9.438,26.043,61.100
52.545,11.287,26.043,61.100
55.066,9.102,26.043,61.100
53.217,10.279,26.043,61.100
53.009,13.359,25.487,59.797
51.858,11.879,25.487,59.797
50.049,9.084,25.487,59.797
52.698,11.148,24.944,58.522
52.215,8.734,24.944,58.522
50.767,6.320,24.944,58.522
48.320,2.166,25.496,59.817
47.169,18.123,25.496,59.817
56.875,18.616,25.496,59.817
55.394,20.755,25.496,59.817
47.991,22.564,25.496,59.817
82.373,14.174,25.496,59.817
76.615,13.352,25.496,59.817
74.148,13.516,25.496,59.817
63.126,13.023,25.496,59.817
44.240,9.460,26.060,61.140
37.346,7.274,26.060,61.140
27.812,3.632,26.636,62.493
25.234,3.116,26.636,62.493
22.621,0.464,27.226,63.876
21.049,-2.750,26.645,62.513
18.516,-7.220,26.077,61.180
51.326,6.745,26.077,61.180
52.167,7.586,26.077,61.180
50.986,7.752,25.521,59.876
51.099,9.184,24.977,58.599
50.616,11.924,24.977,58.599
49.810,11.118,24.977,58.599
48.682,9.990,24.977,58.599
50.914,6.165,25.529,59.895
52.615,12.996,24.985,58.618
52.454,9.933,24.985,58.618
52.565,10.713,24.452,57.368
52.407,11.817,24.452,57.368
51.618,13.237,24.452,57.368
52.407,12.764,24.452,57.368
51.302,11.660,24.452,57.368
51.145,11.502,24.452,57.368
52.249,12.291,24.452,57.368
51.460,14.026,24.452,57.368
52.880,11.344,24.452,57.368
51.145,12.133,24.452,57.368
52.249,11.660,24.452,57.368
51.460,12.133,24.452,57.368
52.565,11.660,24.452,57.368
51.776,12.448,24.452,57.368
51.302,11.029,24.452,57.368
52.091,11.817,24.452,57.368
51.302,12.606,24.452,57.368
52.407,10.555,24.452,57.368
51.933,11.975,24.452,57.368
51.145,12.764,24.452,57.368
52.249,11.029,24.452,57.368
51.776,12.448,24.452,57.368
51.302,11.344,24.452,57.368
52.407,11.817,24.452,57.368
51.933,12.922,24.452,57.368
51.776,11.817,24.452,57.368
51.302,12.922,24.452,57.368
52.407,11.186,24.452,57.368
51.933,12.922,24.452,57.368
51.460,11.817,24.452,57.368
52.565,11.975,24.452,57.368
52.091,12.764,24.452,57.368
51.618,13.553,24.452,57.368
52.722,10.555,24.452,57.368
52.565,11.660,24.452,57.368
51.145,13.711,24.452,57.368
52.249,11.344,24.452,57.368
51.460,12.764,24.452,57.368
52.880,10.713,24.452,57.368
51.460,12.133,24.452,57.368
52.565,11.660,24.452,57.368
52.091,11.817,24.452,57.368
51.618,11.975,24.452,57.368
52.722,11.817,24.452,57.368
52.249,12.291,24.452,57.368
51.776,12.448,24.452,57.368
51.302,11.029,24.452,57.368
52.722,11.502,24.452,57.368
53.196,11.975,24.452,57.368
51.460,12.764,24.452,57.368
52.880,11.029,24.452,57.368
50.829,12.448,24.452,57.368
50.671,9.451,24.452,57.368
49.882,10.240,24.452,57.368
53.511,12.922,24.452,57.368
51.460,13.711,24.452,57.368
53.196,11.029,24.452,57.368
52.407,12.448,24.452,57.368
52.880,10.713,24.452,57.368
52.091,11.817,24.452,57.368
52.565,11.975,24.452,57.368
53.038,12.448,24.452,57.368
52.249,11.029,24.452,57.368
53.038,12.133,24.452,57.368
52.249,12.606,24.452,57.368
53.038,10.871,24.452,57.368
52.249,11.975,24.452,57.368
53.038,12.133,24.452,57.368
52.249,12.606,24.452,57.368
53.038,10.871,24.452,57.368
52.249,11.975,24.452,57.368
52.722,12.133,24.452,57.368
53.196,12.291,24.452,57.368
52.407,12.764,24.452,57.368
52.880,11.029,24.452,57.368
52.091,12.133,24.452,57.368
52.880,11.660,24.452,57.368
52.091,11.817,24.452,57.368
52.880,11.344,24.452,57.368
52.091,11.186,24.452,57.368
52.565,11.975,24.452,57.368
53.038,12.133,24.452,57.368
52.249,12.606,24.452,57.368
53.038,10.871,24.452,57.368
52.249,11.975,24.452,57.368
53.038,12.133,24.452,57.368
51.933,12.606,24.452,57.368
52.407,10.871,24.452,57.368
52.565,11.975,24.452,57.368
52.722,12.448,24.452,57.368
52.880,10.713,24.452,57.368
51.776,12.133,24.452,57.368
51.933,12.922,24.452,57.368
52.407,11.502,24.452,57.368
52.565,12.606,24.452,57.368
52.722,11.817,24.452,57.368
52.880,12.922,24.452,57.368
51.776,13.080,24.452,57.368
52.249,11.975,24.452,57.368
52.407,13.080,24.452,57.368
53.196,11.660,24.452,57.368
52.091,12.764,24.452,57.368
52.565,11.660,24.452,57.368
52.407,12.764,24.452,57.368
52.565,11.660,24.452,57.368
52.407,13.080,24.452,57.368
52.249,13.237,24.452,57.368
52.091,13.080,24.452,57.368
52.249,12.606,24.452,57.368
52.091,12.133,24.452,57.368
52.249,13.237,24.452,57.368
52.407,12.448,24.452,57.368
52.565,11.660,24.452,57.368
52.407,12.764,24.452,57.368
51.933,13.868,24.452,57.368
52.407,11.817,24.452,57.368
51.618,13.553,24.452,57.368
52.407,15.288,24.452,57.368
51.933,13.553,24.452,57.368
51.145,11.502,24.452,57.368
52.880,12.291,24.452,57.368
51.776,13.395,24.452,57.368
51.302,11.660,24.452,57.368
53.353,10.871,24.452,57.368
53.158,8.897,23.930,56.144
52.077,11.522,23.930,56.144
53.672,12.865,23.420,54.947
54.125,11.807,23.420,54.947
53.067,10.145,23.420,54.947
54.336,12.624,22.921,53.775
55.076,14.843,22.921,53.775
51.970,16.174,22.921,53.775
54.189,12.772,22.921,53.775
52.861,12.944,23.428,54.965
53.617,14.003,23.428,54.965
53.163,12.944,23.428,54.965
52.105,13.700,23.428,54.965
53.163,11.735,23.428,54.965
54.433,10.427,22.928,53.793
49.255,12.055,22.928,53.793
54.680,13.762,23.435,54.983
53.017,13.006,23.435,54.983
53.471,14.367,23.435,54.983
53.320,12.401,23.435,54.983
53.168,13.762,23.435,54.983
52.412,14.518,23.435,54.983
53.773,12.552,23.435,54.983
53.320,13.913,23.435,54.983
52.564,14.669,23.435,54.983
54.227,12.703,23.435,54.983
52.564,13.762,23.435,54.983
53.924,14.215,23.435,54.983
52.261,14.064,23.435,54.983
53.924,12.703,23.435,54.983
52.261,14.064,23.435,54.983
53.017,14.820,23.435,54.983
54.579,14.678,22.936,53.811
52.113,14.538,22.447,52.663
57.472,18.159,22.447,52.663
55.010,16.276,22.447,52.663
52.207,16.746,22.943,53.828
51.171,16.598,22.943,53.828
53.687,14.081,22.943,53.828
50.823,17.018,23.451,55.019
45.829,18.077,23.451,55.019
16.626,-1.139,23.451,55.019
16.730,-3.907,22.951,53.846
15.398,-1.390,22.951,53.846
21.136,-1.217,23.459,55.037
19.197,1.558,22.958,53.864
24.382,12.964,22.958,53.864
58.601,9.853,22.958,53.864
51.935,12.075,22.958,53.864
32.619,14.506,22.469,52.715
21.390,15.276,22.966,53.881
16.204,12.757,22.966,53.881
21.687,10.831,22.966,53.881
22.428,10.979,22.966,53.881
23.169,10.535,22.966,53.881
24.206,10.979,22.966,53.881
23.798,7.462,23.474,55.073
22.132,3.373,23.474,55.073
18.887,-7.136,23.993,56.292
16.606,-7.879,23.482,55.091
50.696,9.545,23.482,55.091
48.423,9.393,23.482,55.091
88.573,12.575,23.482,55.091
86.906,13.635,23.482,55.091
87.361,11.666,23.482,55.091
87.815,12.120,23.482,55.091
127.966,15.605,23.482,55.091
116.679,17.799,22.981,53.917
110.600,19.726,22.981,53.917
95.327,27.289,22.981,53.917
83.910,33.665,22.981,53.917
72.789,37.372,22.981,53.917
61.075,50.865,22.981,53.917
49.743,55.299,22.491,52.767
38.279,58.636,22.491,52.767
26.630,61.857,22.011,51.642
15.410,66.543,22.011,51.642
2.770,59.300,22.011,51.642
-0.691,60.535,21.542,50.540
37.573,53.775,22.018,51.659
33.453,59.032,22.018,51.659
21.946,65.425,22.018,51.659
15.553,69.829,22.018,51.659
13.733,70.791,21.549,50.557
11.953,74.144,21.089,49.479
-0.702,86.255,21.089,49.479
-1.927,86.935,21.089,49.479
-1.518,88.160,21.089,49.479
-2.743,89.656,21.089,49.479
-1.862,89.528,20.640,48.424
-1.676,91.065,21.096,49.495
-2.051,90.094,21.563,50.590
-2.746,90.511,21.563,50.590
-3.129,88.941,22.040,51.709
36.020,118.025,22.528,52.853
40.884,116.207,22.047,51.726
39.604,118.056,22.047,51.726
37.754,119.905,22.047,51.726
36.207,122.788,21.577,50.623
37.182,124.876,21.577,50.623
35.372,128.078,21.577,50.623
32.726,129.610,21.577,50.623
29.524,134.761,21.577,50.623
30.777,137.406,21.577,50.623
31.473,125.572,21.577,50.623
31.668,127.179,22.055,51.743
32.095,127.606,22.055,51.743
30.814,131.733,22.055,51.743
31.810,132.729,22.055,51.743
31.383,133.440,22.055,51.743
31.582,134.197,22.542,52.888
32.601,136.669,22.542,52.888
33.037,137.687,22.542,52.888
33.473,141.324,22.542,52.888
32.746,142.633,22.542,52.888
33.182,143.360,22.542,52.888
34.782,142.051,22.542,52.888
34.322,145.279,22.062,51.760
34.225,146.330,22.550,52.905
33.207,146.476,22.550,52.905
35.826,146.344,23.049,54.076
41.923,137.867,23.049,54.076
42.369,136.826,23.049,54.076
