129.000,80.000,64.000,78.000
122.020,75.812,64.000,78.000
115.041,72.741,64.000,78.000
108.619,67.437,64.000,78.000
102.198,62.690,64.000,78.000
96.335,59.061,64.000,78.000
93.822,56.548,64.000,78.000
92.985,57.944,64.000,78.000
92.147,62.690,64.000,78.000
89.076,67.995,64.000,78.000
86.563,73.858,64.000,78.000
84.051,78.046,64.000,78.000
79.305,80.558,64.000,78.000
73.442,79.721,64.000,78.000
67.579,78.325,64.000,78.000
61.716,74.137,64.000,78.000
60.320,69.391,64.000,78.000
60.041,65.761,64.000,78.000
62.553,67.157,64.000,78.000
67.300,64.645,64.000,78.000
72.046,68.274,64.000,78.000
74.558,72.462,64.000,78.000
76.513,75.533,64.000,78.000
80.142,77.487,64.000,78.000
84.330,80.000,64.000,78.000
88.518,80.279,64.000,78.000
93.264,76.650,64.000,78.000
98.010,72.462,64.000,78.000
102.756,66.041,64.000,78.000
112.528,58.503,64.000,78.000
120.624,54.315,64.000,78.000
130.396,52.360,64.000,78.000
135.701,57.107,64.000,78.000
138.772,60.178,64.000,78.000
141.843,62.132,64.000,78.000
144.355,64.645,64.000,78.000
145.751,65.482,64.000,78.000
143.797,66.320,64.000,78.000
143.518,63.807,64.000,78.000
144.914,61.294,64.000,78.000
145.751,58.782,64.000,78.000
143.797,56.269,64.000,78.000
144.076,54.873,64.000,78.000
142.680,55.711,64.000,78.000
142.841,53.400,65.416,79.726
141.414,57.109,65.416,79.726
139.417,59.107,65.416,79.726
138.989,57.929,66.863,81.490
139.281,57.054,66.863,81.490
140.739,55.595,66.863,81.490
142.781,52.387,66.863,81.490
145.989,48.012,66.863,81.490
150.365,44.803,66.863,81.490
153.573,43.345,66.863,81.490
156.198,48.887,66.863,81.490
154.740,53.845,66.863,81.490
153.281,59.387,66.863,81.490
152.990,65.512,66.863,81.490
152.115,68.721,66.863,81.490
147.156,66.096,66.863,81.490
143.948,60.554,66.863,81.490
149.490,55.595,66.863,81.490
154.448,52.387,66.863,81.490
158.823,50.928,66.863,81.490
159.817,56.014,65.437,79.752
159.690,61.542,64.042,78.051
156.058,61.263,64.042,78.051
150.548,65.596,62.676,76.387
146.209,67.728,61.340,74.758
140.415,66.204,60.032,73.163
131.249,63.323,60.032,73.163
127.094,60.822,58.751,71.603
124.787,55.440,58.751,71.603
128.119,52.620,58.751,71.603
129.913,54.415,58.751,71.603
128.810,57.895,57.499,70.076
129.061,60.153,57.499,70.076
129.312,62.912,57.499,70.076
127.556,62.661,57.499,70.076
125.298,63.915,57.499,70.076
123.041,64.166,57.499,70.076
120.282,60.905,57.499,70.076
124.044,58.146,57.499,70.076
127.800,55.750,56.272,68.582
130.992,54.523,56.272,68.582
140.565,58.696,56.272,68.582
144.738,62.869,56.272,68.582
150.875,64.097,56.272,68.582
160.449,61.396,56.272,68.582
164.622,59.187,56.272,68.582
168.304,57.469,56.272,68.582
171.004,56.241,56.272,68.582
171.741,54.523,56.272,68.582
171.004,51.332,56.272,68.582
173.705,48.141,56.272,68.582
174.541,46.269,55.072,67.119
173.971,45.827,53.898,65.688
175.225,49.020,52.748,64.287
178.217,53.853,52.748,64.287
175.685,59.605,52.748,64.287
172.477,64.505,51.624,62.916
169.338,67.997,50.523,61.575
164.269,66.455,50.523,61.575
160.081,63.149,50.523,61.575
158.538,60.724,50.523,61.575
162.726,56.537,50.523,61.575
165.150,53.672,50.523,61.575
166.751,56.240,49.445,60.261
165.673,59.044,49.445,60.261
167.239,57.400,48.391,58.976
167.873,60.144,48.391,58.976
167.662,63.310,48.391,58.976
169.561,66.055,48.391,58.976
170.559,68.687,49.462,60.281
172.922,70.483,50.556,61.615
174.949,69.227,49.478,60.301
173.188,68.414,48.423,59.015
177.573,67.210,47.390,57.757
179.872,70.417,46.379,56.525
178.611,74.724,45.390,55.319
177.759,77.795,44.422,54.140
175.058,81.174,43.475,52.985
171.682,83.384,42.548,51.855
169.095,83.043,41.641,50.749
169.014,82.008,40.753,49.667
165.280,79.697,40.753,49.667
162.459,77.656,39.884,48.608
156.718,74.699,39.884,48.608
154.108,71.741,39.884,48.608
151.498,69.131,39.884,48.608
149.932,61.998,39.884,48.608
148.714,60.084,39.884,48.608
146.105,63.738,39.884,48.608
146.975,67.043,39.884,48.608
147.845,71.045,39.884,48.608
145.235,75.047,39.884,48.608
142.973,78.700,39.884,48.608
143.843,81.658,39.884,48.608
142.277,83.224,39.884,48.608
144.191,80.962,39.884,48.608
149.932,80.788,39.884,48.608
157.414,82.354,39.884,48.608
163.851,81.832,39.884,48.608
169.593,82.702,39.884,48.608
173.875,84.394,39.033,47.571
177.738,87.691,38.201,46.557
176.699,88.991,37.386,45.564
177.841,86.871,37.386,45.564
179.961,83.446,37.386,45.564
178.493,82.957,37.386,45.564
176.895,78.899,38.213,46.572
174.728,75.399,38.213,46.572
172.403,70.906,39.059,47.603
173.596,69.372,39.059,47.603
171.381,71.587,39.059,47.603
169.166,74.824,39.059,47.603
166.951,77.380,39.059,47.603
164.054,80.277,39.059,47.603
166.610,82.492,39.059,47.603
168.825,84.707,39.059,47.603
170.391,83.408,38.226,46.588
168.709,82.780,37.410,45.594
170.209,81.535,36.613,44.622
168.598,83.089,35.832,43.670
167.022,81.596,35.068,42.739
165.774,81.904,34.320,41.827
166.573,84.803,33.588,40.935
164.082,85.829,33.588,40.935
161.005,84.217,33.588,40.935
160.272,84.950,33.588,40.935
163.701,94.378,34.331,41.841
162.353,96.924,34.331,41.841
160.406,98.571,34.331,41.841
157.261,100.219,34.331,41.841
154.416,101.866,34.331,41.841
151.870,102.615,34.331,41.841
148.725,102.166,34.331,41.841
142.884,86.441,34.331,41.841
143.034,80.300,34.331,41.841
144.381,78.353,34.331,41.841
145.711,78.978,35.091,42.767
147.705,77.393,35.867,43.713
149.739,78.489,35.867,43.713
148.018,78.019,35.867,43.713
145.186,78.347,36.661,44.680
145.026,78.187,36.661,44.680
145.186,77.068,36.661,44.680
146.945,77.228,36.661,44.680
147.745,76.748,36.661,44.680
149.504,75.309,36.661,44.680
150.943,74.189,36.661,44.680
154.263,72.662,35.879,43.727
156.298,70.001,35.879,43.727
158.332,68.905,35.879,43.727
152.541,65.932,35.879,43.727
150.194,64.836,35.879,43.727
148.785,65.932,35.879,43.727
144.559,66.401,35.879,43.727
143.151,69.375,35.879,43.727
139.864,68.905,35.879,43.727
141.253,67.934,36.673,44.695
142.673,66.610,37.484,45.684
146.434,64.157,37.484,45.684
149.214,60.069,37.484,45.684
152.701,57.359,38.313,46.695
156.265,55.975,39.161,47.728
159.853,55.804,39.161,47.728
162.078,57.935,40.028,48.784
165.396,57.411,40.028,48.784
168.714,56.189,40.028,48.784
169.587,53.570,40.028,48.784
170.412,50.312,40.913,49.863
173.089,47.992,40.913,49.863
176.123,47.100,40.913,49.863
173.803,50.134,40.913,49.863
172.911,53.882,40.913,49.863
170.234,58.344,40.913,49.863
162.559,61.735,40.913,49.863
155.242,64.769,40.913,49.863
149.352,67.089,40.913,49.863
142.034,65.483,40.913,49.863
143.998,67.803,40.913,49.863
141.320,65.126,40.913,49.863
138.643,61.021,40.913,49.863
139.179,58.701,40.913,49.863
140.763,60.556,41.818,50.966
142.040,60.009,41.818,50.966
145.552,62.284,42.744,52.094
147.976,65.081,42.744,52.094
149.631,67.407,43.689,53.246
154.486,70.179,44.656,54.424
157.409,73.101,44.656,54.424
159.941,70.179,44.656,54.424
161.305,63.751,44.656,54.424
160.720,61.218,44.656,54.424
160.136,58.296,44.656,54.424
161.889,56.543,44.656,54.424
162.473,58.296,44.656,54.424
162.668,56.153,44.656,54.424
163.185,58.987,45.644,55.629
160.407,57.752,46.654,56.859
157.762,53.885,46.654,56.859
157.879,50.089,47.686,58.117
155.591,46.136,47.686,58.117
151.826,41.825,48.741,59.403
149.062,41.187,48.741,59.403
144.597,45.227,48.741,59.403
140.557,49.266,48.741,59.403
138.218,50.755,48.741,59.403
140.132,50.967,48.741,59.403
138.218,50.330,48.741,59.403
137.155,52.243,48.741,59.403
134.816,53.306,48.741,59.403
132.902,51.818,48.741,59.403
135.667,49.904,48.741,59.403
138.005,51.818,48.741,59.403
139.919,54.157,48.741,59.403
140.982,58.622,48.741,59.403
141.620,62.662,48.741,59.403
141.407,66.276,48.741,59.403
142.896,69.891,48.741,59.403
140.132,68.828,48.741,59.403
140.254,63.538,49.820,60.718
143.514,54.193,49.820,60.718
147.643,48.325,49.820,60.718
149.599,49.846,49.820,60.718
150.686,53.541,49.820,60.718
152.642,58.105,49.820,60.718
149.611,61.717,50.922,62.061
148.056,64.161,50.922,62.061
147.389,63.939,50.922,62.061
146.278,66.382,50.922,62.061
145.612,63.939,50.922,62.061
148.500,65.938,50.922,62.061
149.611,65.716,50.922,62.061
143.613,63.272,50.922,62.061
139.392,64.827,50.922,62.061
137.152,64.418,49.836,60.737
133.456,65.071,49.836,60.737
127.151,64.418,49.836,60.737
122.586,62.462,49.836,60.737
117.151,62.244,49.836,60.737
113.890,62.027,49.836,60.737
116.716,61.810,49.836,60.737
118.238,59.418,49.836,60.737
120.629,55.288,49.836,60.737
124.325,53.766,49.836,60.737
128.021,58.331,49.836,60.737
129.978,63.331,49.836,60.737
133.239,67.462,49.836,60.737
139.978,69.853,49.836,60.737
147.843,67.777,48.773,59.442
151.886,63.309,48.773,59.442
155.503,59.266,48.773,59.442
159.971,56.926,48.773,59.442
163.157,54.484,47.733,58.175
165.447,52.610,47.733,58.175
166.558,55.036,46.715,56.934
166.762,55.648,46.715,56.934
166.151,57.482,46.715,56.934
165.539,59.723,46.715,56.934
162.075,61.965,46.715,56.934
159.426,62.576,46.715,56.934
157.592,60.742,46.715,56.934
153.179,58.796,45.719,55.720
151.384,57.400,45.719,55.720
150.786,56.403,45.719,55.720
150.587,57.001,45.719,55.720
149.988,59.195,45.719,55.720
150.986,58.198,45.719,55.720
150.387,59.195,45.719,55.720
152.182,60.591,45.719,55.720
154.775,62.785,45.719,55.720
156.171,61.788,45.719,55.720
154.376,63.981,45.719,55.720
156.570,64.979,45.719,55.720
155.174,67.571,45.719,55.720
150.986,70.563,45.719,55.720
149.988,74.352,45.719,55.720
151.783,78.142,45.719,55.720
150.786,81.532,45.719,55.720
148.592,84.524,45.719,55.720
144.803,82.330,45.719,55.720
145.002,79.338,45.719,55.720
147.196,76.746,45.719,55.720
144.205,74.153,45.719,55.720
146.000,70.363,45.719,55.720
148.991,68.568,45.719,55.720
151.983,69.167,45.719,55.720
155.772,68.967,45.719,55.720
159.163,70.363,45.719,55.720
160.958,70.563,45.719,55.720
163.550,71.560,45.719,55.720
165.744,70.164,45.719,55.720
166.342,66.375,45.719,55.720
164.946,64.979,45.719,55.720
161.955,63.184,45.719,55.720
158.564,60.192,45.719,55.720
153.578,61.189,45.719,55.720
148.193,63.782,45.719,55.720
142.809,67.571,45.719,55.720
138.371,70.059,46.730,56.953
134.906,71.486,46.730,56.953
131.033,72.913,46.730,56.953
126.344,73.524,46.730,56.953
124.102,72.097,46.730,56.953
121.859,69.039,46.730,56.953
122.471,65.574,46.730,56.953
124.713,63.739,46.730,56.953
127.363,65.574,46.730,56.953
129.606,68.632,46.730,56.953
133.071,72.913,46.730,56.953
138.983,78.417,46.730,56.953
143.264,82.290,46.730,56.953
149.067,83.094,45.734,55.738
153.257,82.495,45.734,55.738
160.638,79.901,45.734,55.738
167.621,78.505,45.734,55.738
174.205,79.502,45.734,55.738
176.399,81.697,45.734,55.738
179.002,84.791,44.759,54.550
179.668,87.819,43.804,53.386
176.635,87.836,42.870,52.248
174.028,87.492,41.956,51.134
170.185,86.211,41.956,51.134
168.339,84.463,41.061,50.043
166.187,83.788,40.185,48.976
163.207,83.262,40.185,48.976
161.278,83.437,40.185,48.976
163.227,81.763,39.328,47.932
161.340,81.591,39.328,47.932
158.767,83.135,39.328,47.932
156.537,82.621,39.328,47.932
153.963,82.449,39.328,47.932
154.478,84.679,39.328,47.932
153.277,83.478,39.328,47.932
153.732,84.194,40.199,48.992
153.907,81.213,40.199,48.992
154.784,79.635,40.199,48.992
156.713,78.057,40.199,48.992
159.694,76.478,40.199,48.992
165.481,79.109,40.199,48.992
168.813,80.687,40.199,48.992
171.443,79.109,40.199,48.992
173.723,82.090,40.199,48.992
176.002,84.720,40.199,48.992
177.230,84.545,40.199,48.992
179.159,83.317,40.199,48.992
180.432,76.572,39.341,47.947
179.918,73.654,39.341,47.947
180.776,72.453,39.341,47.947
180.604,73.654,39.341,47.947
181.805,71.423,39.341,47.947
182.390,68.130,38.502,46.925
185.553,62.640,37.681,45.924
188.347,62.147,37.681,45.924
189.465,65.903,38.515,46.940
190.608,67.998,39.367,47.979
192.133,67.289,40.238,49.040
193.010,69.571,40.238,49.040
189.886,69.925,39.380,47.994
187.309,69.410,39.380,47.994
185.076,68.551,39.380,47.994
197.960,61.164,39.380,47.994
199.163,57.900,39.380,47.994
200.709,59.446,39.380,47.994
198.976,57.474,38.540,46.971
196.791,59.323,38.540,46.971
193.933,57.810,38.540,46.971
194.830,56.204,37.718,45.969
192.032,54.065,37.718,45.969
193.184,50.610,37.718,45.969
199.272,46.497,37.718,45.969
202.053,40.167,36.914,44.989
208.655,34.209,36.914,44.989
214.936,28.251,36.914,44.989
215.741,25.514,36.914,44.989
215.258,19.555,36.914,44.989
216.063,17.784,36.914,44.989
214.614,11.504,36.914,44.989
216.377,8.500,37.731,45.984
218.521,7.138,38.566,47.002
218.017,5.287,38.566,47.002
216.368,7.036,39.419,48.042
215.040,8.110,40.291,49.105
215.919,7.583,40.291,49.105
214.561,7.222,41.182,50.191
212.055,9.090,42.094,51.301
210.256,10.237,43.025,52.437
208.567,11.176,43.025,52.437
206.502,11.363,43.025,52.437
203.495,11.757,43.977,53.597
200.023,12.955,44.950,54.783
198.102,12.959,45.944,55.995
195.722,12.548,46.961,57.233
192.865,11.702,48.000,58.500
191.399,11.493,48.000,58.500
189.514,11.283,48.000,58.500
188.467,11.493,48.000,58.500
190.352,13.377,48.000,58.500
191.776,14.685,49.062,59.794
193.676,15.578,50.147,61.117
196.072,15.129,51.257,62.469
199.426,15.800,51.257,62.469
202.802,13.949,52.391,63.851
206.688,13.263,52.391,63.851
208.287,12.578,52.391,63.851
209.430,11.435,52.391,63.851
210.116,10.749,52.391,63.851
207.145,12.349,52.391,63.851
203.716,12.121,52.391,63.851
200.745,13.720,52.391,63.851
196.860,15.777,52.391,63.851
191.604,14.177,52.391,63.851
186.804,12.121,52.391,63.851
179.212,12.141,51.274,62.490
170.489,11.022,51.274,62.490
167.371,9.748,50.180,61.157
162.774,8.216,50.180,61.157
160.144,10.345,49.110,59.853
157.359,12.701,49.110,59.853
159.716,15.058,49.110,59.853
162.929,16.986,49.110,59.853
165.720,15.213,50.197,61.177
169.004,16.745,50.197,61.177
172.727,19.154,50.197,61.177
176.450,22.001,50.197,61.177
179.296,24.847,50.197,61.177
182.143,24.191,50.197,61.177
184.114,26.161,50.197,61.177
186.126,25.336,49.126,59.873
