0.00611162
0.01131368
0.01127148
0.01130271
0.01109195
0.01108456
0.01090503
0.01104474
0.01099873
0.01099968
0.01098728
0.01098776
0.01097584
0.01103711
0.01097536
0.01090670
0.01092768
0.01103806
0.01095486
0.01096272
0.01095200
0.01095200
0.01107287
0.01098275
0.01090884
0.01096010
0.01096606
0.01127768
0.01137042
0.01115084
0.01131773
0.01101518
0.01098371
0.01095748
0.01100016
0.01105428
0.01101899
0.01106071
0.01096678
0.01095963
0.01120901
0.01143003
0.01105165
0.01102066
0.01094055
0.01108789
0.01099443
0.01102638
0.01101518
0.01096511
0.01102829
0.01102877
0.01099300
0.01096058
0.01086879
0.01106930
0.01100922
0.01103592
0.01091933
0.01092935
0.01100683
0.01101756
0.01099110
0.01091409
0.01094270
0.01101851
0.01092863
0.01104689
0.01099992
0.01102471
0.01098585
0.01102734
0.01101875
0.01103139
0.01102066
0.01105046
0.01105475
0.01130462
0.01107049
0.01150966
0.01130891
0.01108313
0.01111937
0.01117563
0.01094079
0.01103258
0.01106095
0.01104832
0.01100850
0.01100349
0.01090217
0.01105309
0.01092386
0.01091647
0.01097417
0.01096725
0.01099563
0.01087856
0.01098537
0.01102757
0.01101780
0.01096535
0.01096368
0.01106524
0.01103234
0.01109838
0.01100206
0.01103497
0.01106119
0.01107645
0.01095939
0.01095676
0.01101875
0.01107955
0.01095009
0.01092243
0.01087046
0.01099753
0.01148558
0.01118374
0.01091933
0.01099491
0.01100779
0.01106215
0.01098084
0.01099420
0.01100326
0.01105905
0.01093102
0.01099801
0.01091146
0.01101828
0.01084495
0.01092386
0.01097965
0.01096487
0.01096606
0.01096249
0.01087451
0.01109576
0.01101851
0.01092505
0.01083279
0.01090717
0.01102448
0.01098657
0.01098013
0.01096964
0.01087332
0.01106358
0.01094913
0.01100111
0.01092052
0.01090407
0.01106286
0.01095366
0.01090908
0.01157904
0.01140642
0.01101041
0.01089859
0.01093698
0.01100826
0.01101398
0.01101160
0.01098156
0.01096773
0.01099086
0.01095510
0.01094890
0.01086402
0.01097035
0.01094079
0.01094842
0.01093197
0.01090980
0.01100039
0.01108813
0.01096249
0.01104951
0.01097441
0.01097488
0.01095819
0.01102567
0.01094174
0.01110482
0.01091552
0.01094222
0.01090407
0.01084828
0.01089883
0.01097798
0.01092768
0.01089382
0.01084089
0.01097631
0.01180840
0.01145363
0.01100183
0.01099753
0.01083732
0.01094508
0.01093316
0.01097918
0.01092482
0.01087666
0.01090455
0.01092505
0.01101398
0.01103854
0.01089954
0.01095057
0.01089478
0.01105881
0.01111817
0.01099515
0.01082730
0.01089191
0.01092100
0.01097131
0.01088619
0.01082873
0.01094007
0.01096582
0.01094246
0.01103115
0.01092005
0.01097751
0.01091528
0.01098013
0.01096749
0.01105261
0.01096797
0.01094961
0.01085162
0.01195621
0.01125860
0.01095247
0.01108265
0.01102400
0.01108575
0.01102066
0.01099515
0.01102448
0.01099801
0.01102519
0.01101089
0.01107645
0.01102018
0.01106572
0.01095200
0.01093602
0.01105261
0.01103997
0.01101637
0.01088929
0.01093340
0.01092529
0.01094484
0.01086593
0.01082134
0.01093602
0.01091027
0.01095390
0.01085544
0.01091599
0.01087880
0.01094437
0.01091552
0.01093149
0.01092815
0.01099277
0.01092672
0.01130724
0.01183271
0.01134682
0.01098490
0.01094818
0.01099730
0.01112437
0.01104999
0.01110697
0.01107430
0.01108646
0.01105714
0.01111794
0.01101565
0.01098990
0.01091361
0.01105475
0.01093698
0.01094174
0.01093531
0.01097488
0.01093245
0.01095152
0.01096654
0.01101232
0.01095057
0.01106882
0.01098490
0.01098704
0.01095843
0.01091623
0.01100492
0.01098824
0.01102829
0.01092982
0.01078510
0.01104736
0.01105118
0.01107287
0.01088786
0.01131654
0.01128674
0.01104760
0.01095963
0.01105833
0.01097012
0.01096058
0.01091838
0.01091933
0.01106238
0.01097631
0.01094389
0.01086044
0.01088500
0.01106524
0.01089096
0.01086998
0.01084638
0.01092291
0.01095843
0.01093149
0.01085043
0.01090789
0.01090813
0.01101756
0.01091790
0.01091242
0.01090074
0.01091981
0.01092196
0.01095271
0.01097894
0.01083422
0.01089454
0.01100636
0.01092339
0.01102161
0.01091027
0.01096487
0.01151562
0.01122904
0.01096892
0.01093340
0.01089501
0.01097441
0.01096654
0.01089358
0.01084590
0.01089478
0.01097322
0.01094580
0.01089740
0.01090837
0.01093936
0.01097631
0.01094460
0.01090717
0.01090479
0.01093960
0.01088309
0.01099849
0.01094079
0.01098943
0.01084685
0.01089454
0.01085734
0.01108003
0.01091123
0.01098037
0.01090646
0.01093316
0.01102376
0.01099181
0.01097512
0.01092100
0.01094580
0.01091695
0.01099658
0.01185155
0.01129413
0.01099420
0.01099968
0.01109147
0.01096749
0.01099420
0.01097393
0.01104736
0.01099372
0.01101065
0.01093364
0.01101136
0.01100755
0.01101327
0.01093340
0.01094389
0.01099849
0.01113892
0.01094580
0.01095939
0.01087189
0.01095295
0.01096892
0.01101995
0.01095462
0.01090026
0.01089263
0.01082301
0.01083827
0.01096869
0.01092005
0.01094127
0.01083350
0.01086640
0.01087284
0.01091909
0.01088881
0.01092076
0.01151252
0.01150751
0.01097727
0.01103520
0.01097059
0.01100636
0.01107550
0.01107144
0.01099277
0.01105523
0.01104784
0.01105404
0.01093388
0.01092601
0.01077199
0.01091003
0.01095390
0.01099730
0.01089025
0.01089644
0.01093006
0.01101637
0.01088595
0.01093030
0.01086187
0.01089740
0.01093578
0.01091361
0.01084924
0.01093864
0.01086116
0.01085210
0.01093173
0.01098371
0.01090813
0.01093984
0.01084042
0.01083016
0.01091099
0.01139879
0.01118684
0.01087666
0.01096606
