0.00654793
0.01520562
0.01394510
0.01351833
0.01304030
0.01294255
0.01278591
0.01293278
0.01303601
0.01308298
0.01287150
0.01298189
0.01286125
0.01288080
0.01297951
0.01298690
0.01316619
0.01288939
0.01291323
0.01309919
0.01294017
0.01304317
0.01296711
0.01305366
0.01306152
0.01299858
0.01315475
0.01287103
0.01300740
0.01288033
0.01302099
0.01308060
0.01304984
0.01285696
0.01280594
0.01307964
0.01312351
0.01304722
0.01297092
0.01307988
0.01317883
0.01288009
0.01306391
0.01308632
0.01295471
0.01294088
0.01288414
0.01306963
0.01302719
0.01292205
0.01306796
0.01301503
0.01291609
0.01306009
0.01260495
0.01289392
0.01312184
0.01288366
0.01285243
0.01307058
0.01305270
0.01286459
0.01305056
0.01300263
0.01293445
0.01300001
0.01291370
0.01305580
0.01306081
0.01295066
0.01303530
0.01297402
0.01312971
0.01308370
0.01295280
0.01302767
0.01298022
0.01304340
0.01310635
0.01286554
0.01294780
0.01300788
0.01301789
0.01314235
0.01304436
0.01332855
0.01293564
0.01300502
0.01292372
0.01278019
0.01314139
0.01306152
0.01300883
0.01297903
0.01304913
0.01294780
0.01300836
0.01306915
0.01281452
0.01301956
0.01308990
0.01325393
0.01294708
0.01286268
0.01311421
0.01310682
0.01300144
0.01310825
0.01324868
0.01304317
0.01304269
0.01330376
0.01316166
0.01321530
0.01324868
0.01310301
0.01283813
0.01282024
0.01295877
0.01293206
0.01288104
0.01293087
0.01271152
0.01267099
0.01302600
0.01290607
0.01294804
0.01293349
0.01305962
0.01291513
0.01294398
0.01287889
0.01302958
0.01290679
0.01304507
0.01304746
0.01304150
0.01305676
0.01289487
0.01313233
0.01317811
0.01349521
0.01288772
0.01304102
0.01276112
0.01290107
0.01303649
0.01288366
0.01308060
0.01298141
0.01294684
0.01288366
0.01293755
0.01303506
0.01289511
0.01287651
0.01303315
0.01303005
0.01313210
0.01282263
0.01333237
0.01291656
0.01290154
0.01317835
0.01290178
0.01290202
0.01292634
0.01300454
0.01300836
0.01305270
0.01294827
0.01279521
0.01298618
0.01286912
0.01294732
0.01303625
0.01265025
0.01288867
0.01287699
0.01294780
0.01288533
0.01315498
0.01311779
0.01297665
0.01332092
0.01293063
0.01295948
0.01291871
0.01299238
0.01277208
0.01290822
0.01294923
0.01291370
0.01295018
0.01296806
0.01316500
0.01310992
0.01295853
0.01293778
0.01307011
0.01264930
0.01291943
0.01306367
0.01292992
0.01298141
0.01304173
0.01325297
0.01282978
0.01310849
0.01306272
0.01310301
0.01304388
0.01288080
0.01303959
0.01293540
0.01289868
0.01309609
0.01303768
0.01304603
0.01295638
0.01294875
0.01311040
0.01307821
0.01306868
0.01299119
0.01288581
0.01296520
0.01315451
0.01296520
0.01301789
0.01296949
0.01303887
0.01329947
0.01307154
0.01298285
0.01300454
0.01313877
0.01310706
0.01308250
0.01307487
0.01308441
0.01291108
0.01285577
0.01281214
0.01308942
0.01293421
0.01279473
0.01297879
0.01289439
0.01300716
0.01299071
0.01329994
0.01311660
0.01333261
0.01291943
0.01307058
0.01293206
0.01303363
0.01307821
0.01305103
0.01299500
0.01312089
0.01297450
0.01289344
0.01316500
0.01284862
0.01294184
0.01311278
0.01294374
0.01286292
0.01300931
0.01296306
0.01310635
0.01299024
0.01303363
0.01327991
0.01289892
0.01302767
0.01312542
0.01306033
0.01307178
0.01303244
0.01313043
0.01328731
0.01293826
0.01314783
0.01314545
0.01325321
0.01310205
0.01303291
0.01308060
0.01296425
0.01320338
0.01322627
0.01322603
0.01321125
0.01329136
0.01318622
0.01310849
0.01310992
0.01311207
0.01308703
0.01314235
0.01310945
0.01298761
0.01322961
0.01299238
0.01302242
0.01308727
0.01298070
0.01295114
0.01286101
0.01294208
0.01291895
0.01291251
0.01270127
0.01302624
0.01318240
0.01301861
0.01313829
0.01294231
0.01297927
0.01297522
0.01293254
0.01296687
0.01283526
0.01300406
0.01311684
0.01322222
0.01317239
0.01311326
0.01320124
0.01307487
0.01338434
0.01296568
0.01301694
0.01318240
0.01314783
0.01301789
0.01296830
0.01332116
0.01320577
0.01329541
0.01322532
0.01325393
0.01322889
0.01310062
0.01314831
0.01346159
0.01322198
0.01327062
0.01294160
0.01342821
0.01304650
0.01295424
0.01305509
0.01297879
0.01306248
0.01315236
0.01314163
0.01309323
0.01308274
0.01324224
0.01314116
0.01314926
0.01296115
0.01324606
0.01320148
0.01327372
0.01316810
0.01305866
0.01325464
0.01316881
0.01322126
0.01317573
0.01340914
0.01322341
0.01325822
0.01326060
0.01312876
0.01342297
0.01302600
0.01307964
0.01320601
0.01306844
0.01331925
0.01322055
0.01341748
0.01321840
0.01321840
0.01312232
0.01291895
0.01312065
0.01323462
0.01303673
0.01325583
0.01331210
0.01329041
0.01314545
0.01308751
0.01315093
0.01308060
0.01311302
0.01314878
0.01312995
0.01295924
0.01306248
0.01312733
0.01308274
0.01326370
0.01331306
0.01313806
0.01328635
0.01315689
0.01360059
0.01319838
0.01313591
0.01311684
0.01317859
0.01308990
0.01310349
0.01329231
0.01313877
0.01311088
0.01326609
0.01328468
0.01317692
0.01305580
0.01293302
0.01312590
0.01318407
0.01309109
0.01312900
0.01321244
0.01315236
0.01296425
0.01312923
0.01292419
0.01335144
0.01317883
0.01314521
0.01301980
0.01311755
0.01293635
0.01302648
0.01287794
0.01301026
0.01308012
0.01304317
0.01294208
0.01314402
0.01313639
0.01323557
0.01297641
0.01300597
0.01313400
0.01301551
0.01317048
0.01298094
0.01298571
0.01310778
0.01299238
0.01305795
0.01318002
0.01310992
0.01302814
0.01307678
0.01297760
0.01304436
0.01297355
0.01284599
0.01320910
0.01316810
0.01296759
0.01292777
0.01305532
0.01294398
0.01304269
0.01298857
0.01316309
0.01300573
0.01307464
0.01314473
0.01302123
0.01317596
0.01308727
0.01317668
0.01300645
0.01302004
0.01310563
0.01312876
0.01300573
0.01302242
0.01337934
0.01313543
0.01323199
0.01319504
0.01315308
0.01305866
0.01311302
0.01308966
0.01301956
0.01309252
0.01320577
0.01303053
0.01304007
0.01317334
0.01312304
0.01329803
0.01317692
0.01328039
0.01334095
0.01309156
0.01315093
0.01313305
0.01312041
0.01329517
0.01310682
0.01304960
0.01317215
0.01318955
0.01329875
0.01277304
0.01319838
0.01310873
0.01347041
0.01322079
0.01318669
0.01321101
0.01310658
0.01311493
0.01340890
0.01308584
0.01328564
0.01332855
0.01317334
0.01309323
0.01316285
0.01321268
0.01311851
0.01312017
0.01332641
0.01307750
0.01315284
0.01331735
0.01317835
0.01332927
0.01332736
0.01319313
0.01314330
0.01335740
0.01319265
0.01313114
0.01317883
0.01327872
0.01313114
0.01335001
0.01353073
0.01317358
0.01339269
0.01318765
0.01337767
0.01323342
0.01318741
0.01324081
0.01314187
0.01312494
0.01326108
0.01310396
0.01322269
0.01319218
0.01316500
0.01331425
0.01329303
0.01317716
0.01324344
0.01322746
0.01320076
0.01336408
0.01333547
0.01350141
0.01313710
0.01335120
0.01316476
0.01329041
0.01324034
0.01341367
0.01334596
0.01319838
0.01339173
0.01306725
0.01321840
0.01340318
0.01314497
0.01327062
0.01320314
0.01336908
0.01315475
0.01321125
0.01332784
0.01303124
0.01341009
0.01319408
0.01335359
0.01327562
0.01306891
0.01342773
0.01322365
0.01346731
0.01331878
0.01321030
0.01353621
0.01318502
0.01337361
0.01318216
0.01318336
0.01320744
0.01318097
0.01319075
0.01319981
0.01343489
0.01305485
0.01344514
0.01312661
0.01326036
0.01330829
0.01314020
0.01310372
0.01328802
0.01330733
0.01316547
0.01328802
0.01315212
0.01314211
0.01327491
0.01337266
0.01326299
0.01310325
0.01323676
0.01323748
0.01314163
0.01304030
0.01317573
0.01314497
0.01334977
0.01262736
0.01344609
0.01318002
0.01318264
0.01327419
0.01325798
0.01310325
0.01314735
0.01316357
0.01300049
0.01317596
0.01330662
0.01321006
0.01295519
0.01332951
0.01319504
0.01348662
0.01315641
0.01324534
0.01306248
0.01314998
0.01326609
0.01319718
0.01338029
0.01312590
0.01331854
0.01300931
0.01324439
0.01323247
0.01318026
0.01312160
0.01314783
0.01319790
0.01318407
0.01324201
0.01310945
0.01314259
0.01314163
0.01313353
0.01314092
0.01323557
0.01304650
0.01319218
0.01321816
0.01333523
0.01331472
0.01328254
0.01315522
0.01308417
0.01318002
0.01321602
0.01311946
0.01313734
0.01320601
0.01311302
0.01316714
0.01315808
0.01344585
0.01325965
0.01319742
0.01330400
0.01328921
0.01309943
0.01328635
0.01297832
0.01334977
0.01318049
0.01352262
0.01300430
0.01338863
0.01326370
0.01333022
0.01317120
0.01329517
0.01317477
0.01332927
0.01321554
0.01328826
0.01343989
0.01321864
0.01328373
0.01342964
0.01328778
0.01339364
0.01332140
0.01336932
0.01336145
0.01326609
0.01347685
0.01310396
0.01333046
0.01326156
0.01322222
0.01336312
0.01324749
0.01334429
0.01341105
0.01338696
0.01327395
0.01322222
0.01319790
0.01322341
0.01345491
0.01347566
0.01319885
0.01323414
0.01324010
0.01329064
0.01321483
0.01333475
0.01336074
0.01310968
0.01337457
0.01316762
0.01319480
0.01326203
0.01319432
0.01314068
0.01328158
0.01319337
0.01315546
0.01337028
0.01324487
0.01313829
0.01335406
0.01327395
0.01333928
0.01335549
0.01318383
0.01322436
0.01326108
0.01331687
0.01316094
0.01319766
0.01318431
0.01336336
0.01307750
0.01335859
0.01375198
0.01322532
0.01337671
0.01318526
0.01326680
0.01322865
0.01324606
0.01305652
0.01332808
0.01329279
0.01345277
0.01343036
0.01340103
0.01315737
0.01357961
0.01324749
0.01356030
0.01321888
0.01333046
0.01335192
0.01327348
0.01335907
0.01348925
0.01332688
0.01336980
0.01346111
0.01336026
0.01326919
0.01328921
0.01322365
0.01327205
0.01336145
0.01357913
0.01353025
0.01331544
0.01321173
0.01336575
0.01332331
0.01320744
0.01331854
0.01323366
0.01325059
0.01339388
0.01323652
0.01318860
0.01312542
0.01324773
0.01325989
0.01314664
0.01336265
0.01353216
0.01337528
0.01342106
0.01321316
0.01334977
0.01303458
0.01327038
0.01327109
0.01333022
0.01356435
0.01326394
0.01337051
0.01299477
0.01336384
0.01322722
0.01317620
0.01279187
0.01316047
0.01331282
0.01326418
0.01336217
0.01324749
0.01330113
0.01302767
0.01321173
0.01354861
0.01319933
0.01332045
0.01313019
0.01321006
0.01321125
0.01316023
0.01327801
0.01320934
0.01320195
0.01330495
0.01318669
0.01308012
0.01340246
0.01306248
0.01318002
0.01318908
0.01315188
0.01320004
0.01321602
0.01319551
0.01307297
0.01332331
0.01318908
0.01312494
0.01299906
0.01334882
0.01345253
0.01304245
0.01325107
0.01314235
0.01314092
0.01324940
0.01313996
0.01321173
0.01332784
0.01333523
0.01350570
0.01328802
0.01345396
0.01327491
0.01343536
0.01318860
0.01333809
0.01311564
0.01313972
0.01329660
0.01313281
0.01327920
0.01334953
0.01323080
0.01333022
0.01324654
0.01351213
0.01318479
0.01313758
0.01322889
0.01326847
0.01331043
0.01305008
0.01327538
0.01313996
0.01312852
0.01312137
0.01334715
0.01314926
0.01317167
0.01318669
0.01291728
0.01318860
0.01326823
0.01318407
0.01325107
0.01320934
0.01311493
0.01312923
0.01317167
0.01316667
0.01306343
0.01332021
0.01313210
0.01334000
0.01307607
0.01303244
0.01346135
0.01304626
0.01320934
0.01323962
0.01307559
0.01327085
0.01314473
0.01329446
0.01333094
0.01315689
0.01323605
0.01318669
0.01323700
0.01325822
0.01309776
0.01317358
0.01324439
0.01308107
0.01310253
0.01324511
0.01320410
0.01326823
0.01322269
0.01311541
0.01307726
0.01325464
0.01318717
0.01309299
0.01322412
0.01312399
0.01313949
0.01329184
0.01331687
0.01307702
0.01307607
0.01315618
0.01317787
0.01313043
0.01310587
0.01287484
0.01306963
0.01322770
0.01327205
0.01312828
0.01309896
0.01327300
0.01311588
0.01345277
0.01306844
0.01322317
0.01311040
0.01341605
0.01320696
0.01281643
0.01312399
0.01315594
0.01342034
0.01315737
0.01331973
0.01310396
0.01305366
0.01304340
0.01325107
0.01311684
0.01313925
0.01312375
0.01325297
0.01327610
0.01326013
0.01327896
0.01333404
0.01317930
0.01327729
0.01327038
0.01314163
0.01326227
0.01312757
0.01327419
0.01330185
0.01311517
0.01330853
0.01331735
0.01312876
0.01327682
0.01331139
0.01317143
0.01312590
0.01322198
0.01314521
0.01330972
0.01330090
0.01332474
0.01316619
0.01327658
0.01300836
0.01325512
0.01325250
0.01311398
0.01326394
0.01314664
0.01322627
0.01316071
0.01332593
0.01326418
0.01332211
0.01327515
0.01317906
0.01313019
0.01318574
0.01315808
0.01340270
0.01322913
0.01274395
0.01310444
0.01328707
0.01323318
0.01300955
0.01313019
0.01324201
0.01306295
0.01312900
0.01324320
0.01306868
0.01311636
0.01332903
0.01326847
0.01324153
0.01309276
0.01322627
0.01292658
0.01308870
0.01322269
0.01318359
0.01309681
0.01316667
0.01317072
0.01309705
0.01310205
0.01312900
0.01320887
0.01323247
0.01324677
0.01329947
0.01304007
0.01313162
0.01328135
0.01311946
0.01318622
0.01327085
0.01314521
0.01298594
0.01325321
0.01326823
0.01334143
0.01315546
0.01329470
0.01325822
0.01314735
0.01317382
0.01326561
0.01352572
0.01312923
0.01339817
0.01336503
0.01303649
0.01308990
0.01327467
0.01291823
0.01311874
0.01312590
0.01311803
0.01314926
0.01331735
0.01325774
0.01334906
0.01312828
0.01330066
0.01286721
0.01328850
0.01312113
0.01329732
0.01323509
0.01315928
0.01332116
0.01326561
0.01303864
0.01320696
0.01328826
0.01308370
0.01320171
0.01311255
0.01313972
0.01310945
0.01310277
0.01315570
0.01326942
0.01327085
0.01303554
0.01311493
0.01320481
0.01316357
0.01311398
0.01326466
0.01306319
0.01329970
0.01331782
0.01324010
0.01325107
0.01315117
0.01315999
0.01312470
0.01313162
0.01321769
0.01335239
0.01332784
0.01314974
0.01333022
0.01312900
0.01327682
0.01325393
0.01335192
0.01325011
0.01312590
0.01325846
0.01299644
0.01329088
0.01313257
0.01315093
0.01312113
0.01333928
0.01323318
0.01312232
0.01324797
0.01320004
0.01310587
0.01295328
0.01308322
0.01318216
0.01307654
0.01328874
0.01326036
0.01308966
0.01311302
0.01325536
0.01339221
0.01297164
0.01318836
0.01306772
0.01318884
0.01340914
0.01329541
0.01322222
0.01295018
0.01325727
0.01321054
0.01305962
0.01278234
0.01328635
0.01318955
0.01308537
0.01326895
0.01307821
0.01316285
0.01305676
0.01323628
0.01293731
0.01306748
0.01322389
0.01330686
0.01322937
0.01343369
0.01335788
0.01303601
0.01318693
0.01303697
0.01307726
0.01309180
0.01303196
0.01305127
0.01326323
0.01310921
0.01318741
0.01322150
0.01316500
0.01318550
0.01288056
0.01317883
0.01304960
0.01321173
0.01313281
0.01314044
0.01343274
0.01304030
0.01325846
0.01302314
0.01334548
0.01306152
0.01318026
0.01316237
0.01311421
0.01304960
0.01309371
0.01311493
0.01324058
0.01299191
0.01309943
0.01347566
0.01312780
0.01304388
0.01304626
0.01310730
0.01326466
0.01304150
0.01319623
0.01296735
0.01317644
0.01332879
0.01309037
0.01305151
0.01320338
0.01306367
0.01321507
0.01311135
0.01315022
0.01361489
0.01309919
0.01330447
0.01292729
0.01311278
0.01315999
0.01314163
0.01292801
0.01322198
0.01309752
0.01320863
0.01302314
0.01324058
0.01327157
0.01308298
0.01309538
0.01342821
0.01282382
0.01308179
0.01319170
0.01304507
0.01322627
0.01323867
0.01316786
0.01324606
0.01328278
0.01308918
0.01302743
0.01324964
0.01310468
0.01323676
0.01320577
0.01327586
0.01306176
0.01324368
0.01315093
0.01313448
0.01330352
0.01303577
0.01305962
0.01336837
0.01308942
0.01321507
0.01309061
0.01312637
0.01313925
0.01326776
0.01312351
0.01316452
0.01279044
0.01309705
0.01333857
0.01323342
0.01349735
0.01306748
0.01309347
0.01315928
0.01311326
0.01292038
0.01297164
0.01297450
0.01305294
0.01304960
0.01310396
0.01304364
0.01328325
0.01312995
0.01297927
0.01295233
0.01295471
0.01301122
0.01294589
0.01271868
0.01304078
0.01309657
0.01329947
0.01305008
0.01311564
0.01307225
0.01315093
0.01314116
0.01288319
0.01303363
0.01317096
0.01297665
0.01306272
0.01292157
0.01293063
0.01314640
0.01297307
0.01304960
0.01290202
0.01301789
0.01292706
0.01312447
0.01294136
0.01310515
0.01285672
0.01298380
0.01294184
0.01289153
0.01295209
0.01298809
0.01303959
0.01310635
0.01313829
0.01312780
0.01302767
0.01336408
0.01309490
0.01321840
0.01295018
0.01288700
0.01285005
0.01299763
0.01308918
0.01309156
0.01305985
0.01268172
0.01303935
0.01310039
0.01299500
0.01310062
0.01294351
0.01308441
0.01306915
0.01307154
0.01297998
0.01295352
0.01296401
0.01292610
0.01315403
0.01300335
0.01314187
0.01311135
0.01274586
0.01302314
0.01290679
0.01296544
0.01294088
0.01305461
0.01304197
0.01295781
0.01311374
0.01294255
0.01325893
0.01308608
0.01292324
0.01289487
0.01290464
0.01295733
0.01294065
0.01307535
0.01289344
0.01311088
0.01316833
0.01297498
0.01298261
0.01289487
0.01281023
0.01291490
0.01288056
0.01291418
0.01306868
0.01279354
0.01301885
0.01304936
0.01293945
0.01297784
0.01300478
0.01301765
0.01292205
0.01291394
0.01306129
0.01306820
0.01308012
0.01283979
0.01304817
0.01295280
0.01316190
0.01307034
0.01312828
0.01321149
0.01292348
0.01303768
0.01293921
0.01304388
0.01279759
0.01310706
0.01313543
0.01305866
0.01311851
0.01296949
0.01329017
0.01293087
0.01307893
0.01286554
0.01291227
0.01288223
0.01310730
0.01300097
0.01288509
0.01302576
0.01276493
0.01292872
0.01295114
0.01286316
0.01303864
0.01303124
0.01306987
0.01322079
0.01282454
0.01304579
0.01306295
0.01311779
0.01300526
0.01296902
0.01296592
0.01294708
0.01304770
0.01301289
0.01304579
0.01301765
0.01297784
0.01283693
0.01285505
0.01307535
0.01305485
0.01283002
0.01293540
0.01304340
0.01290226
0.01295757
0.01297259
