0.00406289
0.01066661
0.01223350
0.01059365
0.01060176
0.01057673
0.01050782
0.01056385
0.01046872
0.01041555
0.01056933
0.01054835
0.01053071
0.01043439
0.01041937
0.01052785
0.01048875
0.01050878
0.01038980
0.01049113
0.01056099
0.01064181
0.01043367
0.01041818
0.01053882
0.01058269
0.01039600
0.01049495
0.01055503
0.01048613
0.01057172
0.01046085
0.01055408
0.01044822
0.01055074
0.01053190
0.01039600
0.01046395
0.01048350
0.01045418
0.01051378
0.01041722
0.01052904
0.01056504
0.01047564
0.01039529
0.01048732
0.01052046
0.01062012
0.01066089
0.01048160
0.01047873
0.01058674
0.01051593
0.01054764
0.01041865
0.01044154
0.01052189
0.01050425
0.01060557
0.01044631
0.01049042
0.01050806
0.01045465
0.01053715
0.01042032
0.01035833
0.01046157
0.01051664
0.01044631
0.01045847
0.01041293
0.01050735
0.01057053
0.01046848
0.01046634
0.01049376
0.01053262
0.01053500
0.01041675
0.01048303
0.01040387
0.01054645
0.01053762
0.01039982
0.01052833
0.01047993
0.01050186
0.01046562
0.01037693
0.01041341
0.01051784
0.01055503
0.01042151
0.01043820
0.01056218
0.01048470
0.01042724
0.01043558
0.01051641
0.01043248
0.01058269
0.01042819
0.01048708
0.01044130
0.01054740
0.01057839
0.01038051
0.01047182
0.01045656
0.01046228
0.01067686
0.01049280
0.01050305
0.01054049
0.01051044
0.01053309
0.01037121
0.01048589
0.01052237
0.01048613
0.01078367
0.01042438
0.01037884
0.01050496
0.01043773
0.01053572
0.01038623
0.01036453
0.01049876
0.01046658
0.01039243
0.01036811
0.01032948
0.01037407
0.01041460
0.01042533
0.01053286
0.01066303
0.01039267
0.01044559
0.01038837
0.01050639
0.01040840
0.01049876
0.01045370
0.01046228
0.01040149
0.01043725
0.01050806
0.01051664
0.01042247
0.01043773
0.01035452
0.01042366
0.01046300
0.01050210
0.01043987
0.01040435
0.01038027
0.01042318
0.01043963
0.01035905
0.01039195
0.01037860
0.01056981
0.01041436
0.01044917
0.01043081
0.01053762
0.01045442
0.01047134
0.01046467
0.01053214
0.01036334
0.01043200
0.01052880
0.01050520
0.01035213
0.01043630
0.01043367
0.01047468
0.01043797
0.01043248
0.01037955
0.01052475
0.01039433
0.01043320
0.01049232
0.01049304
0.01035404
0.01047921
0.01046729
0.01048827
0.01045442
0.01043868
0.01048183
0.01052928
0.01045632
0.01046658
0.01047444
0.01060534
0.01047850
0.01048636
0.01042080
0.01051116
0.01043034
0.01043797
0.01044726
0.01047802
0.01038074
0.01049447
0.01049495
0.01049685
0.01043987
0.01039791
0.01044512
0.01040697
0.01041317
0.01035237
0.01043248
0.01049685
0.01041627
0.01047111
0.01051188
0.01035190
0.01044130
0.01066852
0.01052761
0.01050973
0.01045799
0.01042414
0.01044607
0.01048565
0.01049304
0.01042318
0.01047325
0.01048613
0.01042700
0.01046348
0.01042151
0.01045227
0.01052260
0.01049447
0.01032925
0.01050401
0.01045823
0.01054096
0.01041341
0.01045561
0.01046515
0.01040411
0.01042342
0.01043296
0.01043200
0.01048470
0.01049185
0.01047778
0.01042128
0.01049614
0.01043487
0.01050973
0.01040745
0.01039267
0.01046515
0.01065636
0.01042318
0.01042962
0.01045513
0.01041055
0.01045489
0.01045775
0.01047158
0.01049304
0.01044726
0.01036549
0.01045609
0.01047325
0.01044464
0.01063490
0.01047111
0.01047802
0.01053429
0.01039767
0.01054335
0.01052165
0.01044726
0.01045299
0.01046228
0.01053810
0.01054096
0.01045322
0.01049852
0.01057482
0.01045990
0.01045346
0.01046991
0.01039600
0.01056194
0.01047087
0.01042867
0.01043415
0.01046276
0.01049447
0.01038957
0.01036930
0.01047683
0.01045227
0.01042414
0.01045728
0.01046491
0.01053810
0.01051593
0.01045585
0.01050138
0.01040745
0.01047230
0.01060462
0.01044822
0.01050758
0.01048923
0.01050138
0.03086901
0.03092122
0.02422714
0.01899314
0.01526356
0.01321554
0.01147270
0.01067185
0.01049161
0.01036096
0.01051211
0.01046181
0.01047778
0.01043820
0.01049447
0.01055551
0.01037860
0.01040578
0.01043272
0.01046062
0.01045442
0.01046729
0.01045179
0.01050377
0.01042366
0.01044464
0.01040769
0.01051044
0.01045227
0.01043272
0.01041055
0.01038170
0.01039529
0.01055384
0.01033831
0.01043272
0.01040959
0.01050520
0.01039648
0.01042414
0.01046443
0.01049542
0.01043582
0.01036835
0.01039934
0.01041818
0.01054525
0.01041842
0.01035166
0.01043487
0.01054716
0.01042676
0.01031566
0.01043105
0.01046944
0.01035857
0.01038694
0.01041460
0.01037240
0.01043892
0.01037550
0.01047039
0.01046753
0.01050448
0.01044297
0.01047802
0.01041722
0.01052880
0.01044345
0.01049852
0.01054811
0.01050425
0.01049829
0.01051807
0.01042700
0.01044250
0.01047349
0.01057887
0.01664233
0.01232314
0.01116991
0.01055789
0.01052237
0.01047397
0.01046300
0.01046538
0.01045918
0.01044393
0.01036739
0.01041508
0.01041603
0.01040268
0.01034069
0.01050591
0.01036596
0.01045990
0.01037741
0.01048565
0.01044154
0.01053977
0.01044250
0.01048946
0.01049805
0.01042628
0.01059413
0.01047492
0.01039267
0.01052999
0.01046681
0.01041436
0.01051092
0.01045179
0.01058388
0.01055288
0.01044750
0.01054001
0.01046681
0.01054692
0.01056361
0.01076818
0.01051664
0.01057410
0.01062822
0.01051736
0.01053429
0.01056814
0.01033163
0.01038098
0.01057482
0.01053023
0.01044154
0.01048970
0.01040077
0.01053858
0.01060891
0.01037073
0.01037288
0.01054287
0.01049280
0.01044059
0.01051140
0.01042652
0.01047730
0.01063919
0.01042676
0.01049995
0.01051784
0.01048183
0.01037621
0.01044750
0.01042485
0.01045370
0.01050830
0.01044202
0.01048923
0.01042271
0.01041293
0.01048446
0.01051402
0.01050544
0.01052189
0.01047873
0.01037002
0.01048565
0.01053452
0.01047373
0.01037765
0.01040816
0.01047659
0.01042652
0.01050067
0.01033998
0.01046824
0.01045203
0.01042295
0.01036930
0.01036096
0.01036882
0.01045799
0.01042485
0.01039386
0.01039028
0.01049995
0.01040053
0.01045442
0.01049304
0.01050115
0.01056314
0.01038098
0.01044774
0.01047540
0.01044583
0.01045990
0.01045465
0.01050735
0.01043344
0.01047683
0.01040053
0.01041579
0.01038241
0.01046276
0.01041102
0.01041245
0.01051521
0.01034760
0.01043344
0.01036811
0.01034760
0.01034737
0.01051760
0.01033020
0.01033211
0.01040149
0.01041102
0.01036572
0.01034021
0.01034999
0.01041102
0.01044559
0.01047254
0.01047373
0.01055408
0.01048064
0.01041627
0.01032758
0.01040339
0.01038098
0.01042747
0.01033759
0.01044393
0.01042390
0.01040697
0.01039314
0.01044679
0.01036572
0.01051998
0.01039410
0.01035643
0.01038527
0.01043034
0.01032329
0.01038218
0.01034451
0.01042056
0.01043797
0.01033759
0.01037216
0.01053405
0.01052380
0.01045775
0.01039219
0.01040387
0.01036835
0.01046538
0.01039982
0.01044536
0.01036310
0.01043415
0.01032376
0.01046395
0.01039028
0.01041126
0.01045489
0.01040745
0.01040173
0.01047134
0.01039171
0.01032877
0.01048279
0.01045537
0.01040220
0.01031756
0.01037788
0.01050043
0.01046252
0.01040721
0.01039004
0.01039314
0.01035929
0.01032495
0.01043892
0.01034307
0.01034713
0.01037788
0.01036525
0.01034451
0.01045656
0.01032615
0.01028895
0.01046801
0.01040030
0.01032448
0.01038170
0.01033115
0.01033759
0.01033521
0.01043081
0.01024508
0.01047850
0.01043463
0.01026297
0.01041651
0.01030517
0.01043034
0.01037216
0.01039743
0.01037908
0.01049852
0.01033640
0.01045418
0.01038909
0.01030850
0.01051641
0.01051044
0.01048303
0.01039004
0.01034212
0.01041150
0.01043272
0.01033664
0.01039505
0.01041317
0.01046419
0.01038599
0.01035023
0.01040411
0.01041770
0.01036811
0.01035714
0.01043487
0.01045251
0.01035714
0.01041031
0.01042008
0.01029539
0.01039124
0.01038980
0.01049113
0.01048279
0.01040053
0.01058507
0.01041436
0.01032257
0.01044154
0.01041174
0.01049423
0.01029444
0.01047325
0.01052785
0.01036644
0.01030397
0.01052999
0.01041317
0.01038074
0.01037240
0.01035333
0.01046705
0.01035166
0.01038194
0.01037025
0.01046562
0.01040959
0.01043320
0.01046872
0.01036620
0.01036906
0.01046205
0.01032090
0.01039767
0.01031852
0.01043367
0.01048183
0.01039195
0.01038599
0.01041079
0.01051021
0.01029396
0.01040268
0.01045275
0.01043224
0.01042604
0.01045465
0.01042008
0.01047683
0.01032972
0.01039815
0.01044989
0.01047325
0.01042604
0.01036572
0.01037645
0.01038575
0.01048756
0.01040220
0.01040006
0.01052594
0.01042628
0.01041651
0.01036525
0.01051927
0.01039195
0.01042342
0.01054454
0.01056266
0.01042366
0.01042199
0.01037359
0.01038694
0.01034403
0.01032233
0.01042509
0.01047850
0.01063538
0.01044512
0.01047421
0.01047325
0.01038170
0.01044607
0.01045012
0.01044559
0.01045275
0.01047015
0.01042604
0.01044345
0.01038742
0.01039004
0.01041913
0.01053047
0.01036882
0.01045489
0.01042295
0.01067400
0.01046538
0.01052046
0.01041651
0.01045418
0.01048422
0.01044607
0.01049304
0.01051044
0.01133156
0.01255417
0.01307940
0.01305747
0.01304197
0.01222491
0.01148033
0.01050019
0.01052022
0.01044941
0.01039171
0.01044774
0.01050878
0.01049447
0.01046038
0.01045561
0.01042747
0.01052070
0.01041579
0.01037836
0.01041174
0.01046634
0.01051998
0.01045990
0.01042390
0.01043653
0.01045775
0.01047778
0.01037765
0.01045537
0.01042938
0.01053309
0.01038527
0.01048326
0.01040006
0.01045394
0.01050591
0.01038480
0.01045418
0.01042867
0.01051092
0.01037645
0.01040530
0.01042676
0.01044416
0.01045203
0.01043773
0.01059484
0.01049471
0.01049185
0.01038790
0.01039934
0.01042867
0.01046991
0.01035333
0.01038504
0.01051188
0.01048326
0.01046944
0.01035762
0.01036024
0.01046729
0.01048779
0.01044416
0.01033044
0.01049805
0.01044965
0.01048970
0.01033020
0.01039767
0.01039004
0.01042604
0.01042509
0.01041317
0.01042628
0.01058722
0.01031756
0.01041985
0.01037049
0.01041746
0.01048589
0.01036978
0.01046467
0.01045418
0.01049280
0.01041603
0.01037908
0.01045680
0.01044106
0.01048064
0.01038861
0.01047468
0.01046658
0.01052833
0.01043320
0.01044345
0.01046348
0.01041532
0.01055551
0.01036286
0.01037574
0.01041651
0.01044345
0.01036859
0.01035357
0.01038837
0.01034403
0.01044035
0.01037645
0.01048398
0.01048875
0.01049566
0.01032853
0.01036000
0.01044440
0.01041341
0.01039243
0.01041222
0.01034260
0.01053214
0.01040530
0.01037312
0.01041055
0.01039410
0.01051903
0.01034474
0.01045799
0.01037574
0.01052642
0.01045370
0.01035690
0.01041698
0.01045370
0.01035070
0.01034904
0.01040077
0.01039410
0.01054883
0.01044774
0.01041818
0.01039505
0.01043510
0.01042819
0.01800299
0.01663852
0.01664424
0.01557732
0.01342750
0.01211452
0.01094151
0.01044917
