176.000,75.000,47.000,102.000
174.559,78.171,47.000,102.000
173.694,81.342,47.000,102.000
171.676,83.360,47.000,102.000
170.235,85.378,47.000,102.000
168.793,87.972,47.000,102.000
167.928,89.990,47.000,102.000
165.911,89.125,47.000,102.000
163.316,87.684,47.000,102.000
160.145,84.513,47.000,102.000
155.245,79.612,47.000,102.000
152.074,78.171,47.000,102.000
148.326,77.883,47.000,102.000
145.732,77.018,47.000,102.000
142.561,72.694,47.000,102.000
139.966,68.370,47.000,102.000
138.525,65.199,47.000,102.000
135.931,62.028,47.000,102.000
133.913,59.434,47.000,102.000
133.048,59.145,47.000,102.000
132.183,58.280,47.000,102.000
133.048,60.298,47.000,102.000
133.336,64.622,47.000,102.000
134.778,68.946,47.000,102.000
133.336,74.423,47.000,102.000
134.778,78.171,47.000,102.000
135.642,77.306,47.000,102.000
134.201,74.712,47.000,102.000
135.066,68.082,47.000,102.000
134.778,61.451,47.000,102.000
135.642,51.939,47.000,102.000
134.201,48.768,47.000,102.000
136.795,46.173,47.000,102.000
138.237,43.579,47.000,102.000
139.102,40.408,47.000,102.000
138.813,41.849,47.000,102.000
142.561,40.984,47.000,102.000
142.273,43.579,47.000,102.000
143.714,49.056,47.000,102.000
142.273,53.380,47.000,102.000
140.831,57.704,47.000,102.000
141.696,61.451,47.000,102.000
137.886,70.791,48.040,104.257
139.949,75.210,48.040,104.257
137.297,76.684,48.040,104.257
135.234,76.978,48.040,104.257
132.583,72.559,48.040,104.257
133.467,71.675,48.040,104.257
130.225,69.612,48.040,104.257
127.574,67.550,48.040,104.257
124.333,70.201,48.040,104.257
122.270,71.675,48.040,104.257
120.797,73.148,48.040,104.257
121.681,73.443,48.040,104.257
122.565,73.148,48.040,104.257
123.449,72.264,48.040,104.257
124.922,70.201,48.040,104.257
126.984,68.728,48.040,104.257
130.225,70.791,48.040,104.257
132.288,68.728,48.040,104.257
134.351,69.612,48.040,104.257
137.002,67.550,48.040,104.257
143.502,60.588,49.103,106.563
146.815,55.468,49.103,106.563
150.333,50.852,50.189,108.921
152.653,49.967,51.300,111.331
154.855,45.247,51.300,111.331
155.799,46.820,51.300,111.331
158.001,42.730,51.300,111.331
160.204,43.045,51.300,111.331
164.294,43.989,51.300,111.331
167.126,42.415,51.300,111.331
168.844,42.163,52.435,113.794
171.095,41.842,52.435,113.794
174.632,43.450,52.435,113.794
176.884,45.701,52.435,113.794
176.637,47.445,53.595,116.312
176.966,51.718,53.595,116.312
174.665,56.649,53.595,116.312
176.309,59.607,53.595,116.312
174.010,59.344,54.780,118.885
175.845,53.497,55.993,121.516
173.444,47.521,57.231,124.204
175.199,45.766,57.231,124.204
175.550,46.117,57.231,124.204
176.603,45.766,57.231,124.204
177.656,44.713,57.231,124.204
175.199,43.660,57.231,124.204
174.848,41.904,57.231,124.204
175.199,40.149,57.231,124.204
171.337,38.394,57.231,124.204
174.497,39.447,57.231,124.204
171.337,39.096,57.231,124.204
172.391,37.341,57.231,124.204
169.231,39.096,57.231,124.204
167.476,38.745,57.231,124.204
168.529,38.394,57.231,124.204
168.880,42.255,57.231,124.204
168.529,46.819,57.231,124.204
166.774,49.276,57.231,124.204
167.125,52.435,57.231,124.204
165.370,54.190,57.231,124.204
164.317,57.349,57.231,124.204
161.860,54.892,57.231,124.204
161.509,51.733,57.231,124.204
157.648,49.978,57.231,124.204
150.978,42.607,57.231,124.204
144.309,37.341,57.231,124.204
141.150,34.182,57.231,124.204
138.692,31.725,57.231,124.204
134.831,31.374,57.231,124.204
132.374,33.831,57.231,124.204
132.725,34.884,57.231,124.204
133.076,37.341,57.231,124.204
132.023,45.415,57.231,124.204
134.480,51.382,57.231,124.204
134.129,57.349,57.231,124.204
136.586,59.104,57.231,124.204
136.235,51.031,57.231,124.204
135.884,42.958,57.231,124.204
137.639,36.288,57.231,124.204
138.692,28.917,57.231,124.204
137.639,22.949,57.231,124.204
139.265,20.552,56.011,121.556
140.982,17.460,56.011,121.556
142.145,12.908,57.250,124.245
143.198,11.152,57.250,124.245
143.549,15.015,57.250,124.245
141.091,19.579,57.250,124.245
140.740,24.846,57.250,124.245
141.794,34.327,57.250,124.245
142.145,40.296,57.250,124.245
139.687,45.563,57.250,124.245
137.931,50.128,57.250,124.245
135.473,57.502,57.250,124.245
133.718,59.960,57.250,124.245
135.473,58.204,57.250,124.245
135.122,57.853,57.250,124.245
136.878,52.586,57.250,124.245
138.633,51.533,57.250,124.245
140.389,52.586,57.250,124.245
140.038,52.235,57.250,124.245
141.794,56.800,57.250,124.245
143.549,56.449,57.250,124.245
144.603,58.907,57.250,124.245
147.763,59.258,57.250,124.245
151.625,60.311,57.250,124.245
153.381,57.853,57.250,124.245
153.732,56.097,57.250,124.245
156.190,55.044,57.250,124.245
157.946,51.182,57.250,124.245
158.297,52.937,57.250,124.245
159.485,49.741,58.517,126.994
161.444,50.198,59.811,129.804
166.947,43.962,59.811,129.804
169.515,39.927,59.811,129.804
171.349,38.092,59.811,129.804
172.450,35.524,59.811,129.804
173.691,28.379,61.135,132.676
174.816,30.254,61.135,132.676
175.941,29.129,61.135,132.676
174.098,28.829,62.487,135.611
178.313,28.445,62.487,135.611
180.996,23.463,62.487,135.611
180.703,25.542,63.870,138.611
178.777,26.040,65.283,141.678
181.580,29.644,65.283,141.678
180.378,35.650,65.283,141.678
179.177,41.656,65.283,141.678
176.374,45.260,65.283,141.678
178.376,40.855,65.283,141.678
176.408,40.534,66.727,144.813
176.817,36.032,66.727,144.813
175.589,33.986,66.727,144.813
175.999,31.940,66.727,144.813
175.589,31.530,66.727,144.813
176.817,33.577,66.727,144.813
174.771,33.167,66.727,144.813
171.906,30.303,66.727,144.813
172.315,31.530,66.727,144.813
171.087,31.940,66.727,144.813
171.497,33.986,66.727,144.813
172.724,27.847,66.727,144.813
170.678,30.712,66.727,144.813
172.724,27.029,66.727,144.813
172.315,32.349,66.727,144.813
174.362,29.484,66.727,144.813
173.952,34.805,66.727,144.813
175.180,33.577,66.727,144.813
173.952,39.716,66.727,144.813
173.543,44.218,66.727,144.813
174.771,48.719,66.727,144.813
171.087,49.129,66.727,144.813
169.860,47.082,66.727,144.813
163.721,41.762,66.727,144.813
160.037,37.260,66.727,144.813
156.354,33.577,66.727,144.813
151.852,29.893,66.727,144.813
144.894,25.391,66.727,144.813
140.393,24.164,66.727,144.813
138.346,26.210,66.727,144.813
136.296,27.360,65.304,141.725
134.294,34.169,65.304,141.725
133.092,37.774,65.304,141.725
133.493,42.981,65.304,141.725
133.092,49.790,65.304,141.725
137.498,53.394,65.304,141.725
136.296,46.585,65.304,141.725
138.299,38.975,65.304,141.725
137.899,32.166,65.304,141.725
140.702,23.755,65.304,141.725
141.904,18.548,65.304,141.725
144.708,14.142,65.304,141.725
141.904,8.935,65.304,141.725
145.509,5.330,65.304,141.725
145.108,7.333,65.304,141.725
146.310,9.335,65.304,141.725
144.307,14.542,65.304,141.725
146.310,22.153,65.304,141.725
142.705,28.962,65.304,141.725
142.304,35.771,65.304,141.725
140.302,40.978,65.304,141.725
135.896,47.787,65.304,141.725
133.893,52.193,65.304,141.725
130.288,50.190,65.304,141.725
