40.000,199.000,61.000,103.000
40.320,198.039,61.000,103.000
40.640,197.719,61.000,103.000
39.039,197.399,61.000,103.000
40.000,197.719,61.000,103.000
39.039,195.478,61.000,103.000
39.360,197.079,61.000,103.000
39.039,194.197,61.000,103.000
38.079,195.798,61.000,103.000
38.399,192.276,61.000,103.000
38.079,193.237,61.000,103.000
37.118,189.075,61.000,103.000
38.079,185.553,61.000,103.000
36.478,180.750,61.000,103.000
37.439,174.667,61.000,103.000
36.478,166.662,61.000,103.000
36.798,159.938,61.000,103.000
37.118,153.215,61.000,103.000
38.719,146.491,61.000,103.000
40.320,139.767,61.000,103.000
42.561,131.763,61.000,103.000
44.162,125.679,61.000,103.000
47.044,119.596,61.000,103.000
50.566,114.153,61.000,103.000
54.088,108.710,61.000,103.000
58.396,100.595,62.350,105.279
62.799,95.016,63.729,107.608
69.155,89.999,63.729,107.608
75.043,83.603,65.139,109.989
80.353,78.484,66.580,112.423
85.595,73.941,66.580,112.423
90.297,72.335,68.053,114.910
96.370,66.262,68.053,114.910
102.658,59.432,69.559,117.452
110.601,60.027,71.098,120.051
121.042,53.665,72.671,122.707
132.104,51.758,72.671,122.707
142.403,49.851,72.671,122.707
151.939,47.944,72.671,122.707
160.712,43.748,72.671,122.707
170.248,46.418,72.671,122.707
179.021,43.748,72.671,122.707
188.110,43.578,74.279,125.422
197.857,41.628,74.279,125.422
208.384,46.697,74.279,125.422
215.791,43.188,74.279,125.422
223.199,39.679,74.279,125.422
229.827,42.408,74.279,125.422
236.455,44.358,74.279,125.422
242.303,47.087,74.279,125.422
248.151,45.137,74.279,125.422
252.440,49.426,74.279,125.422
255.949,52.155,74.279,125.422
260.237,54.104,74.279,125.422
263.746,55.274,74.279,125.422
266.475,56.444,74.279,125.422
269.984,57.613,74.279,125.422
274.273,59.563,74.279,125.422
278.561,62.292,74.279,125.422
282.850,66.580,74.279,125.422
286.359,70.869,74.279,125.422
290.648,74.378,74.279,125.422
293.377,79.446,74.279,125.422
297.665,84.515,74.279,125.422
301.954,89.583,74.279,125.422
307.022,93.872,74.279,125.422
312.091,98.940,74.279,125.422
317.939,104.009,74.279,125.422
323.007,109.077,74.279,125.422
328.076,114.925,74.279,125.422
333.144,119.214,74.279,125.422
337.433,125.062,74.279,125.422
341.721,130.910,74.279,125.422
345.230,139.097,74.279,125.422
349.519,145.725,74.279,125.422
353.028,152.353,74.279,125.422
354.977,158.201,74.279,125.422
358.486,164.050,74.279,125.422
358.096,170.677,74.279,125.422
361.605,176.526,74.279,125.422
360.518,181.996,72.695,122.747
363.189,186.194,72.695,122.747
360.518,190.391,72.695,122.747
362.426,193.825,72.695,122.747
359.755,194.970,72.695,122.747
358.691,198.117,71.145,120.130
358.318,195.503,71.145,120.130
358.691,198.117,71.145,120.130
356.824,194.756,71.145,120.130
356.451,192.889,71.145,120.130
356.077,191.022,71.145,120.130
358.691,187.661,71.145,120.130
356.824,186.541,71.145,120.130
360.185,183.180,71.145,120.130
359.812,179.819,71.145,120.130
361.679,177.952,71.145,120.130
361.305,173.845,71.145,120.130
365.413,171.231,71.145,120.130
364.293,166.376,71.145,120.130
369.010,162.978,69.628,117.568
367.183,158.227,69.628,117.568
368.280,152.745,69.628,117.568
366.452,146.532,69.628,117.568
366.087,141.050,69.628,117.568
364.990,136.299,69.628,117.568
362.432,130.086,69.628,117.568
359.874,128.259,69.628,117.568
355.854,124.239,69.628,117.568
351.103,119.488,69.628,117.568
346.162,114.775,71.168,120.169
341.306,113.654,71.168,120.169
336.450,114.775,71.168,120.169
328.299,111.508,72.743,122.828
321.044,113.417,72.743,122.828
313.790,111.508,72.743,122.828
305.459,108.168,74.352,125.545
296.943,108.804,75.997,128.323
290.162,106.810,75.997,128.323
282.583,109.602,75.997,128.323
275.802,108.405,75.997,128.323
268.223,108.006,75.997,128.323
261.442,109.203,75.997,128.323
255.458,109.602,75.997,128.323
250.273,111.596,75.997,128.323
245.087,111.197,75.997,128.323
239.104,112.394,75.997,128.323
233.918,113.591,75.997,128.323
230.328,114.787,75.997,128.323
226.738,116.782,75.997,128.323
223.946,119.574,75.997,128.323
222.749,123.962,75.997,128.323
219.957,126.754,75.997,128.323
217.962,128.749,75.997,128.323
216.708,131.882,77.679,131.162
215.484,136.366,77.679,131.162
216.708,140.036,77.679,131.162
215.484,144.521,77.679,131.162
218.339,149.006,77.679,131.162
221.193,147.783,77.679,131.162
224.862,151.452,77.679,131.162
226.901,149.413,77.679,131.162
233.016,152.268,77.679,131.162
237.501,151.044,77.679,131.162
243.617,149.821,77.679,131.162
248.102,153.491,77.679,131.162
251.772,150.637,77.679,131.162
257.072,147.783,77.679,131.162
263.188,150.637,77.679,131.162
269.303,150.229,77.679,131.162
276.235,151.452,77.679,131.162
282.350,154.306,77.679,131.162
285.204,155.529,77.679,131.162
290.505,155.937,77.679,131.162
295.656,159.300,76.022,128.365
300.697,159.515,74.401,125.628
303.431,161.468,74.401,125.628
307.612,164.689,72.814,122.949
312.440,167.106,71.261,120.327
309.822,169.724,71.261,120.327
314.684,167.854,71.261,120.327
313.562,170.472,71.261,120.327
315.432,172.342,71.261,120.327
316.555,168.976,71.261,120.327
319.117,172.782,69.742,117.761
320.947,169.488,69.742,117.761
323.510,169.854,69.742,117.761
326.072,167.291,69.742,117.761
329.286,169.606,68.254,115.249
333.812,168.417,66.799,112.792
337.668,168.067,66.799,112.792
340.824,167.015,66.799,112.792
345.382,167.365,66.799,112.792
347.836,163.509,66.799,112.792
352.394,165.262,66.799,112.792
356.952,164.911,66.799,112.792
362.211,166.664,66.799,112.792
366.769,164.210,66.799,112.792
372.730,165.963,66.799,112.792
377.989,167.716,66.799,112.792
381.846,161.756,66.799,112.792
386.404,160.002,66.799,112.792
389.559,158.951,66.799,112.792
393.416,156.496,66.799,112.792
397.974,152.640,66.799,112.792
403.233,150.185,66.799,112.792
406.389,149.133,66.799,112.792
410.246,147.380,66.799,112.792
414.102,147.030,66.799,112.792
417.258,145.277,66.799,112.792
419.712,142.121,66.799,112.792
422.868,140.368,66.799,112.792
426.023,142.121,66.799,112.792
427.075,138.966,66.799,112.792
429.529,140.719,66.799,112.792
431.282,139.667,66.799,112.792
433.036,140.017,66.799,112.792
435.490,141.771,66.799,112.792
435.840,142.822,66.799,112.792
438.295,142.472,66.799,112.792
439.347,143.524,66.799,112.792
441.801,144.575,66.799,112.792
444.255,145.627,66.799,112.792
445.307,143.173,66.799,112.792
447.060,144.225,66.799,112.792
448.813,141.069,66.799,112.792
449.164,139.316,66.799,112.792
448.112,135.459,66.799,112.792
449.865,130.901,66.799,112.792
449.515,124.941,66.799,112.792
449.164,118.279,66.799,112.792
446.710,110.215,66.799,112.792
446.359,104.255,66.799,112.792
442.502,100.398,66.799,112.792
439.347,95.139,66.799,112.792
436.191,87.776,66.799,112.792
430.231,77.608,66.799,112.792
423.569,72.349,66.799,112.792
415.919,67.100,68.277,115.287
405.526,62.441,68.277,115.287
395.850,59.216,68.277,115.287
381.157,56.707,68.277,115.287
367.897,51.331,68.277,115.287
352.487,54.557,68.277,115.287
336.360,52.048,68.277,115.287
319.517,45.956,68.277,115.287
301.240,41.297,68.277,115.287
285.113,38.072,68.277,115.287
266.882,39.399,69.788,117.838
251.131,39.765,69.788,117.838
235.381,34.271,69.788,117.838
218.119,37.999,68.299,115.325
199.836,36.206,68.299,115.325
181.553,26.527,68.299,115.325
165.421,18.999,68.299,115.325
150.723,15.055,68.299,115.325
141.760,19.716,68.299,115.325
129.930,23.659,68.299,115.325
121.329,22.470,66.843,112.866
106.243,19.312,66.843,112.866
97.131,22.796,68.322,115.363
88.166,27.458,68.322,115.363
81.353,23.513,68.322,115.363
73.528,27.818,69.833,117.915
67.296,33.316,69.833,117.915
58.538,36.194,71.378,120.524
52.918,41.065,71.378,120.524
46.549,45.186,71.378,120.524
43.177,50.806,71.378,120.524
39.805,57.175,71.378,120.524
37.183,63.544,71.378,120.524
32.895,68.041,72.958,123.191
30.214,74.551,72.958,123.191
26.002,80.295,72.958,123.191
23.321,87.571,72.958,123.191
19.109,93.315,72.958,123.191
12.599,100.591,72.958,123.191
6.855,105.569,72.958,123.191
3.409,110.548,72.958,123.191
0.728,115.526,72.958,123.191
-1.953,120.504,72.958,123.191
-3.101,124.716,72.958,123.191
-3.484,127.397,72.958,123.191
-2.336,130.843,72.958,123.191
-2.665,134.741,71.402,120.564
-1.541,137.364,71.402,120.564
1.027,140.456,69.879,117.993
3.540,144.895,68.389,115.476
3.899,147.408,68.389,115.476
7.129,151.357,68.389,115.476
11.664,157.086,66.930,113.014
16.780,162.693,65.503,110.604
19.874,168.538,65.503,110.604
23.656,180.571,65.503,110.604
26.750,186.416,65.503,110.604
29.157,189.510,65.503,110.604
31.564,192.604,65.503,110.604
32.595,195.699,65.503,110.604
34.314,196.043,65.503,110.604
36.033,198.449,65.503,110.604
37.752,199.481,65.503,110.604
38.784,200.512,65.503,110.604
39.815,199.481,65.503,110.604
40.847,201.887,65.503,110.604
41.878,199.481,65.503,110.604
42.222,202.575,65.503,110.604
43.941,204.294,65.503,110.604
44.285,205.326,65.503,110.604
43.253,208.420,65.503,110.604
44.285,210.139,65.503,110.604
43.941,212.546,65.503,110.604
45.660,211.514,65.503,110.604
44.629,214.609,65.503,110.604
45.660,213.577,65.503,110.604
45.316,215.984,65.503,110.604
46.348,214.952,65.503,110.604
46.004,216.671,65.503,110.604
49.098,220.453,65.503,110.604
47.379,219.422,65.503,110.604
49.098,223.204,65.503,110.604
50.817,220.797,65.503,110.604
49.098,224.579,65.503,110.604
51.505,226.298,65.503,110.604
50.473,224.579,65.503,110.604
51.505,229.736,65.503,110.604
51.849,229.393,65.503,110.604
51.505,229.049,65.503,110.604
53.197,233.211,64.106,108.245
52.861,235.566,64.106,108.245
53.870,238.594,64.106,108.245
52.861,239.604,64.106,108.245
55.815,244.325,62.739,105.937
55.485,247.289,62.739,105.937
56.473,250.911,62.739,105.937
54.827,256.510,62.739,105.937
57.791,258.815,62.739,105.937
59.412,262.166,61.401,103.678
57.800,263.778,61.401,103.678
59.412,262.811,61.401,103.678
58.445,265.711,61.401,103.678
60.701,267.323,61.401,103.678
63.530,266.875,60.092,101.467
60.691,268.452,60.092,101.467
62.899,268.137,60.092,101.467
60.691,271.606,60.092,101.467
63.460,271.776,58.810,99.303
64.385,276.108,57.556,97.185
63.478,277.014,57.556,97.185
65.593,276.108,57.556,97.185
64.687,278.222,57.556,97.185
66.802,276.108,57.556,97.185
63.344,278.480,58.830,99.335
64.270,278.172,58.830,99.335
61.377,278.034,60.131,101.533
56.455,275.928,61.462,103.780
50.085,276.454,62.822,106.076
53.053,275.464,62.822,106.076
50.647,275.317,64.211,108.423
47.614,277.002,64.211,108.423
48.625,276.665,64.211,108.423
48.288,277.676,64.211,108.423
35.818,207.237,64.211,108.423
37.503,204.203,64.211,108.423
36.492,205.214,64.211,108.423
37.530,205.064,65.632,110.821
37.185,201.964,65.632,110.821
36.152,203.686,65.632,110.821
37.874,204.030,65.632,110.821
37.530,204.375,65.632,110.821
37.185,204.719,65.632,110.821
36.841,201.619,65.632,110.821
36.496,203.341,65.632,110.821
37.557,203.903,67.084,113.273
37.909,201.438,67.084,113.273
37.557,203.903,67.084,113.273
37.909,204.255,67.084,113.273
38.285,202.408,65.654,110.858
38.630,204.131,65.654,110.858
40.353,205.165,65.654,110.858
40.698,202.063,65.654,110.858
42.474,202.625,67.106,113.311
44.235,199.455,67.106,113.311
43.127,200.759,68.591,115.818
44.927,197.519,68.591,115.818
41.554,198.852,70.109,118.380
44.130,194.069,70.109,118.380
41.554,196.644,70.109,118.380
43.394,197.012,70.109,118.380
44.498,192.965,70.109,118.380
43.394,195.540,70.109,118.380
45.915,192.192,68.613,115.856
46.275,194.713,68.613,115.856
47.384,197.541,70.132,118.419
47.752,200.118,70.132,118.419
49.593,204.167,70.132,118.419
50.697,206.744,70.132,118.419
48.857,201.222,70.132,118.419
50.697,196.437,70.132,118.419
49.593,192.388,70.132,118.419
49.225,188.339,70.132,118.419
50.329,182.817,70.132,118.419
50.697,176.559,70.132,118.419
52.538,166.620,70.132,118.419
53.642,158.154,70.132,118.419
54.746,149.687,70.132,118.419
56.587,145.638,70.132,118.419
59.164,140.117,70.132,118.419
61.740,131.650,70.132,118.419
66.526,123.920,70.132,118.419
71.311,117.662,70.132,118.419
76.097,113.613,70.132,118.419
83.091,109.564,70.132,118.419
89.348,105.515,70.132,118.419
95.606,101.465,70.132,118.419
101.864,98.889,70.132,118.419
110.330,95.576,70.132,118.419
115.283,96.175,71.683,121.039
126.195,92.036,71.683,121.039
135.941,94.211,73.269,123.717
149.401,99.979,73.269,123.717
160.932,95.738,71.707,121.079
172.217,99.569,70.178,118.496
187.319,98.464,70.178,118.496
202.422,103.252,70.178,118.496
214.176,107.711,68.681,115.970
226.072,102.304,68.681,115.970
236.527,104.106,68.681,115.970
249.144,106.630,68.681,115.970
257.435,109.874,68.681,115.970
265.005,115.281,68.681,115.970
274.018,119.968,68.681,115.970
282.309,123.933,68.681,115.970
287.716,129.341,68.681,115.970
291.682,136.190,68.681,115.970
294.288,142.013,70.201,118.535
296.131,149.751,70.201,118.535
297.236,154.541,70.201,118.535
296.867,159.331,70.201,118.535
293.551,164.121,70.201,118.535
291.709,168.912,70.201,118.535
288.393,172.965,70.201,118.535
285.076,177.018,70.201,118.535
281.023,178.860,70.201,118.535
277.707,179.229,70.201,118.535
272.917,178.860,70.201,118.535
271.075,179.966,70.201,118.535
268.627,182.295,68.704,116.008
263.939,179.771,68.704,116.008
265.021,181.574,68.704,116.008
261.930,181.073,67.238,113.534
259.459,183.543,67.238,113.534
255.577,183.190,67.238,113.534
255.224,185.661,67.238,113.534
252.754,186.014,67.238,113.534
253.131,190.286,65.805,111.113
250.022,189.250,65.805,111.113
250.368,193.049,65.805,111.113
247.950,194.085,65.805,111.113
248.295,196.503,65.805,111.113
249.330,198.021,64.401,108.743
247.640,199.035,64.401,108.743
245.949,198.021,64.401,108.743
248.265,202.764,63.028,106.424
246.611,203.756,63.028,106.424
244.957,204.749,63.028,106.424
244.672,206.840,61.684,104.155
245.642,208.887,60.368,101.933
245.370,209.668,59.081,99.760
244.439,211.839,59.081,99.760
245.368,215.593,57.821,97.632
242.637,213.468,57.821,97.632
245.301,218.312,56.588,95.550
243.328,217.327,55.381,93.513
244.200,218.780,55.381,93.513
243.389,217.256,54.200,91.518
242.536,215.265,54.200,91.518
240.545,211.566,54.200,91.518
238.553,206.730,54.200,91.518
235.993,201.894,54.200,91.518
233.917,192.322,55.399,93.543
237.698,185.634,55.399,93.543
234.973,178.264,56.625,95.613
237.648,164.295,56.625,95.613
237.351,153.892,56.625,95.613
239.431,147.056,56.625,95.613
240.323,136.059,56.625,95.613
243.592,131.007,56.625,95.613
245.741,123.473,57.878,97.728
248.475,115.879,57.878,97.728
251.817,111.322,57.878,97.728
254.551,107.980,57.878,97.728
259.108,105.854,57.878,97.728
263.057,102.512,57.878,97.728
267.006,104.031,57.878,97.728
270.956,100.082,57.878,97.728
274.905,101.601,57.878,97.728
278.247,98.259,57.878,97.728
283.411,99.778,57.878,97.728
287.968,100.689,57.878,97.728
291.310,103.423,57.878,97.728
292.245,106.440,59.158,99.891
292.557,110.167,60.467,102.101
290.335,114.928,60.467,102.101
287.479,119.054,60.467,102.101
284.623,123.814,60.467,102.101
280.332,134.868,61.805,104.360
276.114,147.520,61.805,104.360
271.055,161.511,63.173,106.669
263.132,176.500,64.570,109.029
258.048,183.617,64.570,109.029
252.287,197.513,64.570,109.029
240.425,210.052,64.570,109.029
232.326,221.153,65.999,111.441
224.049,224.593,67.459,113.906
211.656,229.904,67.459,113.906
203.930,236.358,68.952,116.427
188.523,237.699,70.477,119.003
186.673,232.890,70.477,119.003
182.440,221.979,72.037,121.636
182.061,210.257,72.037,121.636
181.683,200.048,72.037,121.636
186.599,186.058,72.037,121.636
190.002,178.874,72.037,121.636
191.892,171.690,72.037,121.636
196.051,165.263,72.037,121.636
199.454,159.591,72.037,121.636
203.757,154.715,73.630,124.327
208.781,145.826,73.630,124.327
213.981,140.842,75.259,127.077
219.296,135.748,76.925,129.889
226.968,130.499,76.925,129.889
234.639,131.710,76.925,129.889
243.926,129.691,76.925,129.889
252.709,132.024,78.627,132.763
260.551,133.263,78.627,132.763
272.954,137.360,80.366,135.700
283.882,139.798,82.144,138.703
297.247,145.403,82.144,138.703
311.476,151.008,82.144,138.703
323.117,156.613,82.144,138.703
340.795,160.493,82.144,138.703
356.747,162.649,82.144,138.703
364.939,164.805,82.144,138.703
378.305,162.649,82.144,138.703
390.809,159.631,82.144,138.703
399.001,157.475,82.144,138.703
407.193,157.906,82.144,138.703
414.523,154.888,82.144,138.703
418.403,154.457,82.144,138.703
421.421,149.714,82.144,138.703
422.713,146.622,80.393,135.745
420.603,141.136,80.393,135.745
418.493,135.651,80.393,135.745
413.851,128.478,80.393,135.745
408.366,128.899,80.393,135.745
399.505,121.726,80.393,135.745
389.799,118.772,80.393,135.745
370.811,117.506,80.393,135.745
356.042,114.553,80.393,135.745
334.522,111.599,80.393,135.745
307.094,111.177,80.393,135.745
285.574,109.067,80.393,135.745
258.855,108.879,82.171,138.748
229.096,103.272,82.171,138.748
207.099,105.428,82.171,138.748
173.889,114.486,82.171,138.748
146.579,114.293,83.989,141.818
112.635,109.444,83.989,141.818
87.465,105.588,85.848,144.956
60.879,113.248,85.848,144.956
36.998,111.897,85.848,144.956
3.791,111.696,87.747,148.163
-9.565,106.629,87.747,148.163
-17.395,105.248,87.747,148.163
-24.303,105.708,87.747,148.163
-29.370,99.721,87.747,148.163
-26.146,96.497,87.747,148.163
-24.764,91.431,87.747,148.163
-23.346,82.624,89.688,151.441
-17.226,65.206,89.688,151.441
-4.515,54.379,89.688,151.441
15.727,48.259,89.688,151.441
33.472,41.253,87.776,148.211
48.676,37.106,87.776,148.211
58.351,32.038,87.776,148.211
70.388,29.622,85.904,145.051
80.759,35.484,85.904,145.051
88.424,42.247,85.904,145.051
94.490,46.724,87.804,148.260
100.482,51.793,87.804,148.260
93.569,54.098,87.804,148.260
84.812,59.167,87.804,148.260
75.712,58.961,89.747,151.540
75.241,60.375,89.747,151.540
81.365,61.788,89.747,151.540
74.996,56.690,91.733,154.893
81.256,59.098,91.733,154.893
75.959,55.727,91.733,154.893
80.293,57.172,91.733,154.893
75.959,57.653,91.733,154.893
77.442,57.438,93.762,158.320
72.831,53.134,95.837,161.823
77.358,55.649,95.837,161.823
72.831,53.134,95.837,161.823
77.358,55.649,95.837,161.823
72.831,52.128,95.837,161.823
74.380,49.816,97.957,165.403
75.922,51.358,97.957,165.403
76.471,54.609,95.868,161.876
74.962,55.112,95.868,161.876
74.459,54.609,95.868,161.876
76.975,56.118,95.868,161.876
73.452,53.602,95.868,161.876
75.002,52.334,97.989,165.457
74.488,52.848,97.989,165.457
72.945,53.362,97.989,165.457
75.516,50.791,97.989,165.457
73.091,52.059,95.900,161.929
74.641,49.746,98.021,165.512
73.098,50.260,98.021,165.512
74.641,49.746,98.021,165.512
73.098,50.260,98.021,165.512
72.583,49.746,98.021,165.512
75.156,48.202,98.021,165.512
71.554,50.775,98.021,165.512
74.206,48.410,100.190,169.174
73.681,46.832,100.190,169.174
74.206,50.513,100.190,169.174
73.681,47.884,100.190,169.174
73.155,47.358,100.190,169.174
74.732,47.884,100.190,169.174
72.103,46.306,100.190,169.174
74.732,48.936,100.190,169.174
72.103,47.358,100.190,169.174
74.732,46.832,100.190,169.174
73.155,49.462,100.190,169.174
74.732,48.936,100.190,169.174
73.155,47.358,100.190,169.174
75.784,47.884,100.190,169.174
73.155,47.358,100.190,169.174
76.757,51.696,98.054,165.566
73.155,49.123,98.054,165.566
76.757,51.696,98.054,165.566
73.155,49.123,98.054,165.566
76.757,51.696,98.054,165.566
72.125,49.123,98.054,165.566
75.728,48.608,98.054,165.566
73.155,48.094,98.054,165.566
76.757,51.696,98.054,165.566
74.071,47.195,100.223,169.229
75.649,47.721,100.223,169.229
71.967,46.143,100.223,169.229
73.545,47.721,100.223,169.229
70.914,44.039,100.223,169.229
69.336,46.669,100.223,169.229
73.019,45.091,100.223,169.229
72.493,47.721,100.223,169.229
76.175,45.091,100.223,169.229
72.337,48.131,102.440,172.973
76.225,43.428,104.707,176.800
71.075,38.621,107.024,180.712
75.136,36.039,109.392,184.710
71.117,42.355,109.392,184.710
76.285,40.632,109.392,184.710
69.969,38.910,109.392,184.710
70.582,43.646,107.059,180.771
72.268,38.589,107.059,180.771
68.334,40.275,107.059,180.771
72.397,36.526,109.427,184.771
68.376,35.952,109.427,184.771
72.397,41.121,109.427,184.771
69.525,37.100,109.427,184.771
67.924,41.839,107.094,180.831
71.988,36.922,109.463,184.831
69.115,43.242,109.463,184.831
73.137,41.519,109.463,184.831
70.264,39.795,109.463,184.831
73.137,41.519,109.463,184.831
70.264,39.795,109.463,184.831
71.988,42.668,109.463,184.831
71.413,40.944,109.463,184.831
71.988,40.370,109.463,184.831
71.413,39.795,109.463,184.831
74.286,42.668,109.463,184.831
71.413,40.944,109.463,184.831
74.286,40.370,109.463,184.831
71.413,38.646,109.463,184.831
73.137,43.817,109.463,184.831
72.562,40.944,109.463,184.831
71.988,41.519,109.463,184.831
72.562,42.093,109.463,184.831
74.286,41.519,109.463,184.831
72.562,40.944,109.463,184.831
71.988,41.519,109.463,184.831
72.562,42.093,109.463,184.831
74.286,41.519,109.463,184.831
71.413,40.944,109.463,184.831
73.137,42.668,109.463,184.831
71.413,42.093,109.463,184.831
74.286,42.668,109.463,184.831
71.413,42.093,109.463,184.831
74.286,43.817,109.463,184.831
71.577,44.126,107.129,180.890
75.513,48.062,107.129,180.890
72.701,45.251,107.129,180.890
74.388,45.813,107.129,180.890
72.701,44.126,107.129,180.890
75.513,46.938,107.129,180.890
73.826,44.126,107.129,180.890
73.264,42.439,107.129,180.890
74.995,41.022,109.499,184.892
70.972,42.746,109.499,184.892
73.846,42.171,109.499,184.892
70.972,40.447,109.499,184.892
71.547,39.872,109.499,184.892
73.271,41.596,109.499,184.892
71.547,39.872,109.499,184.892
73.271,42.746,109.499,184.892
72.696,41.022,109.499,184.892
73.271,40.447,109.499,184.892
71.547,38.723,109.499,184.892
73.271,42.746,109.499,184.892
70.397,41.022,109.499,184.892
66.579,44.655,107.164,180.949
68.264,46.042,104.879,177.090
77.622,45.492,104.879,177.090
96.889,46.042,104.879,177.090
123.863,42.189,104.879,177.090
114.136,45.370,107.199,181.009
106.529,53.292,109.571,185.013
100.203,65.369,109.571,185.013
103.078,80.897,109.571,185.013
102.503,94.125,109.571,185.013
105.468,109.382,111.995,189.107
111.934,118.200,111.995,189.107
119.576,130.544,111.995,189.107
121.339,139.362,111.995,189.107
132.166,147.611,109.607,185.074
141.652,155.684,107.270,181.127
149.851,166.841,104.982,177.265
157.014,172.902,104.982,177.265
163.075,178.963,104.982,177.265
170.239,182.820,104.982,177.265
180.708,187.780,104.982,177.265
191.178,191.637,104.982,177.265
199.443,194.392,104.982,177.265
208.811,192.739,104.982,177.265
226.995,196.596,104.982,177.265
237.464,197.147,104.982,177.265
245.730,194.392,104.982,177.265
258.403,191.637,104.982,177.265
270.676,186.623,102.743,173.484
291.004,183.794,100.552,169.785
301.741,185.096,98.408,166.164
312.250,186.370,96.309,162.621
318.821,182.831,96.309,162.621
324.382,180.304,96.309,162.621
326.909,177.776,96.309,162.621
328.426,174.238,96.309,162.621
325.898,171.710,96.309,162.621
323.371,168.172,96.309,162.621
321.962,164.546,94.255,159.153
320.582,161.951,92.245,155.759
316.433,165.946,90.278,152.437
310.272,161.681,90.278,152.437
303.165,163.102,90.278,152.437
297.276,160.617,88.353,149.186
287.538,160.154,88.353,149.186
279.654,155.980,88.353,149.186
271.770,151.806,88.353,149.186
268.690,150.268,86.469,146.005
259.159,145.276,86.469,146.005
255.269,142.895,84.625,142.891
248.606,138.009,84.625,142.891
242.832,134.900,84.625,142.891
237.946,130.902,84.625,142.891
233.948,126.905,84.625,142.891
228.174,123.796,84.625,142.891
223.288,118.910,84.625,142.891
220.178,112.247,84.625,142.891
215.292,104.696,84.625,142.891
210.406,98.922,84.625,142.891
203.744,98.477,84.625,142.891
196.193,95.368,84.625,142.891
189.817,92.182,82.820,139.844
179.819,90.009,82.820,139.844
169.820,89.574,82.820,139.844
160.692,86.531,82.820,139.844
154.171,80.880,82.820,139.844
146.781,82.184,82.820,139.844
130.697,76.533,82.820,139.844
113.995,78.143,84.653,142.938
107.330,80.365,84.653,142.938
99.479,82.932,86.526,146.101
91.759,88.836,86.526,146.101
83.130,93.832,86.526,146.101
74.162,97.399,88.440,149.333
64.414,102.505,88.440,149.333
55.594,104.826,88.440,149.333
47.703,105.290,88.440,149.333
39.811,102.969,88.440,149.333
30.063,107.147,88.440,149.333
21.243,110.396,88.440,149.333
8.224,112.116,90.397,152.637
-0.791,118.284,90.397,152.637
-5.061,125.401,90.397,152.637
-6.484,136.314,90.397,152.637
-3.163,147.227,90.397,152.637
2.056,159.089,90.397,152.637
5.378,168.104,90.397,152.637
8.699,174.272,90.397,152.637
11.071,179.491,90.397,152.637
16.151,184.320,88.469,149.382
21.122,189.046,86.582,146.197
25.988,190.166,84.736,143.079
30.750,193.835,82.929,140.028
33.797,193.400,82.929,140.028
35.973,192.965,82.929,140.028
38.955,191.521,81.160,137.042
39.381,192.799,81.160,137.042
41.511,192.373,81.160,137.042
41.966,195.066,79.430,134.119
44.018,193.683,77.736,131.259
45.242,194.907,77.736,131.259
44.834,192.867,77.736,131.259
46.843,195.447,76.078,128.460
46.444,195.846,76.078,128.460
46.044,195.447,76.078,128.460
44.846,199.041,76.078,128.460
46.044,197.044,76.078,128.460
44.048,200.638,76.078,128.460
42.850,203.433,76.078,128.460
44.846,201.436,76.078,128.460
42.051,204.232,76.078,128.460
40.853,204.631,76.078,128.460
40.454,203.433,76.078,128.460
37.659,207.027,76.078,128.460
38.856,203.433,76.078,128.460
35.263,206.228,76.078,128.460
35.662,202.634,76.078,128.460
33.009,208.238,74.456,125.720
33.426,205.435,72.868,123.039
30.749,208.877,72.868,123.039
30.367,206.200,72.868,123.039
26.924,208.877,72.868,123.039
25.012,211.554,72.868,123.039
23.865,210.407,72.868,123.039
21.187,211.554,72.868,123.039
17.745,211.937,72.868,123.039
15.068,213.084,72.868,123.039
14.002,211.816,71.314,120.415
12.130,213.687,71.314,120.415
11.007,211.816,71.314,120.415
8.387,214.436,71.314,120.415
9.510,211.067,71.314,120.415
6.141,215.933,71.314,120.415
4.269,213.313,71.314,120.415
2.398,215.185,71.314,120.415
2.024,216.307,71.314,120.415
0.901,216.682,71.314,120.415
-0.971,219.302,71.314,120.415
0.152,218.928,71.314,120.415
-0.222,221.548,71.314,120.415
0.901,221.922,71.314,120.415
-0.971,225.291,71.314,120.415
0.152,227.162,71.314,120.415
-0.971,229.034,71.314,120.415
0.901,230.157,71.314,120.415
-0.222,233.526,71.314,120.415
3.895,233.151,71.314,120.415
0.526,236.520,71.314,120.415
3.895,238.392,71.314,120.415
4.269,240.263,71.314,120.415
6.890,242.135,71.314,120.415
4.269,244.006,71.314,120.415
8.387,247.375,71.314,120.415
8.761,248.498,71.314,120.415
9.884,249.621,71.314,120.415
8.013,249.247,71.314,120.415
11.381,252.616,71.314,120.415
9.510,255.236,71.314,120.415
12.216,258.952,72.892,123.080
9.538,260.865,72.892,123.080
12.981,262.013,72.892,123.080
10.190,265.018,74.505,125.803
13.018,264.843,76.153,128.586
10.220,266.042,76.153,128.586
14.616,265.643,76.153,128.586
11.019,269.240,76.153,128.586
13.909,270.721,77.838,131.431
12.683,269.495,77.838,131.431
11.398,271.856,79.560,134.339
14.417,271.669,81.320,137.311
13.991,270.389,81.320,137.311
16.125,272.523,81.320,137.311
13.897,271.447,83.119,140.349
16.146,268.536,84.958,143.455
14.808,269.874,84.958,143.455
18.821,265.861,84.958,143.455
16.591,268.982,84.958,143.455
22.389,264.077,84.958,143.455
19.267,268.090,84.958,143.455
25.064,262.293,84.958,143.455
28.186,259.172,84.958,143.455
31.307,254.267,84.958,143.455
36.212,249.361,84.958,143.455
40.987,245.303,83.147,140.395
44.818,241.332,81.374,137.401
48.662,236.634,81.374,137.401
50.797,233.644,81.374,137.401
53.787,230.654,81.374,137.401
58.485,228.519,81.374,137.401
62.329,228.091,81.374,137.401
62.758,225.242,83.174,140.441
65.814,223.932,83.174,140.441
70.617,221.750,83.174,140.441
73.773,218.837,85.014,143.549
80.466,219.283,85.014,143.549
90.729,217.945,85.014,143.549
96.530,218.391,85.014,143.549
101.439,217.052,85.014,143.549
107.240,219.283,85.014,143.549
110.466,220.936,86.895,146.725
119.132,225.041,86.895,146.725
127.797,226.409,86.895,146.725
135.551,227.778,86.895,146.725
142.392,230.058,86.895,146.725
149.234,225.953,86.895,146.725
156.075,226.409,86.895,146.725
158.356,221.392,86.895,146.725
158.812,223.673,86.895,146.725
158.356,220.480,86.895,146.725
163.373,215.463,86.895,146.725
169.302,212.270,86.895,146.725
177.056,207.253,86.895,146.725
181.160,203.148,86.895,146.725
185.404,196.320,88.818,149.971
191.465,193.057,88.818,149.971
190.066,195.388,88.818,149.971
195.194,191.192,88.818,149.971
201.255,186.064,88.818,149.971
206.383,184.665,88.818,149.971
210.578,179.537,88.818,149.971
214.774,181.868,88.818,149.971
218.970,178.605,88.818,149.971
223.165,176.274,88.818,149.971
228.294,179.537,88.818,149.971
230.624,176.274,88.818,149.971
235.752,179.537,88.818,149.971
238.083,174.409,88.818,149.971
241.347,178.605,88.818,149.971
244.540,176.160,86.924,146.773
244.084,177.529,86.924,146.773
248.969,176.895,85.070,143.643
245.843,176.448,85.070,143.643
250.624,175.828,83.256,140.580
249.405,175.221,81.480,137.582
248.978,173.938,81.480,137.582
248.550,170.944,81.480,137.582
249.007,170.350,79.743,134.648
249.425,171.606,79.743,134.648
247.332,169.513,79.743,134.648
246.914,167.420,79.743,134.648
248.170,165.328,79.743,134.648
245.240,162.398,79.743,134.648
243.147,158.631,79.743,134.648
245.240,157.375,79.743,134.648
244.821,154.445,79.743,134.648
247.751,152.353,79.743,134.648
245.658,147.748,79.743,134.648
248.588,145.656,79.743,134.648
246.495,142.726,79.743,134.648
251.099,137.285,79.743,134.648
250.681,131.006,79.743,134.648
254.448,128.076,79.743,134.648
257.474,127.021,81.507,137.627
258.757,123.171,81.507,137.627
262.608,124.454,81.507,137.627
262.180,121.460,81.507,137.627
267.048,123.044,83.310,140.672
265.736,118.234,83.310,140.672
271.620,122.576,85.154,143.784
272.961,120.341,85.154,143.784
276.983,122.576,85.154,143.784
280.215,124.231,87.038,146.965
283.518,125.923,88.963,150.217
281.183,121.720,88.963,150.217
286.497,124.419,90.932,153.541
291.747,126.805,90.932,153.541
294.133,128.237,90.932,153.541
295.565,124.896,90.932,153.541
296.045,126.664,92.944,156.938
296.535,124.422,95.000,160.410
292.897,121.095,97.102,163.959
296.465,118.547,97.102,163.959
295.956,117.018,97.102,163.959
295.446,114.469,97.102,163.959
295.956,112.940,97.102,163.959
294.427,109.373,97.102,163.959
295.956,107.844,97.102,163.959
294.427,105.295,97.102,163.959
294.936,104.786,97.102,163.959
294.427,103.257,97.102,163.959
294.936,103.766,97.102,163.959
293.407,102.237,97.102,163.959
293.917,100.708,97.102,163.959
292.388,98.160,97.102,163.959
290.859,97.650,97.102,163.959
292.388,100.199,97.102,163.959
288.820,97.650,97.102,163.959
291.369,94.083,97.102,163.959
287.801,91.534,97.102,163.959
288.311,96.121,97.102,163.959
285.762,90.515,97.102,163.959
286.306,94.719,95.031,160.462
285.807,90.230,95.031,160.462
284.311,88.734,95.031,160.462
287.803,93.223,95.031,160.462
283.313,86.739,95.031,160.462
288.654,92.776,93.005,157.041
284.260,88.383,93.005,157.041
289.630,88.871,93.005,157.041
285.237,86.430,93.005,157.041
289.630,84.966,93.005,157.041
287.189,85.454,93.005,157.041
291.583,87.895,93.005,157.041
288.166,83.501,93.005,157.041
290.606,89.847,93.005,157.041
291.128,97.639,91.021,153.692
293.516,101.938,91.021,153.692
290.172,107.194,91.021,153.692
293.516,111.493,91.021,153.692
290.172,115.793,91.021,153.692
294.472,120.093,91.021,153.692
293.039,124.393,91.021,153.692
294.470,130.176,89.080,150.414
294.937,134.384,89.080,150.414
299.042,140.044,87.181,147.206
297.669,145.077,87.181,147.206
303.450,149.734,85.321,144.067
303.002,153.765,85.321,144.067
307.928,157.795,85.321,144.067
309.272,160.930,85.321,144.067
314.198,162.274,85.321,144.067
320.020,162.721,85.321,144.067
324.050,163.169,85.321,144.067
330.768,159.139,85.321,144.067
338.381,161.378,85.321,144.067
346.890,158.243,85.321,144.067
359.877,155.108,85.321,144.067
368.386,152.869,85.321,144.067
377.790,155.108,85.321,144.067
387.533,156.767,87.209,147.255
400.808,153.563,87.209,147.255
409.816,153.358,89.139,150.513
417.770,151.955,89.139,150.513
426.006,154.658,91.111,153.843
433.180,152.267,91.111,153.843
440.353,146.050,91.111,153.843
447.527,137.921,91.111,153.843
457.569,130.747,91.111,153.843
460.034,127.557,93.127,157.247
458.568,124.135,93.127,157.247
457.102,122.669,93.127,157.247
452.702,122.180,93.127,157.247
435.951,129.062,95.187,160.726
429.456,132.559,95.187,160.726
420.962,127.063,95.187,160.726
411.470,124.565,95.187,160.726
401.977,122.067,95.187,160.726
393.484,118.570,95.187,160.726
383.991,113.074,95.187,160.726
374.498,110.576,95.187,160.726
366.005,105.080,95.187,160.726
357.511,102.582,95.187,160.726
350.017,98.086,95.187,160.726
341.523,96.587,95.187,160.726
334.768,91.180,97.293,164.282
326.804,85.654,99.446,167.917
317.581,80.006,101.646,171.632
310.368,75.339,103.895,175.429
304.127,72.833,106.193,179.310
302.454,70.046,106.193,179.310
298.553,70.603,106.193,179.310
304.684,67.817,106.193,179.310
301.897,70.603,106.193,179.310
304.770,66.885,108.543,183.278
307.619,67.455,108.543,183.278
305.827,68.383,110.945,187.333
306.412,69.331,113.399,191.477
304.627,72.307,113.399,191.477
302.841,70.521,113.399,191.477
302.246,74.688,113.399,191.477
297.904,79.363,115.908,195.714
291.212,84.838,115.908,195.714
285.736,90.313,115.908,195.714
280.261,97.005,115.908,195.714
276.002,104.914,115.908,195.714
268.093,114.040,115.908,195.714
260.184,121.949,115.908,195.714
251.059,127.424,115.908,195.714
239.499,132.900,115.908,195.714
231.591,135.942,115.908,195.714
224.898,132.900,115.908,195.714
224.290,129.858,115.908,195.714
218.815,126.816,115.908,195.714
215.773,124.991,115.908,195.714
213.948,120.732,115.908,195.714
210.906,115.257,115.908,195.714
213.901,109.721,113.436,191.540
213.305,105.553,113.436,191.540
215.092,99.003,113.436,191.540
216.878,90.072,113.436,191.540
218.664,81.141,113.436,191.540
220.447,76.871,111.017,187.455
222.196,71.626,111.017,187.455
222.778,65.217,111.017,187.455
226.857,58.807,111.017,187.455
229.771,52.397,111.017,187.455
226.857,48.318,111.017,187.455
231.972,45.262,108.650,183.458
229.121,43.551,108.650,183.458
230.832,39.559,108.650,183.458
226.840,44.692,108.650,183.458
226.270,45.262,108.650,183.458
219.996,40.130,108.650,183.458
219.426,48.684,108.650,183.458
213.153,54.957,108.650,183.458
208.021,60.089,108.650,183.458
199.466,50.395,108.650,183.458
190.181,48.503,106.333,179.546
182.926,51.294,106.333,179.546
174.554,47.387,106.333,179.546
172.879,55.759,106.333,179.546
170.089,61.898,106.333,179.546
161.717,60.224,106.333,179.546
142.183,54.084,106.333,179.546
134.927,53.526,106.333,179.546
127.672,50.736,106.333,179.546
117.810,47.012,108.685,183.518
112.676,45.301,108.685,183.518
116.669,48.153,108.685,183.518
112.676,44.160,108.685,183.518
116.669,45.871,108.685,183.518
111.535,40.737,108.685,183.518
116.669,45.871,108.685,183.518
106.589,39.698,111.090,187.578
103.545,37.018,113.548,191.729
105.380,34.279,116.060,195.971
105.990,33.670,116.060,195.971
106.599,36.715,116.060,195.971
105.990,33.670,116.060,195.971
107.817,36.715,116.060,195.971
109.645,33.670,116.060,195.971
105.380,33.060,116.060,195.971
108.426,32.451,116.060,195.971
103.982,32.179,118.628,200.306
103.360,27.821,118.628,200.306
102.737,32.179,118.628,200.306
104.605,30.311,118.628,200.306
102.737,33.425,118.628,200.306
100.869,30.311,118.628,200.306
102.737,34.670,118.628,200.306
97.133,30.311,118.628,200.306
99.001,35.915,118.628,200.306
93.397,30.311,118.628,200.306
95.315,33.910,121.253,204.738
93.406,30.727,121.253,204.738
88.951,28.818,121.253,204.738
93.406,34.546,121.253,204.738
88.951,33.910,121.253,204.738
90.860,37.092,121.253,204.738
90.223,40.274,121.253,204.738
88.314,37.092,121.253,204.738
87.678,41.547,121.253,204.738
84.495,40.910,121.253,204.738
82.586,39.001,121.253,204.738
87.041,46.002,121.253,204.738
81.313,40.274,121.253,204.738
85.768,44.729,121.253,204.738
80.040,40.274,121.253,204.738
85.768,46.002,121.253,204.738
80.040,40.274,121.253,204.738
84.496,46.002,121.253,204.738
80.040,41.547,121.253,204.738
83.223,46.002,121.253,204.738
83.859,44.092,121.253,204.738
83.223,47.275,121.253,204.738
83.859,44.092,121.253,204.738
83.223,47.275,121.253,204.738
82.586,44.092,121.253,204.738
84.496,47.275,121.253,204.738
80.040,42.820,121.253,204.738
84.496,42.183,121.253,204.738
81.313,42.820,121.253,204.738
84.496,38.365,121.253,204.738
82.586,42.820,121.253,204.738
85.768,42.183,121.253,204.738
81.313,39.001,121.253,204.738
87.041,40.910,121.253,204.738
83.859,36.455,121.253,204.738
87.041,40.910,121.253,204.738
85.132,35.182,121.253,204.738
89.587,40.910,121.253,204.738
90.223,36.455,121.253,204.738
93.406,39.637,121.253,204.738
94.042,35.182,121.253,204.738
97.224,39.637,121.253,204.738
96.588,33.910,121.253,204.738
98.497,37.092,121.253,204.738
99.133,33.910,121.253,204.738
99.770,34.546,121.253,204.738
99.133,32.637,121.253,204.738
101.043,30.727,121.253,204.738
100.406,27.545,121.253,204.738
102.316,32.000,121.253,204.738
101.679,26.272,121.253,204.738
98.497,25.636,121.253,204.738
101.679,25.000,121.253,204.738
98.497,23.090,121.253,204.738
99.137,24.127,123.935,209.268
99.787,22.175,123.935,209.268
97.835,21.525,123.935,209.268
95.790,18.535,126.678,213.898
96.458,14.099,129.480,218.631
94.419,14.779,129.480,218.631
96.458,14.099,129.480,218.631
93.060,12.060,129.480,218.631
95.153,11.757,132.345,223.468
95.847,11.062,132.345,223.468
92.221,4.987,135.273,228.412
94.351,8.537,135.273,228.412
95.061,4.987,135.273,228.412
91.511,8.537,135.273,228.412
95.061,3.567,135.273,228.412
91.511,5.697,135.273,228.412
96.481,7.827,135.273,228.412
91.302,1.617,138.266,233.466
96.382,5.245,138.266,233.466
91.302,0.165,138.266,233.466
96.382,5.245,138.266,233.466
88.399,0.165,138.266,233.466
93.646,-6.182,141.325,238.631
88.453,-3.957,141.325,238.631
92.277,-4.288,144.452,243.911
88.319,-10.919,147.648,249.307
90.706,-12.873,150.915,254.823
88.215,-21.445,154.254,260.461
85.786,-19.016,154.254,260.461
89.834,-14.968,154.254,260.461
90.647,-22.049,157.667,266.224
88.165,-19.567,157.667,266.224
87.337,-23.704,157.667,266.224
88.165,-22.877,157.667,266.224
87.337,-20.394,157.667,266.224
88.165,-24.532,157.667,266.224
87.337,-22.049,157.667,266.224
88.165,-22.877,157.667,266.224
88.992,-20.394,157.667,266.224
88.165,-21.222,157.667,266.224
87.337,-22.049,157.667,266.224
88.165,-21.222,157.667,266.224
88.992,-20.394,157.667,266.224
88.165,-19.566,157.667,266.224
88.992,-20.394,157.667,266.224
88.165,-17.911,157.667,266.224
88.992,-15.429,157.667,266.224
86.510,-21.222,157.667,266.224
88.992,-17.084,157.667,266.224
88.165,-14.601,157.667,266.224
85.682,-20.394,157.667,266.224
86.514,-19.046,161.155,272.114
85.786,-20.221,157.718,266.311
86.614,-19.393,157.718,266.311
89.097,-18.566,157.718,266.311
88.270,-19.393,157.718,266.311
85.786,-21.877,157.718,266.311
88.270,-19.393,157.718,266.311
87.442,-21.877,157.718,266.311
88.270,-21.049,157.718,266.311
87.442,-20.221,157.718,266.311
86.614,-24.360,157.718,266.311
89.097,-21.877,157.718,266.311
89.925,-17.738,157.718,266.311
87.442,-21.877,157.718,266.311
89.925,-21.049,157.718,266.311
92.409,-20.221,157.718,266.311
86.909,-19.775,154.355,260.632
90.960,-15.724,154.355,260.632
93.455,-22.811,157.770,266.398
97.724,-21.462,161.261,272.293
95.062,-30.621,164.829,278.317
99.388,-24.565,164.829,278.317
91.281,-33.927,168.475,284.475
97.471,-27.737,168.475,284.475
91.281,-35.696,168.475,284.475
99.510,-26.916,172.203,290.769
96.798,-24.204,172.203,290.769
101.457,-18.981,176.013,297.202
98.686,-18.057,176.013,297.202
105.153,-11.590,176.013,297.202
96.496,-19.671,179.907,303.778
105.283,-18.133,183.888,310.499
108.255,-10.552,187.956,317.369
113.341,1.290,192.115,324.390
122.723,17.579,196.365,331.567
127.877,22.732,196.365,331.567
145.398,42.315,196.365,331.567
154.675,37.162,196.365,331.567
174.257,48.499,196.365,331.567
201.187,41.107,192.178,324.497
210.265,54.220,192.178,324.497
221.361,59.264,192.178,324.497
228.654,69.279,196.430,331.676
217.312,72.372,196.430,331.676
229.045,76.190,200.776,339.015
234.314,87.782,200.776,339.015
226.938,78.298,200.776,339.015
234.314,83.567,200.776,339.015
231.153,86.729,200.776,339.015
225.652,86.258,205.218,346.515
220.266,78.718,205.218,346.515
223.584,87.178,209.758,354.182
215.877,83.875,209.758,354.182
225.785,84.976,209.758,354.182
211.473,92.683,209.758,354.182
223.584,84.976,209.758,354.182
207.069,99.289,209.758,354.182
223.101,106.249,205.285,346.629
218.020,106.829,200.907,339.237
227.511,114.211,200.907,339.237
213.802,113.156,200.907,339.237
225.401,120.538,200.907,339.237
234.659,115.007,196.623,332.003
224.988,103.839,200.973,339.348
215.494,115.443,200.973,339.348
225.310,104.028,205.420,346.856
219.919,113.732,205.420,346.856
223.240,115.488,209.965,354.530
235.038,113.957,205.487,346.970
218.218,104.524,210.033,354.647
225.935,118.855,210.033,354.647
235.613,117.324,205.554,347.084
238.849,124.876,205.554,347.084
239.928,115.166,205.554,347.084
247.320,132.386,201.171,339.682
250.487,124.994,201.171,339.682
253.655,117.603,201.171,339.682
256.823,114.435,201.171,339.682
262.102,121.827,201.171,339.682
271.371,130.537,196.881,332.438
274.472,127.437,196.881,332.438
261.038,126.404,196.881,332.438
270.338,123.303,196.881,332.438
279.410,127.844,192.682,325.349
262.217,132.901,192.682,325.349
263.233,124.055,196.945,332.547
