347.000,58.000,103.000,251.000
339.504,54.593,103.000,251.000
336.097,55.274,103.000,251.000
334.052,55.956,103.000,251.000
330.645,55.274,103.000,251.000
323.149,60.044,103.000,251.000
321.105,59.363,103.000,251.000
312.246,64.133,103.000,251.000
306.113,64.815,103.000,251.000
299.980,61.407,103.000,251.000
303.387,64.815,103.000,251.000
293.165,66.859,103.000,251.000
288.395,68.903,103.000,251.000
290.439,66.859,103.000,251.000
284.306,67.540,103.000,251.000
289.076,61.407,103.000,251.000
281.580,64.815,103.000,251.000
278.173,66.859,103.000,251.000
282.943,58.000,103.000,251.000
276.810,62.770,103.000,251.000
272.040,67.540,103.000,251.000
278.173,62.770,103.000,251.000
286.496,58.221,100.803,245.647
285.829,61.556,100.803,245.647
287.830,68.892,100.803,245.647
287.163,74.895,100.803,245.647
290.498,80.897,100.803,245.647
287.163,90.901,100.803,245.647
298.501,82.231,100.803,245.647
309.839,73.561,100.803,245.647
318.509,63.557,100.803,245.647
313.840,68.225,100.803,245.647
310.506,63.557,100.803,245.647
303.169,68.225,100.803,245.647
298.501,62.223,100.803,245.647
303.169,56.221,100.803,245.647
310.506,48.885,100.803,245.647
307.171,54.887,100.803,245.647
306.504,60.889,100.803,245.647
305.837,68.225,100.803,245.647
303.836,80.897,100.803,245.647
313.840,78.896,100.803,245.647
324.557,74.444,98.654,240.409
338.264,65.959,98.654,240.409
345.444,60.085,98.654,240.409
350.013,58.127,98.654,240.409
348.054,67.917,98.654,240.409
342.180,64.654,98.654,240.409
336.306,67.917,98.654,240.409
342.180,63.348,98.654,240.409
345.444,58.780,98.654,240.409
340.875,63.348,98.654,240.409
344.138,60.085,98.654,240.409
342.180,64.654,98.654,240.409
351.971,60.085,98.654,240.409
356.539,64.654,98.654,240.409
359.803,62.696,98.654,240.409
358.034,55.296,100.837,245.728
361.370,59.966,100.837,245.728
359.369,55.296,100.837,245.728
353.364,59.966,100.837,245.728
354.032,52.627,100.837,245.728
358.702,46.623,100.837,245.728
354.032,51.293,100.837,245.728
360.036,57.297,100.837,245.728
356.700,51.293,100.837,245.728
349.362,54.629,100.837,245.728
342.023,45.956,100.837,245.728
332.016,47.957,100.837,245.728
323.343,53.962,100.837,245.728
316.004,47.957,100.837,245.728
310.000,49.959,100.837,245.728
305.330,45.289,100.837,245.728
305.997,48.625,100.837,245.728
309.333,41.286,100.837,245.728
303.329,36.616,100.837,245.728
297.325,38.617,100.837,245.728
299.326,37.950,100.837,245.728
287.985,39.952,100.837,245.728
292.655,41.953,100.837,245.728
295.659,46.502,98.686,240.488
296.312,43.238,98.686,240.488
304.800,50.420,98.686,240.488
309.370,53.684,98.686,240.488
307.411,59.561,98.686,240.488
314.593,52.379,98.686,240.488
315.246,54.337,98.686,240.488
311.982,58.908,98.686,240.488
316.552,64.784,98.686,240.488
318.511,60.214,98.686,240.488
321.775,67.396,98.686,240.488
318.422,65.555,96.582,235.359
320.339,73.861,96.582,235.359
315.866,70.667,96.582,235.359
320.339,76.417,96.582,235.359
317.144,73.222,96.582,235.359
325.451,78.973,96.582,235.359
331.202,82.168,96.582,235.359
329.285,85.363,96.582,235.359
326.090,79.612,96.582,235.359
325.451,73.861,96.582,235.359
319.700,68.111,96.582,235.359
313.950,72.583,96.582,235.359
309.477,64.277,96.582,235.359
302.448,57.248,96.582,235.359
296.697,52.775,96.582,235.359
289.668,47.024,96.582,235.359
286.473,48.941,96.582,235.359
283.278,54.692,96.582,235.359
281.361,55.331,96.582,235.359
278.166,52.136,96.582,235.359
278.805,57.887,96.582,235.359
273.054,52.136,96.582,235.359
277.527,54.053,96.582,235.359
273.054,50.858,96.582,235.359
278.805,50.219,96.582,235.359
280.722,47.024,96.582,235.359
282.639,48.941,96.582,235.359
290.946,47.024,96.582,235.359
292.863,51.497,96.582,235.359
298.614,50.858,96.582,235.359
297.975,54.053,96.582,235.359
305.004,48.302,96.582,235.359
306.921,50.219,96.582,235.359
311.394,52.136,96.582,235.359
312.033,48.941,96.582,235.359
316.505,53.414,96.582,235.359
318.422,55.331,96.582,235.359
321.617,57.248,96.582,235.359
320.978,61.721,96.582,235.359
322.895,62.360,96.582,235.359
324.812,66.833,96.582,235.359
322.895,62.360,96.582,235.359
324.812,59.165,96.582,235.359
321.617,64.916,96.582,235.359
317.144,64.277,96.582,235.359
324.173,54.692,96.582,235.359
322.256,46.385,96.582,235.359
322.895,50.858,96.582,235.359
318.422,47.663,96.582,235.359
311.394,41.912,96.582,235.359
307.010,43.949,98.719,240.567
302.438,52.440,98.719,240.567
300.479,49.174,98.719,240.567
306.357,48.521,98.719,240.567
308.653,41.116,100.903,245.889
302.645,35.108,100.903,245.889
298.066,45.547,103.135,251.329
286.466,53.053,103.135,251.329
293.972,45.547,103.135,251.329
290.560,33.948,103.135,251.329
293.972,38.724,103.135,251.329
289.195,46.230,103.135,251.329
292.607,45.548,103.135,251.329
298.310,46.254,100.936,245.970
304.321,50.929,100.936,245.970
310.331,58.275,100.936,245.970
313.670,52.264,100.936,245.970
307.660,48.925,100.936,245.970
302.985,48.258,100.936,245.970
304.988,42.248,100.936,245.970
306.992,36.237,100.936,245.970
301.025,21.738,103.169,251.412
304.438,23.786,103.169,251.412
311.946,31.294,103.169,251.412
319.455,36.072,103.169,251.412
322.868,32.659,103.169,251.412
318.090,30.611,103.169,251.412
322.868,21.738,103.169,251.412
330.376,25.151,103.169,251.412
331.058,27.199,103.169,251.412
339.395,27.906,100.969,246.050
334.719,36.590,100.969,246.050
342.068,30.578,100.969,246.050
340.063,32.582,100.969,246.050
347.412,33.250,100.969,246.050
338.727,29.910,100.969,246.050
345.599,35.753,98.816,240.803
352.790,31.176,98.816,240.803
349.521,38.368,98.816,240.803
354.098,35.099,98.816,240.803
349.521,30.522,98.816,240.803
355.405,33.791,98.816,240.803
357.367,25.292,98.816,240.803
352.749,28.490,96.708,235.668
349.550,34.248,96.708,235.668
354.029,28.490,96.708,235.668
357.228,34.248,96.708,235.668
359.147,33.609,96.708,235.668
355.948,38.087,96.708,235.668
352.749,36.168,96.708,235.668
346.991,32.969,96.708,235.668
354.806,43.499,94.646,230.642
347.917,39.115,94.646,230.642
346.039,38.489,94.646,230.642
342.908,41.620,94.646,230.642
341.029,40.994,94.646,230.642
339.151,40.368,94.646,230.642
336.020,42.246,94.646,230.642
339.151,39.115,94.646,230.642
336.020,40.994,94.646,230.642
337.899,41.620,94.646,230.642
333.515,43.499,94.646,230.642
331.637,42.873,94.646,230.642
328.506,46.003,94.646,230.642
334.141,49.134,94.646,230.642
337.272,47.256,94.646,230.642
330.384,51.639,94.646,230.642
334.768,47.256,94.646,230.642
327.880,41.620,94.646,230.642
332.263,43.499,94.646,230.642
333.165,32.502,96.740,235.745
328.685,29.301,96.740,235.745
329.325,26.101,96.740,235.745
327.405,31.862,96.740,235.745
329.325,38.902,96.740,235.745
329.965,36.982,96.740,235.745
327.912,47.515,94.677,230.718
323.527,46.889,94.677,230.718
321.648,53.779,94.677,230.718
318.516,49.394,94.677,230.718
322.901,53.779,94.677,230.718
321.021,48.142,94.677,230.718
317.889,56.285,94.677,230.718
315.880,59.349,92.658,225.798
320.171,55.057,92.658,225.798
322.010,59.349,92.658,225.798
328.754,55.057,92.658,225.798
335.497,59.349,92.658,225.798
340.621,55.257,90.682,220.983
342.421,59.456,90.682,220.983
347.821,51.657,90.682,220.983
343.621,49.857,90.682,220.983
343.021,44.457,90.682,220.983
341.221,43.857,90.682,220.983
332.222,49.257,90.682,220.983
329.222,46.257,90.682,220.983
329.822,43.257,90.682,220.983
325.622,49.857,90.682,220.983
333.422,42.057,90.682,220.983
337.280,51.931,88.748,216.270
327.298,43.124,88.748,216.270
318.491,36.665,88.748,216.270
313.206,39.601,88.748,216.270
313.793,41.362,88.748,216.270
310.858,47.821,88.748,216.270
307.922,47.234,88.748,216.270
302.643,53.502,86.856,211.658
303.217,46.031,86.856,211.658
304.941,51.203,86.856,211.658
310.852,50.690,85.004,207.144
313.664,56.877,85.004,207.144
315.351,49.566,85.004,207.144
309.165,44.504,85.004,207.144
305.228,41.692,85.004,207.144
310.290,51.253,85.004,207.144
309.728,57.439,85.004,207.144
315.914,61.376,85.004,207.144
310.852,54.065,85.004,207.144
317.039,61.376,85.004,207.144
314.227,57.439,85.004,207.144
320.413,65.875,85.004,207.144
318.726,67.562,85.004,207.144
321.538,72.624,85.004,207.144
320.975,67.562,85.004,207.144
320.413,70.374,85.004,207.144
320.975,70.936,85.004,207.144
317.003,69.351,83.191,202.727
316.453,74.304,83.191,202.727
312.600,78.157,83.191,202.727
310.949,75.405,83.191,202.727
304.894,82.560,83.191,202.727
303.403,78.604,85.031,207.212
297.215,83.668,85.031,207.212
291.027,80.855,85.031,207.212
285.963,79.167,85.031,207.212
283.150,80.855,85.031,207.212
280.338,82.542,85.031,207.212
283.150,79.730,85.031,207.212
289.339,75.792,85.031,207.212
284.276,84.230,85.031,207.212
288.214,88.168,85.031,207.212
284.240,86.582,83.218,202.793
290.296,87.132,83.218,202.793
286.442,88.784,83.218,202.793
281.487,86.031,83.218,202.793
276.532,89.885,83.218,202.793
279.285,82.728,83.218,202.793
279.835,83.278,83.218,202.793
285.892,80.526,83.218,202.793
294.150,79.975,83.218,202.793
302.998,78.423,81.443,198.469
299.192,80.019,79.707,194.236
299.534,77.516,78.007,190.094
297.985,80.096,78.007,190.094
302.630,75.452,78.007,190.094
300.050,80.096,78.007,190.094
305.727,76.484,78.007,190.094
306.243,82.161,78.007,190.094
308.823,87.838,78.007,190.094
305.211,83.193,78.007,190.094
302.630,87.838,78.007,190.094
302.114,91.451,78.007,190.094
296.437,99.192,78.007,190.094
293.857,95.579,78.007,190.094
293.340,100.224,78.007,190.094
293.857,97.644,78.007,190.094
290.244,97.128,78.007,190.094
285.599,92.483,78.007,190.094
277.857,85.774,78.007,190.094
273.213,80.096,78.007,190.094
269.672,68.891,79.733,194.300
270.200,72.583,79.733,194.300
272.837,80.496,79.733,194.300
269.145,75.749,79.733,194.300
272.837,76.276,79.733,194.300
276.530,78.914,79.733,194.300
281.278,83.661,79.733,194.300
278.640,89.464,79.733,194.300
283.388,83.661,79.733,194.300
286.025,79.969,79.733,194.300
290.773,76.276,79.733,194.300
287.080,83.134,79.733,194.300
291.828,75.221,79.733,194.300
293.411,69.418,79.733,194.300
287.608,77.331,79.733,194.300
282.860,85.244,79.733,194.300
286.553,81.551,79.733,194.300
287.080,76.804,79.733,194.300
288.663,81.551,79.733,194.300
292.707,66.814,81.497,198.599
297.559,64.118,81.497,198.599
294.863,68.971,81.497,198.599
298.638,63.040,81.497,198.599
301.334,63.579,81.497,198.599
306.186,59.804,81.497,198.599
307.804,60.344,81.497,198.599
309.421,52.256,81.497,198.599
306.726,56.030,81.497,198.599
309.421,57.648,81.497,198.599
305.647,53.873,81.497,198.599
300.794,59.804,81.497,198.599
298.099,63.579,81.497,198.599
292.167,66.275,81.497,198.599
290.550,67.892,81.497,198.599
292.167,72.745,81.497,198.599
290.550,77.598,81.497,198.599
288.932,83.529,81.497,198.599
280.845,90.538,81.497,198.599
277.070,97.548,81.497,198.599
278.688,104.557,81.497,198.599
283.540,100.783,81.497,198.599
277.653,108.617,79.759,194.364
272.904,112.311,79.759,194.364
280.819,106.506,79.759,194.364
276.070,110.200,79.759,194.364
275.543,108.617,79.759,194.364
271.849,113.366,79.759,194.364
266.044,106.506,79.759,194.364
262.350,109.145,79.759,194.364
264.989,101.229,79.759,194.364
259.184,105.979,79.759,194.364
264.324,94.521,81.524,198.664
269.178,89.667,81.524,198.664
280.505,80.498,81.524,198.664
274.572,88.588,81.524,198.664
270.872,90.308,83.327,203.060
277.386,84.058,85.171,207.552
281.331,84.621,85.171,207.552
280.767,89.693,85.171,207.552
286.965,84.621,85.171,207.552
290.910,80.677,85.171,207.552
298.235,88.002,85.171,207.552
304.434,89.693,85.171,207.552
312.261,84.473,87.055,212.144
316.293,88.505,87.055,212.144
314.732,85.561,88.981,216.838
317.676,83.795,88.981,216.838
314.732,74.964,88.981,216.838
317.676,76.730,88.981,216.838
321.797,78.496,88.981,216.838
320.031,81.440,88.981,216.838
324.151,84.383,88.981,216.838
316.498,86.149,88.981,216.838
319.442,82.028,88.981,216.838
315.321,80.262,88.981,216.838
312.377,77.319,88.981,216.838
314.143,73.198,88.981,216.838
318.656,65.302,90.950,221.636
319.258,61.090,90.950,221.636
324.673,68.912,90.950,221.636
320.461,75.531,90.950,221.636
329.487,73.726,90.950,221.636
322.862,65.656,92.962,226.539
313.637,60.120,92.962,226.539
304.411,54.585,92.962,226.539
307.486,46.589,92.962,226.539
299.491,42.284,92.962,226.539
301.336,53.970,92.962,226.539
301.951,63.196,92.962,226.539
295.180,57.499,95.019,231.551
297.066,50.584,95.019,231.551
288.893,47.440,95.019,231.551
285.750,49.326,95.019,231.551
288.893,43.669,95.019,231.551
287.007,44.297,95.019,231.551
282.607,42.411,95.019,231.551
287.007,48.069,95.019,231.551
281.349,52.470,95.019,231.551
275.691,49.326,95.019,231.551
270.033,54.984,95.019,231.551
271.919,59.385,95.019,231.551
265.004,61.271,95.019,231.551
258.089,65.671,95.019,231.551
251.225,72.382,92.993,226.614
244.457,68.075,92.993,226.614
240.151,66.229,92.993,226.614
239.363,63.309,91.010,221.781
233.944,60.298,91.010,221.781
236.955,59.696,91.010,221.781
229.127,67.524,91.010,221.781
224.912,74.147,91.010,221.781
230.331,73.545,91.010,221.781
224.918,84.615,89.069,217.051
227.864,79.311,89.069,217.051
222.561,79.901,89.069,217.051
217.257,69.883,89.069,217.051
214.311,70.472,89.069,217.051
213.721,62.811,89.069,217.051
210.775,68.115,89.069,217.051
219.614,72.240,89.069,217.051
227.275,72.829,89.069,217.051
230.221,74.597,89.069,217.051
226.096,76.365,89.069,217.051
221.971,81.669,89.069,217.051
219.025,78.722,89.069,217.051
213.721,81.669,89.069,217.051
207.239,84.615,89.069,217.051
212.543,78.133,89.069,217.051
207.239,83.436,89.069,217.051
218.436,75.776,89.069,217.051
222.561,75.186,89.069,217.051
223.150,75.776,89.069,217.051
224.918,81.079,89.069,217.051
229.043,87.561,89.069,217.051
230.811,81.079,89.069,217.051
229.043,91.097,89.069,217.051
234.346,86.972,89.069,217.051
230.184,96.670,87.170,212.423
229.446,96.156,85.311,207.893
223.237,103.493,85.311,207.893
222.515,99.726,83.491,203.459
214.229,108.012,83.491,203.459
214.782,109.669,83.491,203.459
214.229,116.850,83.491,203.459
218.096,118.507,83.491,203.459
221.963,124.583,83.491,203.459
213.677,121.821,83.491,203.459
218.648,116.850,83.491,203.459
223.620,122.926,83.491,203.459
241.848,114.640,83.491,203.459
254.553,106.354,83.491,203.459
273.887,95.859,83.491,203.459
280.413,87.304,85.339,207.961
288.882,82.223,85.339,207.961
294.382,84.023,87.227,212.562
304.193,71.904,87.227,212.562
305.924,64.401,87.227,212.562
299.576,71.904,87.227,212.562
302.461,78.252,87.227,212.562
301.884,83.446,87.227,212.562
308.232,73.635,87.227,212.562
314.580,71.904,87.227,212.562
