130.000,132.000,31.000,115.000
131.376,128.972,31.000,115.000
131.101,129.798,31.000,115.000
129.901,128.811,31.686,117.544
129.057,127.967,31.686,117.544
129.901,126.561,31.686,117.544
127.932,125.717,31.686,117.544
128.776,124.873,31.686,117.544
126.807,125.154,31.686,117.544
126.748,123.562,32.387,120.145
127.611,123.274,32.387,120.145
125.598,122.987,32.387,120.145
126.460,122.699,32.387,120.145
124.447,122.411,32.387,120.145
125.885,122.699,32.387,120.145
122.722,121.261,32.387,120.145
124.735,119.823,32.387,120.145
122.722,119.536,32.387,120.145
124.160,118.098,32.387,120.145
122.147,117.810,32.387,120.145
123.585,118.098,32.387,120.145
123.872,117.235,32.387,120.145
123.010,116.948,32.387,120.145
124.447,116.660,32.387,120.145
124.160,118.098,32.387,120.145
123.297,117.235,32.387,120.145
123.010,116.373,32.387,120.145
121.572,114.935,32.387,120.145
122.434,114.072,32.387,120.145
120.997,113.209,32.387,120.145
121.284,112.922,32.387,120.145
120.997,113.209,32.387,120.145
120.709,112.347,32.387,120.145
121.572,112.634,32.387,120.145
120.709,112.347,32.387,120.145
121.572,112.059,32.387,120.145
120.134,110.046,32.387,120.145
119.271,109.758,32.387,120.145
119.559,109.471,32.387,120.145
119.846,108.608,32.387,120.145
118.408,108.896,32.387,120.145
120.421,108.608,32.387,120.145
120.709,108.321,32.387,120.145
121.572,107.458,32.387,120.145
121.859,107.170,32.387,120.145
120.421,106.883,32.387,120.145
122.434,108.321,32.387,120.145
120.997,106.883,32.387,120.145
120.134,106.020,32.387,120.145
119.846,104.582,32.387,120.145
118.984,104.295,32.387,120.145
119.271,103.432,32.387,120.145
119.559,103.720,32.387,120.145
119.271,102.857,32.387,120.145
118.984,103.720,32.387,120.145
118.121,102.282,32.387,120.145
118.408,102.569,32.387,120.145
118.121,102.857,32.387,120.145
117.258,101.994,32.387,120.145
117.546,99.981,32.387,120.145
117.258,99.694,32.387,120.145
117.546,100.556,32.387,120.145
117.833,99.118,32.387,120.145
117.546,98.831,32.387,120.145
118.984,100.269,32.387,120.145
118.121,98.256,32.387,120.145
119.559,99.118,32.387,120.145
119.846,98.831,32.387,120.145
118.408,99.694,32.387,120.145
119.846,98.831,32.387,120.145
117.258,98.543,32.387,120.145
118.696,97.106,32.387,120.145
117.833,95.668,32.387,120.145
115.820,95.955,32.387,120.145
116.108,94.517,32.387,120.145
116.396,95.380,32.387,120.145
116.683,95.093,32.387,120.145
116.396,94.230,32.387,120.145
115.533,95.668,32.387,120.145
115.820,94.230,32.387,120.145
114.958,93.367,32.387,120.145
114.670,93.080,32.387,120.145
115.533,91.642,32.387,120.145
115.245,92.504,32.387,120.145
115.533,90.491,32.387,120.145
116.710,91.495,31.696,117.583
116.428,90.651,31.696,117.583
116.495,91.634,31.020,115.075
117.091,92.064,30.359,112.621
117.900,93.951,30.359,112.621
117.091,92.603,30.359,112.621
117.361,93.412,30.359,112.621
117.091,92.064,30.359,112.621
116.283,91.255,30.359,112.621
116.013,91.525,30.359,112.621
115.204,91.255,30.359,112.621
116.552,89.369,30.359,112.621
116.282,90.716,30.359,112.621
115.474,89.369,30.359,112.621
116.822,91.255,30.359,112.621
114.935,89.369,30.359,112.621
115.743,89.638,30.359,112.621
115.474,88.829,30.359,112.621
114.665,86.942,30.359,112.621
115.474,86.673,30.359,112.621
115.204,88.021,30.359,112.621
115.474,86.673,30.359,112.621
115.743,86.942,30.359,112.621
116.552,85.056,30.359,112.621
116.616,85.477,29.711,110.220
116.880,87.851,29.711,110.220
117.144,87.587,29.711,110.220
117.407,86.796,29.711,110.220
115.944,87.208,29.078,107.869
116.719,86.434,29.078,107.869
115.428,86.176,29.078,107.869
116.719,84.885,29.078,107.869
114.911,85.659,29.078,107.869
115.170,84.368,29.078,107.869
114.911,84.627,29.078,107.869
113.621,85.401,29.078,107.869
113.362,84.627,29.078,107.869
114.137,84.885,29.078,107.869
112.330,84.110,29.078,107.869
113.104,81.787,29.078,107.869
111.813,83.594,29.078,107.869
112.071,81.270,29.078,107.869
112.330,80.496,29.078,107.869
113.104,81.787,29.078,107.869
112.330,80.496,29.078,107.869
113.621,81.270,29.078,107.869
112.330,79.979,29.078,107.869
114.137,82.819,29.078,107.869
113.362,80.496,29.078,107.869
113.621,81.787,29.078,107.869
111.813,79.979,29.078,107.869
112.588,79.205,29.078,107.869
110.781,77.914,29.078,107.869
110.522,78.688,29.078,107.869
109.231,77.397,29.078,107.869
111.039,77.656,29.078,107.869
109.231,78.946,29.078,107.869
110.006,78.172,29.078,107.869
108.715,77.397,29.078,107.869
109.274,79.792,28.458,105.569
107.505,78.023,28.458,105.569
107.758,77.265,28.458,105.569
107.000,77.012,28.458,105.569
107.253,75.244,28.458,105.569
108.287,76.613,27.851,103.318
107.545,77.355,27.851,103.318
108.781,76.118,27.851,103.318
107.545,76.365,27.851,103.318
109.276,77.107,27.851,103.318
108.534,76.365,27.851,103.318
108.592,76.752,27.257,101.114
108.835,77.962,27.257,101.114
108.108,77.236,27.257,101.114
109.319,76.510,27.257,101.114
107.624,75.300,27.257,101.114
106.898,75.058,27.257,101.114
106.656,75.300,27.257,101.114
105.930,74.574,27.257,101.114
106.656,74.332,27.257,101.114
105.446,75.542,27.257,101.114
104.720,73.364,27.257,101.114
105.446,76.026,27.257,101.114
103.752,73.364,27.257,101.114
104.478,75.542,27.257,101.114
103.268,72.396,27.257,101.114
104.962,73.606,27.257,101.114
103.268,71.428,27.257,101.114
104.962,73.606,27.257,101.114
103.268,70.944,27.257,101.114
105.192,72.255,26.676,98.958
104.007,72.966,26.676,98.958
105.665,73.676,26.676,98.958
104.955,72.966,26.676,98.958
105.665,73.676,26.676,98.958
104.007,72.492,26.676,98.958
103.770,71.781,26.676,98.958
102.113,71.071,26.676,98.958
101.712,70.071,26.107,96.848
100.089,70.767,26.107,96.848
101.712,68.680,26.107,96.848
99.626,70.303,26.107,96.848
98.467,70.071,26.107,96.848
96.844,72.158,26.107,96.848
93.910,74.213,26.684,98.990
95.095,72.080,26.684,98.990
92.962,72.791,26.684,98.990
94.621,73.502,26.684,98.990
92.488,75.634,26.684,98.990
95.095,72.554,26.684,98.990
96.279,74.213,26.684,98.990
95.568,72.080,26.684,98.990
96.753,74.687,26.684,98.990
96.516,77.767,26.684,98.990
97.227,75.160,26.684,98.990
96.686,80.211,27.275,101.181
95.959,79.484,27.275,101.181
98.139,76.336,27.275,101.181
99.350,71.735,27.275,101.181
100.341,67.445,26.693,99.023
99.156,68.156,26.693,99.023
97.971,67.445,26.693,99.023
100.104,68.156,26.693,99.023
100.341,67.445,26.693,99.023
100.104,68.156,26.693,99.023
101.289,66.971,26.693,99.023
100.104,69.104,26.693,99.023
102.237,66.971,26.693,99.023
101.526,68.156,26.693,99.023
103.936,67.798,27.284,101.214
101.755,65.618,27.284,101.214
104.420,66.344,27.284,101.214
102.724,66.587,27.284,101.214
105.389,67.314,27.284,101.214
102.724,66.587,27.284,101.214
104.420,66.829,27.284,101.214
102.240,66.102,27.284,101.214
103.451,65.860,27.284,101.214
100.786,64.164,27.284,101.214
102.967,64.891,27.284,101.214
100.302,62.711,27.284,101.214
101.998,62.953,27.284,101.214
98.848,60.288,27.284,101.214
97.152,60.046,27.284,101.214
97.395,59.804,27.284,101.214
94.730,58.592,27.284,101.214
94.488,56.897,27.284,101.214
93.761,59.077,27.284,101.214
94.752,57.588,26.702,99.055
94.041,59.721,26.702,99.055
94.097,58.721,26.132,96.943
95.047,59.084,25.575,94.876
95.538,59.001,25.030,92.852
95.591,58.920,24.496,90.872
96.244,60.877,24.496,90.872
97.553,59.960,23.974,88.934
96.489,59.321,23.974,88.934
97.553,60.811,23.974,88.934
97.766,59.747,23.974,88.934
98.404,60.385,23.974,88.934
97.766,60.598,23.974,88.934
98.404,59.534,23.974,88.934
97.224,59.867,23.462,87.038
97.849,60.075,23.462,87.038
96.807,59.033,23.462,87.038
98.061,59.359,22.962,85.182
96.931,60.071,22.472,83.365
98.327,59.472,22.472,83.365
96.451,60.169,21.993,81.587
97.818,61.145,21.993,81.587
97.233,60.950,21.993,81.587
96.647,60.754,21.993,81.587
98.014,58.997,21.993,81.587
96.256,59.583,21.993,81.587
97.623,58.216,21.993,81.587
98.599,58.411,21.993,81.587
97.623,58.606,21.993,81.587
98.990,58.802,21.993,81.587
99.576,59.388,21.993,81.587
98.869,59.693,21.524,79.848
99.825,59.884,21.524,79.848
100.016,60.075,21.524,79.848
100.207,59.884,21.524,79.848
100.780,59.311,21.524,79.848
99.443,58.355,21.524,79.848
99.634,57.782,21.524,79.848
99.825,57.973,21.524,79.848
99.634,57.782,21.524,79.848
99.060,57.973,21.524,79.848
100.398,58.164,21.524,79.848
98.678,57.208,21.524,79.848
100.016,57.399,21.524,79.848
99.443,57.591,21.524,79.848
98.105,57.017,21.524,79.848
99.443,56.444,21.524,79.848
98.751,57.479,21.065,78.145
98.938,56.918,21.065,78.145
99.873,57.105,21.065,78.145
99.312,56.170,21.065,78.145
100.621,55.609,21.065,78.145
98.938,56.918,21.065,78.145
100.247,56.731,21.065,78.145
100.809,56.918,21.065,78.145
99.499,57.479,21.065,78.145
100.060,56.170,21.065,78.145
100.621,55.609,21.065,78.145
98.938,55.796,21.065,78.145
100.247,55.609,21.065,78.145
99.312,54.674,21.065,78.145
100.247,54.861,21.065,78.145
98.564,55.048,21.065,78.145
98.751,54.113,21.065,78.145
98.938,53.926,21.065,78.145
98.751,54.861,21.065,78.145
98.190,54.300,21.065,78.145
99.499,54.113,21.065,78.145
97.816,53.178,21.065,78.145
98.751,52.990,21.065,78.145
98.190,53.178,21.065,78.145
99.499,52.616,21.065,78.145
98.190,53.552,21.065,78.145
99.499,53.365,21.065,78.145
98.564,53.178,21.065,78.145
100.411,53.830,20.616,76.478
99.862,53.281,20.616,76.478
98.947,53.830,20.616,76.478
99.496,53.281,20.616,76.478
100.045,53.830,20.616,76.478
98.398,52.183,20.616,76.478
100.045,52.366,20.616,76.478
98.032,52.183,20.616,76.478
98.947,51.634,20.616,76.478
98.032,52.183,20.616,76.478
98.947,51.268,20.616,76.478
97.665,51.817,20.616,76.478
99.313,50.902,20.616,76.478
97.665,51.451,20.616,76.478
98.581,51.268,20.616,76.478
97.299,50.719,20.616,76.478
97.116,50.902,20.616,76.478
97.299,49.620,20.616,76.478
97.116,50.169,20.616,76.478
97.299,49.254,20.616,76.478
98.215,49.437,20.616,76.478
98.031,50.353,20.616,76.478
99.133,49.933,20.176,74.847
97.879,50.112,20.176,74.847
99.492,50.291,20.176,74.847
97.879,50.470,20.176,74.847
99.133,50.291,20.176,74.847
97.163,49.754,20.176,74.847
98.059,48.858,20.176,74.847
96.805,48.321,20.176,74.847
98.059,48.858,20.176,74.847
96.446,47.962,20.176,74.847
97.700,48.141,20.176,74.847
97.879,49.037,20.176,74.847
97.700,48.141,20.176,74.847
97.163,48.679,20.176,74.847
96.267,47.425,20.176,74.847
96.446,48.679,20.176,74.847
95.909,47.067,20.176,74.847
97.163,47.246,20.176,74.847
95.909,47.067,20.176,74.847
97.163,46.171,20.176,74.847
96.267,46.708,20.176,74.847
97.163,45.813,20.176,74.847
96.984,45.992,20.176,74.847
97.163,46.529,20.176,74.847
98.932,47.155,19.746,73.251
97.622,47.429,19.325,71.689
98.480,47.600,19.325,71.689
97.279,47.772,19.325,71.689
98.136,47.257,19.325,71.689
97.279,46.056,19.325,71.689
97.793,46.227,19.325,71.689
96.592,45.713,19.325,71.689
97.107,46.227,19.325,71.689
97.622,45.370,19.325,71.689
96.421,45.541,19.325,71.689
97.278,46.056,19.325,71.689
97.793,46.227,19.325,71.689
96.249,45.026,19.325,71.689
97.450,45.541,19.325,71.689
96.249,45.026,19.325,71.689
97.793,44.512,19.325,71.689
96.935,43.997,19.325,71.689
97.450,44.512,19.325,71.689
96.249,42.967,19.325,71.689
98.136,43.482,19.325,71.689
97.622,43.997,19.325,71.689
97.793,44.512,19.325,71.689
97.622,43.654,19.325,71.689
98.480,44.168,19.325,71.689
97.278,43.654,19.325,71.689
98.823,43.825,19.325,71.689
96.935,43.654,19.325,71.689
97.450,42.796,19.325,71.689
96.249,42.624,19.325,71.689
97.793,42.109,19.325,71.689
96.592,43.654,19.325,71.689
96.764,43.139,19.325,71.689
97.278,43.310,19.325,71.689
96.764,42.796,19.325,71.689
95.906,42.967,19.325,71.689
96.421,42.453,19.325,71.689
95.563,41.938,19.325,71.689
95.734,42.109,19.325,71.689
96.592,42.281,19.325,71.689
96.077,41.080,19.325,71.689
97.278,41.938,19.325,71.689
96.764,41.766,19.325,71.689
96.249,41.595,19.325,71.689
97.450,41.766,19.325,71.689
96.249,41.595,19.325,71.689
97.450,40.737,19.325,71.689
95.906,41.595,19.325,71.689
96.421,40.393,19.325,71.689
95.469,39.669,18.913,70.160
96.309,40.509,18.913,70.160
95.805,39.334,18.913,70.160
95.301,39.837,18.913,70.160
96.141,40.341,18.913,70.160
95.301,40.509,18.913,70.160
95.469,40.005,18.913,70.160
94.965,39.166,18.913,70.160
94.125,40.341,18.913,70.160
94.293,38.830,18.913,70.160
94.461,40.341,18.913,70.160
94.293,38.494,18.913,70.160
94.125,39.334,18.913,70.160
94.165,38.949,18.509,68.664
93.672,39.770,18.509,68.664
93.179,38.949,18.509,68.664
94.802,39.839,18.115,67.200
93.998,40.965,18.115,67.200
94.346,39.666,17.728,65.767
93.874,40.453,17.728,65.767
93.717,39.037,17.728,65.767
93.874,39.194,17.728,65.767
93.087,37.777,17.728,65.767
93.244,38.564,17.728,65.767
91.828,37.777,17.728,65.767
92.929,37.935,17.728,65.767
92.457,39.037,17.728,65.767
91.670,38.879,17.728,65.767
91.513,38.407,17.728,65.767
91.355,37.935,17.728,65.767
91.198,39.037,17.728,65.767
90.096,37.620,17.728,65.767
91.347,37.259,17.350,64.364
89.961,38.029,17.350,64.364
91.039,37.259,17.350,64.364
90.577,38.646,17.350,64.364
90.316,39.183,16.980,62.992
90.166,38.128,16.980,62.992
90.618,38.580,16.980,62.992
91.070,39.033,16.980,62.992
90.015,37.977,16.980,62.992
89.864,38.128,16.980,62.992
91.221,36.771,16.980,62.992
88.687,33.728,17.356,64.385
89.766,34.807,17.356,64.385
88.135,31.696,17.740,65.810
87.347,30.593,17.740,65.810
88.765,33.586,17.740,65.810
88.922,31.853,17.740,65.810
88.135,31.066,17.740,65.810
85.814,28.867,18.133,67.266
86.297,28.384,18.133,67.266
86.136,29.189,18.133,67.266
85.653,28.384,18.133,67.266
86.780,29.511,18.133,67.266
85.975,27.418,18.133,67.266
86.458,28.545,18.133,67.266
84.754,26.966,18.534,68.754
85.744,26.034,18.944,70.275
86.249,26.875,18.944,70.275
85.744,27.044,18.944,70.275
86.921,27.885,18.944,70.275
86.537,28.329,19.363,71.830
84.990,25.406,19.363,71.830
85.850,25.922,19.363,71.830
87.053,27.813,19.363,71.830
86.194,26.266,19.363,71.830
87.741,27.125,19.363,71.830
85.850,24.890,19.363,71.830
86.709,26.094,19.363,71.830
86.881,26.610,19.363,71.830
85.678,25.750,19.363,71.830
87.707,28.339,18.950,70.299
87.747,30.548,18.546,68.799
89.056,32.392,18.150,67.332
88.250,30.620,18.150,67.332
89.531,33.046,17.763,65.896
88.960,32.685,17.385,64.491
89.114,33.765,17.385,64.491
89.151,32.519,17.014,63.116
89.906,32.368,17.014,63.116
90.662,31.915,17.014,63.116
90.511,33.274,17.014,63.116
90.360,32.821,17.014,63.116
90.208,33.878,17.014,63.116
90.662,33.425,17.014,63.116
91.115,32.368,17.014,63.116
90.360,33.123,17.014,63.116
90.813,31.763,17.014,63.116
91.266,32.821,17.014,63.116
90.511,31.763,17.014,63.116
91.266,30.404,17.014,63.116
90.813,30.857,17.014,63.116
91.870,31.612,17.014,63.116
91.417,30.857,17.014,63.116
90.964,31.612,17.014,63.116
91.417,30.253,17.014,63.116
90.662,30.404,17.014,63.116
