0.00493479
0.01124024
0.01244998
0.01065040
0.01061177
0.01054358
0.01058030
0.01061034
0.01074409
0.01063609
0.01073337
0.01067758
0.01074266
0.01061106
0.01072478
0.01071334
0.01052642
0.01055121
0.01060891
0.01056027
0.01055622
0.01052690
0.01060009
0.01053262
0.01059580
0.01068902
0.01064849
0.01061869
0.01063132
0.01056910
0.01061320
0.01058888
0.01062894
0.01059008
0.01054573
0.01063299
0.01061320
0.01064754
0.01058602
0.01066017
0.01051760
0.01106453
0.01110554
0.01067924
0.01053286
0.01048899
0.01051235
0.01049089
0.01053023
0.01060319
0.01060796
0.01061368
0.01074433
0.01065254
0.01057744
0.01054454
0.01059961
0.01048136
0.01049113
0.01056218
0.01060677
0.01063776
0.01065564
0.01064873
0.01053429
0.01056290
0.01044416
0.01051974
0.01056600
0.01058865
0.01056004
0.01063871
0.01062465
0.01061964
0.01060748
0.01065087
0.01055574
0.01047516
0.01058888
0.01064897
0.01055121
0.01062918
0.01063514
0.01056480
0.01124120
0.01116204
0.01069450
0.01069999
0.01062822
0.01051784
0.01059842
0.01057601
0.01061606
0.01070046
0.01067924
0.01068497
0.01072574
0.01062775
0.01065969
0.01070285
0.01071239
0.01079822
0.01066494
0.01055074
0.01065087
0.01058149
0.01061225
0.01057029
0.01070857
0.01064301
0.01066756
0.01073384
0.01078892
0.01069450
0.01072383
0.01069832
0.01062679
0.01062083
0.01070333
0.01067495
0.01066971
0.01061964
0.01073575
0.01067257
0.01069474
0.01072502
0.01063824
0.01142049
0.01087046
0.01067901
0.01065302
0.01068854
0.01062131
0.01064324
0.01068258
0.01065397
0.01063776
0.01053143
0.01064920
0.01065159
0.01070261
0.01067209
0.01064134
0.01064253
0.01065350
0.01059508
0.01056385
0.01051116
0.01055455
0.01060915
0.01051521
0.01057291
0.01057673
0.01068926
0.01056385
0.01059723
0.01052999
0.01048875
0.01053286
0.01053190
0.01058412
0.01064086
0.01065683
0.01068020
0.01066375
0.01063919
0.01054549
0.01054239
0.01061296
0.01064324
0.01139045
0.01062775
0.01060200
0.01068544
0.01071334
0.01075864
0.01074123
0.01061964
0.01072240
0.01077509
0.01078653
0.01065874
0.01068473
0.01067019
0.01071787
0.01068354
0.01071429
0.01056385
0.01059389
0.01063132
0.01067686
0.01067185
0.01075363
0.01064730
0.01078081
0.01079726
0.01076460
0.01062036
0.01064730
0.01057076
0.01057601
0.01061606
0.01061487
0.01069093
0.01065254
0.01062012
0.01063347
0.01071739
0.01058936
0.01060677
0.01058698
0.01051021
0.01075315
0.01119757
0.01066899
0.01061988
0.01059127
0.01061034
0.01065707
0.01058531
0.01070881
0.01072145
0.01069713
0.01065707
0.01052833
0.01058793
0.01060724
0.01057315
0.01060057
0.01066947
0.01051283
0.01052880
0.01054931
0.01049232
0.01052642
0.01046181
0.01052117
0.01054764
0.01053429
0.01057649
0.01067019
0.01057410
0.01053286
0.01053381
0.01050591
0.01054883
0.01047087
0.01060414
0.01070046
0.01061034
0.01062894
0.01056743
0.01052046
0.01050973
0.01052308
0.01081610
0.01116014
0.01070452
0.01062918
0.01071954
0.01065230
0.01062012
0.01068902
0.01064849
0.01056886
0.01059604
0.01058197
0.01062226
0.01055622
0.01056123
0.01061869
0.01062775
0.01073098
0.01066208
0.01057196
0.01055908
0.01041555
0.01055861
0.01059055
0.01047802
0.01057625
0.01053405
0.01065326
0.01046848
0.01054072
0.01055217
0.01047301
0.01053429
0.01058936
0.01052713
0.01056027
0.01058149
0.01056910
