0.00410199
0.01112914
0.01214623
0.01129889
0.01083374
0.01064754
0.01070642
0.01049495
0.01047373
0.01057839
0.01062989
0.01051068
0.01056933
0.01055121
0.01058817
0.01048994
0.01050782
0.01050687
0.01049829
0.01122832
0.01086855
0.01054549
0.01054454
0.01054740
0.01052570
0.01048493
0.01055408
0.01058984
0.01061749
0.01064038
0.01066446
0.01057458
0.01064730
0.01056671
0.01062965
0.01065969
0.01065254
0.01055717
0.01060390
0.01047897
0.01051736
0.01062512
0.01064062
0.01057911
0.01056719
0.01059484
0.01059675
0.01055598
0.01057673
0.01061964
0.01064563
0.01050568
0.01057982
0.01060772
0.01064277
0.01050639
0.01051569
0.01050377
0.01066589
0.01050448
0.01057696
0.01058102
0.01057959
0.01049280
0.01073909
0.01088428
0.01066470
0.01065660
0.01059580
0.01092672
0.01065564
0.01086807
0.01060271
0.01055813
0.01061249
0.01067138
0.01065063
0.01061916
0.01071644
0.01068664
0.01080060
0.01056504
0.01070380
0.01064277
0.01066875
0.01070476
0.01058578
0.01062059
0.01061392
0.01059318
0.01061368
0.01066732
0.01061654
0.01057196
0.01050520
0.01061273
0.01062226
0.01058722
0.01052666
0.01060367
0.01056623
0.01051903
0.01054549
0.01061344
0.01053548
0.01046062
0.01062179
0.01052570
0.01067281
0.01070118
0.01139235
0.01065874
0.01066422
0.01059508
0.01052403
0.01049733
0.01065874
0.01057863
0.01064324
0.01070809
0.01079988
0.01075149
0.01083493
0.01064539
0.01075673
0.01085806
0.01075554
0.01073337
0.01061273
0.01060772
0.01064014
0.01066780
0.01063514
0.01061821
0.01068211
0.01063871
0.01054621
0.01052022
0.01055193
0.01063919
0.01054406
0.01056790
0.01055098
0.01061416
0.01051450
0.01054883
0.01061702
0.01067972
0.01060271
0.01055741
0.01067042
0.01059818
0.01057339
0.01058888
0.01066566
0.01136875
0.01071167
0.01061916
0.01048088
0.01057196
0.01068306
0.01048064
0.01058245
0.01058531
0.01061487
0.01050067
0.01057649
0.01048112
0.01056218
0.01046371
0.01050329
0.01054454
0.01059461
0.01052904
0.01052117
0.01040983
0.01047897
0.01050997
0.01050353
0.01055717
0.01059175
0.01066756
0.01065397
0.01062512
0.01057291
0.01056170
0.01060677
0.01064873
0.01054621
0.01066470
0.01065063
0.01062274
0.01058435
0.01060176
0.01056671
0.01065254
0.01058054
0.01064873
0.01069951
0.01064229
0.01124382
0.01114583
0.01066661
0.01067400
0.01063728
0.01077700
0.01067710
0.01064205
0.01072979
0.01068282
0.01072598
0.01066399
0.01072907
0.01074600
0.01076078
0.01070929
0.01082253
0.01097250
0.01077557
0.01078796
0.01065350
0.01065016
0.01075268
0.01086640
0.01081157
0.01067352
0.01071310
0.01066613
0.01072383
0.01076341
0.01068068
0.01074672
0.01075292
0.01066470
0.01055884
0.01061320
0.01068282
0.01067162
0.01060867
0.01063466
0.01069403
0.01064491
0.01062584
0.01061320
0.01073432
0.01120090
0.01125383
0.01078629
0.01069760
0.01070333
0.01064682
0.01072907
0.01073289
0.01063251
0.01063752
0.01071763
0.01073122
0.01067090
0.01068878
0.01075506
0.01066184
0.01066470
0.01058173
0.01067138
0.01068950
0.01064038
0.01060128
0.01067162
0.01063514
0.01071048
0.01055503
