0.00712800
0.01069117
0.01060605
0.01060724
0.01053500
0.01051450
0.01056480
0.01047540
0.01051450
0.01052356
0.01051164
0.01054287
0.01057005
0.01067758
0.01154423
0.01092792
0.01067853
0.01058531
0.01055384
0.01067591
0.01059389
0.01064897
0.01066041
0.01068544
0.01072454
0.01060319
0.01066613
0.01060653
0.01059365
0.01066017
0.01057863
0.01055551
0.01062560
0.01049542
0.01055646
0.01063514
0.01057076
0.01049876
0.01060462
0.01069236
0.01056290
0.01051092
0.01062942
0.01059055
0.01060414
0.01057649
0.01065373
0.01058793
0.01060343
0.01067901
0.01060915
0.01068878
0.01093364
0.01068521
0.01057076
0.01061940
0.01063514
0.01062393
0.01063585
0.01062727
0.01061845
0.01062989
0.01067042
0.01062560
0.01060867
0.01056337
0.01067066
0.01057291
0.01057386
0.01073360
0.01065969
0.01063061
0.01098537
0.01067948
0.01060057
0.01065111
0.01057911
0.01061702
0.01052880
0.01064277
0.01055741
0.01062226
0.01074672
0.01058292
0.01058555
0.01058912
0.01065993
0.01057601
0.01059365
0.01111984
0.01082325
0.01062012
0.01071143
0.01066208
0.01054215
0.01072669
0.01063943
0.01065373
0.01072955
0.01070786
0.01074719
0.01071429
0.01069379
0.01065516
0.01077628
0.01059651
0.01063490
0.01088500
0.01064920
0.01060772
0.01073790
0.01068878
0.01068139
0.01075006
0.01063848
0.01066995
0.01072550
0.01069641
0.01064825
0.01067185
0.01055479
0.01056385
0.01073980
0.01065540
0.01055264
0.01060605
0.01067758
0.01138234
0.01110339
0.01058674
0.01062918
0.01066804
0.01068234
0.01063251
0.01061749
0.01066279
0.01071501
0.01070976
0.01068306
0.01066470
0.01069689
0.01066661
0.01058578
0.01065826
0.01078725
0.01072645
0.01064682
0.01079917
0.01057529
0.01057363
0.01067924
0.01065826
0.01061249
0.01055670
0.01064515
0.01062059
0.01065779
0.01068497
0.01059604
0.01058412
0.01070905
0.01068854
0.01058602
0.01055789
0.01069665
0.01090002
0.01066899
0.01066661
0.01060581
0.01062107
0.01064610
0.01062751
0.01057220
0.01071930
0.01064563
0.01060772
0.01058316
0.01059175
0.01051664
0.01057959
0.01074910
0.01067567
0.01060581
0.01067209
0.01062679
0.01058650
0.01056099
0.01066351
0.01054239
0.01064587
0.01072741
0.01064515
0.01059556
0.01063085
0.01067209
0.01055646
0.01059079
0.01068068
0.01058483
0.01064706
0.01063633
0.01061511
0.01067090
0.01091862
0.01068687
0.01065636
0.01054478
0.01067710
0.01059842
0.01061368
0.01061416
0.01062608
0.01069140
0.01076365
0.01071692
0.01063991
0.01070881
0.01059532
0.01060367
0.01066899
0.01064968
0.01060915
0.01062226
0.01061106
0.01064134
0.01057935
0.01068568
0.01068306
0.01062584
0.01063633
0.01060772
0.01052022
0.01061726
0.01066136
0.01060390
0.01059651
0.01066017
0.01061201
0.01063228
0.01068640
0.01115870
0.01080751
0.01075864
0.01079869
0.01072454
0.01075339
0.01073050
0.01063871
0.01065612
0.01067924
0.01055264
0.01068735
0.01066470
0.01056504
0.01063657
0.01065063
0.01066566
0.01051807
0.01061106
0.01064515
0.01053834
0.01056528
0.01065898
0.01059961
0.01055026
0.01051259
0.01063371
0.01069403
0.01061296
0.01059604
0.01062417
0.01059675
0.01063609
0.01061988
0.01057076
0.01062059
0.01068497
0.01063585
0.01127958
0.01075459
0.01061702
0.01060963
0.01069450
0.01060009
0.01057816
0.01067138
0.01067853
0.01065397
0.01073813
0.01066923
0.01065755
