289.000,67.000,64.000,236.000
292.960,68.697,64.000,236.000
290.132,70.395,64.000,236.000
283.908,65.303,64.000,236.000
285.605,69.263,64.000,236.000
279.382,68.697,64.000,236.000
275.422,71.526,64.000,236.000
270.330,74.355,64.000,236.000
266.369,76.052,64.000,236.000
263.541,78.881,64.000,236.000
260.712,80.578,64.000,236.000
255.620,84.539,64.000,236.000
251.659,88.499,64.000,236.000
251.094,86.802,64.000,236.000
246.002,94.157,64.000,236.000
242.041,99.249,64.000,236.000
234.687,102.077,64.000,236.000
229.595,102.643,64.000,236.000
224.778,93.576,65.416,241.221
225.356,87.215,65.416,241.221
230.561,73.914,65.416,241.221
235.765,77.962,65.416,241.221
244.439,69.288,65.416,241.221
236.922,74.492,65.416,241.221
231.488,108.835,64.021,236.077
227.526,115.061,64.021,236.077
231.488,116.758,64.021,236.077
234.318,113.929,64.021,236.077
221.301,120.154,64.021,236.077
208.262,126.350,65.437,241.301
191.486,122.301,65.437,241.301
186.280,114.781,65.437,241.301
267.845,72.552,65.437,241.301
275.365,70.817,65.437,241.301
266.839,56.744,66.885,246.639
259.152,62.066,66.885,246.639
265.160,69.766,68.365,252.096
263.347,63.118,68.365,252.096
263.494,73.379,66.907,246.720
271.618,95.962,65.480,241.459
275.670,100.014,65.480,241.459
271.618,102.909,65.480,241.459
277.338,94.882,64.084,236.310
284.702,85.252,64.084,236.310
296.599,73.355,64.084,236.310
302.831,64.857,64.084,236.310
298.865,59.759,64.084,236.310
303.964,60.325,64.084,236.310
301.917,69.944,62.717,231.270
303.580,66.063,62.717,231.270
305.243,64.399,62.717,231.270
307.515,68.468,61.380,226.338
303.717,65.755,61.380,226.338
308.600,68.468,61.380,226.338
308.058,71.181,61.380,226.338
308.600,68.468,61.380,226.338
311.313,73.352,61.380,226.338
308.600,68.468,61.380,226.338
309.143,74.437,61.380,226.338
310.771,70.639,61.380,226.338
310.228,64.670,61.380,226.338
315.112,64.128,61.380,226.338
305.829,62.880,60.071,221.512
302.112,57.039,60.071,221.512
310.430,61.960,58.790,216.788
319.573,66.776,57.536,212.165
314.995,61.181,57.536,212.165
309.400,51.517,57.536,212.165
303.805,56.095,57.536,212.165
298.210,50.500,57.536,212.165
292.616,71.353,57.536,212.165
288.038,78.983,57.536,212.165
281.426,84.578,57.536,212.165
277.865,82.035,57.536,212.165
284.478,53.043,57.536,212.165
282.640,43.049,56.309,207.640
284.133,37.574,56.309,207.640
287.132,34.510,55.108,203.212
279.952,28.724,56.328,207.708
282.953,26.619,55.126,203.279
278.567,23.208,55.126,203.279
278.685,30.542,53.951,198.944
274.392,52.958,53.951,198.944
280.592,57.250,53.951,198.944
292.660,62.589,52.800,194.701
299.072,61.516,51.674,190.549
296.788,55.578,51.674,190.549
291.003,47.309,52.818,194.765
287.734,53.378,52.818,194.765
284.466,56.647,52.818,194.765
282.428,53.039,53.986,199.074
286.287,56.283,55.181,203.479
290.167,61.744,54.004,199.140
300.961,95.698,55.199,203.546
310.982,105.090,56.420,208.049
319.461,109.579,56.420,208.049
326.943,114.068,56.420,208.049
320.459,107.584,56.420,208.049
333.925,115.066,56.420,208.049
340.409,122.547,56.420,208.049
338.913,119.056,56.420,208.049
343.981,124.516,57.668,212.652
335.314,115.850,57.668,212.652
325.628,109.222,57.668,212.652
306.766,101.575,57.668,212.652
297.080,94.948,57.668,212.652
290.452,99.536,57.668,212.652
285.864,96.987,57.668,212.652
288.413,103.615,57.668,212.652
284.606,111.287,56.439,208.117
280.115,118.771,56.439,208.117
275.625,116.276,56.439,208.117
269.139,109.790,56.439,208.117
267.642,103.304,56.439,208.117
259.161,99.812,56.439,208.117
260.657,98.315,56.439,208.117
255.169,93.825,56.439,208.117
258.662,101.309,56.439,208.117
260.626,90.207,57.687,212.722
262.155,82.557,57.687,212.722
264.705,75.928,57.687,212.722
267.255,71.338,57.687,212.722
271.845,71.848,57.687,212.722
275.414,75.418,57.687,212.722
279.538,65.128,58.964,217.428
281.102,64.607,58.964,217.428
282.665,68.256,58.964,217.428
285.272,75.032,58.964,217.428
288.920,81.808,58.964,217.428
290.484,86.499,58.964,217.428
286.835,93.275,58.964,217.428
291.527,99.009,58.964,217.428
295.175,103.700,58.964,217.428
297.782,100.051,58.964,217.428
302.473,97.445,58.964,217.428
298.035,91.254,60.268,222.239
299.633,85.394,60.268,222.239
298.035,78.468,60.268,222.239
296.437,83.263,60.268,222.239
289.690,76.935,61.602,227.156
279.343,87.282,61.602,227.156
275.531,85.648,61.602,227.156
269.541,89.460,61.602,227.156
267.907,86.737,61.602,227.156
274.986,81.836,61.602,227.156
279.887,84.559,61.602,227.156
282.610,75.301,61.602,227.156
279.887,76.935,61.602,227.156
280.432,81.836,61.602,227.156
278.798,75.846,61.602,227.156
281.521,75.301,61.602,227.156
279.887,80.202,61.602,227.156
286.967,75.301,61.602,227.156
292.957,70.400,61.602,227.156
297.858,73.123,61.602,227.156
297.314,67.133,61.602,227.156
296.769,75.301,61.602,227.156
299.492,76.935,61.602,227.156
305.482,75.301,61.602,227.156
302.759,79.113,61.602,227.156
306.571,72.034,61.602,227.156
302.759,71.489,61.602,227.156
312.812,62.762,62.965,232.182
312.256,61.092,62.965,232.182
305.020,58.309,62.965,232.182
312.256,53.299,62.965,232.182
321.718,59.422,62.965,232.182
326.728,66.658,62.965,232.182
330.624,57.195,62.965,232.182
329.686,51.624,61.622,227.231
324.783,51.079,61.622,227.231
326.417,52.713,61.622,227.231
324.783,55.437,61.622,227.231
327.507,52.713,61.622,227.231
330.231,49.989,61.622,227.231
326.417,57.071,61.622,227.231
323.694,48.900,61.622,227.231
323.149,46.176,61.622,227.231
325.873,51.079,61.622,227.231
327.507,52.713,61.622,227.231
329.141,49.989,61.622,227.231
328.596,52.713,61.622,227.231
335.678,56.526,61.622,227.231
339.491,51.624,61.622,227.231
334.589,53.258,61.622,227.231
336.223,51.624,61.622,227.231
331.320,49.989,61.622,227.231
324.238,47.266,61.622,227.231
320.425,51.079,61.622,227.231
322.059,52.713,61.622,227.231
321.515,49.989,61.622,227.231
319.881,50.534,61.622,227.231
316.067,55.437,61.622,227.231
311.165,52.713,61.622,227.231
306.262,57.616,61.622,227.231
313.344,53.803,61.622,227.231
309.530,51.079,61.622,227.231
304.628,52.713,61.622,227.231
307.351,48.900,61.622,227.231
306.807,43.997,61.622,227.231
302.994,40.184,61.622,227.231
292.624,39.982,60.308,222.385
291.404,42.500,61.642,227.305
286.500,49.584,61.642,227.305
293.584,43.590,61.642,227.305
285.410,45.224,61.642,227.305
290.947,41.014,63.006,232.334
286.205,32.087,64.400,237.475
287.913,38.349,64.400,237.475
286.205,38.919,64.400,237.475
287.913,36.072,64.400,237.475
290.759,33.226,64.400,237.475
293.000,27.645,65.825,242.729
295.910,35.210,65.825,242.729
294.164,35.792,65.825,242.729
295.910,41.029,65.825,242.729
291.836,39.283,65.825,242.729
288.927,45.684,65.825,242.729
289.509,43.938,65.825,242.729
290.091,46.848,65.825,242.729
291.836,48.593,65.825,242.729
293.582,42.193,65.825,242.729
298.819,38.119,65.825,242.729
293.582,46.848,65.825,242.729
297.655,41.611,65.825,242.729
293.582,44.520,65.825,242.729
299.495,36.402,67.281,248.099
300.090,42.944,67.281,248.099
303.063,39.970,67.281,248.099
308.416,44.134,67.281,248.099
311.390,39.970,67.281,248.099
316.743,39.375,67.281,248.099
313.769,38.781,67.281,248.099
315.554,33.428,67.281,248.099
309.011,31.643,67.281,248.099
311.448,40.595,65.846,242.808
307.374,37.684,65.846,242.808
298.642,40.595,65.846,242.808
294.295,37.012,64.442,237.630
300.562,34.164,64.442,237.630
302.896,41.639,63.068,232.563
296.582,52.180,61.723,227.603
290.580,45.086,61.723,227.603
281.406,34.077,63.089,232.639
282.444,33.239,64.484,237.786
287.575,37.230,64.484,237.786
282.444,33.239,64.484,237.786
278.454,40.650,64.484,237.786
282.444,36.660,64.484,237.786
287.575,42.930,64.484,237.786
283.584,40.080,64.484,237.786
294.415,39.510,64.484,237.786
294.985,36.660,64.484,237.786
287.575,42.930,64.484,237.786
290.425,45.780,64.484,237.786
298.255,45.569,63.109,232.715
298.813,52.821,63.109,232.715
301.603,55.611,63.109,232.715
302.813,61.856,61.763,227.753
307.727,68.954,61.763,227.753
307.181,62.948,61.763,227.753
305.543,67.862,61.763,227.753
309.365,66.224,61.763,227.753
304.451,63.494,61.763,227.753
301.721,60.764,61.763,227.753
296.807,64.586,61.763,227.753
291.026,56.968,63.130,232.792
286.003,60.875,63.130,232.792
290.442,70.350,61.784,227.827
268.464,68.041,60.466,222.969
245.479,69.645,60.466,222.969
219.287,68.041,60.466,222.969
213.408,71.783,60.466,222.969
202.183,75.525,60.466,222.969
198.441,79.266,60.466,222.969
251.565,77.354,61.804,227.902
260.853,80.086,61.804,227.902
254.843,77.354,61.804,227.902
256.482,78.993,61.804,227.902
261.400,74.076,61.804,227.902
264.131,76.808,61.804,227.902
262.492,79.540,61.804,227.902
265.224,76.808,61.804,227.902
270.141,80.632,61.804,227.902
266.317,82.271,61.804,227.902
270.141,80.632,61.804,227.902
263.039,84.457,61.804,227.902
269.049,78.447,61.804,227.902
264.131,80.086,61.804,227.902
271.234,74.076,61.804,227.902
273.966,74.623,61.804,227.902
274.512,72.983,61.804,227.902
272.873,73.530,61.804,227.902
273.419,69.705,61.804,227.902
276.151,69.159,61.804,227.902
281.068,64.242,61.804,227.902
280.522,68.066,61.804,227.902
278.883,60.964,61.804,227.902
285.985,62.603,61.804,227.902
287.624,68.613,61.804,227.902
283.800,61.510,61.804,227.902
281.068,69.705,61.804,227.902
285.985,78.993,61.804,227.902
285.439,81.725,61.804,227.902
281.615,81.179,61.804,227.902
281.068,82.818,61.804,227.902
283.800,82.271,61.804,227.902
277.790,80.632,61.804,227.902
271.780,82.271,61.804,227.902
261.460,74.649,63.171,232.944
253.084,71.856,63.171,232.944
244.707,67.947,63.171,232.944
241.111,62.474,64.569,238.098
237.116,65.328,64.569,238.098
239.970,68.181,64.569,238.098
245.107,64.186,64.569,238.098
250.244,69.323,64.569,238.098
255.381,73.319,64.569,238.098
251.386,69.323,64.569,238.098
256.523,75.602,64.569,238.098
254.032,66.454,65.998,243.366
261.616,65.870,65.998,243.366
259.866,69.954,65.998,243.366
267.451,70.538,65.998,243.366
262.200,67.620,65.998,243.366
268.618,75.205,65.998,243.366
271.535,72.288,65.998,243.366
270.951,69.371,65.998,243.366
269.201,68.787,65.998,243.366
274.452,74.038,65.998,243.366
271.219,74.946,64.590,238.176
277.500,75.517,64.590,238.176
275.437,77.506,63.213,233.097
283.819,79.183,63.213,233.097
288.263,82.207,61.865,228.126
290.998,81.660,61.865,228.126
292.638,81.113,61.865,228.126
291.717,86.181,60.545,223.261
294.393,85.646,60.545,223.261
298.650,95.765,59.254,218.500
295.747,93.550,57.991,213.841
294.209,96.114,57.991,213.841
291.646,100.727,57.991,213.841
286.007,108.417,57.991,213.841
283.444,116.107,57.991,213.841
277.805,112.518,57.991,213.841
275.242,110.980,57.991,213.841
271.653,105.341,57.991,213.841
264.860,102.186,56.754,209.281
258.337,116.736,56.754,209.281
250.812,125.265,56.754,209.281
240.276,128.777,56.754,209.281
233.754,128.275,56.754,209.281
231.245,125.766,56.754,209.281
222.716,133.292,56.754,209.281
217.197,134.797,56.754,209.281
222.154,134.611,55.544,204.818
226.574,129.210,55.544,204.818
219.337,120.321,56.773,209.349
223.853,100.748,56.773,209.349
228.370,94.224,56.773,209.349
225.861,89.707,56.773,209.349
232.385,86.194,56.773,209.349
233.891,86.696,56.773,209.349
237.949,89.066,58.029,213.981
241.540,91.631,58.029,213.981
246.752,86.603,59.313,218.715
241.200,78.199,60.625,223.554
250.311,79.807,60.625,223.554
256.206,77.127,60.625,223.554
263.173,69.089,60.625,223.554
265.853,66.409,60.625,223.554
272.820,74.448,60.625,223.554
278.715,82.487,60.625,223.554
285.682,89.454,60.625,223.554
290.506,91.062,60.625,223.554
284.611,84.095,60.625,223.554
280.859,79.271,60.625,223.554
276.036,77.663,60.625,223.554
278.715,79.271,60.625,223.554
282.467,71.232,60.625,223.554
282.597,68.967,59.332,218.787
277.876,73.687,59.332,218.787
278.401,76.310,59.332,218.787
279.974,74.736,59.332,218.787
274.205,78.408,59.332,218.787
267.563,76.532,60.645,223.628
265.954,72.779,60.645,223.628
273.626,69.749,61.987,228.576
276.920,62.104,63.358,233.633
285.322,67.145,63.358,233.633
292.603,71.065,63.358,233.633
299.884,77.226,63.358,233.633
296.781,79.177,62.007,228.650
289.655,73.148,62.007,228.650
286.914,67.118,62.007,228.650
278.692,56.703,62.007,228.650
269.475,47.918,63.379,233.709
260.971,57.431,62.027,228.725
263.712,60.172,62.027,228.725
264.261,54.141,62.027,228.725
265.906,48.109,62.027,228.725
267.551,43.174,62.027,228.725
263.713,40.432,62.027,228.725
258.778,48.657,62.027,228.725
251.649,49.206,62.027,228.725
248.908,54.141,62.027,228.725
254.326,62.393,60.704,223.848
261.302,59.710,60.704,223.848
259.692,54.880,60.704,223.848
255.936,59.710,60.704,223.848
250.893,67.786,59.410,219.074
237.763,69.362,59.410,219.074
230.023,66.393,60.724,223.921
217.676,68.004,60.724,223.921
207.477,72.835,60.724,223.921
202.645,71.225,60.724,223.921
207.477,67.467,60.724,223.921
212.308,63.709,60.724,223.921
217.139,62.099,60.724,223.921
212.308,64.783,60.724,223.921
205.510,65.091,62.068,228.875
200.572,67.834,62.068,228.875
207.705,71.675,62.068,228.875
207.156,70.029,62.068,228.875
205.510,71.675,62.068,228.875
198.377,67.834,62.068,228.875
194.536,63.993,62.068,228.875
166.553,57.958,62.068,228.875
141.388,58.272,63.441,233.939
145.314,55.468,63.441,233.939
149.240,58.272,63.441,233.939
154.939,58.593,64.845,239.115
160.098,55.727,64.845,239.115
146.913,57.447,64.845,239.115
138.315,52.288,64.845,239.115
145.767,57.447,64.845,239.115
154.365,62.606,64.845,239.115
169.843,59.740,64.845,239.115
180.734,59.167,64.845,239.115
194.133,64.479,63.462,234.016
196.938,59.430,63.462,234.016
203.803,60.915,64.866,239.194
200.936,64.929,64.866,239.194
210.684,72.384,64.866,239.194
215.845,78.691,64.866,239.194
217.089,86.216,63.483,234.093
219.895,87.900,63.483,234.093
218.212,94.073,63.483,234.093
223.262,100.246,63.483,234.093
217.989,126.001,62.129,229.101
205.417,123.679,60.804,224.215
205.955,122.067,60.804,224.215
205.049,122.903,59.507,219.434
213.992,130.794,59.507,219.434
220.830,135.529,59.507,219.434
216.096,129.742,59.507,219.434
223.987,126.060,59.507,219.434
217.325,129.636,60.824,224.289
216.094,121.018,62.170,229.251
211.415,113.350,63.545,234.323
210.853,110.542,63.545,234.323
221.224,80.557,64.951,239.508
224.095,71.945,64.951,239.508
236.152,75.964,64.951,239.508
243.616,84.576,64.951,239.508
259.119,58.739,64.951,239.508
263.686,55.205,63.566,234.400
266.495,64.758,63.566,234.400
264.809,69.815,63.566,234.400
268.743,80.492,63.566,234.400
267.057,84.425,63.566,234.400
262.000,111.960,63.566,234.400
