0.00631213
0.01182866
0.01166105
0.01176167
0.01147366
0.01136518
0.01141596
0.01131368
0.01139975
0.01132512
0.01126337
0.01150107
0.01148820
0.01145077
0.01147246
0.01141858
0.01152658
0.01141787
0.01147580
0.01149344
0.01142883
0.01141000
0.01144624
0.01172209
0.01141620
0.01143694
0.01145744
0.01151991
0.01128983
0.01140881
0.01131606
0.01122785
0.01150012
0.01146460
0.01142979
0.01136565
0.01150918
0.01144505
0.01144814
0.01147509
0.01133251
0.01116395
0.01134181
0.01129270
0.01121688
0.01132202
0.01125407
0.01139975
0.01127839
0.01143837
0.01125741
0.01145124
0.01149011
0.01132393
0.01137924
0.01122117
0.01140428
0.01152062
0.01143599
0.01139069
0.01144791
0.01142859
0.01140451
0.01127815
0.01141286
0.01135015
0.01130342
0.01116514
0.01120663
0.01119876
0.01128960
0.01125813
0.01126719
0.01122141
0.01118731
0.01115584
0.01119328
0.01117969
0.01112556
0.01110220
0.01120043
0.01108956
0.01113534
0.01106143
0.01111984
0.01112008
0.01102591
0.01100397
0.01109481
0.01111698
0.01107049
0.01102686
0.01102948
0.01106858
0.01116586
0.01104450
0.01104617
0.01110744
0.01097703
0.01088452
0.01088643
0.01093292
0.01104140
0.01105165
0.01093674
0.01093650
0.01107907
0.01104164
0.01095200
0.01089597
0.01082277
0.01093984
0.01091528
0.01091242
0.01092052
0.01097751
0.01104546
0.01088500
0.01098442
0.01093960
0.01091337
0.01103282
0.01096606
0.01093936
0.01101589
0.01099062
0.01096797
0.01096749
0.01096201
0.01097155
0.01097846
0.01091766
0.01095867
0.01093578
0.01095247
0.01096368
0.01097155
0.01090908
0.01089787
0.01099396
0.01088810
0.01093507
0.01092219
0.01092291
0.01100373
0.01089525
0.01089382
0.01103616
0.01101398
0.01090837
0.01091194
0.01087117
0.01096463
0.01087451
0.01098037
0.01100445
0.01083755
0.01095772
0.01095271
0.01100230
0.01100278
0.01097441
0.01096272
0.01092434
0.01097894
0.01090527
0.01093102
0.01090264
0.01090050
0.01092196
0.01088214
0.01100159
0.01093912
0.01092386
0.01087332
0.01110339
0.01091743
0.01091528
0.01089215
0.01098490
0.01095176
0.01090479
0.01080394
0.01094294
0.01096606
0.01098537
0.01090002
0.01095271
0.01094556
0.01089501
0.01085663
0.01088095
0.01094031
0.01089978
0.01089478
0.01097560
0.01086521
0.01088190
0.01080990
0.01095676
0.01083922
0.01089025
0.01079941
0.01081324
0.01088142
0.01082993
0.01082277
0.01093221
0.01099610
0.01094174
0.01080561
0.01088881
0.01092529
0.01093984
0.01080179
0.01082563
0.01087236
0.01094651
0.01087570
0.01083899
0.01089859
0.01096272
0.01084733
0.01091862
0.01084757
0.01091194
0.01080394
0.01082134
0.01079655
0.01080537
0.01083231
0.01081371
0.01076508
0.01089382
0.01080513
0.01075602
0.01077342
0.01075959
0.01085520
0.01080489
0.01074862
0.01077414
0.01077294
0.01068449
0.01069307
0.01071739
0.01066470
0.01065564
0.01063037
0.01059151
0.01059246
0.01056123
0.01058984
0.01060128
0.01072550
0.01060462
0.01059318
0.01067305
0.01066470
0.01073289
0.01067877
0.01063681
0.01068616
0.01068926
0.01080608
0.01065159
0.01072311
0.01065469
0.01100755
0.01067066
0.01066995
0.01055789
0.01060772
0.01067472
0.01067352
0.01068854
0.01072812
0.01069880
0.01065302
0.01074719
0.01080704
0.01067615
0.01066995
0.01065016
0.01067829
0.01055861
0.01067996
0.01055694
0.01061606
0.01078296
0.01065183
0.01063395
0.01066279
0.01060915
0.01070333
0.01061392
0.01064157
0.01060128
0.01066399
0.01062870
0.01065397
0.01069331
0.01068163
0.01065636
0.01054788
0.01061678
0.01060081
0.01066566
0.01059175
0.01068830
0.01065350
0.01059103
0.01066351
0.01060033
0.01071954
0.01060033
0.01058102
0.01058054
0.01071048
0.01074791
0.01068616
0.01068997
0.01055121
0.01057434
0.01056075
0.01057172
0.01071191
0.01062202
0.01062799
0.01067257
0.01061559
0.01063681
0.01057196
0.01069188
0.01067519
0.01066923
0.01073647
0.01058602
0.01052976
0.01058602
0.01067376
0.01065922
0.01057935
0.01060414
0.01056719
0.01050639
0.01052165
0.01066351
0.01065803
0.01064563
0.01058364
