0.00463152
0.01150417
0.01223946
0.01095366
0.01080513
0.01081848
0.01078916
0.01072860
0.01074290
0.01070333
0.01065278
0.01078129
0.01080871
0.01075625
0.01086426
0.01079106
0.01088190
0.01083827
0.01082397
0.01077127
0.01078296
0.01082301
0.01075387
0.01070166
0.01078677
0.01071644
0.01069498
0.01071358
0.01083899
0.01076627
0.01071692
0.01071215
0.01090455
0.01095510
0.01078939
0.01076102
0.01080394
0.01102901
0.01080751
0.01075864
0.01090789
0.01087117
0.01084685
0.01069188
0.01070189
0.01074457
0.01074624
0.01075220
0.01077986
0.01079011
0.01082850
0.01076722
0.01085472
0.01079965
0.01086402
0.01084089
0.01075125
0.01075625
0.01085734
0.01083803
0.01083755
0.01089740
0.01091409
0.01079297
0.01082373
0.01076126
0.01077747
0.01067090
0.01077271
0.01066375
0.01077032
0.01078987
0.01074457
0.01074600
0.01079440
0.01139164
0.01093769
0.01075840
0.01093316
0.01082373
0.01071906
0.01079345
0.01074982
0.01072240
0.01079631
0.01083684
0.01076150
0.01084232
0.01079154
0.01082635
0.01077795
0.01085520
0.01075959
0.01074314
0.01076031
0.01072884
0.01068783
0.01070642
0.01080179
0.01069689
0.01078868
0.01081824
0.01078296
0.01074266
0.01076102
0.01074815
0.01067448
0.01075768
0.01077771
0.01076245
0.01079273
0.01083612
0.01086760
0.01077771
0.01076770
0.01079488
0.01073885
0.01078176
0.01145220
0.01114774
0.01074147
0.01080275
0.01081443
0.01086044
0.01076627
0.01082683
0.01077747
0.01087809
0.01093006
0.01093793
0.01073885
0.01082492
0.01077199
0.01078296
0.01087570
0.01077223
0.01068211
0.01073337
0.01076984
0.01071000
0.01083970
0.01080513
0.01070857
0.01076579
0.01078200
0.01065135
0.01063561
0.01070499
0.01082802
0.01080918
0.01070309
0.01079416
0.01071334
0.01072073
0.01075816
0.01068306
0.01078677
0.01080132
0.01085615
0.01079559
0.01079702
0.01156783
0.01111126
0.01080418
0.01080394
0.01084161
0.01077342
0.01070666
0.01079798
0.01084304
0.01081133
0.01084685
0.01081228
0.01082277
0.01092243
0.01088071
0.01081824
0.01079917
0.01085734
0.01086426
0.01076078
0.01081777
0.01073933
0.01077890
0.01078653
0.01079321
0.01081657
0.01081133
0.01092267
0.01082873
0.01084399
0.01088953
0.01085377
0.01081395
0.01081967
0.01078415
0.01066923
0.01075578
0.01082134
0.01084971
0.01069260
0.01084423
0.01077437
0.01079392
0.01104093
0.01114607
0.01095247
0.01088691
0.01094341
0.01085973
0.01064444
0.01086998
0.01083970
0.01095366
0.01090479
0.01087165
0.01082730
0.01079106
0.01092267
0.01083183
0.01077199
0.01086831
0.01074815
0.01078582
0.01075864
0.01079607
0.01073384
0.01079082
0.01080656
0.01081944
0.01114035
0.01085949
0.01086664
0.01072717
0.01081038
0.01089287
0.01088643
0.01077151
0.01079226
0.01075673
0.01078129
0.01076078
0.01109481
0.01072073
0.01079249
0.01087260
0.01129651
0.01106572
0.01084399
0.01068234
0.01081920
0.01082540
0.01081228
0.01070571
0.01073337
0.01078939
0.01072645
0.01070476
0.01080441
0.01081443
0.01078820
0.01076555
0.01083732
0.01078176
0.01073456
0.01077461
0.01076269
0.01076531
0.01074195
0.01086760
0.01075792
0.01076698
0.01073313
0.01087904
0.01075125
0.01080251
0.01078320
0.01074028
0.01071095
0.01082444
0.01078033
0.01082397
0.01087356
0.01091218
0.01087976
0.01082611
0.01089120
0.01081920
0.01079488
0.01141548
0.01121855
0.01085639
0.01075053
0.01074672
0.01085591
0.01077199
0.01071000
0.01083422
0.01084566
0.01096797
0.01084352
0.01084352
0.01083493
0.01075912
0.01085973
0.01088738
0.01084590
0.01072693
0.01143575
0.01092744
0.01079011
0.01068211
0.01070452
0.01067543
0.01073503
0.01072621
0.01085019
0.01085806
0.01081395
0.01087046
0.01082468
0.01072788
0.01070452
0.01072168
0.01060867
0.01074719
0.01075530
0.01081729
0.01071882
0.01079249
0.01090932
0.01088428
0.01126242
0.01115632
0.01078057
0.01065230
0.01072884
0.01073217
0.01064515
0.01083946
0.01080489
0.01083231
0.01088858
0.01073003
0.01079416
0.01084733
0.01082253
0.01079035
0.01068878
0.01071763
0.01077223
0.01071286
0.01080060
0.01089883
0.01083231
0.01088333
0.01075435
0.01075673
0.01087594
0.01078916
0.01078248
0.01066804
0.01073503
0.01080418
0.01061440
0.01073599
0.01083374
0.01080322
0.01077914
0.01076698
0.01075196
0.01067281
0.01070142
0.01075053
0.01083660
0.01104856
0.01088333
0.01083469
0.01082802
0.01085854
0.01087308
0.01082134
0.01074028
0.01096249
0.01086259
0.01067328
0.01078153
0.01080632
0.01070809
0.01071024
0.01076913
0.01070428
0.01077414
0.01085424
0.01079392
0.01074958
0.01084495
0.01081967
0.01079416
0.01083136
0.01083803
0.01084423
0.01087999
0.01084042
0.01086116
0.01078558
0.01085663
0.01082468
0.01080036
0.01073956
0.01086998
0.01084900
0.01079822
0.01081586
0.01077795
0.01074553
0.01080084
0.01143813
0.01122332
0.01088667
0.01084018
0.01079130
0.01071620
0.01086807
0.01085925
0.01084042
0.01082182
0.01083899
0.01089954
0.01077318
0.01083255
0.01079798
0.01076674
0.01084042
0.01081252
0.01079035
0.01076531
0.01083636
0.01068878
0.01081371
0.01083088
0.01084924
0.01084208
0.01078248
0.01068211
0.01072907
0.01071572
0.01074076
0.01076007
0.01069093
0.01077247
0.01076221
0.01079226
0.01078224
0.01065469
0.01065755
0.01072502
0.01074266
0.01066756
0.01065874
0.01175261
0.01103759
0.01078629
0.01079321
0.01080656
0.01088405
0.01075673
0.01077819
0.01081038
0.01085806
0.01092315
0.01078582
0.01079440
0.01078868
0.01086164
0.01074743
0.01086354
0.01086855
0.01069570
0.01080203
0.01083779
0.01076460
0.01067734
0.01069307
0.01074505
0.01067448
0.01066351
0.01075459
0.01070166
0.01073456
0.01078963
0.01075602
0.01069927
0.01072860
0.01070094
0.01069808
0.01063466
0.01074266
0.01081014
0.01076341
0.01086020
0.01079917
0.01070619
0.01120663
0.01109529
0.01075339
0.01073432
0.01083159
0.01065135
0.01064467
0.01076031
0.01083469
0.01075459
0.01083899
0.01086068
0.01074290
0.01077700
0.01084256
0.01077032
0.01067352
0.01075244
0.01071358
0.01070762
0.01079845
0.01078176
0.01085997
0.01074576
0.01076984
0.01072478
0.01065254
0.01071191
0.01066828
0.01074457
0.01075649
0.01068807
0.01077104
0.01076508
0.01076102
0.01096439
0.01072431
0.01070809
0.01074791
0.01069331
0.01071072
0.01067209
0.01078677
0.01102591
0.01110005
0.01087427
0.01080060
0.01064277
0.01086378
0.01071048
0.01085520
0.01082993
0.01082635
0.01088858
0.01077819
0.01089311
0.01077294
0.01080537
0.01083136
0.01080608
0.01074266
0.01070261
0.01068234
0.01071620
0.01075506
0.01069212
0.01074481
0.01072598
0.01082945
0.01084471
0.01081061
0.01075912
0.01062655
0.01074696
0.01073456
0.01070023
0.01078844
0.01084328
0.01076674
0.01080132
0.01079011
0.01086640
0.01076293
0.01074100
0.01077366
0.01085854
0.01098347
0.01084304
0.01074076
0.01077509
0.01079297
0.01090932
0.01080441
0.01077557
0.01087546
0.01087141
0.01084256
0.01079583
0.01080894
0.01078224
0.01081491
0.01079345
0.01071763
0.01069832
0.01075602
0.01075554
0.01078105
0.01076078
0.01084757
0.01067400
0.01074553
0.01076317
0.01065063
0.01075721
0.01076937
0.01078391
0.01065922
0.01080656
0.01095963
0.01081634
0.01080656
0.01076746
0.01074648
0.01073837
0.01084018
0.01083088
0.01067257
0.01083469
0.01145101
0.01100230
0.01084280
0.01087570
0.01092529
0.01090002
0.01099062
0.01084900
0.01075649
0.01076531
0.01082134
0.01089978
0.01078963
0.01083899
0.01085877
0.01079869
0.01079583
0.01074314
0.01072383
0.01079345
0.01078486
0.01073885
0.01083255
0.01080227
0.01066375
0.01070857
0.01068807
0.01069140
0.01070952
0.01081061
0.01079607
0.01076365
0.01082730
0.01086473
0.01070380
0.01069093
0.01063776
0.01066899
0.01078606
0.01073742
0.01084423
0.01072598
0.01076770
0.01169372
0.01116276
0.01080465
0.01078510
0.01085043
0.01070213
0.01067305
0.01075029
0.01078677
0.01077437
0.01081133
0.01080608
0.01080322
0.01088619
0.01079202
0.01077080
0.01089501
0.01083255
0.01076674
0.01067519
0.01071334
0.01076269
0.01072645
0.01069856
0.01073694
0.01077223
0.01081777
0.01088166
0.01087499
0.01076412
0.01083899
0.01080346
0.01073265
0.01078320
0.01078176
0.01074982
0.01083612
0.01085949
0.01075196
0.01074886
0.01079750
0.01080132
0.01068616
0.01126671
0.01106143
0.01074195
0.01075077
0.01061392
0.01079679
0.01071334
0.01084638
0.01071692
0.01079035
0.01077986
0.01088452
0.01077175
0.01073718
0.01074243
0.01068521
0.01063514
0.01075053
0.01074958
0.01070309
0.01072884
0.01086092
0.01063848
0.01073623
0.01079702
0.01076031
0.01075411
0.01082778
0.01079988
0.01074648
0.01079106
0.01079464
0.01072383
0.01083541
0.01065588
0.01076174
0.01066327
0.01066256
0.01063871
0.01069260
0.01079321
0.01077175
0.01084256
0.01107001
0.01113439
0.01085520
0.01083589
0.01081419
0.01076889
0.01076746
