0.00421047
0.01087761
0.01255083
0.01156664
0.01081371
0.01076007
0.01068830
0.01087570
0.01052427
0.01055956
0.01057148
0.01049924
0.01051760
0.01051402
0.01048946
0.01056623
0.01060772
0.01054358
0.01050520
0.01045227
0.01051950
0.01050949
0.01043487
0.01062584
0.01052499
0.01063514
0.01054072
0.01055980
0.01054692
0.01053405
0.01058769
0.01065493
0.01050162
0.01048183
0.01058340
0.01055264
0.01061440
0.01056075
0.01067257
0.01117992
0.01057315
0.01064658
0.01065755
0.01052284
0.01054406
0.01056314
0.01072884
0.01057839
0.01062274
0.01055002
0.01050091
0.01059532
0.01055813
0.01063752
0.01046920
0.01057053
0.01050544
0.01056981
0.01065254
0.01055670
0.01057172
0.01068401
0.01050067
0.01069355
0.01054168
0.01058936
0.01058483
0.01057386
0.01059246
0.01060605
0.01083636
0.01063085
0.01058817
0.01064062
0.01062536
0.01059079
0.01046610
0.01056480
0.01047969
0.01056147
0.01042628
0.01055145
0.01054716
0.01150918
0.01095271
0.01054525
0.01066113
0.01055574
0.01064634
0.01062250
0.01055670
0.01064491
0.01063991
0.01065397
0.01062036
0.01055574
0.01062107
0.01053882
0.01057315
0.01061702
0.01056004
0.01051450
0.01061177
0.01062036
0.01059651
0.01055169
0.01064515
0.01057196
0.01067305
0.01050854
0.01051068
0.01066923
0.01062131
0.01061153
0.01071191
0.01053143
0.01047373
0.01065636
0.01058722
0.01061106
0.01068211
0.01053405
0.01056218
0.01061845
0.01057124
0.01061440
0.01055288
0.01134348
0.01079607
0.01091719
0.01087117
0.01067042
0.01066041
0.01055408
0.01058125
0.01055646
0.01061559
0.01063347
0.01064229
0.01059318
