0.00798702
0.01250362
0.01219392
0.01150274
0.01111174
0.01119542
0.01122832
0.01132798
0.01117897
0.01123643
0.01119423
0.01130819
0.01124096
0.01126361
0.01115966
0.01128578
0.01126957
0.01122093
0.01115894
0.01138425
0.01127481
0.01124620
0.01117635
0.01118302
0.01125216
0.01121974
0.01117802
0.01114464
0.01127839
0.01125693
0.01125503
0.01115704
0.01123476
0.01135826
0.01128125
0.01115203
0.01117349
0.01114225
0.01125145
0.01118970
0.01194263
0.01147962
0.01133347
0.01125455
0.01130700
0.01129937
0.01135111
0.01129246
0.01130438
0.01119542
0.01131058
0.01125026
0.01125622
0.01122594
0.01132989
0.01128101
0.01122499
0.01111388
0.01136327
0.01128435
0.01142383
0.01130891
0.01140094
0.01127744
0.01140857
0.01125908
0.01136780
0.01124454
0.01123667
0.01122284
0.01129580
0.01127028
0.01136732
0.01125741
0.01127601
0.01125264
0.01124763
0.01125479
0.01128531
0.01179862
0.01170659
0.01126003
0.01136589
0.01130652
0.01139641
0.01126838
0.01137781
0.01131701
0.01131415
0.01129651
0.01134562
0.01128101
0.01137090
0.01123929
0.01136422
0.01123643
0.01159883
0.01118731
0.01138163
0.01127338
0.01131201
0.01125646
0.01128864
0.01122856
0.01125240
0.01118207
0.01123834
0.01159501
0.01131797
0.01120424
0.01129699
0.01133990
0.01129317
0.01124310
0.01128602
0.01129293
0.01128936
0.01179504
0.01155734
0.01129794
0.01136756
0.01131630
0.01139522
0.01132917
0.01138306
0.01126647
0.01137853
0.01133561
0.01135206
0.01131821
0.01136351
0.01138210
0.01141477
0.01133800
0.01138139
0.01137686
0.01141977
0.01129031
0.01140189
0.01131606
0.01137447
0.01122642
0.01141071
0.01130295
0.01132965
0.01117349
0.01133728
0.01123691
0.01132345
0.01128006
0.01123142
0.01132512
0.01131582
0.01123333
0.01132178
0.01137710
0.01164460
0.01157069
0.01124191
0.01133728
0.01140809
0.01138926
0.01180434
0.01136851
0.01133657
0.01130939
0.01133871
0.01126504
0.01170826
0.01135516
0.01133871
0.01131654
0.01133657
0.01124716
0.01143932
0.01123261
0.01126361
0.01116395
0.01132631
0.01122904
0.01123333
0.01106930
0.01118016
0.01122928
0.01130128
0.01121712
0.01124644
0.01121116
0.01130652
0.01116419
0.01127625
0.01119781
0.01130128
0.01120996
0.01180196
0.01140070
0.01134539
0.01116037
0.01127005
0.01129794
0.01133490
0.01123977
0.01116276
0.01124358
0.01109052
0.01130652
0.01109529
0.01121330
0.01106119
0.01120019
0.01119423
0.01113033
0.01115918
0.01122808
0.01113319
0.01125288
0.01119399
0.01124835
0.01110029
0.01120019
0.01113343
0.01121426
0.01114368
0.01109624
0.01106048
0.01113296
0.01129127
0.01117682
0.01111150
0.01116061
0.01109815
0.01123667
0.01127553
0.01175833
0.01126885
0.01124096
0.01121092
0.01125908
0.01117969
0.01130176
0.01127505
0.01125264
0.01111412
0.01122212
0.01128316
0.01121616
0.01108003
0.01129436
0.01121020
0.01122832
0.01108265
0.01121569
0.01128960
0.01114392
0.01108027
0.01112866
0.01109838
0.01113033
0.01108360
0.01116967
0.01111484
0.01113820
0.01105428
0.01111460
0.01121426
0.01124907
0.01108575
0.01116180
0.01107025
0.01109195
0.01109695
0.01120996
0.01165438
0.01148987
0.01107645
0.01121807
0.01116514
0.01126289
0.01122332
0.01121283
0.01115918
0.01122093
0.01109958
0.01133347
0.01114249
0.01123738
0.01106167
0.01117516
0.01120830
0.01118803
0.01115179
0.01121449
0.01113892
0.01124024
0.01122785
0.01127076
0.01117110
0.01127052
0.01112556
0.01117253
0.01109576
0.01111674
0.01108193
0.01127982
0.01113892
0.01127529
0.01106739
0.01114774
0.01121163
0.01124167
0.01113224
0.01166368
0.01165032
0.01133299
0.01115060
0.01126051
0.01124740
0.01133966
0.01118565
0.01127458
0.01129818
0.01127601
0.01136255
0.01127028
0.01133609
0.01130152
0.01129770
0.01124930
0.01127124
0.01129556
0.01136708
0.01128554
0.01125145
0.01127267
0.01127768
0.01125193
0.01123929
0.01121521
0.01129985
0.01119041
0.01128268
0.01116657
0.01128316
0.01118326
0.01128983
0.01112843
0.01126933
0.01126623
0.01133275
0.01115465
0.01179242
0.01157117
0.01130605
0.01120591
0.01125169
0.01122570
0.01117921
0.01116109
0.01121879
0.01113534
0.01134372
0.01124549
0.01126933
0.01120496
0.01131535
0.01120877
0.01122546
0.01113153
0.01106405
0.01131892
0.01128340
0.01125264
0.01125884
0.01111627
0.01127982
0.01122022
0.01127338
0.01116800
0.01135540
0.01124787
0.01141262
0.01126361
0.01138234
0.01124477
0.01132441
0.01110649
0.01129794
0.01114273
0.01127982
0.01136804
0.01116228
0.01119542
0.01108217
0.01115680
0.01104021
0.01109862
0.01114321
0.01119113
0.01110077
0.01107788
0.01099586
0.01119995
0.01112366
0.01116657
0.01101756
0.01106024
0.01104736
0.01114583
0.01105595
0.01108503
0.01103735
0.01111364
0.01096010
0.01121163
0.01105714
0.01118517
0.01106167
0.01104498
0.01111102
0.01122999
0.01104355
0.01111293
0.01102209
0.01111197
0.01112652
0.01114464
0.01095963
0.01116061
0.01136804
0.01158023
0.01104927
0.01116157
0.01102734
0.01105571
0.01116109
0.01116395
0.01104617
0.01105094
0.01098609
0.01111650
0.01107764
0.01111555
0.01112151
0.01107550
0.01104689
0.01125216
0.01105475
0.01111889
0.01102328
0.01109958
0.01108360
0.01113939
0.01109266
0.01116061
0.01100850
0.01104903
0.01105547
0.01115274
0.01107740
0.01107645
0.01101398
0.01107287
0.01111817
0.01111484
0.01102734
0.01115942
0.01099682
0.01194000
0.01148081
0.01107287
0.01102924
0.01110530
0.01106286
0.01114678
0.01103258
0.01104689
0.01103139
0.01120830
0.01111794
0.01118517
0.01096487
0.01105499
0.01092243
0.01121068
0.01100373
0.01110053
0.01099658
0.01107931
0.01096797
0.01119256
0.01105285
0.01111674
0.01096749
0.01108932
0.01099563
0.01108670
0.01101971
0.01111388
0.01103640
0.01109385
0.01098657
0.01120400
0.01103544
0.01109314
0.01105881
0.01102567
0.01128387
0.01128626
0.01110411
0.01115990
0.01103330
0.01123857
0.01109743
0.01111197
0.01109815
0.01121092
0.01112342
0.01120567
0.01103544
0.01107192
0.01097202
0.01109076
0.01104188
0.01111269
0.01108074
0.01105928
0.01104045
0.01112747
0.01108932
0.01107717
0.01106024
0.01108456
0.01102901
0.01119065
0.01124501
0.01114774
0.01125574
0.01107049
0.01134992
0.01121593
0.01133299
0.01115084
0.01118755
0.01125455
0.01122093
0.01119328
0.01151729
0.01125264
0.01127791
0.01119661
0.01124263
0.01120472
0.01125669
0.01131344
0.01121211
0.01117182
0.01130939
0.01111770
0.01128221
0.01114941
0.01119208
0.01117992
0.01126575
0.01117754
0.01115155
0.01111794
0.01131535
0.01118302
0.01130843
0.01116967
0.01119256
0.01130152
0.01155710
0.01159883
0.01160622
0.01166487
0.01160574
0.01176429
0.01156044
0.01129198
0.01141644
0.01164889
0.01157761
0.01164269
0.01231980
0.01203680
0.01167750
0.01168084
0.01169538
0.01172113
0.01159596
0.01165843
0.01164627
0.01165676
0.01147890
0.01142311
0.01124692
0.01130033
0.01115370
0.01108408
0.01141930
0.01123977
0.01128578
0.01114941
0.01124668
0.01115918
0.01128817
0.01112080
0.01124215
0.01126909
0.01125216
0.01117063
0.01115036
0.01110840
0.01126599
0.01115227
0.01113343
0.01112533
0.01101828
0.01123142
0.01106954
0.01111674
0.01110315
0.01123548
0.01119089
0.01116538
0.01110768
0.01113343
0.01100254
0.01111507
0.01111555
0.01109529
0.01110554
0.01111865
0.01108336
0.01127863
0.01122475
0.01117992
0.01109076
0.01107931
0.01110554
0.01119566
0.01100612
0.01111221
0.01098061
0.01108289
0.01112294
0.01103902
0.01109457
0.01107216
0.01099062
0.01116180
0.01114607
0.01118326
0.01097274
0.01117396
0.01103258
0.01115680
0.01102948
0.01113057
0.01109481
0.01119590
0.01153803
0.01120949
0.01112556
0.01110697
0.01101851
0.01116872
0.01124144
0.01106191
0.01124573
0.01116562
0.01139617
0.01114964
0.01139259
0.01122999
0.01135540
0.01133657
0.01138592
0.01130152
0.01126051
0.01129651
0.01124668
0.01127911
0.01120019
0.01124144
0.01126051
0.01130891
0.01121187
0.01122165
0.01133895
0.01127124
0.01121998
0.01117206
0.01124477
0.01136422
0.01129580
0.01157665
0.01160097
0.01172519
0.01167655
0.01193023
0.01165485
0.01165628
0.01143098
0.01149201
0.01152062
0.01143885
0.01149893
0.01143932
0.01146913
0.01160836
0.01152444
0.01146245
0.01158714
0.01144910
0.01149487
0.01166153
0.01145077
0.01169276
0.01161957
0.01161408
0.01161408
0.01163864
0.01151848
0.01156330
0.01130676
0.01126885
0.01118517
0.01121306
0.01126122
0.01121211
0.01131868
0.01115990
0.01117706
0.01117110
0.01123905
0.01123786
0.01123309
0.01182652
0.01140428
0.01117420
0.01121521
0.01107240
0.01117420
0.01117134
0.01105046
0.01112390
0.01101422
0.01114726
0.01109290
0.01123452
0.01110053
0.01107407
0.01106977
0.01124644
0.01106882
0.01110244
0.01104641
0.01118207
0.01105547
0.01117992
0.01104808
0.01113677
0.01101303
0.01100874
0.01106119
0.01112938
0.01105070
0.01109838
0.01096582
0.01111007
0.01116824
0.01116610
0.01103306
0.01111603
0.01102972
0.01115823
0.01190662
0.01137114
0.01105475
0.01105523
0.01113009
0.01122403
0.01108551
0.01133513
0.01124716
0.01127362
0.01115632
0.01118159
0.01113653
0.01123762
0.01120543
0.01115489
0.01106644
0.01104546
0.01115227
0.01116538
0.01115179
0.01107764
0.01103568
0.01112962
0.01106334
0.01110554
0.01102924
0.01108909
0.01095104
0.01111794
0.01095486
0.01097894
0.01099873
0.01090860
0.01093507
0.01088715
0.01097441
0.01096058
0.01093125
0.01149106
0.01141143
0.01102018
0.01093197
0.01098299
0.01101780
0.01100874
0.01095915
0.01120162
0.01099944
0.01089215
0.01099968
0.01094794
0.01093793
0.01100540
0.01103783
0.01096797
0.01097417
0.01096630
0.01090312
0.01086569
0.01093388
0.01105237
0.01102138
0.01089120
0.01097941
0.01095366
0.01094532
0.01089883
0.01102448
0.01096773
0.01093388
0.01087260
0.01094723
0.01097989
0.01097298
0.01100397
0.01098228
0.01092601
0.01104975
0.01169538
0.01113081
0.01104975
0.01104832
0.01104832
0.01100016
0.01099992
0.01108885
0.01096988
0.01103854
0.01099443
0.01096368
0.01098943
0.01100802
0.01098967
0.01097226
0.01097012
0.01089120
0.01095629
0.01100087
0.01089978
0.01101947
0.01090813
0.01088643
0.01082706
0.01088881
0.01089239
0.01093698
0.01111221
0.01103997
0.01112270
0.01103735
0.01116157
0.01108813
0.01123357
0.01111579
0.01123452
0.01100516
0.01121235
0.01187038
0.01156616
0.01103830
0.01114416
0.01133323
0.01122999
0.01125431
0.01124859
0.01130509
0.01124167
0.01136589
0.01122904
0.01133180
0.01114655
0.01122475
0.01124358
0.01134467
0.01118875
0.01125574
0.01158094
0.01159811
0.01157331
0.01173544
0.01165462
0.01161504
0.01159024
0.01147795
0.01167226
0.01156855
0.01146388
0.01148009
0.01158834
0.01158071
0.01154590
0.01165938
0.01151252
0.01147866
0.01156998
0.01166463
0.01170754
0.01154375
0.01157737
0.01143098
0.01154542
0.01161742
0.01162362
0.01155257
0.01168680
0.01169372
0.01141667
0.01178288
0.01180792
0.01163888
0.01171565
0.01167560
0.01150060
0.01166558
0.01149559
0.01163197
0.01146793
0.01149440
0.01163912
0.01159239
0.01162124
0.01157832
0.01169801
0.01169252
0.01179457
0.01148033
0.01148725
0.01150274
0.01149535
0.01164818
0.01152420
0.01142573
0.01153660
0.01206970
0.01192546
0.01167345
0.01177335
0.01161480
0.01177120
0.01167464
0.01174998
0.01161051
0.01162505
0.01152229
0.01162553
0.01149178
0.01152706
0.01138854
0.01131988
0.01117039
0.01118135
0.01143956
0.01130342
0.01131749
0.01124430
0.01130557
0.01117468
0.01131749
0.01119685
0.01110601
0.01110959
0.01108336
0.01107836
0.01134515
0.01119637
0.01112819
0.01120424
0.01116729
0.01120520
0.01112080
0.01114655
0.01111913
0.01130462
0.01104331
0.01109099
0.01108170
0.01115680
0.01099586
0.01106453
0.01096678
0.01112676
0.01101303
0.01100206
0.01099634
0.01100421
0.01094198
0.01112676
0.01106048
0.01093960
0.01088762
0.01093364
0.01088810
0.01087213
0.01105237
0.01093245
0.01096511
0.01089549
0.01090169
0.01085997
0.01086664
0.01103902
0.01092267
0.01090360
0.01087761
0.01092839
0.01080060
0.01087904
0.01095796
0.01103163
0.01094866
0.01087546
0.01141429
0.01134467
0.01088214
0.01085258
0.01083016
0.01091886
0.01078820
0.01087689
0.01071429
0.01070380
0.01075459
0.01077223
0.01071882
0.01072168
0.01066732
0.01067972
0.01063538
0.01064301
0.01062036
0.01078677
0.01070452
0.01076245
0.01072001
0.01070499
0.01059985
0.01065612
0.01065993
0.01063108
0.01095343
0.01071048
0.01068115
0.01082730
0.01074624
0.01077533
0.01079369
0.01068473
0.01066422
0.01077366
0.01070905
0.01074457
0.01132917
0.01111245
0.01078868
0.01075435
0.01075268
0.01078653
0.01074600
0.01070404
0.01074290
0.01105905
0.01075673
0.01078820
0.01070070
0.01071525
0.01073408
0.01076007
0.01074171
0.01086259
0.01078582
0.01074243
0.01082563
0.01076818
0.01080298
0.01071715
0.01073003
0.01084089
0.01076508
0.01092124
0.01070976
0.01069689
0.01064515
0.01067376
0.01064658
0.01069260
0.01064634
0.01070309
0.01079869
0.01070905
0.01062346
0.01065826
0.01073575
0.01108479
0.01077127
0.01077557
0.01069450
0.01086974
0.01090455
0.01099181
0.01094246
0.01099420
0.01095653
0.01092148
0.01105428
0.01090670
0.01090193
