0.00615954
0.01074958
0.01184654
0.01133704
0.01092362
0.01056099
0.01056790
0.01062632
0.01051998
0.01053238
0.01050067
0.01060152
0.01048994
0.01054430
0.01048279
0.01048493
0.01057696
0.01056480
0.01043296
0.01045203
0.01046443
0.01046586
0.01042223
0.01052499
0.01051593
0.01057792
0.01114893
0.01104355
0.01051331
0.01048732
0.01065278
0.01060939
0.01045632
0.01046062
0.01049709
0.01044583
0.01045442
0.01052141
0.01046062
0.01056862
0.01053238
0.01055980
0.01048613
0.01053572
0.01043892
0.01048660
0.01046157
0.01050258
0.01052833
0.01053214
0.01055932
0.01054072
0.01049614
0.01048422
0.01053190
0.01066661
0.01063919
0.01059318
0.01043868
0.01050353
0.01054382
0.01053286
0.01055455
0.01058888
0.01065469
0.01063848
0.01065016
0.01073432
0.01055455
0.01156211
0.01077628
0.01071811
0.01061893
0.01055479
0.01068830
0.01074409
0.01070762
0.01075411
0.01074004
0.01068425
0.01067019
0.01075697
0.01062775
0.01060390
0.01064682
0.01078176
0.01064348
0.01078153
0.01074934
0.01076221
0.01063251
0.01067972
0.01061511
0.01060605
0.01057363
0.01075411
0.01058745
0.01066375
0.01059389
0.01072192
0.01069164
0.01061869
0.01067233
0.01063132
0.01062322
0.01064706
0.01062012
0.01063490
0.01062202
0.01063490
0.01071167
0.01154113
0.01066351
0.01063752
0.01065350
0.01076627
0.01075768
0.01070666
0.01065755
0.01077151
0.01064825
0.01073313
0.01070213
0.01075363
0.01065946
0.01061678
0.01059198
0.01069474
0.01070213
0.01070571
0.01069713
0.01068139
0.01067400
0.01060176
0.01058745
0.01046562
0.01050568
0.01061273
0.01056337
0.01048160
0.01058364
0.01063704
0.01062584
0.01078272
0.01065683
0.01071453
0.01061010
0.01070452
0.01066303
0.01070976
0.01062250
0.01074028
0.01066041
0.01151562
0.01070261
0.01068473
0.01057911
0.01077104
0.01070976
0.01071286
0.01073980
0.01073956
0.01065946
0.01074862
0.01065826
0.01067591
0.01063371
0.01066089
0.01070666
0.01078892
0.01064873
0.01078820
0.01071000
0.01080704
0.01075888
0.01071072
0.01062369
0.01060295
0.01059747
0.01062083
0.01063704
0.01058292
0.01060319
0.01069665
0.01064277
0.01067185
0.01059937
0.01067185
0.01061130
0.01069117
0.01067901
0.01060176
0.01058936
0.01071048
0.01067019
0.01144981
0.01080298
0.01070285
0.01065755
0.01062393
0.01055527
0.01054096
0.01056123
0.01057553
0.01054096
0.01059341
0.01051927
0.01052737
0.01047015
0.01056314
0.01044035
0.01046109
0.01044631
0.01043344
0.01049685
0.01040220
0.01049471
0.01054478
0.01061869
0.01053476
0.01050472
0.01047039
0.01055622
0.01058292
0.01050282
0.01059937
0.01041579
0.01046729
0.01050639
0.01050782
0.01049757
0.01057363
0.01053071
0.01054192
0.01054144
0.01054382
0.01049757
0.01102734
0.01096487
0.01062012
0.01052785
0.01057220
0.01055908
0.01056409
0.01053166
0.01049900
0.01052785
0.01053333
0.01049638
0.01058269
0.01051807
0.01054311
0.01050377
0.01051402
0.01047635
0.01051569
0.01048112
0.01054311
0.01050591
0.01056695
0.01047945
0.01050234
0.01058507
0.01048160
0.01050568
0.01056361
0.01050210
0.01049685
0.01043892
0.01045060
0.01043701
0.01049924
0.01046991
0.01044917
0.01051545
0.01059318
0.01050997
0.01043773
0.01043820
0.01064134
0.01089025
0.01051760
0.01050067
0.01051617
0.01055646
0.01052332
0.01053739
0.01044941
0.01052785
0.01062632
0.01058698
0.01055193
0.01056981
0.01056504
0.01054358
0.01050282
0.01042461
0.01042628
0.01045322
0.01046848
0.01042032
0.01051068
0.01052666
0.01048851
0.01048851
0.01054049
0.01050496
0.01060939
0.01060009
0.01057792
0.01046968
0.01046729
0.01041889
0.01043558
0.01044941
0.01044202
0.01051855
0.01049042
0.01048279
0.01055360
0.01051688
0.01053858
0.01072454
0.01098132
0.01053762
0.01052499
0.01043153
0.01040149
0.01040411
0.01042175
0.01042461
0.01041293
0.01049304
0.01048279
0.01047158
0.01051927
0.01056576
0.01052690
0.01041341
0.01043749
0.01042533
0.01045632
0.01037669
0.01051474
0.01037264
0.01046658
0.01048756
0.01039577
0.01049614
0.01054215
0.01047277
0.01050115
0.01040697
0.01049113
0.01039791
0.01046038
0.01042128
0.01043177
0.01047754
0.01053143
0.01051950
0.01051950
