0.00407839
0.01127720
0.01255631
0.01078176
0.01070571
0.01062059
0.01064658
0.01064539
0.01064539
0.01057148
0.01066065
0.01062965
0.01058960
0.01056647
0.01053309
0.01058292
0.01057267
0.01137710
0.01096964
0.01056790
0.01058125
0.01050138
0.01056409
0.01052117
0.01077175
0.01075768
0.01056218
0.01052642
0.01053500
0.01064491
0.01056361
0.01053524
0.01059484
0.01058364
0.01056242
0.01051784
0.01045990
0.01046872
0.01057863
0.01051474
0.01045299
0.01050591
0.01058340
0.01055646
0.01055527
0.01068735
0.01045156
0.01049066
0.01051068
0.01053333
0.01058173
0.01046491
0.01048493
0.01055908
0.01037025
0.01052856
0.01048732
0.01053071
0.01051116
0.01057291
0.01061535
0.01067090
0.01081538
0.01057267
0.01051950
0.01049900
0.01058388
0.01054955
0.01049280
0.01047015
0.01057863
0.01048255
0.01054168
0.01045728
0.01051092
0.01052499
0.01050401
0.01038980
0.01039457
0.01050806
0.01054144
0.01057816
0.01049995
0.01048470
0.01053190
0.01050591
0.01055145
0.01050067
0.01048613
0.01045132
0.01054049
0.01054335
0.01044273
0.01082730
0.01053238
0.01050210
0.01056075
0.01055503
0.01049542
0.01048660
0.01057172
0.01049948
0.01063752
0.01049614
0.01048398
0.01058936
0.01126075
0.01087499
0.01058602
0.01056051
0.01048613
0.01040792
0.01051950
0.01053309
0.01050091
0.01044703
0.01048303
0.01042390
0.01048374
0.01055002
0.01044655
0.01049924
0.01045561
0.01051569
0.01054645
0.01047707
0.01045036
0.01052642
0.01050353
0.01052928
0.01049495
0.01048541
0.01037574
0.01051688
0.01056266
0.01044798
0.01040244
0.01046371
0.01052523
0.01049924
0.01042104
0.01039433
0.01050425
0.01040339
0.01038718
0.01037145
0.01046371
0.01044035
0.01052713
0.01041532
0.01050258
0.01083112
0.01066685
0.01046157
0.01042128
0.01035690
0.01042795
0.01050973
0.01054859
0.01050472
0.01047087
0.01048732
0.01037836
0.01042056
0.01049757
0.01035500
0.01044035
0.01050210
0.01048708
0.01054049
0.01040339
0.01040697
0.01048732
0.01044250
0.01043797
0.01051688
0.01046419
0.01048040
0.01042104
0.01040626
0.01044703
0.01043749
0.01059818
0.01051545
0.01040912
0.01040649
0.01044750
0.01042199
0.01040363
0.01047444
0.01042366
0.01051879
0.01043344
0.01040578
0.01040125
0.01099563
0.01067662
0.01055241
0.01042175
0.01035476
0.01045108
0.01040316
0.01040816
0.01042056
0.01049280
0.01043558
0.01044106
0.01034045
0.01037621
0.01038980
0.01041055
0.01037359
0.01042366
0.01041555
0.01040125
0.01044679
0.01041698
0.01038742
0.01043558
0.01047444
0.01043844
0.01036882
0.01035309
0.01040745
0.01048374
0.01041818
0.01039672
0.01047635
0.01048374
0.01039147
0.01033473
0.01043916
0.01039386
0.01040888
0.01041102
0.01036906
0.01043987
0.01035929
0.01041198
0.01042485
0.01107168
0.01065731
0.01045299
0.01047206
0.01040936
0.01039433
0.01043344
0.01042247
0.01042461
0.01041031
