352.000,197.000,56.000,100.000
354.128,193.048,56.000,100.000
355.040,191.528,56.000,100.000
357.168,190.008,56.000,100.000
357.472,190.920,56.000,100.000
357.776,191.832,56.000,100.000
356.256,191.528,56.000,100.000
357.776,190.616,56.000,100.000
356.864,190.312,56.000,100.000
355.344,189.400,56.000,100.000
355.040,187.880,56.000,100.000
354.736,185.751,56.000,100.000
354.432,183.623,56.000,100.000
355.344,182.103,56.000,100.000
355.648,179.975,56.000,100.000
355.952,177.847,56.000,100.000
358.080,173.895,56.000,100.000
360.816,169.334,56.000,100.000
362.945,166.598,56.000,100.000
365.681,167.510,56.000,100.000
366.593,175.111,56.000,100.000
368.721,195.480,56.000,100.000
370.241,220.713,56.000,100.000
369.937,244.123,56.000,100.000
370.241,260.236,56.000,100.000
369.329,264.188,56.000,100.000
365.985,249.291,56.000,100.000
364.465,224.666,56.000,100.000
365.985,201.256,56.000,100.000
363.249,184.535,56.000,100.000
360.512,168.422,56.000,100.000
357.776,160.214,56.000,100.000
355.648,162.950,56.000,100.000
352.304,174.807,56.000,100.000
341.663,191.528,56.000,100.000
326.158,204.600,56.000,100.000
308.221,210.377,56.000,100.000
298.797,208.857,56.000,100.000
305.181,201.864,56.000,100.000
322.510,189.400,56.000,100.000
341.055,165.382,56.000,100.000
346.832,134.676,56.000,100.000
332.543,109.443,56.000,100.000
326.767,112.179,56.000,100.000
331.327,139.237,56.000,100.000
345.008,186.967,56.000,100.000
365.377,246.251,56.000,100.000
379.058,278.173,56.000,100.000
386.050,287.597,56.000,100.000
383.922,268.444,56.000,100.000
372.673,217.673,56.000,100.000
377.841,175.415,56.000,100.000
390.306,156.870,56.000,100.000
392.434,167.510,56.000,100.000
375.105,201.864,56.000,100.000
350.480,244.123,56.000,100.000
338.015,260.236,56.000,100.000
340.143,250.203,56.000,100.000
347.136,217.673,56.000,100.000
352.912,173.591,56.000,100.000
350.784,142.277,56.000,100.000
337.103,139.541,56.000,100.000
321.598,172.071,56.000,100.000
309.133,225.274,56.000,100.000
310.046,262.060,56.000,100.000
313.390,267.836,56.000,100.000
311.262,232.874,56.000,100.000
306.701,169.942,56.000,100.000
305.181,134.372,56.000,100.000
308.525,136.501,56.000,100.000
300.317,169.638,56.000,100.000
295.149,221.625,56.000,100.000
305.789,243.211,56.000,100.000
338.319,241.691,56.000,100.000
350.784,225.578,56.000,100.000
326.159,192.440,56.000,100.000
282.076,158.694,56.000,100.000
284.812,166.294,56.000,100.000
302.141,207.945,56.000,100.000
309.134,243.515,56.000,100.000
319.166,266.924,56.000,100.000
331.631,263.580,56.000,100.000
331.327,228.010,56.000,100.000
316.430,174.199,56.000,100.000
295.453,143.493,56.000,100.000
287.852,157.174,56.000,100.000
274.172,198.824,56.000,100.000
269.611,238.650,56.000,100.000
274.780,250.507,56.000,100.000
287.852,234.394,56.000,100.000
291.197,184.839,56.000,100.000
276.300,127.380,56.000,100.000
269.307,106.403,56.000,100.000
265.963,129.204,56.000,100.000
261.403,182.407,56.000,100.000
264.747,243.515,56.000,100.000
268.699,258.412,56.000,100.000
271.435,246.555,56.000,100.000
267.483,204.904,56.000,100.000
261.707,161.430,56.000,100.000
257.755,147.141,56.000,100.000
244.682,161.430,56.000,100.000
237.081,197.608,56.000,100.000
250.154,227.706,56.000,100.000
293.021,241.995,56.000,100.000
329.807,231.354,56.000,100.000
347.136,214.025,56.000,100.000
346.224,198.520,56.000,100.000
342.880,195.784,56.000,100.000
347.440,200.952,56.000,100.000
359.296,209.161,56.000,100.000
366.897,224.057,56.000,100.000
371.457,231.050,56.000,100.000
365.073,226.490,56.000,100.000
345.312,203.688,56.000,100.000
303.053,176.631,56.000,100.000
252.282,160.518,56.000,100.000
231.913,174.199,56.000,100.000
235.257,190.920,56.000,100.000
251.370,205.816,56.000,100.000
275.996,212.201,56.000,100.000
301.837,212.505,56.000,100.000
326.463,207.945,56.000,100.000
342.576,196.088,56.000,100.000
343.488,186.055,56.000,100.000
334.671,190.008,56.000,100.000
325.247,193.352,56.000,100.000
317.038,193.048,56.000,100.000
318.558,192.136,56.000,100.000
326.767,197.912,56.000,100.000
325.247,201.256,56.000,100.000
302.445,196.088,56.000,100.000
285.116,194.568,56.000,100.000
281.164,186.967,56.000,100.000
288.764,175.111,56.000,100.000
286.028,171.766,56.000,100.000
285.724,161.126,56.000,100.000
292.109,150.485,56.000,100.000
296.669,145.317,56.000,100.000
296.365,143.797,56.000,100.000
303.965,152.005,56.000,100.000
305.485,157.782,56.000,100.000
300.925,154.437,56.000,100.000
309.134,140.757,56.000,100.000
338.015,134.980,56.000,100.000
340.143,138.933,56.000,100.000
338.015,152.005,56.000,100.000
335.887,157.782,56.000,100.000
305.789,154.437,56.000,100.000
247.114,149.269,56.000,100.000
217.016,154.437,56.000,100.000
208.200,166.902,56.000,100.000
218.840,168.422,56.000,100.000
269.003,174.199,56.000,100.000
341.876,167.099,57.239,102.213
396.878,153.116,57.239,102.213
409.618,156.534,57.239,102.213
417.387,167.410,57.239,102.213
412.104,170.207,57.239,102.213
379.469,175.789,56.018,100.033
312.259,171.836,56.018,100.033
277.894,177.614,56.018,100.033
272.115,185.825,56.018,100.033
258.430,192.212,56.018,100.033
256.910,188.258,56.018,100.033
280.327,172.748,56.018,100.033
315.300,163.929,56.018,100.033
355.748,159.367,56.018,100.033
397.412,162.712,56.018,100.033
432.993,166.666,56.018,100.033
449.112,176.702,56.018,100.033
438.468,172.748,56.018,100.033
419.308,171.228,56.018,100.033
421.437,172.748,56.018,100.033
441.813,171.836,56.018,100.033
461.580,172.748,56.018,100.033
483.781,168.187,56.018,100.033
513.889,169.707,56.018,100.033
528.182,173.661,56.018,100.033
526.662,178.831,56.018,100.033
525.141,187.042,56.018,100.033
516.930,186.129,56.018,100.033
486.214,182.784,56.018,100.033
464.013,183.696,56.018,100.033
450.936,187.042,56.018,100.033
451.241,188.562,56.018,100.033
471.616,184.001,56.018,100.033
497.466,184.913,56.018,100.033
484.389,181.568,56.018,100.033
432.385,186.129,56.018,100.033
398.628,189.475,56.018,100.033
383.726,192.212,56.018,100.033
377.340,188.866,56.018,100.033
367.304,191.604,56.018,100.033
356.660,198.598,56.018,100.033
360.614,203.160,56.018,100.033
378.556,199.206,56.018,100.033
403.190,195.253,56.018,100.033
402.278,183.392,56.018,100.033
377.644,176.398,56.018,100.033
353.619,175.485,56.018,100.033
335.068,177.006,56.018,100.033
322.599,178.526,56.018,100.033
310.130,183.696,56.018,100.033
309.826,190.083,56.018,100.033
317.429,194.036,56.018,100.033
331.114,191.299,56.018,100.033
336.284,186.738,56.018,100.033
329.898,179.743,56.018,100.033
316.212,180.655,56.018,100.033
297.661,177.918,56.018,100.033
275.461,175.789,56.018,100.033
261.167,173.052,56.018,100.033
257.822,177.614,56.018,100.033
263.600,180.959,56.018,100.033
277.285,181.872,56.018,100.033
303.744,177.918,56.018,100.033
330.810,174.573,56.018,100.033
338.413,176.702,56.018,100.033
326.552,176.398,56.018,100.033
302.900,181.917,57.258,102.246
285.181,182.850,57.258,102.246
258.760,178.809,57.258,102.246
242.906,176.633,57.258,102.246
239.487,174.457,57.258,102.246
234.203,159.225,57.258,102.246
220.215,133.425,57.258,102.246
231.094,116.950,57.258,102.246
255.651,144.616,57.258,102.246
267.774,190.310,57.258,102.246
285.492,242.221,57.258,102.246
297.615,270.508,57.258,102.246
295.439,268.332,57.258,102.246
291.398,238.180,57.258,102.246
304.765,193.107,57.258,102.246
317.509,165.442,57.258,102.246
330.254,160.780,57.258,102.246
344.242,190.932,57.258,102.246
341.445,237.248,57.258,102.246
346.729,290.402,57.258,102.246
361.339,323.041,57.258,102.246
366.001,327.082,57.258,102.246
357.608,300.038,57.258,102.246
346.729,249.371,57.258,102.246
345.175,206.785,57.258,102.246
324.348,179.741,57.258,102.246
314.090,195.594,57.258,102.246
324.348,233.828,57.258,102.246
342.066,280.766,57.258,102.246
354.811,307.810,57.258,102.246
353.878,312.472,57.258,102.246
341.134,287.294,57.258,102.246
318.442,236.004,57.258,102.246
301.967,192.175,57.258,102.246
304.143,158.914,57.258,102.246
314.401,166.064,57.258,102.246
315.955,208.650,57.258,102.246
317.509,264.291,57.258,102.246
324.659,304.390,57.258,102.246
323.105,314.648,57.258,102.246
309.117,297.552,57.258,102.246
294.507,241.910,57.258,102.246
297.304,188.134,57.258,102.246
318.131,157.982,57.258,102.246
325.902,174.457,57.258,102.246
321.861,220.773,57.258,102.246
317.199,273.927,57.258,102.246
311.292,306.566,57.258,102.246
302.900,303.769,57.258,102.246
298.859,268.643,57.258,102.246
306.630,220.462,57.258,102.246
324.970,189.066,57.258,102.246
340.823,213.002,57.258,102.246
345.328,264.726,56.037,100.066
339.548,317.964,56.037,100.066
334.376,336.521,56.037,100.066
328.596,313.705,56.037,100.066
315.515,260.467,56.037,100.066
298.783,194.452,56.037,100.066
299.696,165.551,56.037,100.066
310.952,184.717,56.037,100.066
318.557,235.521,56.037,100.066
327.988,290.584,56.037,100.066
333.160,318.876,56.037,100.066
327.380,314.313,56.037,100.066
314.298,273.852,56.037,100.066
309.127,211.488,56.037,100.066
310.648,158.858,56.037,100.066
306.084,136.651,56.037,100.066
302.129,150.949,56.037,100.066
297.566,193.843,56.037,100.066
310.039,257.425,56.037,100.066
329.813,293.626,56.037,100.066
334.985,303.057,56.037,100.066
324.946,281.458,56.037,100.066
311.864,237.346,56.037,100.066
296.349,176.807,56.037,100.066
298.479,141.822,56.037,100.066
307.301,143.952,56.037,100.066
303.346,178.328,56.037,100.066
296.349,239.476,56.037,100.066
301.521,290.280,56.037,100.066
309.735,308.229,56.037,100.066
316.732,297.581,56.037,100.066
322.512,257.729,56.037,100.066
325.858,212.401,56.037,100.066
315.211,167.681,56.037,100.066
310.039,152.774,56.037,100.066
308.518,168.289,56.037,100.066
303.955,208.750,56.037,100.066
309.735,257.729,56.037,100.066
316.123,286.021,56.037,100.066
320.687,287.542,56.037,100.066
327.684,254.383,56.037,100.066
334.681,209.663,56.037,100.066
328.901,169.202,56.037,100.066
317.645,148.211,56.037,100.066
318.557,153.382,56.037,100.066
319.470,183.500,56.037,100.066
314.907,223.352,56.037,100.066
320.078,265.639,56.037,100.066
327.075,289.063,56.037,100.066
331.030,287.542,56.037,100.066
331.334,261.075,56.037,100.066
332.855,217.572,56.037,100.066
327.684,171.635,56.037,100.066
321.295,140.910,56.037,100.066
318.557,141.214,56.037,100.066
316.428,156.120,56.037,100.066
317.340,191.714,56.037,100.066
329.205,244.343,56.037,100.066
325.858,276.286,56.037,100.066
315.211,283.283,56.037,100.066
312.473,261.684,56.037,100.066
318.861,219.398,56.037,100.066
320.383,184.413,56.037,100.066
315.819,156.120,56.037,100.066
311.864,152.166,56.037,100.066
309.735,170.723,56.037,100.066
296.654,203.882,56.037,100.066
287.223,236.434,56.037,100.066
282.051,261.684,56.037,100.066
279.922,275.373,56.037,100.066
289.961,270.202,56.037,100.066
322.512,255.904,56.037,100.066
352.630,239.780,56.037,100.066
385.181,235.825,56.037,100.066
412.864,242.822,56.037,100.066
438.114,250.428,56.037,100.066
447.545,258.642,56.037,100.066
433.247,253.470,56.037,100.066
390.352,251.949,56.037,100.066
343.807,249.211,56.037,100.066
310.648,249.515,56.037,100.066
298.175,252.253,56.037,100.066
300.304,247.690,56.037,100.066
315.819,235.217,56.037,100.066
356.280,223.352,56.037,100.066
380.313,213.922,56.037,100.066
384.877,206.925,56.037,100.066
385.181,201.144,56.037,100.066
387.310,194.756,56.037,100.066
375.446,192.018,56.037,100.066
341.678,205.708,56.037,100.066
296.958,220.006,56.037,100.066
268.057,232.479,56.037,100.066
263.494,239.476,56.037,100.066
282.051,235.521,56.037,100.066
322.512,229.132,56.037,100.066
374.533,204.491,56.037,100.066
410.127,181.066,56.037,100.066
424.425,169.202,56.037,100.066
426.554,159.771,56.037,100.066
406.172,146.081,56.037,100.066
366.319,141.518,56.037,100.066
330.117,149.732,56.037,100.066
285.398,169.506,56.037,100.066
240.069,186.846,56.037,100.066
194.132,199.928,56.037,100.066
159.756,203.882,56.037,100.066
154.584,202.361,56.037,100.066
186.474,198.414,57.277,102.280
259.717,190.508,58.544,104.542
317.880,159.043,58.544,104.542
355.066,144.105,58.544,104.542
367.461,141.244,58.544,104.542
384.306,153.004,58.544,104.542
393.523,160.950,58.544,104.542
381.763,148.554,58.544,104.542
347.756,132.981,58.544,104.542
290.864,119.950,58.544,104.542
236.516,113.275,58.544,104.542
201.237,111.051,58.544,104.542
168.501,113.911,58.544,104.542
158.648,114.865,58.544,104.542
171.679,101.834,58.544,104.542
205.687,90.074,58.544,104.542
236.516,84.671,58.544,104.542
259.717,90.074,58.544,104.542
271.477,100.562,58.544,104.542
264.803,104.058,58.544,104.542
241.601,108.826,58.544,104.542
226.028,116.136,58.544,104.542
229.524,124.082,58.544,104.542
245.733,132.027,58.544,104.542
268.299,136.795,58.544,104.542
294.043,130.756,58.544,104.542
322.329,120.268,58.544,104.542
333.453,117.407,58.544,104.542
338.856,120.268,58.544,104.542
335.360,125.035,58.544,104.542
322.965,129.802,58.544,104.542
298.492,128.849,58.544,104.542
268.934,131.709,58.544,104.542
255.903,138.384,58.544,104.542
254.314,135.523,58.544,104.542
262.260,119.314,58.544,104.542
286.733,87.214,58.544,104.542
331.546,75.454,58.544,104.542
360.469,82.764,58.544,104.542
376.042,97.702,58.544,104.542
385.895,117.089,58.544,104.542
379.221,126.942,58.544,104.542
356.655,131.074,58.544,104.542
328.368,137.748,58.544,104.542
311.523,144.423,58.544,104.542
315.019,139.019,58.544,104.542
326.779,124.717,58.544,104.542
330.275,101.516,58.544,104.542
335.043,94.206,58.544,104.542
353.794,109.144,58.544,104.542
378.903,138.702,58.544,104.542
387.484,165.717,58.544,104.542
364.283,175.570,58.544,104.542
309.934,180.973,58.544,104.542
254.950,173.027,58.544,104.542
232.384,159.996,58.544,104.542
230.159,146.330,58.544,104.542
225.392,130.756,58.544,104.542
214.268,116.454,58.544,104.542
212.679,107.237,58.544,104.542
237.152,115.818,58.544,104.542
283.237,149.826,58.544,104.542
321.694,184.469,58.544,104.542
343.624,211.484,58.544,104.542
338.221,220.701,58.544,104.542
311.841,214.662,58.544,104.542
289.275,191.461,58.544,104.542
292.771,155.547,58.544,104.542
319.787,119.632,58.544,104.542
353.794,87.531,58.544,104.542
379.538,75.136,58.544,104.542
393.841,93.888,58.544,104.542
401.786,129.167,58.544,104.542
407.189,165.717,58.544,104.542
403.058,191.461,58.544,104.542
377.314,197.500,58.544,104.542
322.965,195.275,58.544,104.542
296.585,179.701,58.544,104.542
288.640,155.229,58.544,104.542
292.136,121.221,58.544,104.542
303.260,92.935,58.544,104.542
326.461,82.446,58.544,104.542
350.934,103.741,58.544,104.542
376.042,138.384,58.544,104.542
397.337,176.205,58.544,104.542
392.569,199.407,58.544,104.542
359.197,203.539,58.544,104.542
322.012,188.601,58.544,104.542
284.826,153.322,58.544,104.542
243.826,109.144,58.544,104.542
235.880,74.501,58.544,104.542
258.446,47.485,58.544,104.542
290.547,63.059,58.544,104.542
308.663,96.431,58.544,104.542
331.864,131.710,58.544,104.542
352.523,163.810,58.544,104.542
340.128,178.112,58.544,104.542
315.019,180.337,58.544,104.542
304.531,165.399,58.544,104.542
304.849,139.020,58.544,104.542
308.981,115.818,58.544,104.542
320.740,108.508,58.544,104.542
336.949,122.810,58.544,104.542
342.988,144.740,58.544,104.542
331.864,162.221,58.544,104.542
318.198,177.159,58.544,104.542
314.066,183.833,58.544,104.542
317.562,178.430,58.544,104.542
324.236,154.593,58.544,104.542
332.182,128.213,58.544,104.542
315.337,104.376,58.544,104.542
282.601,111.686,58.544,104.542
279.741,147.601,58.544,104.542
295.314,181.608,58.544,104.542
307.074,197.818,58.544,104.542
311.841,186.058,58.544,104.542
327.415,159.678,58.544,104.542
344.260,128.213,58.544,104.542
341.399,112.004,58.544,104.542
329.004,116.772,58.544,104.542
317.880,148.872,58.544,104.542
325.190,184.151,58.544,104.542
316.609,200.360,58.544,104.542
281.965,202.585,58.544,104.542
275.927,178.112,58.544,104.542
294.043,144.740,58.544,104.542
305.802,127.896,58.544,104.542
298.492,128.849,58.544,104.542
303.895,160.950,58.544,104.542
329.004,198.771,58.544,104.542
330.593,214.980,58.544,104.542
318.198,209.577,58.544,104.542
321.058,180.019,58.544,104.542
325.826,173.981,58.544,104.542
321.058,196.546,58.544,104.542
295.950,237.546,58.544,104.542
286.733,261.383,58.544,104.542
292.136,243.903,58.544,104.542
293.089,196.546,58.544,104.542
299.764,153.004,58.544,104.542
321.694,155.229,58.544,104.542
327.733,189.236,58.544,104.542
322.329,246.763,58.544,104.542
309.299,294.119,58.544,104.542
297.539,293.166,58.544,104.542
291.500,247.716,58.544,104.542
296.268,188.283,58.544,104.542
311.206,162.539,58.544,104.542
326.143,187.647,58.544,104.542
324.554,234.368,58.544,104.542
310.888,278.546,58.544,104.542
296.585,277.592,58.544,104.542
283.555,241.042,58.544,104.542
288.958,186.694,58.544,104.542
315.973,167.306,58.544,104.542
332.818,193.686,58.544,104.542
333.771,246.127,58.544,104.542
327.097,282.042,58.544,104.542
300.717,279.181,58.544,104.542
278.151,242.631,58.544,104.542
275.927,180.019,58.544,104.542
299.764,169.531,58.544,104.542
311.523,204.810,58.544,104.542
297.857,276.957,58.544,104.542
303.260,326.220,58.544,104.542
311.206,326.538,58.544,104.542
319.787,291.259,58.544,104.542
323.283,245.174,58.544,104.542
321.058,223.244,58.544,104.542
315.019,238.817,58.544,104.542
308.345,284.902,58.544,104.542
313.112,318.274,58.544,104.542
317.880,305.243,58.544,104.542
315.019,259.794,58.544,104.542
307.709,213.709,58.544,104.542
296.585,195.593,58.544,104.542
292.454,218.794,58.544,104.542
280.058,261.065,58.544,104.542
268.934,272.825,58.544,104.542
262.896,247.716,58.544,104.542
268.934,194.639,58.544,104.542
294.679,167.624,58.544,104.542
311.523,190.190,58.544,104.542
306.120,235.639,58.544,104.542
283.555,281.088,58.544,104.542
275.609,282.678,58.544,104.542
277.834,228.329,58.544,104.542
283.872,164.446,58.544,104.542
287.368,129.802,58.544,104.542
278.787,125.671,58.544,104.542
270.841,163.492,58.544,104.542
269.252,221.655,58.544,104.542
265.756,248.670,58.544,104.542
254.632,235.639,58.544,104.542
261.307,187.647,58.544,104.542
287.686,151.733,58.544,104.542
296.903,150.779,58.544,104.542
288.958,173.981,58.544,104.542
273.384,205.445,58.544,104.542
258.446,224.833,58.544,104.542
242.237,231.507,58.544,104.542
225.392,229.918,58.544,104.542
228.888,221.337,58.544,104.542
251.454,216.569,58.544,104.542
267.663,225.786,58.544,104.542
271.795,224.833,58.544,104.542
282.919,217.523,58.544,104.542
290.865,203.221,58.544,104.542
296.268,192.097,58.544,104.542
302.942,191.143,58.544,104.542
301.353,195.275,58.544,104.542
293.407,198.771,58.544,104.542
282.919,197.818,58.544,104.542
269.252,194.957,58.544,104.542
263.849,195.911,58.544,104.542
278.151,184.787,58.544,104.542
300.717,170.484,58.544,104.542
312.477,154.275,58.544,104.542
328.050,146.330,58.544,104.542
351.887,153.004,58.544,104.542
346.484,153.957,58.544,104.542
321.376,151.097,58.544,104.542
298.810,155.229,58.544,104.542
294.679,158.089,58.544,104.542
288.640,155.229,58.544,104.542
276.880,151.733,58.544,104.542
274.020,139.973,58.544,104.542
283.237,127.578,58.544,104.542
294.361,124.082,58.544,104.542
301.671,127.578,58.544,104.542
305.802,133.616,58.544,104.542
308.027,139.020,58.544,104.542
315.337,141.244,58.544,104.542
325.826,147.919,58.544,104.542
321.058,152.050,58.544,104.542
308.663,157.454,58.544,104.542
300.082,163.492,58.544,104.542
301.035,168.260,58.544,104.542
308.981,172.391,58.544,104.542
320.740,183.515,58.544,104.542
324.236,194.004,58.544,104.542
319.469,201.949,58.544,104.542
315.973,210.531,58.544,104.542
318.833,217.205,58.544,104.542
321.058,220.701,58.544,104.542
318.833,220.383,58.544,104.542
312.159,223.244,58.544,104.542
308.027,226.104,58.544,104.542
309.616,230.236,58.544,104.542
308.027,232.461,58.544,104.542
