0.00322723
0.01356220
0.01459479
0.01363921
0.01317883
0.01279449
0.01283741
0.01271248
0.01283312
0.01267576
0.01268959
0.01286626
0.01282835
0.01279473
0.01286721
0.01291108
0.01266789
0.01270604
0.01272464
0.01290131
0.01277447
0.01290989
0.01261926
0.01265430
0.01282191
0.01290894
0.01279426
0.01297569
0.01274514
0.01275015
0.01281357
0.01292753
0.01295757
0.01288486
0.01263666
0.01273322
0.01297712
0.01299047
0.01273775
0.01277852
0.01278424
0.01283741
0.01294732
0.01269174
0.01292324
0.01279545
0.01275444
0.01293659
0.01305962
0.01250911
0.01276803
0.01290298
0.01281667
0.01307917
0.01272345
0.01278114
0.01292706
0.01269031
0.01283383
0.01283288
0.01276779
0.01288819
0.01268959
0.01294065
0.01281857
0.01265550
0.01288390
0.01294947
0.01297069
0.01297235
0.01269293
0.01289749
0.01287889
0.01288176
0.01275277
0.01288652
0.01289058
0.01263189
0.01295018
0.01283360
0.01287079
0.01270628
0.01280642
0.01285362
0.01306963
0.01285648
0.01313019
0.01297021
0.01283240
0.01286459
0.01302552
0.01288104
0.01291203
0.01292109
0.01292586
0.01283455
0.01282430
0.01315331
0.01291347
0.01278377
0.01276970
0.01275587
0.01284671
0.01271200
0.01282215
0.01287603
0.01282811
0.01282954
0.01290011
0.01267505
0.01291060
0.01296258
0.01292419
0.01278663
0.01306319
0.01276779
0.01279593
0.01294422
0.01269984
0.01286292
0.01290464
0.01282287
0.01283336
0.01295376
0.01279831
0.01287365
0.01275182
0.01254463
0.01276755
0.01271296
0.01270437
0.01260996
0.01289344
0.01274395
0.01286602
0.01282883
0.01273966
0.01276755
0.01292539
0.01267481
0.01265216
0.01266384
0.01274848
0.01276731
0.01323819
0.01274180
0.01273942
0.01275349
0.01288795
0.01270914
0.01279783
0.01287198
0.01287270
0.01290774
0.01276255
0.01291466
0.01277876
0.01281428
0.01278019
0.01277137
0.01286840
0.01274371
0.01273513
0.01268673
0.01280618
0.01277184
0.01276231
0.01268816
0.01293111
0.01269722
0.01267934
0.01294494
0.01278949
0.01275969
0.01293802
0.01294374
0.01291370
0.01290464
0.01282024
0.01283813
0.01286054
0.01277208
0.01295471
0.01283526
0.01286793
0.01295018
0.01302576
0.01283956
0.01278901
0.01277161
0.01297402
0.01285625
0.01299644
0.01295733
0.01287317
0.01289892
0.01278043
0.01295900
0.01281881
0.01280570
0.01293778
0.01286721
0.01286030
0.01302767
0.01291323
0.01279402
0.01290011
0.01301432
0.01285315
0.01301646
0.01275373
0.01282835
0.01302767
0.01297903
0.01318121
0.01292801
0.01274467
0.01294661
0.01280117
0.01288676
0.01297379
0.01286578
0.01278901
0.01297855
0.01295114
0.01288676
0.01289773
0.01287961
0.01293731
0.01298475
0.01280904
0.01284361
0.01281381
0.01278710
0.01281667
0.01296163
0.01296544
0.01279807
0.01277709
0.01282382
0.01287270
0.01306105
0.01264644
0.01276159
0.01271653
0.01284003
0.01294756
0.01282239
0.01290607
0.01280022
0.01283860
0.01300240
0.01288462
0.01274681
0.01290226
0.01287079
0.01292920
0.01296663
0.01271915
0.01277590
0.01278281
0.01273656
0.01273656
0.01271963
0.01283240
0.01277137
0.01286721
0.01279998
0.01275611
0.01283479
0.01270175
0.01269555
0.01267004
0.01281500
0.01272511
0.01279736
0.01268291
0.01286912
0.01295996
0.01267362
0.01252747
0.01256490
0.01285839
0.01275134
0.01248264
0.01289034
0.01272440
0.01296520
0.01264167
0.01278472
0.01285863
0.01285338
0.01278377
0.01285839
0.01317263
0.01278210
0.01278925
0.01292157
0.01283050
0.01293612
0.01280427
0.01277828
0.01295042
0.01269507
0.01267838
0.01277661
0.01275659
0.01281977
0.01296163
0.01297355
0.01277328
0.01297617
0.01274228
0.01286030
0.01298833
0.01297164
0.01299953
0.01280069
0.01292634
0.01295757
0.01286936
0.01306057
0.01283073
0.01278710
0.01279664
0.01299453
0.01294255
0.01300097
0.01283932
0.01288843
0.01281500
0.01294231
0.01298237
0.01290894
0.01271892
0.01278734
0.01283145
0.01283932
0.01297665
0.01295614
0.01282883
0.01306677
0.01283169
0.01269484
0.01291633
0.01295781
0.01283360
0.01297688
0.01275826
0.01291394
0.01278257
0.01280212
0.01302552
0.01297283
0.01309586
0.01276231
0.01297688
0.01293850
0.01278329
0.01293135
0.01291203
0.01294374
0.01265121
0.01285887
0.01287484
0.01282835
0.01271200
0.01271081
0.01299238
0.01292610
0.01310873
0.01287103
0.01276660
0.01279092
0.01272249
0.01294017
0.01274776
0.01288247
0.01294875
0.01280928
0.01292801
0.01332784
0.01298118
0.01294136
0.01295853
0.01299977
0.01281929
0.01294184
0.01284099
0.01278782
0.01286149
0.01276374
0.01334834
0.01280808
0.01293588
0.01288939
0.01290584
0.01295280
0.01276994
0.01315999
0.01281524
0.01289964
0.01279664
0.01298237
0.01278329
0.01282907
0.01288152
0.01286006
0.01289201
0.01281834
0.01282144
0.01283622
0.01291966
0.01290822
0.01280594
0.01293850
0.01293516
0.01289821
0.01299286
0.01282430
0.01317811
0.01270866
0.01293302
0.01297998
0.01304722
0.01283169
0.01273942
0.01286578
0.01278186
0.01279616
0.01307654
0.01276851
0.01290393
0.01277852
0.01280236
0.01278281
0.01285744
0.01305676
0.01293945
0.01297426
0.01267505
0.01291728
0.01267910
0.01275539
0.01268721
0.01274562
0.01305056
0.01272011
0.01286316
0.01278853
0.01291847
0.01285982
0.01272964
0.01296544
0.01275659
0.01285529
0.01274276
0.01274467
0.01272011
0.01263642
0.01268077
0.01296067
0.01304126
0.01281786
0.01272345
0.01285481
0.01279235
0.01282096
0.01276946
0.01262283
0.01290011
0.01281190
