0.00324678
0.01388884
0.01437211
0.01326632
0.01322103
0.01294494
0.01290441
0.01251364
0.01273870
0.01320457
0.01284432
0.01278210
0.01263857
0.01290631
0.01281667
0.01281142
0.01285553
0.01314735
0.01278162
0.01281857
0.01274753
0.01271963
0.01279926
0.01278329
0.01305676
0.01288271
0.01292229
0.01276588
0.01284075
0.01286960
0.01313543
0.01285410
0.01303291
0.01293349
0.01270771
0.01280570
0.01267815
0.01287436
0.01280594
0.01282167
0.01276636
0.01282716
0.01292729
0.01277804
0.01308393
0.01286960
0.01276851
0.01286030
0.01292706
0.01277089
0.01285243
0.01295424
0.01263547
0.01279831
0.01286721
0.01280689
0.01281309
0.01286602
0.01275587
0.01287150
0.01277375
0.01296020
0.01293111
0.01279902
0.01283884
0.01281905
0.01296544
0.01292944
0.01288939
0.01288772
0.01281905
0.01293039
0.01297426
0.01288581
0.01292777
0.01287580
0.01282024
0.01279926
0.01287961
0.01288581
0.01285601
0.01288033
0.01296544
0.01289248
0.01283050
0.01254654
0.01286435
0.01292396
0.01305604
0.01290512
0.01281667
0.01245332
0.01276684
0.01292944
0.01282072
0.01265812
0.01296997
0.01284385
0.01289248
0.01281142
0.01292157
0.01292348
0.01296902
0.01302505
0.01284504
0.01275635
0.01298189
0.01291251
0.01284194
0.01279664
0.01271272
0.01301694
0.01280522
0.01285791
0.01276803
0.01285052
0.01278472
0.01290488
0.01290441
0.01282501
0.01297092
0.01295805
0.01280975
0.01283312
0.01284480
0.01296329
0.01283813
0.01299119
0.01296067
0.01291466
0.01303267
0.01264453
0.01282382
0.01302695
0.01301742
0.01301718
0.01289201
0.01272559
0.01274514
0.01300740
