141.000,73.000,27.000,34.000
142.079,73.839,27.000,34.000
141.656,73.587,27.597,34.752
142.023,73.955,27.597,34.752
142.391,72.852,27.597,34.752
142.023,72.730,27.597,34.752
143.126,72.607,27.597,34.752
143.739,73.710,27.597,34.752
143.371,72.607,27.597,34.752
143.494,73.710,27.597,34.752
144.352,72.607,27.597,34.752
144.229,73.465,27.597,34.752
144.842,73.097,27.597,34.752
145.699,72.485,27.597,34.752
146.312,73.832,27.597,34.752
146.435,72.730,27.597,34.752
147.047,72.362,27.597,34.752
148.395,73.710,27.597,34.752
147.783,72.117,27.597,34.752
148.621,73.131,28.208,35.521
150.500,71.503,28.208,35.521
150.876,72.881,28.208,35.521
152.003,71.503,28.208,35.521
152.601,72.019,28.832,36.307
153.753,71.123,28.832,36.307
155.417,72.275,28.832,36.307
157.337,71.891,28.832,36.307
158.745,72.019,28.832,36.307
158.617,72.660,28.832,36.307
160.025,73.300,28.832,36.307
162.202,72.403,28.832,36.307
162.842,73.044,28.832,36.307
163.994,71.891,28.832,36.307
165.402,72.275,28.832,36.307
167.066,72.403,28.832,36.307
168.978,72.174,28.217,35.533
169.855,72.299,28.217,35.533
170.982,72.675,28.217,35.533
172.110,72.800,28.217,35.533
173.237,71.673,28.217,35.533
174.365,72.550,28.217,35.533
174.490,72.174,28.217,35.533
173.864,71.798,28.217,35.533
174.741,71.422,28.217,35.533
174.866,72.048,28.217,35.533
175.771,72.548,27.615,34.775
174.913,72.671,27.615,34.775
174.299,71.812,27.615,34.775
173.196,72.180,27.615,34.775
172.583,72.548,27.615,34.775
170.253,72.916,27.615,34.775
169.640,72.058,27.615,34.775
168.782,72.180,27.615,34.775
167.433,71.812,27.615,34.775
164.858,71.935,27.615,34.775
163.019,72.058,27.615,34.775
161.425,72.671,27.615,34.775
159.586,72.058,27.615,34.775
157.747,72.671,27.615,34.775
156.153,72.058,27.615,34.775
151.140,72.818,28.226,35.544
152.018,71.439,28.226,35.544
148.975,70.916,28.851,36.331
147.309,71.300,28.851,36.331
146.413,71.941,28.851,36.331
145.004,70.788,28.851,36.331
143.082,72.197,28.851,36.331
141.929,71.556,28.851,36.331
140.520,72.453,28.851,36.331
139.111,72.069,28.851,36.331
135.909,71.428,28.851,36.331
135.599,70.951,28.236,35.556
133.468,72.080,28.236,35.556
131.336,71.954,28.236,35.556
130.208,72.330,28.236,35.556
128.328,73.208,28.236,35.556
126.447,72.330,28.236,35.556
124.065,73.710,28.236,35.556
122.435,73.584,28.236,35.556
120.924,73.117,27.634,34.798
118.838,74.222,27.634,34.798
118.961,74.344,27.634,34.798
117.856,74.222,27.634,34.798
116.998,74.835,27.634,34.798
116.139,74.467,27.634,34.798
116.016,76.062,27.634,34.798
115.403,76.921,27.634,34.798
114.298,77.780,27.634,34.798
113.685,78.884,27.634,34.798
114.298,79.743,27.634,34.798
112.458,80.356,27.634,34.798
112.789,79.335,28.245,35.568
111.660,79.210,28.245,35.568
112.258,79.467,28.870,36.355
111.617,78.569,28.870,36.355
111.489,78.441,28.870,36.355
110.771,77.374,29.509,37.159
110.852,76.827,30.162,37.981
110.986,78.300,30.162,37.981
110.049,77.631,30.162,37.981
110.986,77.497,30.162,37.981
110.584,77.363,30.162,37.981
111.790,77.229,30.162,37.981
112.459,77.095,30.162,37.981
111.431,76.258,30.829,38.822
112.663,76.121,30.829,38.822
113.895,75.984,30.829,38.822
114.853,78.037,30.829,38.822
116.085,77.900,30.829,38.822
117.591,77.490,30.829,38.822
119.644,76.532,30.829,38.822
120.328,75.847,30.829,38.822
121.549,73.856,31.511,39.680
123.368,75.115,31.511,39.680
124.907,74.135,31.511,39.680
126.446,72.390,32.208,40.558
128.019,71.961,32.208,40.558
130.164,72.962,32.208,40.558
131.737,73.963,32.208,40.558
132.716,72.476,32.921,41.456
134.324,73.499,32.921,41.456
135.932,72.768,32.921,41.456
137.247,73.791,32.921,41.456
138.563,73.061,32.921,41.456
139.001,73.499,32.921,41.456
140.024,72.476,32.921,41.456
140.755,72.622,32.921,41.456
141.486,72.768,32.921,41.456
143.094,72.914,32.921,41.456
143.240,72.476,32.921,41.456
144.848,72.330,32.921,41.456
143.532,71.599,32.921,41.456
144.306,72.745,32.219,40.572
145.593,72.888,32.219,40.572
145.737,72.745,32.219,40.572
146.452,72.602,32.219,40.572
146.595,72.459,32.219,40.572
147.310,72.888,32.219,40.572
148.598,73.318,32.219,40.572
149.027,73.747,32.219,40.572
150.314,74.748,32.219,40.572
151.029,74.891,32.219,40.572
150.600,75.034,32.219,40.572
150.171,75.463,32.219,40.572
151.173,74.748,32.219,40.572
151.316,76.036,32.219,40.572
151.245,76.606,31.532,39.706
150.545,77.026,31.532,39.706
151.525,78.006,31.532,39.706
151.105,78.426,31.532,39.706
152.116,80.064,30.859,38.860
151.431,80.475,30.859,38.860
152.390,80.886,30.859,38.860
151.979,81.571,30.859,38.860
152.938,81.982,30.859,38.860
153.075,83.489,30.859,38.860
152.116,83.900,30.859,38.860
152.801,85.682,30.859,38.860
154.035,87.189,30.859,38.860
154.172,88.148,30.859,38.860
153.212,89.381,30.859,38.860
153.624,88.696,30.859,38.860
154.583,90.203,30.859,38.860
153.624,89.244,30.859,38.860
154.583,90.203,30.859,38.860
153.624,89.792,30.859,38.860
154.583,91.299,30.859,38.860
153.624,90.066,30.859,38.860
154.583,91.573,30.859,38.860
153.350,90.340,30.859,38.860
153.761,89.929,30.859,38.860
154.446,91.162,30.859,38.860
153.212,89.655,30.859,38.860
153.013,89.083,31.542,39.719
153.433,90.343,31.542,39.719
151.777,88.596,32.240,40.598
151.061,87.308,32.240,40.598
151.777,86.592,32.240,40.598
150.488,85.876,32.240,40.598
149.773,84.588,32.240,40.598
148.771,82.155,32.240,40.598
149.486,84.016,32.240,40.598
147.912,81.582,32.240,40.598
148.914,82.298,32.240,40.598
147.339,80.151,32.240,40.598
147.196,78.290,32.240,40.598
146.480,76.715,32.240,40.598
146.337,77.717,32.240,40.598
145.991,76.356,31.552,39.733
146.692,77.057,31.552,39.733
146.083,76.265,30.879,38.885
145.397,76.128,30.879,38.885
145.534,75.443,30.879,38.885
145.397,75.854,30.879,38.885
144.712,75.717,30.879,38.885
145.397,75.306,30.879,38.885
144.986,74.346,30.879,38.885
145.672,75.031,30.879,38.885
145.534,75.443,30.879,38.885
145.123,74.209,30.879,38.885
144.712,73.797,30.879,38.885
145.397,74.483,30.879,38.885
144.986,73.523,30.879,38.885
145.672,73.112,30.879,38.885
145.260,72.701,30.879,38.885
145.123,73.660,30.879,38.885
144.712,72.701,30.879,38.885
145.397,73.386,30.879,38.885
144.712,72.152,30.879,38.885
145.397,72.838,30.879,38.885
143.615,74.072,30.879,38.885
144.300,72.563,30.879,38.885
142.792,74.072,30.879,38.885
143.204,74.209,30.879,38.885
140.873,74.620,30.879,38.885
139.639,75.580,30.879,38.885
138.131,75.168,30.879,38.885
136.074,74.757,30.879,38.885
134.018,75.717,30.879,38.885
132.235,74.483,30.879,38.885
126.614,75.168,30.879,38.885
125.277,73.458,31.563,39.746
123.037,74.036,32.261,40.625
120.316,72.460,32.261,40.625
117.881,74.323,32.261,40.625
115.446,73.893,32.261,40.625
112.724,75.469,32.261,40.625
110.575,74.466,32.261,40.625
108.427,74.896,32.261,40.625
106.278,74.752,32.261,40.625
104.130,74.036,32.261,40.625
104.559,74.752,32.261,40.625
102.697,74.036,32.261,40.625
101.694,74.179,32.261,40.625
100.978,74.609,32.261,40.625
100.835,73.606,32.261,40.625
99.832,73.750,32.261,40.625
99.403,74.179,32.261,40.625
98.686,74.896,32.261,40.625
99.116,74.179,32.261,40.625
98.973,75.182,32.261,40.625
97.873,74.287,32.975,41.524
98.312,73.848,32.975,41.524
98.459,74.580,32.975,41.524
98.312,74.140,32.975,41.524
98.751,75.751,32.975,41.524
97.727,75.312,32.975,41.524
98.166,75.165,32.975,41.524
99.191,76.483,32.975,41.524
98.751,76.629,32.975,41.524
99.483,77.947,32.975,41.524
99.923,77.508,32.975,41.524
99.483,79.118,32.975,41.524
100.541,80.549,32.272,40.638
99.824,80.119,32.272,40.638
100.254,81.409,32.272,40.638
99.824,80.692,32.272,40.638
98.535,80.549,32.272,40.638
97.245,80.119,32.272,40.638
96.815,81.409,32.272,40.638
94.379,80.119,32.272,40.638
93.090,79.689,32.272,40.638
91.514,79.259,32.272,40.638
89.364,78.543,32.272,40.638
87.215,77.826,32.272,40.638
85.925,79.976,32.272,40.638
84.063,79.259,32.272,40.638
81.913,78.543,32.272,40.638
79.478,78.113,32.272,40.638
76.755,79.403,32.272,40.638
71.167,78.686,32.272,40.638
70.820,78.705,31.583,39.772
68.997,78.565,31.583,39.772
66.333,79.266,31.583,39.772
62.266,78.845,31.583,39.772
59.321,79.827,31.583,39.772
56.096,79.406,31.583,39.772
53.712,78.986,31.583,39.772
49.318,80.356,30.910,38.923
46.985,79.670,30.910,38.923
41.907,80.356,30.910,38.923
41.221,79.670,30.910,38.923
38.888,80.356,30.910,38.923
36.829,79.670,30.910,38.923
34.771,79.532,30.910,38.923
32.712,80.493,30.910,38.923
30.379,80.081,30.910,38.923
28.046,79.670,30.910,38.923
25.987,80.905,30.910,38.923
24.478,80.493,30.910,38.923
21.047,81.179,30.910,38.923
20.086,79.944,30.910,38.923
18.576,80.905,30.910,38.923
17.341,80.219,30.910,38.923
15.832,79.532,30.910,38.923
14.871,79.121,30.910,38.923
13.636,78.709,30.910,38.923
12.401,79.670,30.910,38.923
11.440,79.258,30.910,38.923
10.754,78.572,30.910,38.923
9.793,78.160,30.910,38.923
9.930,77.748,30.910,38.923
9.244,78.983,30.910,38.923
8.558,78.572,30.910,38.923
8.074,77.144,31.594,39.785
9.336,76.162,31.594,39.785
8.074,77.706,31.594,39.785
8.775,76.724,31.594,39.785
8.074,77.986,31.594,39.785
9.055,77.004,31.594,39.785
8.915,77.986,31.594,39.785
8.306,77.734,30.920,38.936
9.267,77.322,30.920,38.936
8.855,76.636,30.920,38.936
10.090,78.146,30.920,38.936
9.404,77.460,30.920,38.936
10.639,77.048,30.920,38.936
11.600,78.009,30.920,38.936
12.287,79.519,30.920,38.936
12.973,79.107,30.920,38.936
15.856,78.695,30.920,38.936
16.543,79.931,30.920,38.936
18.053,80.617,30.920,38.936
19.838,80.755,30.920,38.936
22.721,82.539,30.920,38.936
25.329,83.226,30.920,38.936
28.212,84.736,30.920,38.936
31.370,86.795,30.920,38.936
34.802,88.580,30.920,38.936
38.783,90.914,30.920,38.936
45.785,95.993,30.920,38.936
46.196,96.680,30.920,38.936
48.805,98.739,30.920,38.936
51.739,100.730,31.604,39.798
54.966,103.676,31.604,39.798
58.194,106.342,31.604,39.798
61.140,108.447,31.604,39.798
64.087,110.833,31.604,39.798
66.753,113.218,31.604,39.798
68.858,115.043,31.604,39.798
72.647,119.954,31.604,39.798
73.068,120.655,31.604,39.798
75.453,122.199,31.604,39.798
76.997,123.181,31.604,39.798
79.382,124.163,31.604,39.798
80.645,125.146,31.604,39.798
82.750,125.847,31.604,39.798
84.574,127.672,31.604,39.798
85.837,128.654,31.604,39.798
87.381,129.355,31.604,39.798
89.486,130.338,31.604,39.798
89.065,131.039,31.604,39.798
91.450,131.741,31.604,39.798
92.713,132.162,31.604,39.798
94.537,132.022,31.604,39.798
94.397,133.284,31.604,39.798
96.221,133.144,31.604,39.798
97.484,133.565,31.604,39.798
99.308,134.267,31.604,39.798
99.168,135.249,31.604,39.798
102.115,136.231,31.604,39.798
103.939,135.530,31.604,39.798
103.518,136.512,31.604,39.798
105.623,135.530,31.604,39.798
107.166,135.109,31.604,39.798
108.710,133.846,31.604,39.798
108.850,133.144,31.604,39.798
109.833,131.601,31.604,39.798
109.973,130.338,31.604,39.798
110.955,128.794,31.604,39.798
112.218,127.251,31.604,39.798
111.516,126.268,31.604,39.798
112.779,125.286,31.604,39.798
113.481,124.584,31.604,39.798
113.621,124.444,31.604,39.798
114.884,123.181,31.604,39.798
115.086,124.552,30.930,38.949
116.322,123.316,30.930,38.949
117.283,121.806,30.930,38.949
118.245,121.394,30.930,38.949
120.030,119.883,30.930,38.949
120.991,120.295,30.930,38.949
121.952,119.059,30.930,38.949
122.639,118.098,30.930,38.949
122.776,117.686,30.930,38.949
123.463,117.548,30.930,38.949
123.326,116.862,30.930,38.949
123.188,116.450,30.930,38.949
123.051,115.489,30.930,38.949
122.914,115.077,30.930,38.949
123.875,114.115,30.930,38.949
123.188,113.703,30.930,38.949
123.326,114.665,30.930,38.949
123.738,113.978,30.930,38.949
124.424,113.566,30.930,38.949
125.111,112.605,30.930,38.949
125.523,112.193,30.930,38.949
126.759,111.231,30.930,38.949
128.270,110.819,30.930,38.949
130.055,112.055,30.930,38.949
132.939,109.995,30.930,38.949
134.724,111.231,30.930,38.949
136.235,109.446,30.930,38.949
138.020,107.661,30.930,38.949
143.376,108.897,30.930,38.949
144.887,107.111,30.930,38.949
148.320,105.326,30.930,38.949
150.929,104.639,30.930,38.949
154.088,103.403,30.930,38.949
157.991,103.157,30.270,38.118
163.233,100.603,30.270,38.118
164.443,101.544,30.270,38.118
166.728,99.259,30.270,38.118
171.432,98.587,30.270,38.118
173.716,98.184,30.270,38.118
176.001,96.706,30.270,38.118
177.749,97.378,30.270,38.118
179.496,96.437,30.270,38.118
180.705,95.765,30.270,38.118
181.915,95.899,30.270,38.118
180.705,94.421,30.270,38.118
182.184,94.824,30.270,38.118
182.318,95.227,30.270,38.118
181.109,93.749,30.270,38.118
182.029,94.024,30.940,38.962
180.792,92.513,30.940,38.962
180.105,93.475,30.940,38.962
178.869,92.788,30.940,38.962
179.006,93.750,30.940,38.962
177.770,92.788,30.940,38.962
175.709,93.475,30.940,38.962
174.473,92.238,30.940,38.962
173.237,92.376,30.940,38.962
172.275,92.513,30.940,38.962
171.313,92.651,30.940,38.962
169.802,91.964,30.940,38.962
168.841,91.552,30.940,38.962
170.077,91.964,30.940,38.962
169.115,91.826,30.940,38.962
170.627,91.689,30.940,38.962
172.138,90.453,30.940,38.962
173.099,90.865,30.940,38.962
173.237,90.178,30.940,38.962
175.023,89.216,30.940,38.962
177.083,88.529,30.940,38.962
178.320,87.568,30.940,38.962
180.106,86.881,30.940,38.962
182.441,86.743,30.940,38.962
185.051,85.507,30.940,38.962
187.661,84.545,30.940,38.962
194.118,83.034,30.940,38.962
195.628,84.171,31.625,39.824
197.735,82.346,31.625,39.824
200.403,82.205,31.625,39.824
203.351,81.503,31.625,39.824
205.738,81.082,31.625,39.824
207.845,80.661,31.625,39.824
209.670,79.678,31.625,39.824
212.057,80.661,31.625,39.824
214.444,79.678,31.625,39.824
219.359,80.661,31.625,39.824
220.341,81.363,31.625,39.824
221.605,79.818,31.625,39.824
223.431,79.397,31.625,39.824
225.256,78.133,31.625,39.824
227.081,76.589,31.625,39.824
229.749,75.325,31.625,39.824
232.136,74.342,31.625,39.824
234.804,73.078,31.625,39.824
237.191,74.904,31.625,39.824
240.140,73.359,31.625,39.824
241.685,72.657,31.625,39.824
242.948,72.517,31.625,39.824
244.493,71.534,31.625,39.824
245.757,71.112,31.625,39.824
247.020,69.568,31.625,39.824
248.284,70.270,31.625,39.824
248.144,69.006,31.625,39.824
249.969,70.270,31.625,39.824
250.390,69.568,31.625,39.824
249.407,70.551,31.625,39.824
249.267,70.130,31.625,39.824
248.565,70.551,31.625,39.824
248.144,71.534,31.625,39.824
248.003,71.393,31.625,39.824
246.739,72.095,31.625,39.824
245.195,71.674,31.625,39.824
243.370,72.657,31.625,39.824
242.106,72.236,31.625,39.824
241.123,73.219,31.625,39.824
239.297,72.797,31.625,39.824
237.753,74.623,31.625,39.824
236.489,73.921,31.625,39.824
234.945,75.465,31.625,39.824
233.681,74.482,31.625,39.824
232.136,76.027,31.625,39.824
230.873,75.325,31.625,39.824
229.328,76.308,31.625,39.824
227.503,75.044,31.625,39.824
225.677,77.150,31.625,39.824
223.009,76.729,31.625,39.824
222.307,77.993,31.625,39.824
220.201,77.291,31.625,39.824
218.376,76.870,31.625,39.824
216.550,78.695,31.625,39.824
215.006,77.712,31.625,39.824
213.461,78.695,31.625,39.824
212.310,78.172,30.950,38.975
210.248,78.584,30.950,38.975
208.856,79.397,30.290,38.143
205.939,81.230,29.644,37.330
204.754,80.309,29.644,37.330
203.569,80.703,29.644,37.330
204.228,80.309,29.644,37.330
203.043,79.651,29.644,37.330
201.595,80.835,29.644,37.330
202.780,79.124,29.644,37.330
201.332,79.519,29.644,37.330
199.884,80.177,29.644,37.330
201.332,78.992,29.644,37.330
199.884,78.861,29.644,37.330
201.069,77.939,29.644,37.330
202.273,79.733,29.012,36.534
201.629,79.089,29.012,36.534
202.807,78.361,28.394,35.755
201.925,79.243,28.394,35.755
203.311,78.109,28.394,35.755
204.194,80.000,28.394,35.755
204.824,79.370,28.394,35.755
204.446,78.739,28.394,35.755
206.589,77.857,28.394,35.755
206.715,79.243,28.394,35.755
207.850,77.857,28.394,35.755
208.517,77.387,27.788,34.992
209.628,78.498,27.788,34.992
209.998,77.387,27.788,34.992
210.861,78.251,27.788,34.992
