0.00723195
0.01109719
0.01173377
0.01116776
0.01095724
0.01076198
0.01085782
0.01091313
0.01095748
0.01086259
0.01093578
0.01084185
0.01124215
0.01087236
0.01087713
0.01080060
0.01085615
0.01085997
0.01093245
0.01083732
0.01089835
0.01081824
0.01096582
0.01076579
0.01067901
0.01073885
0.01068234
0.01073050
0.01066303
0.01077318
0.01067281
0.01081991
0.01082134
0.01069283
0.01074028
0.01068044
0.01073551
0.01066184
0.01155210
0.01110506
0.01081514
0.01078343
0.01085019
0.01081467
0.01084590
0.01065516
0.01062942
0.01067090
0.01062274
0.01074767
0.01079082
0.01081395
0.01063895
0.01063609
0.01073170
0.01070714
0.01080608
0.01072907
0.01076531
0.01064253
0.01071334
0.01061177
0.01065207
0.01068711
0.01067638
0.01072860
0.01068068
0.01092100
0.01080871
0.01074982
0.01076746
0.01068568
0.01073313
0.01078749
0.01157856
0.01135015
0.01097226
0.01082516
0.01071024
0.01067638
0.01072717
0.01073456
0.01095676
0.01088476
0.01097393
0.01100612
0.01092434
0.01060939
0.01085639
0.01083231
0.01095867
0.01092267
0.01090479
0.01078320
0.01081109
0.01084971
0.01080751
0.01091123
0.01086259
0.01085854
0.01095271
0.01094174
0.01081491
0.01099706
0.01080585
0.01084828
0.01065111
0.01067829
0.01062918
0.01066041
0.01124263
0.01101470
0.01076508
0.01078057
0.01077771
0.01071167
0.01069260
0.01066995
0.01068687
0.01069903
0.01071095
0.01075864
0.01080918
0.01067305
0.01065230
0.01069593
0.01075578
0.01077008
0.01078224
0.01057863
0.01070023
0.01082444
0.01077032
0.01089787
0.01067829
0.01070595
0.01082063
0.01085234
0.01087189
0.01091981
0.01072335
0.01070285
0.01074123
0.01074624
0.01081729
0.01087832
0.01100492
0.01119900
0.01101160
0.01086736
0.01075697
0.01084304
0.01090288
0.01066780
0.01098418
0.01101422
0.01105976
0.01099968
0.01097727
0.01071906
0.01069665
0.01083350
0.01064873
0.01092172
0.01096535
0.01100016
0.01093340
0.01097560
0.01063299
0.01075959
0.01066136
0.01081610
0.01095271
0.01089978
0.01107001
0.01094890
0.01103687
0.01103210
0.01090956
0.01103091
0.01086950
0.01092887
0.01102185
0.01118231
0.01104665
0.01095414
0.01096153
0.01088595
0.01096129
0.01088619
0.01096129
0.01093817
0.01087046
0.01092887
0.01082468
0.01075387
0.01093793
0.01082349
0.01081419
0.01087713
0.01079702
0.01076055
0.01073790
0.01069379
0.01064563
0.01075697
0.01077795
0.01078510
0.01066923
0.01066136
0.01078916
0.01069665
0.01086569
0.01077294
0.01094174
0.01094341
0.01075745
0.01063752
0.01066899
0.01114345
0.01087523
0.01087141
0.01081371
0.01100945
0.01093817
0.01078153
0.01085711
0.01084995
0.01082778
0.01088738
0.01086712
0.01064539
0.01064587
0.01077652
0.01073956
0.01069498
0.01072860
0.01070523
0.01080823
0.01077652
0.01074219
0.01063251
0.01069808
0.01080465
0.01076126
0.01091719
0.01075673
0.01070642
0.01069903
0.01082492
0.01096535
0.01109934
0.01086521
0.01106310
0.01088405
0.01131487
0.01080561
0.01074266
0.01079893
0.01082420
0.01096010
0.01085472
0.01097941
0.01083565
0.01069498
0.01082587
0.01088762
0.01061606
0.01089883
0.01096392
0.01083946
0.01098323
0.01083302
0.01080990
0.01058722
0.01088548
0.01070356
0.01077008
0.01059818
0.01073909
0.01091003
0.01079774
0.01069236
0.01065588
0.01083589
0.01074243
0.01072860
0.01074529
0.01075149
0.01071453
0.01065397
0.01183128
0.01120806
0.01082039
0.01082206
0.01077580
0.01075768
0.01070738
0.01089740
0.01093435
0.01086330
0.01077461
0.01084638
0.01087785
0.01084900
0.01097393
0.01084542
0.01096272
0.01081300
0.01077294
0.01079369
0.01083136
0.01070523
0.01086926
0.01085234
0.01066852
0.01079202
0.01080012
0.01088810
0.01112151
0.01082301
0.01064610
0.01079059
0.01086712
0.01086998
0.01087737
0.01099968
0.01175380
0.01137328
0.01091862
0.01081467
0.01079035
0.01103878
0.01093125
0.01102471
0.01085496
0.01092792
0.01096702
0.01101398
0.01093245
0.01109505
0.01086712
0.01099086
0.01098967
0.01107931
0.01084208
0.01102757
0.01136851
0.01099944
0.01099992
0.01089215
0.01097393
0.01086974
0.01093173
0.01075840
0.01086044
0.01078129
0.01078343
0.01088357
0.01078725
0.01080894
0.01089764
0.01097274
0.01110506
0.01087260
0.01090837
0.01087618
0.01083922
0.01091623
0.01089382
0.01101375
0.01085281
0.01096082
0.01090884
0.01094675
0.01066709
0.01086450
0.01086521
0.01085448
0.01089835
0.01074553
0.01074958
0.01086068
0.01083279
0.01093411
0.01107168
0.01100063
0.01089644
0.01103258
0.01084781
0.01086044
0.01088667
0.01089573
0.01087308
0.01094675
0.01086044
0.01080394
0.01083708
0.01082397
0.01105595
0.01080036
0.01088738
0.01076317
0.01078200
0.01082754
0.01076579
0.01090622
0.01091361
0.01073217
0.01089072
0.01093769
0.01087689
0.01096082
0.01089740
0.01086593
0.01085186
0.01100826
0.01107025
0.01094198
0.01082897
0.01081181
0.01075268
0.01070571
0.01074004
0.01076674
0.01090598
0.01072288
0.01094627
0.01075387
0.01092744
0.01090026
0.01106572
0.01082468
0.01065803
0.01085782
0.01109505
0.01104045
0.01081467
0.01083040
0.01081014
0.01090932
0.01085639
0.01103806
0.01093721
0.01086569
0.01084590
0.01090002
0.01089120
0.01103306
0.01100826
0.01093197
0.01108789
0.01094890
0.01086211
0.01101494
0.01100802
0.01083946
0.01106644
0.01092482
0.01093698
0.01081896
0.01079559
0.01067543
0.01085806
0.01089454
0.01081228
0.01092267
0.01085782
0.01078796
0.01091170
0.01137471
0.01115274
0.01094007
0.01089954
0.01086378
0.01089168
0.01093388
0.01089573
0.01103449
0.01096034
0.01086521
0.01075935
0.01084113
0.01066232
0.01090145
0.01089835
0.01092887
0.01104403
0.01093912
0.01089239
0.01087999
0.01073313
0.01086044
