0.00458479
0.01137090
0.01186252
0.01082039
0.01097369
0.01070189
0.01064920
0.01067519
0.01068997
0.01065516
0.01078701
0.01082253
0.01077175
0.01070881
0.01066995
0.01065040
0.01069403
0.01071072
0.01068807
0.01075768
0.01078749
0.01069808
0.01072764
0.01053834
0.01064491
0.01061559
0.01058865
0.01075292
0.01063776
0.01072598
0.01072955
0.01058769
0.01062489
0.01151299
0.01100206
0.01057720
0.01063275
0.01057816
0.01065016
0.01065540
0.01077676
0.01065230
0.01066828
0.01073098
0.01066804
0.01066685
0.01069474
0.01075053
0.01068616
0.01069570
0.01075459
0.01061988
0.01064205
0.01064038
0.01061726
0.01061630
0.01066589
0.01061654
0.01074004
0.01056862
0.01062799
0.01056600
0.01062918
0.01056671
0.01055050
0.01072693
0.01072884
0.01072550
0.01064420
0.01064420
0.01062107
0.01062393
0.01070523
0.01064920
0.01070833
0.01077747
0.01140976
0.01078033
0.01068926
0.01064110
0.01067781
0.01066613
0.01071978
0.01076746
0.01071882
0.01071048
0.01073766
0.01069808
0.01072979
0.01071429
0.01067638
0.01060987
0.01066589
0.01065493
0.01072717
0.01074195
0.01065660
0.01058555
0.01067996
0.01064086
0.01058888
0.01062012
0.01070976
0.01057696
0.01061392
0.01059389
0.01059556
0.01062584
0.01062298
0.01064944
0.01072717
0.01074934
0.01059413
0.01055169
0.01065922
0.01057124
0.01065612
0.01059985
0.01071787
0.01122570
0.01095700
0.01075482
0.01066995
0.01054692
0.01060462
0.01061296
0.01064801
0.01067543
0.01069283
0.01069117
0.01059651
0.01059961
0.01062107
0.01052856
0.01064730
0.01066756
0.01074815
0.01074934
0.01070499
0.01061773
0.01061249
0.01060224
0.01061606
0.01067472
0.01068974
0.01074362
0.01057506
0.01057315
0.01062727
0.01058221
0.01060462
0.01076412
0.01063633
0.01074600
0.01070404
0.01058888
0.01058030
0.01062393
0.01066422
0.01061630
0.01072145
0.01071930
0.01075530
0.01115823
0.01103473
0.01064515
0.01062274
0.01065779
0.01066446
0.01068687
0.01082492
0.01073003
0.01068401
0.01079416
0.01078176
0.01069808
0.01071167
0.01066995
0.01062107
0.01066327
0.01072979
0.01063347
0.01072860
0.01066136
0.01060510
0.01057935
0.01061869
0.01069069
0.01066899
0.01066446
0.01072955
0.01076174
0.01065397
0.01067162
0.01065040
0.01058459
0.01071024
0.01065254
0.01071382
0.01076436
0.01066232
0.01066136
0.01067519
0.01064301
0.01061559
0.01063037
0.01164269
0.01104665
0.01066422
0.01068211
0.01071095
0.01077700
0.01078439
0.01074314
0.01074028
0.01073933
0.01068449
0.01072598
0.01070118
0.01077151
0.01062894
0.01071548
0.01078629
0.01062655
0.01060987
0.01062751
0.01071692
0.01053572
0.01067305
0.01072884
0.01080823
0.01070285
0.01064396
0.01064754
0.01062036
0.01066399
0.01073480
0.01068878
0.01066589
0.01076508
0.01068163
0.01059341
0.01072073
0.01065803
0.01063657
0.01070261
0.01068830
0.01070428
0.01082253
0.01134133
0.01090980
0.01071310
0.01067376
0.01062012
0.01066446
0.01079631
0.01073146
0.01072860
0.01073313
0.01085043
0.01077056
0.01081347
0.01080346
0.01076365
0.01071525
0.01080799
0.01076317
0.01079035
0.01070833
0.01084971
0.01084685
0.01088476
0.01073241
0.01078105
0.01073956
0.01079941
0.01070452
0.01067948
0.01071167
0.01071239
0.01063108
0.01073384
0.01073337
0.01075482
0.01066637
0.01075435
0.01068759
0.01066804
0.01071048
0.01071620
0.01075459
0.01071692
0.01184225
0.01121020
0.01072121
0.01073074
0.01077986
0.01074195
0.01078320
0.01086617
0.01080346
0.01075935
0.01076484
0.01080942
0.01079392
0.01077223
0.01078701
0.01069903
0.01080537
0.01086783
0.01080298
0.01072145
0.01073503
0.01068664
0.01066089
0.01076126
0.01065660
0.01078510
0.01078463
0.01080251
0.01080823
0.01075339
0.01064491
0.01073098
0.01061797
0.01070237
0.01070356
0.01072502
0.01076913
0.01076055
0.01075244
0.01072764
0.01071930
0.01067400
0.01065731
0.01152802
0.01098037
0.01069570
0.01072979
0.01076555
0.01074529
0.01076484
0.01085353
0.01090360
0.01078606
0.01083851
0.01078224
0.01075745
0.01079106
0.01076198
0.01075935
0.01080537
0.01080632
0.01073241
0.01077652
0.01077223
0.01087642
0.01078939
0.01073551
0.01064730
0.01065373
0.01062918
0.01074743
0.01062846
0.01072311
0.01086164
0.01078296
0.01068807
0.01070786
0.01068735
0.01057386
0.01063657
0.01075172
0.01071906
0.01074433
0.01075888
0.01069498
0.01079392
0.01103091
0.01096535
0.01069140
0.01072931
0.01072049
0.01069951
0.01078558
0.01077795
0.01079583
0.01077747
0.01088476
0.01087976
0.01076150
0.01078653
0.01083326
0.01073813
0.01082778
0.01071835
0.01080942
0.01074624
0.01079273
0.01087642
0.01064849
0.01077962
0.01070499
0.01067114
0.01065731
0.01072812
0.01069570
0.01066375
0.01074433
0.01068711
0.01067448
0.01082587
0.01078963
0.01068330
0.01071048
0.01075363
0.01069236
0.01063848
0.01074862
0.01071143
0.01078725
0.01111889
0.01110220
0.01079512
0.01068377
0.01075149
0.01072526
0.01081824
0.01076412
0.01074505
0.01070070
0.01093030
0.01075554
0.01078868
0.01079512
0.01080990
0.01066542
0.01064444
0.01065493
0.01061034
0.01064801
0.01072001
0.01076317
0.01073599
0.01074147
0.01070118
0.01063347
0.01069212
0.01070547
0.01065254
0.01067233
0.01071453
0.01071954
0.01070261
0.01068711
0.01067710
0.01062322
0.01069140
0.01068854
0.01064086
0.01068091
0.01071620
0.01073337
0.01064348
0.01102090
0.01097178
0.01072812
0.01066184
0.01062822
0.01065612
0.01079655
0.01080322
0.01074195
0.01072097
0.01071167
0.01078749
0.01074862
0.01074123
0.01075864
0.01066422
0.01068282
0.01077271
0.01072764
0.01071239
0.01076269
0.01063347
0.01061296
0.01064420
0.01068544
0.01067472
0.01070237
0.01072049
0.01063824
0.01070189
0.01063681
0.01067996
0.01059294
0.01065040
0.01070595
0.01071453
0.01070881
0.01081610
0.01070309
0.01061153
0.01075077
0.01058221
0.01061916
0.01161098
0.01098561
0.01069403
0.01063156
0.01069903
0.01065183
0.01078868
0.01082182
0.01071787
0.01071382
0.01069760
0.01072025
0.01071477
0.01071620
0.01076746
0.01068306
0.01072788
0.01082659
0.01061058
0.01065779
0.01069474
0.01071072
0.01069641
0.01074290
0.01073003
0.01079321
0.01074982
0.01077843
0.01072192
0.01072907
0.01070356
0.01071978
0.01070476
0.01063657
0.01072168
0.01064038
0.01069069
0.01079941
0.01068330
0.01068592
0.01064372
0.01061416
0.01062179
0.01160312
0.01105809
0.01068044
0.01071048
0.01075053
0.01074719
0.01079702
0.01072216
0.01066303
0.01073599
0.01069331
0.01070333
0.01071811
0.01076603
0.01078916
0.01067638
0.01077747
0.01076174
0.01061535
0.01066518
0.01067281
0.01062083
0.01068997
0.01069331
0.01068068
0.01075673
0.01074028
0.01067758
0.01067185
0.01067019
0.01063466
0.01060605
0.01064110
0.01069784
0.01079178
0.01067710
0.01062417
0.01062536
0.01065302
0.01069260
0.01072025
0.01072645
0.01075006
0.01150560
0.01109099
0.01074696
0.01072025
0.01071477
0.01065326
0.01065755
0.01071668
0.01063681
0.01073146
0.01069140
0.01067448
0.01070166
0.01075864
0.01054239
0.01064301
0.01063585
0.01055431
0.01069331
0.01070952
0.01067734
0.01075172
0.01064563
0.01075172
0.01064754
0.01057863
0.01068473
0.01066995
0.01059961
0.01072669
0.01065898
0.01059484
0.01063681
0.01074314
0.01053190
0.01068449
0.01062655
0.01071453
0.01072741
0.01069641
0.01064038
0.01059175
0.01068807
0.01123190
0.01078367
0.01067615
0.01071000
0.01066661
0.01071358
0.01070070
0.01065636
0.01067829
0.01068377
0.01066113
0.01060557
0.01072907
0.01066208
0.01063561
0.01061559
0.01065254
0.01063514
0.01063204
0.01069999
0.01073098
0.01066017
0.01075125
0.01075673
0.01069713
0.01067042
0.01063919
0.01062250
0.01061416
0.01066017
0.01067734
0.01072216
0.01082325
0.01070523
0.01060224
0.01066852
0.01064157
0.01065540
0.01063776
0.01075506
0.01068401
0.01072073
0.01071167
0.01070905
0.01089478
0.01078272
0.01068640
0.01066875
0.01070356
0.01076865
0.01067138
0.01079988
0.01066279
0.01062560
0.01069570
0.01073217
0.01066661
0.01064897
0.01063609
0.01067305
0.01070142
0.01099682
0.01069474
0.01068211
0.01063204
0.01067853
0.01061511
0.01071453
0.01072884
0.01075912
0.01067519
0.01068282
0.01064062
0.01062799
0.01064634
0.01072240
0.01066661
0.01070166
0.01076412
0.01065469
0.01068211
0.01063180
0.01063371
0.01066351
0.01064086
0.01065111
0.01073027
0.01105094
0.01115656
0.01072383
0.01067352
0.01065230
0.01061487
0.01068735
0.01077032
0.01071835
0.01069927
0.01072454
0.01075959
0.01068401
0.01073670
0.01071310
0.01068115
0.01070333
0.01066804
0.01067972
0.01069093
0.01070523
0.01073384
0.01065612
0.01066089
0.01064515
0.01060224
0.01065683
0.01080775
0.01067829
0.01070714
0.01069188
0.01059699
0.01064849
0.01063108
0.01069522
0.01074481
0.01075053
0.01073527
0.01065302
0.01075363
0.01072907
0.01061416
0.01066589
0.01154971
