57.000,21.000,31.000,45.000
59.197,19.613,30.339,44.040
58.468,20.925,30.339,44.040
60.364,21.363,30.339,44.040
62.550,19.176,30.339,44.040
65.904,17.572,30.339,44.040
68.382,16.552,30.339,44.040
71.735,17.572,30.339,44.040
75.380,18.301,30.339,44.040
78.150,18.738,30.339,44.040
80.629,19.759,30.339,44.040
82.524,21.071,30.339,44.040
82.962,19.467,30.339,44.040
78.733,21.071,30.339,44.040
73.631,20.342,30.339,44.040
66.195,20.780,30.339,44.040
59.343,21.217,30.339,44.040
55.698,19.322,30.339,44.040
50.304,18.301,30.339,44.040
43.451,19.030,30.339,44.040
38.349,20.342,30.339,44.040
32.080,21.071,30.339,44.040
26.685,19.759,30.339,44.040
24.339,20.931,29.692,43.101
21.342,21.645,29.692,43.101
19.773,22.643,29.692,43.101
21.057,22.786,29.692,43.101
22.341,21.502,29.692,43.101
22.484,20.789,29.692,43.101
20.914,22.073,29.692,43.101
19.059,21.359,29.692,43.101
18.631,22.358,29.692,43.101
19.345,23.928,29.692,43.101
20.344,24.926,29.692,43.101
22.723,23.873,29.059,42.182
24.259,25.409,29.059,42.182
25.242,25.724,28.439,41.283
26.745,26.408,28.439,41.283
30.709,26.818,28.439,41.283
34.945,28.321,28.439,41.283
37.815,30.371,28.439,41.283
41.778,31.601,28.439,41.283
45.008,32.704,29.068,42.196
46.545,33.961,29.068,42.196
47.523,35.498,29.068,42.196
48.221,37.034,29.068,42.196
48.624,37.582,29.711,43.129
50.480,36.297,29.711,43.129
51.194,33.299,29.711,43.129
51.623,27.445,29.711,43.129
53.479,21.591,29.711,43.129
54.478,19.735,29.711,43.129
55.192,17.593,29.711,43.129
55.906,16.308,29.711,43.129
57.191,15.309,29.711,43.129
58.762,17.450,29.711,43.129
60.042,20.800,29.078,42.210
61.833,24.078,28.458,41.310
62.243,25.036,28.458,41.310
64.260,24.026,27.851,40.429
65.976,25.360,27.257,39.566
68.413,24.141,26.676,38.723
69.810,25.172,26.107,37.897
71.176,24.487,25.550,37.089
72.751,25.238,25.005,36.298
71.429,26.319,25.005,36.298
69.726,25.664,24.472,35.524
66.786,26.722,24.472,35.524
63.141,27.781,24.472,35.524
61.248,26.913,23.950,34.766
59.982,27.949,23.950,34.766
61.248,27.834,23.950,34.766
60.903,28.179,23.950,34.766
62.629,28.294,23.950,34.766
63.661,28.997,23.439,34.025
64.454,27.949,22.939,33.299
64.785,28.720,22.939,33.299
64.233,29.713,22.939,33.299
62.800,28.720,22.939,33.299
62.249,28.390,22.939,33.299
60.596,27.398,22.939,33.299
59.383,27.949,22.939,33.299
57.509,26.736,22.939,33.299
55.635,27.949,22.939,33.299
53.761,26.736,22.939,33.299
51.887,27.508,22.939,33.299
50.454,26.957,22.939,33.299
49.021,25.965,22.939,33.299
47.588,24.972,22.939,33.299
46.375,25.083,22.939,33.299
45.163,24.311,22.939,33.299
45.934,23.319,22.939,33.299
47.147,22.547,22.939,33.299
47.698,23.980,22.939,33.299
49.793,24.532,22.939,33.299
50.785,25.083,22.939,33.299
50.674,23.650,22.939,33.299
49.682,23.098,22.939,33.299
48.911,22.768,22.939,33.299
49.903,23.760,22.939,33.299
51.556,24.532,22.939,33.299
53.430,23.539,22.939,33.299
56.407,24.091,22.939,33.299
58.060,22.878,22.939,33.299
60.375,21.886,22.939,33.299
64.013,21.776,22.939,33.299
68.312,22.327,22.939,33.299
71.146,22.988,23.447,34.036
70.069,23.897,23.966,34.789
68.489,25.305,24.496,35.559
70.050,26.743,25.038,36.345
68.727,28.067,25.038,36.345
68.366,26.743,25.038,36.345
66.080,28.067,25.038,36.345
63.072,26.984,25.038,36.345
61.989,25.660,25.038,36.345
63.312,26.743,25.038,36.345
64.154,26.382,25.038,36.345
65.237,25.540,25.038,36.345
66.320,26.623,25.038,36.345
67.162,26.743,25.038,36.345
67.764,25.901,25.038,36.345
62.109,24.577,25.038,36.345
59.101,24.938,25.038,36.345
57.296,23.374,25.038,36.345
56.213,23.013,25.038,36.345
55.130,21.208,25.038,36.345
54.529,19.885,25.038,36.345
53.128,18.859,25.592,37.150
54.973,22.917,25.592,37.150
54.850,26.976,25.592,37.150
54.439,29.244,26.158,37.972
55.324,30.780,26.737,38.812
56.480,31.937,26.737,38.812
57.894,33.607,26.737,38.812
59.050,34.763,26.737,38.812
61.234,35.406,26.737,38.812
62.904,36.819,26.737,38.812
64.061,37.718,26.737,38.812
64.703,38.104,26.737,38.812
63.033,39.003,26.737,38.812
59.564,39.389,26.737,38.812
57.380,41.059,26.737,38.812
55.709,37.847,26.737,38.812
54.810,32.579,26.737,38.812
56.223,30.395,26.737,38.812
58.118,28.951,26.167,37.984
60.004,29.831,26.167,37.984
60.633,30.208,26.167,37.984
59.501,31.340,26.167,37.984
58.690,27.018,25.609,37.174
58.132,23.263,25.063,36.381
57.530,23.865,25.063,36.381
56.928,23.263,25.063,36.381
58.704,24.696,24.528,35.605
58.351,25.050,24.528,35.605
57.290,24.224,24.528,35.605
56.983,25.399,24.005,34.846
56.407,24.823,24.005,34.846
55.662,25.750,23.493,34.103
54.646,26.540,23.493,34.103
53.404,26.427,23.493,34.103
52.162,26.089,23.493,34.103
52.049,25.524,23.493,34.103
50.582,26.540,23.493,34.103
49.340,25.976,23.493,34.103
47.872,25.186,23.493,34.103
47.308,25.524,23.493,34.103
45.614,25.186,23.493,34.103
44.372,24.621,23.493,34.103
42.905,25.411,23.493,34.103
42.566,24.621,23.493,34.103
43.582,25.186,23.493,34.103
46.988,24.135,22.992,33.376
50.413,25.571,22.992,33.376
52.071,24.577,22.992,33.376
51.297,25.350,22.992,33.376
50.524,23.472,22.992,33.376
49.385,23.082,22.502,32.664
49.729,24.577,22.022,31.967
49.453,23.388,21.552,31.286
50.593,23.698,21.552,31.286
51.318,23.181,21.552,31.286
52.457,21.834,21.552,31.286
54.218,21.109,21.552,31.286
56.807,19.970,21.552,31.286
58.775,21.731,21.552,31.286
60.950,22.456,21.552,31.286
62.710,21.316,21.552,31.286
64.471,19.556,21.552,31.286
65.610,18.209,21.552,31.286
66.128,17.277,21.552,31.286
64.989,18.416,21.552,31.286
63.850,17.691,21.552,31.286
62.296,16.966,21.552,31.286
60.231,16.943,22.029,31.978
57.373,20.648,22.029,31.978
54.303,20.330,22.029,31.978
52.503,21.283,22.029,31.978
50.915,19.907,22.029,31.978
49.962,20.224,22.029,31.978
49.433,21.600,22.029,31.978
48.904,20.224,22.029,31.978
47.739,19.272,22.029,31.978
47.386,20.126,22.517,32.685
45.453,19.652,23.015,33.409
41.871,20.086,23.524,34.148
42.431,20.998,24.044,34.903
47.400,19.727,24.044,34.903
50.057,18.687,24.044,34.903
49.017,17.647,24.044,34.903
47.978,17.301,24.044,34.903
47.631,18.109,24.044,34.903
46.822,19.612,24.044,34.903
47.862,21.807,24.044,34.903
49.133,23.540,24.044,34.903
50.866,23.887,24.044,34.903
52.599,24.233,24.044,34.903
54.101,21.807,24.044,34.903
56.528,20.767,24.044,34.903
58.954,20.420,24.044,34.903
60.919,19.149,24.044,34.903
62.421,18.109,24.044,34.903
63.692,17.301,24.044,34.903
62.883,16.492,24.044,34.903
63.923,16.607,24.044,34.903
64.501,16.261,24.044,34.903
64.847,15.914,24.044,34.903
65.656,16.954,24.044,34.903
66.469,17.647,24.576,35.676
64.604,16.394,25.120,36.465
63.276,16.515,25.120,36.465
65.879,17.489,25.676,37.272
68.470,17.366,25.676,37.272
66.373,18.230,25.676,37.272
62.794,18.847,25.676,37.272
57.736,20.451,25.676,37.272
58.599,19.093,25.676,37.272
60.203,16.009,25.676,37.272
62.301,11.937,25.676,37.272
64.705,10.117,26.244,38.096
69.119,8.225,26.244,38.096
71.011,7.846,26.244,38.096
69.119,9.990,26.244,38.096
66.723,10.873,26.244,38.096
64.831,12.513,26.244,38.096
64.705,13.396,26.244,38.096
61.300,14.026,26.244,38.096
57.643,14.152,26.244,38.096
54.640,15.166,25.684,37.284
52.892,15.445,25.137,36.489
54.673,17.580,24.601,35.711
55.733,19.898,24.076,34.949
57.006,21.634,24.076,34.949
58.279,21.287,24.076,34.949
59.551,20.708,24.076,34.949
60.361,21.287,24.076,34.949
62.328,20.014,24.076,34.949
63.832,21.055,24.076,34.949
65.105,19.551,24.076,34.949
66.146,19.667,24.076,34.949
66.493,19.088,24.076,34.949
63.601,18.047,24.076,34.949
62.791,18.163,24.076,34.949
65.683,19.667,24.076,34.949
68.113,22.096,24.076,34.949
71.700,24.526,24.076,34.949
69.733,25.567,24.076,34.949
67.072,25.914,24.076,34.949
62.559,26.493,24.076,34.949
59.898,24.757,24.076,34.949
57.932,25.105,24.076,34.949
56.659,24.063,24.076,34.949
55.155,24.642,24.076,34.949
54.114,25.220,24.076,34.949
53.766,24.410,24.076,34.949
52.725,24.989,24.076,34.949
53.766,24.179,24.076,34.949
55.039,22.906,24.076,34.949
57.237,23.716,24.076,34.949
59.204,22.906,24.076,34.949
60.477,21.865,24.076,34.949
61.055,22.443,24.076,34.949
62.328,25.567,24.076,34.949
63.601,30.080,24.076,34.949
64.411,28.807,24.076,34.949
65.915,30.311,24.076,34.949
67.187,29.038,24.076,34.949
68.691,28.460,24.076,34.949
66.262,29.270,24.076,34.949
64.989,28.691,24.076,34.949
66.493,29.501,24.076,34.949
67.766,29.617,24.076,34.949
66.725,29.270,24.076,34.949
67.766,28.460,24.076,34.949
66.262,29.270,24.076,34.949
64.758,28.460,24.076,34.949
62.328,29.270,24.076,34.949
60.824,29.848,24.076,34.949
60.940,30.889,24.076,34.949
61.981,31.005,24.076,34.949
63.022,31.584,24.076,34.949
63.601,30.774,24.076,34.949
63.485,31.121,24.076,34.949
62.675,31.699,24.076,34.949
60.245,32.509,24.076,34.949
58.279,33.319,24.076,34.949
57.469,34.360,24.076,34.949
57.584,32.162,24.076,34.949
58.626,30.427,24.076,34.949
59.436,30.774,24.076,34.949
60.477,28.344,24.076,34.949
58.741,25.452,24.076,34.949
58.163,23.716,24.076,34.949
57.353,21.749,24.076,34.949
55.849,19.551,24.076,34.949
53.882,17.816,24.076,34.949
51.915,18.394,24.076,34.949
50.411,19.898,24.076,34.949
48.676,24.179,24.076,34.949
44.858,23.138,24.076,34.949
42.659,24.642,24.076,34.949
39.998,26.146,24.076,34.949
38.494,27.187,24.076,34.949
39.536,28.228,24.076,34.949
40.808,29.501,24.076,34.949
43.238,31.005,24.076,34.949
45.205,32.509,24.076,34.949
46.478,31.931,24.076,34.949
45.508,33.307,23.563,34.204
46.300,32.288,23.563,34.204
46.640,31.495,23.563,34.204
49.471,28.665,23.563,34.204
52.075,26.513,23.563,34.204
56.264,25.268,23.563,34.204
57.963,25.607,23.563,34.204
59.888,26.400,23.563,34.204
61.586,25.154,23.563,34.204
62.605,25.268,23.563,34.204
62.039,24.701,23.563,34.204
63.058,23.682,23.563,34.204
61.813,24.249,23.563,34.204
60.794,22.777,23.563,34.204
58.301,21.811,24.084,34.961
55.639,20.075,24.084,34.961
50.894,18.570,24.084,34.961
46.612,19.149,24.084,34.961
41.172,17.644,24.084,34.961
35.262,20.019,24.617,35.734
31.832,20.374,24.617,35.734
29.347,18.363,24.617,35.734
30.175,17.299,24.617,35.734
32.186,17.653,24.617,35.734
34.197,19.191,24.617,35.734
35.275,20.146,25.161,36.525
34.370,20.369,25.718,37.333
35.482,19.010,25.718,37.333
36.351,20.007,26.287,38.159
38.289,18.405,26.869,39.003
39.733,18.644,27.463,39.866
41.185,17.192,27.463,39.866
42.108,16.532,27.463,39.866
41.449,16.664,27.463,39.866
39.733,16.796,27.463,39.866
41.185,16.136,27.463,39.866
43.428,17.324,27.463,39.866
42.768,20.359,27.463,39.866
43.692,22.867,27.463,39.866
44.088,24.319,27.463,39.866
45.276,25.243,27.463,39.866
45.936,25.902,27.463,39.866
47.915,26.826,27.463,39.866
49.895,27.222,27.463,39.866
52.138,26.298,27.463,39.866
54.118,27.222,27.463,39.866
55.834,26.034,27.463,39.866
57.021,26.958,27.463,39.866
59.001,25.770,27.463,39.866
60.981,24.847,27.463,39.866
63.752,23.659,27.463,39.866
65.732,21.943,27.463,39.866
68.503,19.964,27.463,39.866
68.371,16.928,27.463,39.866
65.072,9.670,27.463,39.866
61.345,2.519,28.071,40.748
59.861,-0.044,28.071,40.748
57.568,1.440,28.071,40.748
55.275,8.050,28.071,40.748
54.600,21.135,28.071,40.748
53.926,32.061,28.071,40.748
54.331,38.671,28.071,40.748
54.196,40.155,28.071,40.748
54.600,38.941,28.071,40.748
53.926,39.615,28.071,40.748
55.679,35.973,28.071,40.748
56.354,33.410,28.071,40.748
57.028,29.498,28.071,40.748
55.275,27.205,28.071,40.748
54.331,25.721,28.071,40.748
53.116,26.396,28.071,40.748
51.633,25.451,28.071,40.748
50.958,26.396,28.071,40.748
51.902,26.261,28.071,40.748
50.958,26.665,28.071,40.748
50.823,27.340,28.071,40.748
50.419,26.935,28.071,40.748
51.363,28.149,28.071,40.748
50.958,26.935,28.071,40.748
50.553,28.149,28.071,40.748
49.879,27.475,28.071,40.748
50.014,28.419,28.071,40.748
49.609,28.014,28.071,40.748
48.935,28.959,28.071,40.748
49.339,29.093,28.071,40.748
49.474,28.959,28.071,40.748
48.260,28.284,28.071,40.748
49.474,28.419,28.071,40.748
48.260,28.284,28.071,40.748
49.474,27.340,28.071,40.748
47.991,28.014,28.071,40.748
48.935,28.149,28.071,40.748
50.404,27.674,27.472,39.879
49.216,28.334,27.472,39.879
50.404,27.410,27.472,39.879
49.216,28.070,27.472,39.879
50.404,27.145,27.472,39.879
50.008,27.806,27.472,39.879
51.192,27.086,26.886,39.029
50.804,26.698,26.886,39.029
52.484,27.086,26.886,39.029
52.096,25.664,26.886,39.029
51.192,25.018,26.886,39.029
50.287,22.822,26.886,39.029
49.320,23.597,27.481,39.892
48.331,22.470,28.089,40.775
49.546,23.145,28.089,40.775
49.950,22.470,28.089,40.775
50.895,23.415,28.089,40.775
51.300,23.280,28.089,40.775
51.705,23.145,28.089,40.775
50.490,23.820,28.089,40.775
49.815,25.035,28.089,40.775
50.490,26.250,28.089,40.775
49.815,25.035,28.089,40.775
49.950,26.520,28.089,40.775
50.085,26.385,28.089,40.775
49.950,25.710,28.089,40.775
50.085,26.385,28.089,40.775
50.490,25.710,28.089,40.775
49.546,26.655,28.089,40.775
50.490,24.900,28.089,40.775
50.355,25.035,28.089,40.775
52.110,24.630,28.089,40.775
52.515,23.955,28.089,40.775
51.570,24.630,28.089,40.775
52.245,23.955,28.089,40.775
52.110,23.820,28.089,40.775
51.705,22.875,28.089,40.775
50.694,23.965,28.711,41.677
51.936,24.654,28.711,41.677
51.189,24.909,29.346,42.599
53.022,25.614,29.346,42.599
51.381,26.167,29.995,43.541
52.678,25.446,29.995,43.541
52.246,24.437,29.995,43.541
51.166,25.302,30.659,44.505
53.376,24.270,30.659,44.505
52.934,25.007,30.659,44.505
53.671,26.038,30.659,44.505
53.229,26.186,30.659,44.505
52.492,26.628,30.659,44.505
53.229,25.302,30.659,44.505
52.492,25.744,30.659,44.505
53.229,25.891,30.659,44.505
52.787,25.744,30.659,44.505
53.523,26.186,30.659,44.505
52.787,26.628,30.659,44.505
53.523,25.302,30.659,44.505
52.787,25.744,30.659,44.505
53.229,25.891,30.659,44.505
52.197,26.038,30.659,44.505
52.050,25.596,30.659,44.505
53.081,25.744,30.659,44.505
52.345,26.186,30.659,44.505
51.608,26.628,30.659,44.505
52.345,25.596,30.659,44.505
51.313,25.744,30.659,44.505
51.755,25.596,30.659,44.505
51.903,25.744,30.659,44.505
52.050,25.596,30.659,44.505
52.492,25.744,30.659,44.505
51.461,26.186,30.659,44.505
52.197,26.333,30.659,44.505
51.755,25.302,30.659,44.505
53.081,24.565,30.659,44.505
53.523,25.596,30.659,44.505
52.787,25.744,30.659,44.505
53.523,25.007,30.659,44.505
53.081,26.038,30.659,44.505
54.113,26.186,30.659,44.505
