16.000,88.000,19.000,51.000
17.476,88.402,19.000,51.000
19.220,89.073,19.000,51.000
20.427,88.402,19.000,51.000
21.902,88.805,19.000,51.000
22.842,87.866,19.000,51.000
24.317,88.805,19.000,51.000
26.329,89.207,19.000,51.000
28.610,89.610,19.000,51.000
29.281,88.671,19.000,51.000
31.561,89.341,19.000,51.000
32.768,90.012,19.000,51.000
33.976,89.073,19.000,51.000
35.720,90.012,19.000,51.000
37.195,89.610,19.000,51.000
38.939,89.207,19.000,51.000
40.951,90.683,19.000,51.000
42.159,89.744,19.000,51.000
43.903,90.415,19.000,51.000
45.647,91.085,19.000,51.000
47.122,90.415,19.000,51.000
49.403,91.890,19.000,51.000
51.683,91.220,19.000,51.000
52.891,92.695,19.000,51.000
54.366,91.220,19.000,51.000
56.378,91.890,19.000,51.000
58.122,91.488,19.000,51.000
59.866,92.695,19.000,51.000
61.342,91.488,19.000,51.000
63.086,92.427,19.000,51.000
64.293,91.488,19.000,51.000
65.769,91.085,19.000,51.000
67.513,90.146,19.000,51.000
69.257,91.085,19.000,51.000
71.269,91.220,19.000,51.000
73.281,92.963,19.000,51.000
74.757,94.439,19.000,51.000
73.281,96.451,19.000,51.000
71.818,97.418,19.420,52.128
74.306,104.097,19.850,53.282
74.166,105.638,19.850,53.282
74.867,105.218,19.850,53.282
75.568,105.918,19.850,53.282
88.072,92.303,19.427,52.145
89.032,90.520,19.427,52.145
90.266,89.285,19.427,52.145
91.501,89.148,19.427,52.145
93.558,89.560,19.427,52.145
95.341,89.971,19.427,52.145
96.301,90.383,19.427,52.145
97.262,89.697,19.427,52.145
98.222,88.737,19.427,52.145
99.730,89.697,19.427,52.145
102.062,88.462,19.427,52.145
104.120,89.697,19.427,52.145
106.726,90.657,19.427,52.145
109.332,90.245,19.427,52.145
111.115,89.285,19.427,52.145
112.624,88.325,19.427,52.145
114.681,89.011,19.427,52.145
116.738,88.874,19.427,52.145
118.247,89.560,19.427,52.145
119.207,89.148,19.427,52.145
120.716,90.108,19.427,52.145
122.499,91.068,19.427,52.145
124.008,91.206,19.427,52.145
124.145,91.343,19.427,52.145
126.202,92.028,19.427,52.145
127.711,92.440,19.427,52.145
129.769,91.754,19.427,52.145
131.826,92.166,19.427,52.145
132.786,92.029,19.427,52.145
134.843,91.617,19.427,52.145
136.627,90.657,19.427,52.145
138.958,90.520,19.427,52.145
140.741,89.834,19.427,52.145
142.524,90.520,19.427,52.145
143.759,90.108,19.427,52.145
144.993,90.794,19.427,52.145
146.228,89.285,19.427,52.145
147.462,89.148,19.427,52.145
148.971,88.462,19.427,52.145
150.480,87.228,19.427,52.145
152.399,87.647,19.857,53.299
154.502,87.507,19.857,53.299
156.325,86.806,19.857,53.299
157.867,87.507,19.857,53.299
159.690,86.526,19.857,53.299
161.792,87.227,19.857,53.299
163.615,87.367,19.857,53.299
164.877,86.385,19.857,53.299
166.138,85.404,19.857,53.299
167.400,84.142,19.857,53.299
169.223,84.563,19.857,53.299
171.732,83.645,19.433,52.163
173.515,82.410,19.433,52.163
175.299,84.194,19.433,52.163
176.808,85.428,19.433,52.163
177.769,84.468,19.433,52.163
179.827,84.056,19.433,52.163
180.787,85.566,19.433,52.163
182.296,84.880,19.433,52.163
184.629,86.389,19.433,52.163
187.236,87.898,19.433,52.163
189.020,87.761,19.433,52.163
190.529,88.721,19.433,52.163
192.312,87.761,19.433,52.163
193.822,88.447,19.433,52.163
194.782,87.487,19.433,52.163
197.115,88.173,19.433,52.163
199.173,89.133,19.433,52.163
200.682,87.624,19.433,52.163
202.191,86.663,19.433,52.163
203.152,87.624,19.433,52.163
204.661,86.663,19.433,52.163
206.445,85.703,19.433,52.163
207.954,84.468,19.433,52.163
208.914,83.508,19.433,52.163
209.875,82.822,19.433,52.163
211.384,83.233,19.433,52.163
213.168,82.273,19.433,52.163
215.226,84.056,19.433,52.163
217.284,84.742,19.433,52.163
219.616,85.977,19.433,52.163
221.674,85.566,19.433,52.163
223.458,84.605,19.433,52.163
225.242,83.370,19.433,52.163
226.202,85.703,19.433,52.163
227.711,86.114,19.433,52.163
229.632,86.534,19.863,53.317
231.735,86.113,19.863,53.317
233.839,87.656,19.863,53.317
235.662,86.674,19.863,53.317
237.766,87.656,19.863,53.317
239.589,88.077,19.863,53.317
241.132,88.778,19.863,53.317
242.394,87.516,19.863,53.317
243.936,87.656,19.863,53.317
245.479,86.674,19.863,53.317
246.741,85.131,19.863,53.317
247.723,84.711,19.863,53.317
248.985,83.449,19.863,53.317
250.808,81.345,19.863,53.317
252.351,81.766,19.863,53.317
253.893,82.747,19.863,53.317
255.717,81.205,19.863,53.317
257.820,83.028,19.863,53.317
259.924,83.449,19.863,53.317
262.588,83.308,19.863,53.317
264.692,85.131,19.863,53.317
266.515,85.552,19.863,53.317
267.777,84.570,19.863,53.317
269.600,83.589,19.863,53.317
271.143,83.729,19.863,53.317
272.125,83.589,19.863,53.317
273.948,85.131,19.863,53.317
276.332,86.113,19.863,53.317
277.875,85.692,19.863,53.317
279.978,86.113,19.863,53.317
281.801,85.973,19.863,53.317
283.624,85.552,19.863,53.317
285.167,85.692,19.863,53.317
286.710,86.113,19.863,53.317
288.813,86.253,19.863,53.317
290.637,85.552,19.863,53.317
292.460,85.131,19.863,53.317
293.722,84.150,19.863,53.317
295.545,84.570,19.863,53.317
297.088,83.028,19.863,53.317
298.069,83.729,19.863,53.317
299.892,82.747,19.863,53.317
301.996,84.010,19.863,53.317
303.819,83.589,19.863,53.317
305.642,83.729,19.863,53.317
307.746,84.711,19.863,53.317
