0.00446987
0.01088929
0.01072288
0.01072025
0.01069474
0.01054049
0.01064587
0.01067972
0.01060057
0.01065755
0.01078916
0.01071310
0.01063228
0.01060772
0.01060104
0.01065087
0.01059270
0.01075768
0.01070237
0.01065278
0.01074791
0.01065493
0.01061940
0.01063704
0.01065421
0.01063681
0.01066017
0.01069522
0.01075125
0.01069522
0.01061702
0.01068330
0.01063466
0.01068354
0.01073170
0.01067448
0.01074433
0.01081181
0.01056170
0.01069355
0.01069355
0.01066136
0.01059628
0.01073647
0.01065731
0.01078725
0.01069236
0.01070571
0.01071858
0.01066971
0.01083183
0.01076412
0.01072645
0.01074338
0.01067972
0.01067924
0.01066637
0.01064754
0.01060462
0.01072407
0.01099277
0.01060271
0.01068068
0.01071119
0.01063943
0.01058888
0.01072478
0.01064897
0.01067257
0.01100254
0.01072741
0.01062202
0.01066661
0.01073885
0.01072645
0.01064849
0.01072598
0.01071501
0.01073122
0.01078415
0.01090646
0.01062322
0.01068926
0.01078987
0.01070523
0.01071334
0.01067543
0.01056933
0.01057196
0.01072645
0.01068187
0.01068687
0.01088381
0.01066828
0.01063156
0.01069331
0.01066875
0.01065707
0.01070380
0.01066446
0.01075149
0.01079512
0.01069069
0.01081467
0.01063085
0.01061559
0.01061916
0.01066351
0.01072764
0.01065326
0.01076317
0.01067185
0.01065350
0.01062059
0.01064038
0.01070404
0.01069856
0.01069784
0.01079035
0.01076412
0.01060033
0.01062083
0.01057720
0.01070809
0.01062274
0.01060414
0.01065993
0.01081586
0.01066899
0.01064086
0.01059270
0.01076627
0.01066470
0.01070189
0.01077199
0.01069212
0.01079059
0.01062822
0.01066208
0.01066923
0.01065612
0.01067805
0.01075196
0.01064444
0.01074386
0.01073861
0.01068139
0.01072669
0.01068616
0.01067805
0.01072240
0.01078892
0.01074624
0.01075912
0.01073694
0.01068640
0.01069832
0.01062393
0.01067519
0.01060987
0.01068187
0.01069450
0.01076770
0.01085186
0.01095915
0.01071453
0.01068473
0.01085758
0.01070762
0.01071334
0.01098680
0.01073623
0.01084280
0.01067400
0.01078987
0.01078868
0.01079440
0.01083231
0.01079249
0.01068616
0.01072836
0.01082540
0.01076317
0.01071620
0.01069021
0.01065731
0.01084495
0.01076341
0.01066017
0.01072574
0.01075053
0.01066637
0.01069045
0.01080036
0.01068306
0.01080608
0.01078010
0.01083183
0.01067591
0.01061440
0.01076007
0.01077938
0.01073408
0.01073670
0.01080298
0.01073122
0.01071644
0.01074672
0.01063132
0.01070499
0.01073241
0.01070023
0.01065731
0.01070523
0.01071978
0.01080751
0.01088595
0.01079607
0.01057172
0.01066494
0.01071143
0.01072073
0.01065874
0.01083231
0.01076174
0.01079440
0.01081610
0.01074743
0.01073337
0.01073289
0.01078844
0.01069951
0.01069570
0.01082659
0.01077604
0.01082039
0.01076937
0.01083207
0.01080060
0.01080132
0.01082730
0.01072431
0.01074266
0.01080346
0.01075673
0.01068282
0.01079726
0.01074839
0.01076722
0.01083446
0.01090860
0.01072145
0.01079035
0.01093268
0.01074100
0.01070547
0.01076341
0.01079512
0.01079798
0.01081443
0.01075792
0.01076078
0.01077008
0.01059914
0.01068211
0.01068425
0.01066828
0.01069403
0.01067424
0.01068282
0.01079226
0.01073480
0.01071286
0.01064610
0.01070094
0.01070809
0.01098990
0.01066732
0.01077461
0.01074314
0.01075101
0.01077294
0.01058936
0.01072526
0.01062942
0.01071715
0.01075125
0.01070952
0.01076174
0.01069045
0.01081228
0.01075697
0.01071262
0.01074791
0.01068926
0.01073909
0.01070213
0.01066613
0.01072788
0.01080847
0.01081991
0.01074338
0.01070333
0.01068330
0.01067543
0.01067472
0.01065779
0.01064801
0.01073647
0.01072598
0.01080203
0.01073027
0.01070476
0.01069045
0.01065803
0.01069021
0.01075172
0.01078367
0.01073027
0.01076388
0.01076913
0.01073050
0.01077604
0.01062822
0.01063395
0.01075435
0.01065230
0.01071978
0.01079106
0.01074386
0.01083565
0.01063704
0.01070452
0.01067972
0.01071024
0.01098633
0.01065636
0.01081204
0.01078224
0.01087809
0.01078153
0.01071048
0.01069069
0.01067805
0.01063800
0.01068854
0.01073885
0.01076674
0.01073623
0.01072526
0.01076341
0.01085734
0.01067615
0.01079535
0.01077437
0.01077437
0.01070881
0.01070952
0.01078439
0.01069665
0.01074052
0.01076794
0.01076221
0.01065421
0.01075244
0.01065493
0.01070905
0.01072383
0.01071668
0.01074815
0.01071572
0.01079178
0.01072526
0.01063204
0.01071453
0.01066995
0.01058364
0.01074672
0.01078320
0.01071548
0.01083136
0.01075315
0.01072192
0.01069331
0.01077867
0.01081157
0.01068282
0.01066303
0.01078486
0.01077056
0.01077843
0.01082730
0.01063561
0.01069570
0.01069951
0.01068711
0.01060367
0.01067901
0.01077056
0.01072073
0.01073217
0.01069665
0.01067162
0.01065063
0.01061130
0.01062393
0.01068807
0.01077986
0.01067114
0.01072550
0.01071548
0.01067042
0.01070476
0.01067901
0.01063561
0.01071763
0.01070857
0.01080441
0.01073527
0.01086712
0.01069498
0.01064944
0.01074743
0.01079464
0.01076794
0.01085401
0.01086116
0.01076841
0.01080275
0.01078129
0.01074290
0.01082563
0.01079512
0.01064730
0.01069641
0.01071978
0.01068854
0.01071882
0.01070142
0.01074409
0.01073265
0.01084709
0.01077080
0.01069880
0.01071358
0.01069117
0.01067877
0.01068997
0.01064825
0.01069760
0.01076770
0.01078916
0.01057816
0.01070571
0.01068950
0.01069355
0.01070499
0.01069522
0.01065755
0.01065803
0.01076436
0.01071334
0.01060748
0.01068687
0.01060557
0.01071572
0.01077271
0.01071739
0.01076674
0.01074886
0.01085353
0.01066875
0.01067686
0.01068401
0.01071143
0.01073217
0.01076579
0.01076746
0.01071143
0.01080179
0.01079679
0.01070523
0.01071930
0.01069021
0.01062179
0.01073241
0.01068068
0.01076674
0.01069832
0.01071858
0.01074505
0.01071715
0.01062107
0.01062703
0.01068497
0.01067829
0.01078606
0.01067972
0.01066303
0.01073194
0.01069474
0.01069522
0.01070070
0.01068568
0.01066756
0.01066327
0.01073837
0.01074624
0.01077247
0.01075268
0.01074958
0.01072550
0.01089334
0.01071167
0.01106453
0.01110005
0.01072335
0.01076365
0.01067305
0.01068997
0.01078176
0.01065636
0.01070642
0.01072979
0.01064229
0.01070642
0.01075268
0.01066089
0.01075292
0.01078844
0.01075673
0.01074433
0.01074338
0.01067352
0.01062989
0.01067972
0.01071715
0.01073456
0.01081944
0.01075888
0.01079774
0.01063156
0.01064038
0.01063514
0.01076269
0.01069117
0.01074243
0.01075053
0.01078629
0.01084876
0.01078916
0.01069307
0.01068163
0.01069927
0.01074481
0.01077032
0.01081753
0.01075196
0.01083302
0.01081491
0.01078963
0.01080298
0.01085258
0.01080322
0.01066732
0.01078367
0.01080894
0.01079512
0.01082540
0.01077533
0.01081443
0.01071668
0.01083159
0.01081848
0.01088738
0.01081300
0.01088285
0.01068258
0.01068616
0.01074982
0.01068449
0.01072574
0.01072431
0.01083207
0.01079440
0.01070476
0.01089787
0.01069784
0.01074958
0.01063895
0.01063347
0.01067185
0.01074767
0.01077461
0.01070166
0.01078582
0.01084447
0.01075721
0.01092553
0.01065254
0.01067924
0.01070237
0.01066375
0.01076794
0.01074696
0.01073885
0.01085258
0.01075912
0.01074862
0.01077843
0.01080632
0.01079631
0.01078486
0.01071167
0.01084232
0.01073289
0.01079035
0.01075196
0.01075268
0.01077223
0.01073551
0.01074219
0.01066732
0.01065183
0.01068544
0.01069498
0.01066422
0.01074576
0.01080847
0.01074052
0.01078653
0.01078629
0.01072860
0.01076698
0.01069283
0.01072264
0.01073241
0.01078749
0.01078129
0.01071644
0.01070929
0.01075006
0.01077533
0.01063228
0.01097894
0.01064301
0.01071477
0.01065874
0.01079130
0.01080132
0.01084566
0.01073241
0.01086164
0.01083255
0.01087523
0.01078534
0.01074171
0.01075101
0.01066852
0.01077271
0.01080298
0.01077843
0.01078415
0.01076031
0.01074934
0.01079679
0.01083922
0.01063204
0.01071858
0.01068020
0.01074052
0.01070023
0.01066732
0.01066804
0.01075959
0.01084208
0.01071858
0.01067376
0.01067829
0.01070380
0.01066947
0.01071620
0.01092315
0.01074529
0.01087904
0.01086020
0.01083970
0.01085067
0.01076484
0.01080203
0.01073742
0.01071000
0.01073718
0.01061082
0.01071358
0.01074672
0.01077271
0.01073599
0.01074147
0.01075482
0.01074457
0.01079464
0.01077962
0.01105618
0.01074862
0.01074624
0.01079011
0.01072001
0.01083255
0.01081204
0.01072073
0.01070857
0.01060653
0.01069546
0.01064706
0.01076150
0.01075006
0.01069140
0.01084089
0.01071668
0.01083779
0.01071763
0.01077223
0.01065302
0.01072168
0.01073003
0.01076102
0.01076221
0.01083851
0.01086783
0.01075768
0.01076770
0.01081967
0.01075935
0.01070046
0.01071763
0.01064277
0.01076007
0.01076293
0.01074648
0.01080561
0.01080823
0.01069307
0.01070595
0.01064205
0.01081586
0.01060963
0.01076412
0.01081491
0.01072598
0.01082182
0.01081395
0.01063633
0.01064086
0.01067734
0.01068759
0.01071048
0.01067138
0.01073909
0.01072335
0.01080108
0.01071692
0.01060414
0.01063824
0.01072788
0.01064682
0.01074457
