0.00416923
0.01131654
0.01083493
0.01064181
0.01069736
0.01052952
0.01056290
0.01060772
0.01055264
0.01052284
0.01066613
0.01052094
0.01046824
0.01067901
0.01061487
0.01058006
0.01085734
0.01048088
0.01058173
0.01063204
0.01066947
0.01059198
0.01057816
0.01059031
0.01060390
0.01044917
0.01063395
0.01049471
0.01053500
0.01083994
0.01054835
0.01061559
0.01066041
0.01056051
0.01057673
0.01095438
0.01060343
0.01057625
0.01066279
0.01042891
0.01049209
0.01055050
0.01051688
0.01062250
0.01054096
0.01042581
0.01056862
0.01050329
0.01057100
0.01051188
0.01052117
0.01061797
0.01039910
0.01061654
0.01035500
0.01059723
0.01054215
0.01047707
0.01048207
0.01053834
0.01047230
0.01044989
0.01059937
0.01050448
0.01049161
0.01042938
0.01047373
0.01041293
0.01048660
0.01051164
0.01046491
0.01058197
0.01047564
0.01043344
0.01049185
0.01049471
0.01052904
0.01051331
0.01049089
0.01046109
0.01059914
0.01044440
0.01057434
0.01057458
0.01050353
0.01051164
0.01062465
0.01049685
0.01055789
0.01045012
0.01045227
0.01051331
0.01056695
0.01049328
0.01037884
0.01058960
0.01049662
0.01040959
0.01040769
0.01042652
0.01045680
0.01050806
0.01054358
0.01038051
0.01045299
0.01050186
0.01045299
0.01036167
0.01045465
0.01043940
0.01045895
0.01052737
0.01037621
0.01038623
0.01049471
0.01042175
0.01044035
0.01044750
0.01040626
0.01047373
0.01052785
0.01030469
0.01038170
0.01048827
0.01040339
0.01044917
0.01040888
0.01031590
