0.00627208
0.01377797
0.01356196
0.01388431
0.01351500
0.01344132
0.01338458
0.01348281
0.01337910
0.01334238
0.01360774
0.01375413
0.01340151
0.01351309
0.01360559
0.01366377
0.01363063
0.01357794
0.01357794
0.01340842
0.01346636
0.01353931
0.01352501
0.01370192
0.01333499
0.01368046
0.01361132
0.01353979
0.01373768
0.01349950
0.01353765
0.01358700
0.01380634
0.01365876
0.01361227
0.01363420
0.01388264
0.01381350
0.01379037
0.01402378
0.01389980
0.01381564
0.01360750
0.01374698
0.01382947
0.01372004
0.01383328
0.01365900
0.01413965
0.01361489
0.01370692
0.01367593
0.01358294
0.01375818
0.01359820
0.01362848
0.01363230
0.01358128
0.01395249
0.01373959
0.01375151
0.01370144
0.01362324
0.01376152
0.01401782
0.01393843
0.01343107
0.01355290
0.01380491
0.01400471
0.01343250
0.01354933
0.01368403
0.01361394
0.01356864
0.01380038
0.01378870
0.01345587
0.01345277
0.01353192
0.01360846
0.01350260
0.01328778
0.01364493
0.01342893
0.01375580
0.01376295
0.01357722
0.01338124
0.01362181
0.01366258
0.01350045
0.01357198
0.01350069
0.01392126
0.01378012
0.01363516
0.01377487
0.01370525
0.01379704
0.01380920
0.01364183
0.01347232
0.01347876
0.01350832
0.01358938
0.01369858
0.01363850
0.01351929
0.01359391
0.01353908
0.01351547
0.01360297
0.01343870
0.01356983
0.01356173
0.01343417
0.01365519
0.01344395
0.01346135
0.01358891
0.01353264
0.01351428
0.01337337
0.01331997
0.01352572
0.01345968
0.01327515
0.01351738
0.01353693
0.01354313
0.01351810
0.01356506
0.01349449
0.01356840
0.01346469
0.01356959
0.01361322
0.01342010
0.01360583
0.01349354
0.01354170
0.01345873
0.01342487
0.01339006
0.01365209
0.01307487
0.01344132
0.01354408
0.01345372
0.01378870
0.01352215
0.01328301
0.01348138
0.01338625
0.01333785
0.01319671
0.01346874
0.01329756
0.01350331
0.01344061
0.01334786
0.01339555
0.01338291
0.01338291
0.01333284
0.01354885
0.01367807
0.01354146
0.01356983
0.01324272
0.01327968
0.01333690
0.01346707
0.01336002
0.01351333
0.01341772
0.01356411
0.01337266
0.01345587
0.01347470
0.01371646
0.01349068
0.01337981
0.01333237
0.01332760
0.01321244
0.01346326
0.01352501
0.01346469
0.01347280
0.01316452
0.01340365
0.01320601
0.01330590
0.01318288
0.01331902
0.01321054
0.01324654
0.01331687
0.01340866
0.01348495
0.01336360
0.01339078
0.01348281
0.01333094
0.01332974
0.01372504
0.01344919
0.01324105
0.01298904
0.01323867
0.01339412
0.01321173
0.01338887
0.01347113
0.01356316
0.01338959
0.01355362
0.01364136
0.01346660
0.01357293
0.01329613
0.01312137
0.01324558
0.01353574
0.01315236
0.01330781
0.01325655
0.01318431
0.01298547
0.01345921
0.01323104
0.01320720
0.01322627
0.01315594
0.01345062
0.01343703
0.01360774
0.01347685
0.01357174
0.01334023
0.01321554
0.01302505
0.01310134
0.01330113
0.01320958
0.01328254
0.01335168
0.01335359
0.01322389
0.01322508
0.01319313
0.01332355
0.01339531
0.01311135
0.01322889
0.01326299
0.01321054
0.01333833
0.01345754
0.01326489
0.01282978
0.01340413
0.01327729
0.01336694
0.01329708
0.01322103
0.01336360
0.01339865
0.01337290
0.01329827
0.01357388
0.01360893
0.01344728
0.01363134
0.01344204
0.01345801
0.01351023
0.01348257
0.01321149
0.01333117
0.01354575
0.01321340
0.01323438
0.01341391
0.01336551
0.01336980
0.01328564
0.01333213
0.01318216
0.01333594
0.01337481
0.01341677
0.01351643
0.01351905
0.01338625
0.01349998
0.01353407
0.01351666
0.01322556
0.01354003
0.01339746
0.01341820
0.01343918
0.01351237
0.01368642
0.01362705
0.01374316
0.01398945
0.01343131
0.01349974
0.01349378
0.01356244
0.01364803
0.01361489
0.01360583
0.01342487
0.01353407
0.01312828
0.01359653
0.01347876
0.01359487
0.01340461
0.01344109
0.01331449
0.01354718
0.01355052
0.01336598
0.01368523
0.01340270
0.01341033
0.01345682
0.01376653
