0.00328183
0.01419353
0.01504922
0.01364040
0.01320624
0.01309013
0.01301813
0.01313567
0.01334524
0.01292062
0.01306438
0.01288247
0.01297379
0.01284456
0.01301956
0.01288223
0.01291418
0.01290727
0.01296282
0.01302743
0.01294398
0.01299143
0.01302958
0.01286697
0.01300168
0.01299906
0.01304412
0.01300049
0.01300097
0.01288652
0.01306009
0.01286197
0.01294231
0.01286650
0.01285934
0.01292467
0.01288629
0.01327896
0.01293087
0.01296830
0.01286912
0.01294041
0.01290274
0.01290941
0.01278973
0.01289845
0.01284099
0.01312709
0.01286340
0.01298857
0.01299763
0.01282644
0.01256943
0.01314616
0.01297450
0.01290202
0.01293898
0.01291418
0.01302218
0.01286983
0.01296782
0.01299095
0.01306677
0.01294804
0.01317644
0.01285076
0.01301098
0.01281381
0.01289415
0.01291633
0.01294780
0.01306963
0.01338243
0.01307034
0.01294613
0.01287341
0.01288509
0.01282096
0.01300812
0.01305532
0.01304865
0.01294303
0.01296902
0.01280546
0.01275301
0.01282644
0.01292610
0.01284719
0.01302290
0.01304436
0.01290703
0.01303196
0.01288629
0.01294923
0.01299858
0.01289105
0.01299334
0.01298952
0.01290083
0.01295090
0.01302409
0.01319814
0.01305079
0.01283860
0.01294804
0.01288462
0.01317573
0.01308298
0.01286197
0.01297474
0.01311231
0.01276731
0.01285839
0.01286197
0.01283073
0.01296020
0.01289821
0.01294446
0.01310635
0.01282597
0.01280069
0.01285076
0.01282191
0.01288319
0.01277709
0.01283741
0.01285028
0.01299477
0.01285076
0.01275826
0.01264572
0.01248813
0.01286507
0.01287675
0.01273942
0.01272511
0.01280832
0.01312089
0.01297855
0.01301050
0.01278782
0.01278210
0.01283240
0.01271152
0.01279044
0.01264787
0.01280785
0.01272130
0.01286411
0.01292944
0.01287484
0.01291704
0.01313901
0.01296902
0.01272917
0.01287532
0.01293325
0.01309705
0.01294470
0.01279569
0.01314354
0.01265168
0.01287770
0.01269484
0.01284742
0.01294613
0.01268864
0.01276994
0.01276207
0.01292539
0.01275468
0.01291513
0.01294160
0.01280618
0.01277423
0.01280951
0.01272011
0.01257586
0.01291418
0.01281953
0.01304245
0.01279163
0.01293683
0.01282501
0.01281977
0.01282573
0.01284862
0.01296926
0.01297259
0.01283407
0.01269507
0.01255703
0.01297736
0.01290154
0.01299858
0.01301694
0.01274037
0.01286387
0.01257920
0.01283312
0.01282978
0.01297879
0.01294422
0.01281238
0.01276779
0.01283550
0.01276517
0.01299071
0.01280451
0.01297474
0.01292729
0.01282167
0.01286626
0.01280236
0.01283765
0.01300049
0.01291513
0.01300526
0.01282430
0.01297259
0.01279807
0.01295471
0.01292014
0.01299691
0.01275158
0.01293802
0.01296091
0.01282859
0.01287937
0.01306129
0.01276517
0.01279593
0.01276231
0.01275039
0.01292515
0.01279116
0.01283693
0.01284695
0.01290870
0.01281857
0.01295137
0.01314759
0.01280451
0.01291561
0.01305127
0.01267576
0.01313853
0.01279783
0.01300192
0.01280689
0.01283741
0.01279521
0.01271701
0.01302457
0.01285720
0.01300836
0.01281095
0.01298547
0.01316166
0.01283503
0.01280832
0.01284266
0.01293159
0.01280785
0.01290584
0.01308537
0.01294708
0.01314044
0.01285267
0.01260972
0.01279974
0.01268029
0.01300097
0.01290202
0.01305485
0.01286602
0.01280689
0.01279736
0.01292801
0.01293874
0.01287746
0.01312375
0.01296329
0.01298785
0.01297402
0.01297522
0.01285005
0.01276565
0.01276445
0.01284122
0.01292014
0.01301956
0.01278210
0.01297212
0.01296020
0.01333547
0.01302910
0.01282024
0.01283336
0.01306987
0.01279092
0.01294279
0.01293254
0.01279640
0.01292038
0.01286292
0.01284790
0.01269436
0.01300478
0.01284790
0.01280022
0.01284385
0.01295877
0.01287031
0.01282978
0.01278448
0.01281810
0.01292753
0.01281929
0.01287913
0.01286173
0.01291108
0.01291490
0.01296425
0.01290226
0.01280570
0.01285481
0.01303768
0.01289892
0.01281166
0.01279831
0.01279068
0.01283669
0.01311994
0.01259947
0.01296926
0.01294923
0.01297021
0.01295853
0.01304150
0.01315093
0.01279736
0.01293325
0.01275396
0.01300955
0.01273370
0.01276541
0.01261210
0.01296616
0.01263046
0.01294565
0.01299644
0.01298261
0.01290631
0.01294875
0.01280022
0.01289678
0.01292300
0.01299763
0.01290274
0.01289201
0.01278138
0.01269150
0.01272035
0.01276994
0.01290941
0.01288438
0.01295757
0.01276660
0.01276231
0.01281404
0.01284957
0.01274586
0.01288748
0.01276898
0.01290727
0.01279664
0.01268578
0.01259160
0.01291251
0.01282358
0.01290679
0.01309013
0.01272798
0.01298428
0.01275182
0.01288128
0.01265860
0.01293874
0.01272511
0.01295543
0.01293302
0.01291490
0.01282740
0.01276875
0.01277924
0.01287127
0.01288247
0.01266670
0.01279330
0.01289463
0.01277924
0.01292539
0.01294327
0.01273155
0.01301408
0.01283622
0.01285219
0.01294661
0.01295495
0.01298881
0.01294279
0.01302147
0.01292777
0.01282072
0.01294065
0.01279616
0.01301003
0.01297045
0.01280975
0.01306176
0.01279569
0.01276565
0.01292777
0.01281142
0.01265359
0.01258802
0.01286292
0.01284218
0.01294374
0.01298499
0.01292157
0.01286721
0.01296496
0.01299405
0.01279640
0.01294374
0.01280618
0.01294684
0.01295924
0.01274204
0.01269126
0.01267433
0.01282072
0.01272559
0.01279902
0.01296473
0.01272488
0.01277494
0.01292038
0.01287818
0.01285768
0.01294541
0.01294804
0.01293898
0.01288652
0.01284122
0.01319075
0.01293159
0.01267242
0.01280451
0.01297259
0.01308107
0.01294088
0.01280880
0.01285338
0.01288462
0.01285958
0.01270294
0.01275635
0.01291585
