0.00408387
0.01090765
0.01195288
0.01066232
0.01094365
0.01102090
0.01066923
0.01077414
0.01078677
0.01084757
0.01070404
0.01075029
0.01072264
0.01068449
0.01061773
0.01063704
0.01060748
0.01061916
0.01054978
0.01065826
0.01065350
0.01060510
0.01064110
0.01065159
0.01068759
0.01068354
0.01055980
0.01064301
0.01070404
0.01061797
0.01057863
0.01061702
0.01062012
0.01070118
0.01073003
0.01063490
0.01062965
0.01075387
0.01061964
0.01065302
0.01083946
0.01060820
0.01053476
0.01055193
0.01059699
0.01059771
0.01069617
0.01063061
0.01070547
0.01056933
0.01064444
0.01051426
0.01068163
0.01059842
0.01065421
0.01063061
0.01069689
0.01064014
0.01073170
0.01062608
0.01071453
0.01070452
0.01063251
0.01049805
0.01066017
0.01066303
0.01063609
0.01069498
0.01063681
0.01070285
0.01066661
0.01065230
0.01051116
0.01063418
0.01068783
0.01076651
0.01066566
0.01064229
0.01065564
0.01068187
0.01062655
0.01059842
0.01072335
0.01057768
0.01070976
0.01073551
0.01063633
0.01060343
0.01075840
0.01063180
0.01060414
0.01073694
0.01062155
0.01048303
0.01061058
0.01060247
0.01066589
0.01069999
0.01059818
0.01062012
0.01072240
0.01069021
0.01063442
0.01067710
0.01057506
0.01075196
0.01062465
0.01065636
0.01065254
0.01066256
0.01052737
0.01060152
0.01065969
0.01056814
0.01062036
0.01062274
0.01072097
0.01068926
0.01086211
0.01050234
0.01070976
0.01066446
0.01067853
0.01061010
0.01064277
0.01052499
0.01068258
0.01061106
0.01049805
0.01067448
0.01069331
0.01071906
0.01066875
0.01066589
0.01065445
0.01069736
0.01063776
0.01058936
0.01069498
0.01057148
0.01067042
0.01066399
0.01067948
0.01058745
0.01063085
0.01051784
0.01060510
0.01070786
0.01066852
0.01057386
0.01067424
0.01062036
0.01062989
0.01064634
0.01063633
0.01070714
0.01057768
0.01054931
0.01051092
0.01060581
0.01067138
0.01060915
0.01058078
0.01063037
0.01066303
0.01063108
0.01065040
0.01062799
0.01067042
0.01066399
0.01056862
0.01065326
0.01064181
0.01067066
0.01058388
0.01053953
0.01062489
0.01068521
0.01062489
0.01059270
0.01065731
0.01058698
0.01058149
0.01065326
0.01066899
0.01070714
0.01077294
0.01063037
0.01063251
0.01068401
0.01080561
0.01062012
0.01064825
0.01058412
0.01057816
0.01065755
0.01060700
0.01071930
0.01068115
0.01063299
0.01060510
0.01069713
0.01066780
0.01071572
0.01066995
0.01062751
0.01061869
0.01060653
0.01064301
0.01055741
0.01060915
0.01057029
0.01062894
0.01058292
0.01062608
0.01058078
0.01060319
0.01063037
0.01065087
0.01065350
0.01065159
0.01066446
0.01071334
0.01067138
0.01077652
0.01062083
0.01064110
0.01067948
0.01068616
0.01062632
0.01063275
0.01067400
0.01056528
0.01061177
0.01064014
0.01054621
0.01060772
0.01070762
0.01051569
0.01062179
0.01059628
0.01076961
0.01063466
0.01066732
0.01060677
0.01073885
0.01057482
0.01064897
0.01058459
0.01058674
0.01051044
0.01062894
0.01064372
0.01067710
0.01059031
0.01054454
0.01059604
0.01063943
0.01068521
0.01063609
0.01072001
0.01068091
0.01073241
0.01059079
0.01056218
0.01061988
0.01068521
0.01051855
0.01060176
0.01060438
0.01072860
0.01051831
0.01057196
0.01064467
0.01068783
0.01061773
0.01055360
0.01054502
0.01069331
0.01060748
0.01062655
0.01075768
0.01057959
0.01071072
0.01072359
0.01066923
0.01066327
0.01069546
0.01061845
0.01059103
0.01073718
0.01063657
0.01063633
0.01064229
0.01064277
0.01062727
0.01061201
0.01060033
0.01066065
0.01066995
0.01064396
0.01063395
0.01070929
0.01061749
0.01069474
0.01057220
0.01069164
0.01061535
0.01066351
0.01054955
0.01054335
0.01064992
0.01069856
0.01057935
0.01062036
0.01055980
0.01059651
0.01061249
0.01054525
0.01062298
0.01064777
0.01054955
0.01062274
0.01088738
0.01060414
0.01072121
0.01059389
0.01059270
0.01068640
0.01053953
0.01058412
0.01065254
0.01065421
0.01068568
0.01063442
0.01054740
0.01069379
0.01081419
0.01060414
0.01065278
0.01126409
0.01075172
0.01070762
0.01063037
0.01061535
0.01066709
0.01070762
0.01063156
0.01060462
0.01076984
0.01070118
0.01064396
0.01063275
0.01064157
0.01061797
0.01076174
0.01065469
0.01062131
0.01074624
0.01067400
0.01062489
0.01060748
0.01066828
0.01066184
0.01069665
0.01065373
0.01070619
0.01062512
0.01074314
0.01058769
0.01075673
0.01069140
0.01077700
0.01068091
0.01064658
0.01066732
0.01068926
0.01061559
0.01058102
0.01061058
0.01061559
0.01079535
0.01067233
0.01066709
0.01066875
0.01068497
0.01061273
0.01057911
0.01062822
0.01059937
0.01061559
0.01067853
0.01066017
0.01068878
0.01071191
0.01062322
0.01069760
0.01076388
0.01071858
0.01064801
0.01065183
0.01064825
0.01069951
0.01077914
0.01057148
0.01066208
0.01070499
0.01069450
0.01056552
0.01065946
0.01066256
0.01063323
0.01073456
0.01058102
0.01099420
0.01060724
0.01059270
0.01058817
0.01070213
0.01057076
0.01062679
0.01069784
0.01054358
0.01063681
0.01073050
0.01057458
0.01057982
0.01097727
0.01054597
0.01071286
0.01056981
0.01054645
0.01066732
0.01068377
0.01051927
0.01053691
0.01060367
0.01058602
0.01055908
0.01056814
0.01067877
0.01071358
0.01055527
0.01054692
0.01067328
0.01066422
0.01051760
0.01055503
0.01065397
0.01063061
0.01055288
0.01058340
0.01057577
0.01062202
0.01060557
0.01058817
0.01064658
0.01057529
0.01054049
0.01051593
0.01053739
0.01062059
0.01083994
0.01044631
0.01063752
0.01063943
0.01057267
0.01054454
0.01060390
0.01054144
0.01047683
0.01056242
0.01066065
0.01060104
0.01062012
0.01052189
0.01056814
0.01060462
0.01051664
0.01037812
0.01051617
0.01052880
0.01053834
0.01056695
0.01057220
0.01057553
0.01049638
0.01050162
0.01063919
0.01059985
0.01050067
0.01045799
0.01050735
0.01067901
0.01064968
0.01061893
0.01052904
0.01058292
0.01046324
0.01052856
0.01059771
0.01064825
0.01050806
0.01053834
0.01054287
0.01062155
0.01052451
0.01051116
0.01058316
0.01052547
0.01047111
0.01046348
0.01057577
0.01045847
0.01045036
0.01059771
0.01058531
0.01060057
0.01054859
0.01051950
0.01064396
0.01049018
0.01054454
0.01048803
0.01068330
0.01048517
0.01062632
0.01058125
0.01054454
0.01047230
0.01051331
0.01047325
0.01050067
0.01039910
0.01044393
0.01057363
0.01049209
0.01052594
0.01055694
0.01067114
0.01048565
0.01064658
0.01046205
0.01060104
0.01067185
0.01051664
0.01059151
0.01089644
0.01057649
0.01054835
0.01060557
0.01064014
0.01052785
0.01071405
0.01063752
0.01064825
0.01092052
0.01056004
0.01056862
0.01065826
0.01053238
0.01052880
0.01063967
0.01055479
0.01053023
0.01060724
0.01061535
0.01065254
0.01069999
0.01055980
0.01064348
0.01063037
0.01055288
0.01061249
0.01066852
0.01052547
0.01065612
0.01061368
0.01059437
0.01062870
0.01068044
0.01057124
0.01065755
0.01065826
0.01071739
0.01064706
0.01057839
0.01051354
0.01071835
0.01058197
0.01050472
0.01069736
0.01061893
0.01059818
0.01060176
0.01068783
0.01063275
0.01059365
0.01059651
0.01065731
0.01056790
0.01064157
0.01054263
0.01069784
0.01080608
0.01069212
0.01057553
0.01057625
0.01064038
0.01079154
0.01059985
0.01054597
0.01065707
0.01069188
0.01056004
0.01060939
0.01069450
0.01058221
0.01061726
0.01058722
0.01060176
0.01063609
0.01068759
0.01052070
0.01069379
0.01063156
0.01062870
0.01063800
0.01068759
0.01062751
0.01064253
0.01060200
0.01070046
0.01073027
0.01060247
0.01053810
0.01056838
0.01063251
0.01067209
0.01055026
0.01057386
0.01068044
0.01062155
0.01055765
0.01069307
0.01068926
0.01060748
0.01063848
0.01057911
0.01059508
0.01054144
0.01062775
0.01061440
0.01094747
0.01062989
0.01061964
0.01060987
0.01069880
0.01063085
0.01067996
0.01063943
0.01052523
0.01058626
0.01063871
0.01058745
0.01058197
0.01067710
0.01060987
0.01065826
0.01062512
0.01063275
0.01064348
0.01059771
0.01051569
0.01063848
0.01065993
0.01078296
0.01062751
0.01062346
0.01057291
0.01066351
0.01060557
0.01054573
0.01058674
0.01069832
0.01060390
0.01063585
0.01057649
0.01063848
0.01063156
0.01065898
0.01065493
0.01061702
0.01071334
0.01058984
0.01060820
0.01062751
0.01073050
0.01064467
0.01062250
0.01066232
0.01065159
0.01077056
0.01053143
0.01067972
0.01066804
0.01071858
0.01068449
0.01067662
0.01064157
0.01070213
0.01065207
0.01065469
0.01062679
0.01074576
0.01068377
0.01065707
0.01067019
0.01068020
0.01068473
0.01060510
0.01064539
0.01072359
0.01058674
0.01062965
0.01065063
0.01068473
0.01069260
0.01065159
0.01061130
0.01062679
0.01061106
0.01071358
0.01058865
0.01072621
0.01069832
0.01069045
0.01068616
0.01059508
0.01060796
0.01068759
0.01064372
0.01057076
0.01067257
0.01060867
0.01070809
0.01069427
0.01055527
0.01065207
0.01071692
0.01057363
0.01061702
0.01060009
0.01070404
0.01058292
0.01059699
0.01067758
0.01068306
0.01064396
0.01058340
0.01066566
0.01068282
0.01067281
0.01059842
0.01070309
0.01064992
0.01084089
0.01060605
0.01062059
0.01069570
0.01071358
0.01059771
0.01068211
0.01067352
0.01062369
0.01063251
0.01059270
0.01057291
0.01060128
0.01071358
0.01059914
0.01062250
0.01090240
0.01062083
0.01060486
0.01062274
0.01058626
0.01065826
0.01052046
0.01063681
0.01065326
0.01065922
0.01062465
0.01060891
0.01064110
0.01063013
0.01063395
0.01062369
0.01067734
0.01065516
0.01077962
0.01056504
0.01058292
0.01072574
0.01067090
0.01055384
0.01067019
0.01048803
0.01091790
0.01064038
0.01059484
0.01061749
