0.00430489
0.01107836
0.01203418
0.01103401
0.01060820
0.01057410
0.01052356
0.01049638
0.01044559
0.01044011
0.01042318
0.01038432
0.01036096
0.01036286
0.01046824
0.01041222
0.01048541
0.01036429
0.01039338
0.01037192
0.01049328
0.01050472
0.01045227
0.01047802
0.01043057
0.01041865
0.01040745
0.01040792
0.01034641
0.01038837
0.01041889
0.01043177
0.01039767
0.01029706
0.01041245
0.01054955
0.01042199
0.01033330
0.01050663
0.01030993
0.01032400
0.01047873
0.01054978
0.01037216
0.01043367
0.01045156
0.01038575
0.01061153
0.01037407
0.01046586
0.01032639
0.01042938
0.01041722
0.01047921
0.01038575
0.01050043
0.01042271
0.01053381
0.01032233
0.01041889
0.01050091
0.01044393
0.01043153
0.01044965
0.01036525
0.01046848
0.01048708
0.01054454
0.01042008
0.01044607
0.01045609
0.01057577
0.01041675
0.01044369
0.01051331
0.01043940
0.01042461
0.01052904
0.01054454
0.01045299
0.01049066
0.01045179
0.01048970
0.01047826
0.01052666
0.01049447
0.01053047
0.01047063
0.01046443
0.01062989
0.01046729
0.01042724
0.01050234
0.01052022
0.01047158
0.01058865
0.01049995
0.01049280
0.01055670
0.01040316
0.01049781
0.01048493
0.01045585
0.01049638
0.01057696
0.01044893
0.01045060
0.01040959
0.01040483
0.01045561
0.01044750
0.01070619
0.01041913
0.01052690
0.01043844
0.01064968
0.01040983
0.01044393
0.01044178
0.01054335
0.01071882
0.01049376
0.01047111
0.01045442
0.01041365
0.01039624
0.01054192
0.01036739
0.01045179
0.01043940
0.01034093
0.01036191
0.01046658
0.01052451
0.01042151
0.01050591
0.01042080
0.01050377
0.01043916
0.01052046
0.01044750
0.01040483
0.01050878
0.01047730
0.01059151
0.01046705
0.01047158
0.01055789
0.01051593
0.01056290
0.01044583
0.01049495
0.01047015
0.01047516
0.01051688
0.01057649
0.01052833
0.01041508
0.01049972
0.01062870
0.01052308
0.01055884
0.01056266
0.01068497
0.01053143
0.01058602
0.01057291
0.01065230
0.01046419
0.01055741
0.01058722
0.01061964
0.01052117
0.01064658
0.01056862
0.01064038
0.01058507
0.01066685
0.01060128
0.01062584
0.01074290
0.01061654
0.01058626
0.01062894
0.01049829
0.01055050
0.01056910
0.01056623
0.01055360
0.01054978
0.01054311
0.01063466
0.01054668
0.01047993
0.01057911
0.01053071
0.01053381
0.01058340
0.01055098
0.01055884
0.01047325
0.01048398
0.01048994
0.01060534
0.01044393
0.01057887
0.01050520
0.01052237
0.01044893
0.01049399
0.01056051
0.01054168
0.01044250
0.01053429
0.01057220
0.01051903
0.01053810
0.01060891
0.01054335
0.01049471
0.01053071
0.01049137
0.01044679
0.01042151
0.01041126
0.01056790
0.01047754
0.01043367
0.01048851
0.01054382
0.01043272
0.01054454
0.01054311
0.01054478
0.01041913
0.01054215
0.01054668
0.01049161
0.01041412
0.01052666
0.01058888
0.01049972
0.01039672
0.01049113
0.01048946
0.01048303
0.01045847
0.01050782
0.01039243
0.01042581
0.01055360
0.01051211
0.01046538
0.01049495
0.01052594
0.01050496
0.01042819
0.01038814
0.01051331
0.01045132
0.01050615
0.01045799
0.01048946
0.01042056
0.01038504
0.01044011
0.01038671
0.01049161
0.01041627
0.01063204
0.01047564
0.01059890
0.01069808
0.01065397
0.01049089
0.01046658
0.01056027
0.01063967
0.01053524
0.01051998
0.01050878
0.01053810
0.01049399
0.01079798
0.01054287
0.01067686
0.01045656
0.01055574
0.01054358
0.01056457
0.01052570
0.01057529
0.01056528
0.01052809
0.01050925
0.01061559
0.01051784
0.01049709
0.01050830
0.01065278
0.01058769
0.01055503
0.01055098
0.01057959
0.01048970
0.01049948
0.01049471
0.01054239
0.01055169
0.01041007
0.01052451
0.01056361
0.01063871
0.01049161
0.01057601
0.01053739
0.01055861
0.01051402
0.01048851
0.01059651
0.01058817
0.01047087
0.01055384
0.01059699
0.01053905
0.01051211
