232.000,88.000,76.000,84.000
239.872,90.834,76.000,84.000
250.262,93.668,76.000,84.000
258.134,98.390,76.000,84.000
267.265,102.484,76.000,84.000
276.396,104.058,76.000,84.000
285.527,105.003,76.000,84.000
292.768,107.836,76.000,84.000
299.380,110.670,76.000,84.000
304.733,113.504,76.000,84.000
310.086,115.078,76.000,84.000
312.920,111.615,76.000,84.000
313.234,108.151,76.000,84.000
307.882,103.428,76.000,84.000
300.010,99.335,76.000,84.000
287.101,93.982,76.000,84.000
273.562,88.630,76.000,84.000
258.134,83.907,76.000,84.000
243.965,81.703,76.000,84.000
232.315,84.536,76.000,84.000
226.332,83.592,76.000,84.000
219.720,87.685,76.000,84.000
214.368,89.259,76.000,84.000
210.274,90.204,76.000,84.000
215.627,93.038,76.000,84.000
223.499,95.872,76.000,84.000
231.370,99.965,76.000,84.000
245.539,102.798,76.000,84.000
260.967,106.262,76.000,84.000
273.247,99.650,76.000,84.000
280.489,93.667,76.000,84.000
291.509,97.761,76.000,84.000
296.862,99.965,76.000,84.000
299.695,96.501,76.000,84.000
300.640,106.892,76.000,84.000
295.917,110.985,76.000,84.000
290.564,112.559,76.000,84.000
285.212,109.096,76.000,84.000
279.859,104.373,76.000,84.000
267.579,99.650,76.000,84.000
254.670,93.038,76.000,84.000
238.612,86.426,76.000,84.000
225.073,82.962,76.000,84.000
226.647,76.350,76.000,84.000
239.557,69.738,76.000,84.000
265.061,66.904,76.000,84.000
297.491,71.627,76.000,84.000
320.476,74.461,76.000,84.000
337.794,77.295,76.000,84.000
348.814,79.499,76.000,84.000
351.018,82.962,76.000,84.000
342.517,87.685,76.000,84.000
329.607,93.038,76.000,84.000
313.549,97.761,76.000,84.000
290.992,102.602,74.379,82.209
267.264,104.759,74.379,82.209
239.906,103.530,76.025,84.028
221.323,101.325,76.025,84.028
207.780,98.490,76.025,84.028
199.423,96.580,77.707,85.887
195.881,94.971,77.707,85.887
191.696,94.005,77.707,85.887
186.495,90.049,79.426,87.787
194.721,83.138,79.426,87.787
209.205,64.756,81.184,89.729
227.704,46.930,81.184,89.729
253.602,38.522,81.184,89.729
274.791,37.513,81.184,89.729
298.671,41.885,81.184,89.729
303.716,46.257,81.184,89.729
296.653,46.594,81.184,89.729
290.935,54.330,81.184,89.729
297.998,62.738,81.184,89.729
311.788,72.492,81.184,89.729
328.686,77.431,82.980,91.714
348.099,72.493,84.816,93.744
365.316,64.411,84.816,93.744
379.723,57.032,84.816,93.744
375.858,50.356,84.816,93.744
362.154,43.680,84.816,93.744
347.747,39.815,84.816,93.744
332.638,41.571,84.816,93.744
306.284,46.139,84.816,93.744
271.497,52.113,84.816,93.744
246.548,57.384,84.816,93.744
230.033,62.655,84.816,93.744
221.951,63.006,84.816,93.744
223.708,58.438,84.816,93.744
219.489,53.391,86.692,95.818
216.257,55.905,86.692,95.818
212.306,57.701,86.692,95.818
205.757,57.013,88.610,97.938
203.188,59.583,88.610,97.938
198.415,62.153,88.610,97.938
193.245,75.162,90.571,100.105
188.367,92.797,90.571,100.105
184.240,108.932,90.571,100.105
191.369,113.810,90.571,100.105
200.000,126.943,90.571,100.105
205.628,142.327,90.571,100.105
213.508,141.952,90.571,100.105
222.138,137.074,90.571,100.105
222.513,139.701,90.571,100.105
219.136,143.078,90.571,100.105
215.759,143.453,90.571,100.105
212.382,146.830,90.571,100.105
215.009,150.207,90.571,100.105
209.380,153.584,90.571,100.105
205.253,155.460,90.571,100.105
203.377,158.837,90.571,100.105
203.752,94.673,90.571,100.105
211.632,89.045,90.571,100.105
228.517,89.420,90.571,100.105
250.655,92.047,90.571,100.105
277.296,90.921,90.571,100.105
297.430,93.073,88.639,97.970
316.427,95.180,86.749,95.881
331.162,91.945,86.749,95.881
343.022,92.305,86.749,95.881
350.570,89.789,86.749,95.881
354.523,92.305,86.749,95.881
352.726,94.821,86.749,95.881
348.773,98.055,86.749,95.881
348.413,96.977,86.749,95.881
350.929,94.461,86.749,95.881
352.726,91.945,86.749,95.881
355.961,87.273,86.749,95.881
354.882,80.445,86.749,95.881
347.335,73.616,86.749,95.881
339.069,68.225,86.749,95.881
324.334,62.834,86.749,95.881
307.442,60.319,86.749,95.881
291.270,56.365,86.749,95.881
263.836,55.677,88.668,98.002
234.816,61.922,88.668,98.002
220.489,68.167,88.668,98.002
214.979,72.943,88.668,98.002
207.999,76.984,88.668,98.002
201.020,78.086,88.668,98.002
183.754,73.310,88.668,98.002
158.408,78.086,88.668,98.002
138.938,80.657,88.668,98.002
122.408,84.698,88.668,98.002
107.346,88.004,88.668,98.002
101.836,84.698,88.668,98.002
102.938,83.596,88.668,98.002
108.448,83.228,88.668,98.002
120.571,80.657,88.668,98.002
137.101,76.616,88.668,98.002
150.693,71.841,88.668,98.002
178.979,75.882,88.668,98.002
198.448,80.657,88.668,98.002
217.918,80.290,88.668,98.002
234.448,74.780,88.668,98.002
254.652,62.657,88.668,98.002
278.530,56.412,88.668,98.002
297.999,50.902,88.668,98.002
313.795,44.657,88.668,98.002
319.305,40.616,88.668,98.002
322.611,38.780,88.668,98.002
317.101,40.616,88.668,98.002
307.918,39.514,88.668,98.002
305.346,34.004,88.668,98.002
297.886,48.546,90.630,100.170
285.587,54.839,92.635,102.386
270.619,48.315,92.635,102.386
251.046,54.072,92.635,102.386
228.403,60.596,92.635,102.386
215.738,70.191,92.635,102.386
201.538,73.645,92.635,102.386
195.782,67.888,92.635,102.386
182.349,60.596,92.635,102.386
165.079,62.515,92.635,102.386
156.252,61.364,92.635,102.386
148.960,66.353,92.635,102.386
150.879,69.807,92.635,102.386
165.079,68.655,92.635,102.386
182.349,74.412,92.635,102.386
200.387,77.866,92.635,102.386
223.798,71.342,92.635,102.386
239.533,60.980,92.635,102.386
244.522,51.385,92.635,102.386
239.533,47.931,92.635,102.386
222.263,50.618,92.635,102.386
211.133,51.002,92.635,102.386
215.355,44.477,92.635,102.386
224.182,38.721,92.635,102.386
239.917,35.266,92.635,102.386
247.976,40.256,92.635,102.386
256.035,55.223,92.635,102.386
260.257,74.796,92.635,102.386
252.965,92.066,92.635,102.386
247.208,94.753,92.635,102.386
254.500,93.601,92.635,102.386
264.095,88.612,92.635,102.386
274.457,83.623,92.635,102.386
279.446,77.099,92.635,102.386
270.446,70.422,90.660,100.203
256.549,63.286,90.660,100.203
257.676,54.647,90.660,100.203
256.549,48.262,90.660,100.203
250.915,39.623,90.660,100.203
237.018,36.994,90.660,100.203
219.365,53.145,90.660,100.203
216.736,72.300,90.660,100.203
223.121,79.437,90.660,100.203
231.760,74.554,90.660,100.203
235.891,66.666,90.660,100.203
231.009,61.784,90.660,100.203
226.126,57.652,90.660,100.203
218.989,61.032,90.660,100.203
205.092,68.920,90.660,100.203
203.214,78.310,90.660,100.203
210.351,86.948,90.660,100.203
222.745,96.338,90.660,100.203
226.877,96.714,90.660,100.203
246.032,89.578,90.660,100.203
274.202,72.676,90.660,100.203
292.606,58.779,90.660,100.203
308.757,50.140,90.660,100.203
316.645,45.257,90.660,100.203
323.781,49.389,90.660,100.203
316.645,55.774,90.660,100.203
301.996,69.671,90.660,100.203
286.597,78.310,90.660,100.203
258.427,84.695,90.660,100.203
238.521,83.568,90.660,100.203
241.150,74.929,90.660,100.203
246.784,68.544,90.660,100.203
254.671,69.671,90.660,100.203
258.803,74.554,90.660,100.203
253.920,80.939,90.660,100.203
239.272,83.568,90.660,100.203
222.370,86.197,90.660,100.203
207.722,83.568,90.660,100.203
202.088,81.690,90.660,100.203
197.205,83.568,90.660,100.203
199.083,84.695,90.660,100.203
211.478,82.066,90.660,100.203
229.131,75.681,90.660,100.203
249.037,69.295,90.660,100.203
268.944,68.169,90.660,100.203
287.348,75.305,90.660,100.203
301.996,81.690,90.660,100.203
297.865,86.573,90.660,100.203
283.989,91.624,88.727,98.066
260.096,97.873,88.727,98.066
236.202,103.386,88.727,98.066
221.866,105.959,88.727,98.066
215.617,100.446,88.727,98.066
211.574,94.932,88.727,98.066
212.677,89.418,88.727,98.066
217.455,86.845,88.727,98.066
231.056,82.801,88.727,98.066
257.866,72.155,86.834,95.975
282.718,65.897,84.983,93.928
290.111,59.207,84.983,93.928
286.942,53.926,84.983,93.928
280.957,57.095,84.983,93.928
282.718,60.968,84.983,93.928
289.407,66.953,84.983,93.928
301.730,71.530,84.983,93.928
311.236,66.953,84.983,93.928
317.221,59.560,84.983,93.928
318.981,44.420,84.983,93.928
317.925,38.435,84.983,93.928
316.869,42.308,84.983,93.928
320.038,47.589,84.983,93.928
322.502,55.687,84.983,93.928
317.221,61.672,84.983,93.928
310.532,65.545,84.983,93.928
305.955,67.305,84.983,93.928
307.715,62.024,84.983,93.928
310.884,55.335,84.983,93.928
315.461,40.195,84.983,93.928
321.446,26.464,84.983,93.928
323.910,12.733,84.983,93.928
315.813,4.636,84.983,93.928
307.202,-1.883,86.863,96.006
298.205,2.076,86.863,96.006
292.087,8.194,86.863,96.006
289.568,18.630,86.863,96.006
294.247,65.772,86.863,96.006
285.970,50.298,86.863,96.006
280.572,55.696,86.863,96.006
276.613,72.610,86.863,96.006
269.776,80.887,86.863,96.006
255.021,87.004,86.863,96.006
240.986,91.683,86.863,96.006
229.111,89.163,86.863,96.006
216.515,85.925,86.863,96.006
208.239,80.527,86.863,96.006
207.159,72.969,86.863,96.006
211.837,63.253,86.863,96.006
219.394,50.658,86.863,96.006
227.671,47.419,86.863,96.006
232.311,46.730,88.785,98.131
230.184,46.790,90.749,100.302
223.040,44.158,90.749,100.302
220.747,41.241,88.814,98.163
207.133,45.289,88.814,98.163
211.916,47.128,88.814,98.163
231.417,40.137,88.814,98.163
236.200,28.731,88.814,98.163
234.361,23.948,88.814,98.163
228.416,24.770,90.779,100.335
212.244,29.660,90.779,100.335
205.386,45.328,92.787,102.554
211.921,61.858,92.787,102.554
219.225,68.393,92.787,102.554
191.163,77.234,92.787,102.554
199.236,88.382,92.787,102.554
218.841,90.304,92.787,102.554
269.199,86.075,92.787,102.554
283.422,88.766,92.787,102.554
276.118,92.226,92.787,102.554
257.282,99.530,92.787,102.554
240.752,108.371,92.787,102.554
224.991,128.745,92.787,102.554
220.763,135.280,92.787,102.554
228.836,129.514,92.787,102.554
245.756,98.467,94.840,104.823
269.724,74.499,94.840,104.823
287.405,56.818,94.840,104.823
294.085,35.208,94.840,104.823
275.618,19.884,94.840,104.823
246.149,25.778,94.840,104.823
229.254,35.601,94.840,104.823
222.574,40.709,94.840,104.823
230.040,37.172,94.840,104.823
243.006,42.280,94.840,104.823
237.473,59.465,96.939,107.143
230.645,78.341,96.939,107.143
224.621,88.381,96.939,107.143
223.416,91.192,96.939,107.143
233.456,84.365,96.939,107.143
242.693,83.160,96.939,107.143
249.521,85.971,96.939,107.143
243.497,79.144,96.939,107.143
223.015,69.907,96.939,107.143
196.107,72.718,96.939,107.143
182.050,77.136,96.939,107.143
184.862,80.750,96.939,107.143
187.673,85.168,96.939,107.143
189.681,90.389,96.939,107.143
193.296,95.610,96.939,107.143
196.910,97.618,96.939,107.143
198.918,103.642,96.939,107.143
195.304,104.847,96.939,107.143
191.305,97.860,94.871,104.858
183.051,90.392,94.871,104.858
165.364,84.497,94.871,104.858
146.891,69.954,94.871,104.858
126.846,55.411,94.871,104.858
