164.000,121.000,27.000,24.000
163.498,120.298,27.000,24.000
164.803,120.599,27.000,24.000
165.505,119.695,27.000,24.000
165.606,119.997,27.000,24.000
165.907,120.298,27.000,24.000
166.098,119.490,26.424,23.488
167.178,120.766,26.424,23.488
167.473,119.882,26.424,23.488
167.849,121.174,25.861,22.987
167.176,120.309,25.861,22.987
167.849,121.366,25.861,22.987
167.945,121.270,25.861,22.987
168.426,121.559,25.861,22.987
169.535,122.452,25.309,22.497
169.441,121.229,25.309,22.497
169.724,122.076,25.309,22.497
170.382,121.606,25.309,22.497
170.288,121.323,25.309,22.497
170.194,120.665,25.309,22.497
170.476,121.323,25.309,22.497
171.323,121.229,25.309,22.497
171.793,122.452,25.309,22.497
172.263,121.606,25.309,22.497
171.605,122.264,25.309,22.497
172.451,121.417,25.309,22.497
172.357,121.888,25.309,22.497
172.075,121.229,25.309,22.497
171.793,120.571,25.309,22.497
172.451,119.160,25.309,22.497
172.546,120.383,25.309,22.497
171.699,119.912,25.309,22.497
172.169,121.135,25.309,22.497
171.323,122.358,25.309,22.497
171.417,121.700,25.309,22.497
170.946,122.546,25.309,22.497
170.288,122.452,25.309,22.497
170.758,121.041,25.309,22.497
171.040,122.076,25.309,22.497
170.194,120.853,25.309,22.497
170.476,120.571,25.309,22.497
170.194,121.229,25.309,22.497
170.476,122.076,25.309,22.497
170.570,123.111,25.309,22.497
170.664,124.333,25.309,22.497
170.194,123.863,25.309,22.497
169.912,125.274,25.309,22.497
169.253,124.427,25.309,22.497
169.724,125.086,25.309,22.497
170.194,124.616,25.309,22.497
169.347,123.957,25.309,22.497
169.253,124.427,25.309,22.497
169.347,123.393,25.309,22.497
169.629,122.922,25.309,22.497
170.288,123.769,25.309,22.497
169.818,123.111,25.309,22.497
170.100,123.957,25.309,22.497
169.629,123.487,25.309,22.497
170.476,123.769,25.309,22.497
170.194,124.427,25.309,22.497
169.724,123.581,25.309,22.497
170.382,124.051,25.309,22.497
170.100,125.086,25.309,22.497
169.818,123.863,25.309,22.497
170.476,123.017,25.309,22.497
170.194,123.863,25.309,22.497
169.347,122.828,25.309,22.497
169.629,122.170,25.309,22.497
169.535,122.452,25.309,22.497
169.441,121.982,25.309,22.497
169.347,122.640,25.309,22.497
169.065,121.794,25.309,22.497
168.783,123.205,25.309,22.497
169.818,124.427,25.309,22.497
170.100,123.205,25.309,22.497
169.441,123.863,25.309,22.497
169.347,122.828,25.309,22.497
169.441,123.863,25.309,22.497
170.100,123.016,25.309,22.497
169.441,123.487,25.309,22.497
170.476,122.076,25.309,22.497
170.758,123.111,25.309,22.497
171.040,123.957,25.309,22.497
170.194,123.299,25.309,22.497
171.040,121.888,25.309,22.497
170.758,122.734,25.309,22.497
171.981,123.017,25.309,22.497
171.699,124.051,25.309,22.497
172.169,123.205,25.309,22.497
171.699,124.051,25.309,22.497
172.357,123.769,25.309,22.497
171.887,123.111,25.309,22.497
171.417,122.640,25.309,22.497
172.451,122.170,25.309,22.497
172.734,123.205,25.309,22.497
173.392,123.675,25.309,22.497
173.110,123.205,25.309,22.497
173.392,123.863,25.309,22.497
173.298,123.393,25.309,22.497
173.392,123.675,25.309,22.497
173.862,123.016,25.309,22.497
173.768,123.863,25.309,22.497
174.615,123.016,25.309,22.497
174.897,123.863,25.309,22.497
174.051,122.828,25.309,22.497
174.897,123.863,25.309,22.497
174.991,123.393,25.309,22.497
175.085,122.546,25.309,22.497
175.744,122.640,25.309,22.497
176.590,121.982,25.309,22.497
176.684,122.640,25.309,22.497
176.778,123.111,25.309,22.497
177.249,123.769,25.309,22.497
176.590,122.546,25.309,22.497
177.061,123.393,25.309,22.497
176.590,122.734,25.309,22.497
177.249,124.145,25.309,22.497
176.778,124.804,25.309,22.497
177.625,123.957,25.309,22.497
177.719,124.616,25.309,22.497
178.189,123.769,25.309,22.497
176.967,123.111,25.309,22.497
177.061,122.452,25.309,22.497
176.590,122.358,25.309,22.497
177.437,123.581,25.309,22.497
176.590,122.922,25.309,22.497
177.061,123.393,25.309,22.497
176.214,123.299,25.309,22.497
176.032,124.123,25.869,22.995
176.320,124.604,25.869,22.995
176.609,125.662,25.869,22.995
175.743,124.989,25.869,22.995
175.455,126.239,25.869,22.995
176.512,124.604,25.869,22.995
176.032,123.739,25.869,22.995
175.551,123.258,25.869,22.995
176.416,122.970,25.869,22.995
176.320,124.027,25.869,22.995
176.032,122.585,25.869,22.995
175.936,123.258,25.869,22.995
175.647,122.585,25.869,22.995
175.551,123.835,25.869,22.995
176.032,123.162,25.869,22.995
175.551,121.720,25.869,22.995
176.032,122.200,25.869,22.995
174.848,120.649,26.442,23.504
175.339,121.337,26.442,23.504
174.062,120.846,26.442,23.504
174.946,120.354,26.442,23.504
174.651,121.239,26.442,23.504
174.356,121.927,26.442,23.504
173.668,120.846,26.442,23.504
174.356,121.534,26.442,23.504
173.668,122.615,26.442,23.504
173.767,122.123,26.442,23.504
174.062,122.025,26.442,23.504
174.356,123.499,26.442,23.504
173.668,124.777,26.442,23.504
173.767,124.089,26.442,23.504
173.865,123.597,26.442,23.504
174.356,124.482,26.442,23.504
173.472,123.597,26.442,23.504
173.963,123.892,26.442,23.504
174.651,123.008,26.442,23.504
173.767,122.910,26.442,23.504
173.668,123.204,26.442,23.504
173.963,124.089,26.442,23.504
173.865,123.991,26.442,23.504
173.374,125.072,26.442,23.504
173.079,125.760,26.442,23.504
173.767,124.678,26.442,23.504
173.275,125.760,26.442,23.504
173.177,124.089,26.442,23.504
173.668,123.597,26.442,23.504
172.391,124.875,26.442,23.504
172.293,123.794,26.442,23.504
172.391,122.320,26.442,23.504
172.096,122.025,26.442,23.504
172.981,121.927,26.442,23.504
172.686,122.222,26.442,23.504
172.391,121.337,26.442,23.504
171.703,121.239,26.442,23.504
172.194,120.551,26.442,23.504
172.489,121.042,26.442,23.504
171.605,120.158,26.442,23.504
171.703,120.453,26.442,23.504
171.801,121.534,26.442,23.504
171.703,120.846,26.442,23.504
171.015,119.961,26.442,23.504
171.310,119.273,26.442,23.504
170.229,120.158,26.442,23.504
170.917,119.077,26.442,23.504
170.229,118.782,26.442,23.504
170.327,117.308,26.442,23.504
169.050,117.996,26.442,23.504
169.737,117.504,26.442,23.504
168.853,118.782,26.442,23.504
169.148,118.094,26.442,23.504
168.656,117.603,26.442,23.504
167.969,118.684,26.442,23.504
168.656,118.192,26.442,23.504
167.772,116.325,26.442,23.504
167.477,115.637,26.442,23.504
166.789,116.129,26.442,23.504
166.888,115.637,26.442,23.504
166.593,115.932,26.442,23.504
166.101,115.441,26.442,23.504
166.789,116.718,26.442,23.504
166.101,117.603,26.442,23.504
165.806,117.701,26.442,23.504
165.512,117.799,26.442,23.504
165.217,117.504,26.442,23.504
166.298,119.175,26.442,23.504
165.020,120.256,26.442,23.504
165.512,120.944,26.442,23.504
164.431,121.829,26.442,23.504
164.529,122.713,26.442,23.504
163.931,123.982,27.027,24.024
165.035,123.078,27.027,24.024
163.529,123.781,27.027,24.024
163.428,122.677,27.027,24.024
163.127,122.174,27.027,24.024
162.424,121.471,27.027,24.024
162.926,121.371,27.027,24.024
162.424,121.471,27.027,24.024
162.323,121.371,27.027,24.024
161.620,121.672,27.027,24.024
162.122,120.567,27.027,24.024
161.017,119.462,27.027,24.024
161.118,120.969,27.027,24.024
161.821,119.864,27.027,24.024
162.323,118.759,27.027,24.024
161.620,118.458,27.027,24.024
162.323,119.563,27.027,24.024
161.821,118.257,27.027,24.024
162.725,119.362,27.027,24.024
162.826,119.060,27.027,24.024
163.127,119.161,27.027,24.024
163.026,118.056,27.027,24.024
162.122,117.152,27.027,24.024
162.826,116.650,27.027,24.024
163.529,116.348,27.027,24.024
163.830,117.654,27.027,24.024
163.328,116.750,27.027,24.024
163.227,115.645,27.027,24.024
163.730,116.549,27.027,24.024
164.232,116.650,27.027,24.024
163.328,115.746,27.027,24.024
164.031,114.641,27.027,24.024
163.529,114.339,27.027,24.024
164.433,115.645,27.027,24.024
164.935,113.938,27.027,24.024
164.634,114.038,27.027,24.024
164.935,114.942,27.027,24.024
165.638,113.837,27.027,24.024
164.935,114.540,27.027,24.024
165.839,115.645,27.027,24.024
166.140,115.746,27.027,24.024
165.437,116.449,27.027,24.024
166.140,116.750,27.027,24.024
165.638,115.645,27.027,24.024
166.542,114.540,27.027,24.024
165.839,115.444,27.027,24.024
167.145,116.750,27.027,24.024
166.442,115.243,27.027,24.024
167.145,115.946,27.027,24.024
166.241,115.042,27.027,24.024
167.346,115.946,27.027,24.024
167.848,115.645,27.027,24.024
168.350,115.344,27.027,24.024
167.446,116.248,27.027,24.024
168.350,116.750,27.027,24.024
168.652,115.042,27.027,24.024
168.953,115.946,27.027,24.024
169.656,116.449,27.027,24.024
169.556,117.353,27.027,24.024
170.058,116.449,27.027,24.024
169.355,117.353,27.027,24.024
170.259,116.850,27.027,24.024
170.359,117.353,27.027,24.024
170.861,117.453,27.027,24.024
171.765,117.755,27.027,24.024
171.464,116.248,27.027,24.024
171.765,116.750,27.027,24.024
172.670,116.650,27.027,24.024
172.971,116.951,27.027,24.024
173.473,117.855,27.027,24.024
172.770,117.152,27.027,24.024
173.875,118.056,27.027,24.024
174.176,116.750,27.027,24.024
173.272,116.248,27.027,24.024
174.176,118.156,27.027,24.024
173.875,117.453,27.027,24.024
175.181,118.357,27.027,24.024
174.478,117.855,27.027,24.024
175.382,117.152,27.027,24.024
175.683,118.659,27.027,24.024
175.783,118.156,27.027,24.024
176.286,117.453,27.027,24.024
175.382,118.357,27.027,24.024
176.085,117.252,27.027,24.024
175.382,116.750,27.027,24.024
175.884,116.449,27.027,24.024
176.788,117.755,27.027,24.024
176.286,118.659,27.027,24.024
175.466,117.246,27.625,24.555
175.158,118.170,27.625,24.555
176.082,118.273,27.625,24.555
175.774,118.992,27.625,24.555
175.876,118.273,27.625,24.555
175.979,118.992,27.625,24.555
175.876,117.657,27.625,24.555
175.774,118.376,27.625,24.555
175.671,118.479,27.625,24.555
175.979,119.197,27.625,24.555
175.671,119.711,27.625,24.555
175.363,120.429,27.625,24.555
175.466,119.711,27.625,24.555
175.363,120.429,27.625,24.555
175.055,120.121,27.625,24.555
175.979,120.635,27.625,24.555
175.466,120.121,27.625,24.555
174.952,119.403,27.625,24.555
175.876,119.916,27.625,24.555
175.158,118.581,27.625,24.555
175.876,120.532,27.625,24.555
175.363,120.019,27.625,24.555
174.439,118.684,27.625,24.555
174.336,118.581,27.625,24.555
173.823,118.273,27.625,24.555
174.747,119.197,27.625,24.555
174.850,118.273,27.625,24.555
175.158,117.760,27.625,24.555
174.644,117.862,27.625,24.555
173.926,118.170,27.625,24.555
174.850,119.095,27.625,24.555
173.926,119.197,27.625,24.555
173.412,118.889,27.625,24.555
173.515,119.608,27.625,24.555
173.002,120.532,27.625,24.555
172.899,119.813,27.625,24.555
172.386,118.684,27.625,24.555
171.872,120.429,27.625,24.555
171.975,119.711,27.625,24.555
171.256,120.019,27.625,24.555
170.332,118.684,27.625,24.555
169.819,119.403,27.625,24.555
170.332,119.916,27.625,24.555
169.203,119.608,27.625,24.555
168.484,120.532,27.625,24.555
167.765,120.224,27.625,24.555
168.073,120.327,27.625,24.555
167.355,119.813,27.625,24.555
166.225,118.889,27.625,24.555
165.712,119.403,27.625,24.555
165.815,119.711,27.625,24.555
165.507,119.197,27.625,24.555
164.993,118.273,27.625,24.555
165.917,120.019,27.625,24.555
165.199,120.327,27.625,24.555
164.480,120.635,27.625,24.555
164.993,119.505,27.625,24.555
165.507,120.019,27.625,24.555
164.377,118.684,27.625,24.555
164.391,119.797,28.236,25.098
164.706,118.643,28.236,25.098
164.391,117.488,28.236,25.098
163.866,117.803,28.236,25.098
165.021,118.538,28.236,25.098
164.076,117.803,28.236,25.098
164.391,118.748,28.236,25.098
164.916,117.803,28.236,25.098
164.391,118.118,28.236,25.098
165.545,119.062,28.236,25.098
165.441,117.908,28.236,25.098
165.755,117.173,28.236,25.098
166.700,118.748,28.236,25.098
165.755,118.643,28.236,25.098
166.490,117.488,28.236,25.098
165.965,116.964,28.236,25.098
165.231,117.698,28.236,25.098
165.336,118.223,28.236,25.098
165.568,118.272,28.860,25.654
166.533,116.877,28.860,25.654
165.782,117.628,28.860,25.654
165.246,117.950,28.860,25.654
166.426,119.344,28.860,25.654
166.962,117.950,28.860,25.654
166.211,119.130,28.860,25.654
166.533,119.023,28.860,25.654
167.284,118.057,28.860,25.654
167.177,117.306,28.860,25.654
166.640,116.770,28.860,25.654
166.655,117.488,29.499,26.221
166.765,118.255,29.499,26.221
166.436,119.242,29.499,26.221
167.203,118.694,29.499,26.221
166.874,118.584,29.499,26.221
166.545,119.571,29.499,26.221
167.532,120.558,29.499,26.221
167.422,119.132,29.499,26.221
166.874,120.119,29.499,26.221
166.765,121.106,29.499,26.221
166.874,120.119,29.499,26.221
166.984,120.667,29.499,26.221
166.874,119.242,29.499,26.221
166.545,120.010,29.499,26.221
167.532,119.242,29.499,26.221
166.984,119.790,29.499,26.221
166.436,120.558,29.499,26.221
167.422,119.790,29.499,26.221
167.093,120.119,29.499,26.221
165.971,120.853,30.152,26.801
166.979,119.396,30.152,26.801
166.195,119.284,30.152,26.801
167.428,120.068,30.152,26.801
166.195,119.956,30.152,26.801
167.428,119.172,30.152,26.801
166.195,118.387,30.152,26.801
167.428,119.172,30.152,26.801
166.419,118.163,30.152,26.801
167.876,118.948,30.152,26.801
167.091,119.508,30.152,26.801
168.100,118.948,30.152,26.801
167.764,119.508,30.152,26.801
167.428,120.293,30.152,26.801
167.764,119.060,30.152,26.801
167.876,120.293,30.152,26.801
168.212,118.836,30.152,26.801
168.548,118.275,30.152,26.801
167.401,118.793,30.819,27.394
168.432,119.824,30.819,27.394
168.317,119.938,30.819,27.394
167.286,118.907,30.819,27.394
168.088,119.480,30.819,27.394
167.286,118.907,30.819,27.394
167.401,119.251,30.819,27.394
167.744,120.282,30.819,27.394
166.485,119.480,30.819,27.394
167.744,118.449,30.819,27.394
166.714,119.480,30.819,27.394
167.515,119.366,30.819,27.394
167.859,119.709,30.819,27.394
166.828,120.282,30.819,27.394
166.714,120.396,30.819,27.394
166.370,119.136,30.819,27.394
166.485,118.793,30.819,27.394
166.370,119.595,30.819,27.394
166.255,119.022,30.819,27.394
165.454,120.053,30.819,27.394
165.339,118.793,30.819,27.394
165.225,119.595,30.819,27.394
164.423,120.625,30.819,27.394
164.079,119.824,30.819,27.394
163.277,119.709,30.819,27.394
163.621,119.824,30.819,27.394
162.361,120.396,30.819,27.394
162.475,119.595,30.819,27.394
162.132,120.396,30.819,27.394
161.101,120.740,30.819,27.394
160.757,120.855,30.819,27.394
159.956,120.053,30.819,27.394
159.258,120.344,31.501,28.001
157.970,119.290,31.501,28.001
157.986,120.560,32.198,28.620
157.627,120.919,32.198,28.620
156.550,120.081,32.198,28.620
155.712,120.919,32.198,28.620
155.480,119.733,32.910,29.253
154.869,120.344,32.910,29.253
153.363,119.386,33.638,29.901
152.738,119.011,33.638,29.901
151.362,118.386,33.638,29.901
152.237,119.261,33.638,29.901
151.112,118.636,33.638,29.901
149.987,118.261,33.638,29.901
149.362,118.636,33.638,29.901
149.737,117.261,33.638,29.901
148.612,118.386,33.638,29.901
148.987,118.261,33.638,29.901
147.862,118.886,33.638,29.901
146.737,118.511,33.638,29.901
145.861,117.636,33.638,29.901
145.100,115.878,34.382,30.562
145.483,117.028,34.382,30.562
144.333,118.690,34.382,30.562
143.439,117.540,34.382,30.562
143.056,118.179,34.382,30.562
143.183,117.540,34.382,30.562
142.800,116.645,34.382,30.562
142.417,117.540,34.382,30.562
141.522,118.179,34.382,30.562
140.883,118.818,34.382,30.562
141.522,118.179,34.382,30.562
140.116,117.795,34.382,30.562
141.011,116.901,34.382,30.562
140.116,118.306,34.382,30.562
139.477,117.667,34.382,30.562
139.094,119.073,34.382,30.562
138.455,117.667,34.382,30.562
137.305,116.517,34.382,30.562
138.711,116.901,34.382,30.562
137.305,116.262,34.382,30.562
137.177,115.623,34.382,30.562
136.794,117.284,34.382,30.562
135.899,116.645,34.382,30.562
136.283,118.051,34.382,30.562
135.899,117.667,34.382,30.562
135.516,118.051,34.382,30.562
134.738,117.050,35.143,31.238
134.346,118.225,35.143,31.238
134.738,117.311,35.143,31.238
133.562,117.964,35.143,31.238
132.387,117.572,35.143,31.238
133.301,117.964,35.143,31.238
132.648,117.572,35.143,31.238
131.734,116.919,35.143,31.238
131.603,117.050,35.143,31.238
130.689,118.225,35.143,31.238
130.036,118.878,35.143,31.238
130.166,117.964,35.143,31.238
129.252,118.095,35.143,31.238
129.121,117.442,35.143,31.238
128.730,117.572,35.143,31.238
127.554,117.180,35.143,31.238
126.901,117.572,35.143,31.238
127.032,116.658,35.143,31.238
126.640,117.572,35.143,31.238
125.987,116.397,35.143,31.238
125.856,115.744,35.143,31.238
125.725,117.703,35.143,31.238
125.334,118.356,35.143,31.238
124.942,117.964,35.143,31.238
124.289,117.572,35.143,31.238
123.897,116.658,35.143,31.238
122.983,117.050,35.143,31.238
122.187,116.569,35.921,31.929
122.321,115.634,35.921,31.929
120.677,116.251,36.715,32.636
119.846,114.615,37.528,33.358
119.149,115.871,37.528,33.358
119.567,114.336,37.528,33.358
118.591,115.034,37.528,33.358
118.172,114.336,37.528,33.358
117.196,115.592,37.528,33.358
117.614,114.336,37.528,33.358
115.897,113.823,38.358,34.096
114.328,115.961,38.358,34.096
115.041,115.248,38.358,34.096
113.473,115.391,38.358,34.096
112.760,115.248,38.358,34.096
112.618,116.246,38.358,34.096
111.050,116.959,38.358,34.096
110.052,116.531,38.358,34.096
109.054,116.959,38.358,34.096
108.911,115.391,38.358,34.096
108.198,116.104,38.358,34.096
108.341,115.106,38.358,34.096
107.628,114.678,38.358,34.096
107.485,116.816,38.358,34.096
107.343,116.674,38.358,34.096
106.915,116.246,38.358,34.096
105.917,115.819,38.358,34.096
105.490,116.246,38.358,34.096
106.202,115.819,38.358,34.096
104.743,116.773,39.207,34.850
104.014,114.878,39.207,34.850
104.451,115.315,39.207,34.850
103.723,116.627,39.207,34.850
103.577,115.898,39.207,34.850
104.014,116.044,39.207,34.850
103.577,116.481,39.207,34.850
102.848,116.918,39.207,34.850
103.775,116.079,40.074,35.621
102.733,115.037,40.074,35.621
102.584,113.696,40.074,35.621
101.839,112.951,40.074,35.621
102.882,114.292,40.074,35.621
102.137,115.632,40.074,35.621
101.988,114.590,40.074,35.621
101.839,115.930,40.074,35.621
101.392,114.888,40.074,35.621
102.137,116.526,40.074,35.621
101.392,115.781,40.074,35.621
102.137,114.739,40.074,35.621
101.392,114.292,40.074,35.621
102.137,115.334,40.074,35.621
101.392,114.888,40.074,35.621
101.541,114.441,40.074,35.621
100.498,115.781,40.074,35.621
100.350,114.441,40.074,35.621
101.690,115.781,40.074,35.621
100.647,113.845,40.074,35.621
100.498,115.483,40.074,35.621
100.052,114.441,40.074,35.621
101.094,115.185,40.074,35.621
100.647,113.249,40.074,35.621
99.903,113.398,40.074,35.621
100.052,114.441,40.074,35.621
99.903,115.483,40.074,35.621
100.647,114.441,40.074,35.621
99.903,115.781,40.074,35.621
99.456,114.441,40.074,35.621
100.499,115.781,40.074,35.621
98.860,113.845,40.074,35.621
98.711,114.888,40.074,35.621
99.158,113.547,40.074,35.621
99.605,114.888,40.074,35.621
98.562,115.037,40.074,35.621
98.115,115.185,40.074,35.621
99.158,115.632,40.074,35.621
98.711,115.185,40.074,35.621
97.669,114.739,40.074,35.621
98.711,113.696,40.074,35.621
97.966,113.249,40.074,35.621
98.115,113.994,40.074,35.621
98.562,113.249,40.074,35.621
98.115,114.590,40.074,35.621
98.562,114.739,40.074,35.621
97.520,113.994,40.074,35.621
96.775,113.547,40.074,35.621
97.818,115.483,40.074,35.621
97.669,113.845,40.074,35.621
97.222,113.398,40.074,35.621
97.371,113.547,40.074,35.621
97.222,113.696,40.074,35.621
97.669,113.547,40.074,35.621
96.924,114.888,40.074,35.621
97.073,114.143,40.074,35.621
97.520,113.994,40.074,35.621
97.073,115.037,40.074,35.621
97.520,114.292,40.074,35.621
96.179,113.845,40.074,35.621
97.520,113.100,40.074,35.621
96.775,113.547,40.074,35.621
96.924,113.994,40.074,35.621
97.073,113.547,40.074,35.621
96.328,113.994,40.074,35.621
97.073,113.249,40.074,35.621
96.924,114.590,40.074,35.621
96.477,114.739,40.074,35.621
96.030,113.398,40.074,35.621
96.477,113.249,40.074,35.621
96.030,114.292,40.074,35.621
95.881,113.845,40.074,35.621
95.732,113.696,40.074,35.621
95.583,112.654,40.074,35.621
94.986,113.959,40.961,36.409
95.442,112.894,40.961,36.409
95.595,112.437,40.961,36.409
94.529,114.112,40.961,36.409
94.986,113.046,40.961,36.409
94.833,113.198,40.961,36.409
94.377,112.437,40.961,36.409
94.529,114.416,40.961,36.409
94.377,114.568,40.961,36.409
94.529,115.329,40.961,36.409
93.463,114.568,40.961,36.409
94.634,114.516,40.087,35.633
94.187,116.453,40.087,35.633
94.932,115.708,40.087,35.633
94.187,115.261,40.087,35.633
93.740,116.602,40.087,35.633
93.889,116.155,40.087,35.633
93.442,116.900,40.087,35.633
93.889,115.559,40.087,35.633
93.144,117.198,40.087,35.633
93.293,116.155,40.087,35.633
93.144,116.602,40.087,35.633
92.697,117.347,40.087,35.633
92.250,117.198,40.087,35.633
92.399,115.857,40.087,35.633
92.250,114.814,40.087,35.633
92.101,116.453,40.087,35.633
91.952,117.198,40.087,35.633
90.909,116.453,40.087,35.633
91.058,116.900,40.087,35.633
90.611,116.155,40.087,35.633
90.462,116.602,40.087,35.633
90.611,117.347,40.087,35.633
89.866,116.602,40.087,35.633
90.015,118.241,40.087,35.633
90.164,117.198,40.087,35.633
89.717,117.943,40.087,35.633
89.270,116.304,40.087,35.633
90.015,117.049,40.087,35.633
89.866,117.198,40.087,35.633
89.419,118.539,40.087,35.633
89.568,117.794,40.087,35.633
88.823,116.751,40.087,35.633
89.568,118.390,40.087,35.633
88.823,119.135,40.087,35.633
88.972,117.496,40.087,35.633
88.525,117.049,40.087,35.633
88.972,115.708,40.087,35.633
88.823,116.453,40.087,35.633
88.376,117.794,40.087,35.633
89.121,116.751,40.087,35.633
88.674,116.900,40.087,35.633
88.227,117.049,40.087,35.633
88.972,117.198,40.087,35.633
88.227,117.347,40.087,35.633
88.078,118.092,40.087,35.633
88.227,117.049,40.087,35.633
88.078,115.708,40.087,35.633
88.525,113.771,40.087,35.633
87.482,114.814,40.087,35.633
87.929,115.559,40.087,35.633
88.376,116.304,40.087,35.633
89.419,115.261,40.087,35.633
88.674,115.708,40.087,35.633
87.929,114.665,40.087,35.633
88.674,115.708,40.087,35.633
87.929,114.069,40.087,35.633
88.674,114.516,40.087,35.633
87.929,114.963,40.087,35.633
88.972,113.920,40.087,35.633
88.525,114.665,40.087,35.633
88.078,115.410,40.087,35.633
88.823,114.963,40.087,35.633
88.674,113.622,40.087,35.633
88.823,115.559,40.087,35.633
88.972,114.814,40.087,35.633
89.419,113.473,40.087,35.633
89.866,115.410,40.087,35.633
88.823,115.857,40.087,35.633
89.270,114.516,40.087,35.633
89.717,115.261,40.087,35.633
89.568,113.920,40.087,35.633
90.015,113.175,40.087,35.633
90.164,115.112,40.087,35.633
90.611,114.665,40.087,35.633
90.164,115.708,40.087,35.633
90.909,113.771,40.087,35.633
90.760,114.218,40.087,35.633
90.909,115.261,40.087,35.633
91.356,115.708,40.087,35.633
91.803,114.963,40.087,35.633
92.548,115.410,40.087,35.633
91.803,115.857,40.087,35.633
92.548,113.920,40.087,35.633
92.101,114.069,40.087,35.633
92.846,115.112,40.087,35.633
92.697,114.665,40.087,35.633
93.144,116.006,40.087,35.633
93.591,114.367,40.087,35.633
92.846,115.410,40.087,35.633
93.889,116.453,40.087,35.633
93.442,116.304,40.087,35.633
94.783,115.857,40.087,35.633
93.740,114.814,40.087,35.633
94.783,114.069,40.087,35.633
94.634,115.410,40.087,35.633
93.889,116.453,40.087,35.633
95.230,115.410,40.087,35.633
95.975,116.453,40.087,35.633
94.634,115.112,40.087,35.633
95.081,114.367,40.087,35.633
95.826,115.410,40.087,35.633
94.783,116.751,40.087,35.633
95.230,115.410,40.087,35.633
95.677,116.453,40.087,35.633
94.634,115.410,40.087,35.633
95.975,114.665,40.087,35.633
95.528,116.304,40.087,35.633
95.975,114.963,40.087,35.633
95.528,115.708,40.087,35.633
96.570,114.665,40.087,35.633
95.528,116.304,40.087,35.633
96.570,115.857,40.087,35.633
96.124,115.112,40.087,35.633
96.868,116.155,40.087,35.633
97.017,115.708,40.087,35.633
97.464,116.453,40.087,35.633
97.017,116.304,40.087,35.633
97.762,115.559,40.087,35.633
96.719,116.304,40.087,35.633
97.762,117.347,40.087,35.633
97.911,117.198,40.087,35.633
98.060,116.751,40.087,35.633
98.209,114.814,40.087,35.633
98.358,114.069,40.087,35.633
98.507,115.410,40.087,35.633
97.762,115.857,40.087,35.633
98.209,114.814,40.087,35.633
99.252,115.857,40.087,35.633
99.103,116.304,40.087,35.633
99.848,115.857,40.087,35.633
99.103,115.708,40.087,35.633
99.252,116.453,40.087,35.633
100.295,116.900,40.087,35.633
100.146,115.857,40.087,35.633
100.593,115.708,40.087,35.633
99.252,114.665,40.087,35.633
100.593,117.198,40.087,35.633
99.550,117.347,40.087,35.633
100.295,117.198,40.087,35.633
100.742,115.559,40.087,35.633
100.593,115.112,40.087,35.633
99.550,116.453,40.087,35.633
100.891,116.602,40.087,35.633
99.848,117.347,40.087,35.633
100.295,116.304,40.087,35.633
101.040,115.261,40.087,35.633
99.699,116.304,40.087,35.633
99.252,115.857,40.087,35.633
100.295,115.708,40.087,35.633
99.848,116.155,40.087,35.633
99.401,115.708,40.087,35.633
100.146,114.665,40.087,35.633
99.401,116.304,40.087,35.633
99.848,116.155,40.087,35.633
98.507,116.602,40.087,35.633
98.954,116.751,40.087,35.633
99.401,115.410,40.087,35.633
99.111,116.795,39.232,34.873
99.840,116.358,39.232,34.873
98.527,117.670,39.232,34.873
98.965,116.358,39.232,34.873
99.402,116.795,39.232,34.873
98.090,116.358,39.232,34.873
99.402,117.087,39.232,34.873
98.090,116.650,39.232,34.873
99.402,115.629,39.232,34.873
98.382,116.066,39.232,34.873
99.694,116.212,39.232,34.873
98.382,116.941,39.232,34.873
99.694,116.504,39.232,34.873
98.965,117.816,39.232,34.873
99.694,118.253,39.232,34.873
99.257,117.816,39.232,34.873
100.659,116.642,38.396,34.129
99.945,115.928,38.396,34.129
100.659,116.927,38.396,34.129
99.945,116.214,38.396,34.129
100.659,117.213,38.396,34.129
99.660,116.214,38.396,34.129
100.659,117.213,38.396,34.129
100.231,117.355,38.396,34.129
101.515,118.925,38.396,34.129
100.231,117.926,38.396,34.129
101.229,118.640,38.396,34.129
101.087,117.641,38.396,34.129
100.944,116.927,38.396,34.129
100.516,117.355,38.396,34.129
100.088,118.069,38.396,34.129
101.658,119.068,38.396,34.129
100.373,118.069,38.396,34.129
99.660,117.641,38.396,34.129
100.659,118.640,38.396,34.129
100.516,117.641,38.396,34.129
99.802,117.213,38.396,34.129
100.231,116.785,38.396,34.129
100.088,117.213,38.396,34.129
99.945,118.212,38.396,34.129
99.802,117.498,38.396,34.129
99.660,116.499,38.396,34.129
98.946,116.071,38.396,34.129
99.945,117.926,38.396,34.129
99.232,116.927,38.396,34.129
99.660,117.641,38.396,34.129
98.946,116.642,38.396,34.129
99.660,116.214,38.396,34.129
98.946,118.640,38.396,34.129
99.089,117.070,38.396,34.129
98.946,116.642,38.396,34.129
99.374,115.072,38.396,34.129
98.375,116.642,38.396,34.129
98.518,115.643,38.396,34.129
98.375,115.786,38.396,34.129
98.518,115.072,38.396,34.129
98.375,116.356,38.396,34.129
98.803,115.928,38.396,34.129
98.231,116.291,39.245,34.885
98.668,115.562,39.245,34.885
97.939,114.541,39.245,34.885
98.668,116.437,39.245,34.885
97.939,116.291,39.245,34.885
98.085,115.562,39.245,34.885
97.197,115.024,40.113,35.656
98.240,114.577,40.113,35.656
98.389,116.217,40.113,35.656
97.942,114.279,40.113,35.656
97.197,113.235,40.113,35.656
97.942,114.279,40.113,35.656
97.495,116.217,40.113,35.656
96.749,115.174,40.113,35.656
97.793,115.323,40.113,35.656
97.048,116.068,40.113,35.656
97.793,115.323,40.113,35.656
97.346,115.770,40.113,35.656
97.793,115.025,40.113,35.656
96.749,116.366,40.113,35.656
96.600,115.323,40.113,35.656
96.749,116.963,40.113,35.656
96.302,115.323,40.113,35.656
97.048,116.963,40.113,35.656
96.600,116.814,40.113,35.656
96.451,117.261,40.113,35.656
96.004,116.814,40.113,35.656
96.451,115.472,40.113,35.656
96.004,114.726,40.113,35.656
96.451,115.472,40.113,35.656
96.004,114.428,40.113,35.656
96.749,116.068,40.113,35.656
96.004,114.428,40.113,35.656
96.749,116.664,40.113,35.656
96.302,116.814,40.113,35.656
96.749,115.770,40.113,35.656
96.302,116.217,40.113,35.656
96.749,116.366,40.113,35.656
96.004,115.025,40.113,35.656
96.749,113.385,40.113,35.656
96.004,115.025,40.113,35.656
96.451,115.174,40.113,35.656
95.408,116.217,40.113,35.656
95.855,114.875,40.113,35.656
94.811,115.323,40.113,35.656
94.960,116.664,40.113,35.656
95.408,115.919,40.113,35.656
95.855,115.472,40.113,35.656
94.811,116.515,40.113,35.656
94.960,116.366,40.113,35.656
95.408,116.217,40.113,35.656
95.557,116.068,40.113,35.656
94.513,115.919,40.113,35.656
94.662,115.770,40.113,35.656
95.408,116.515,40.113,35.656
95.855,117.261,40.113,35.656
94.811,116.217,40.113,35.656
95.258,116.664,40.113,35.656
95.706,118.304,40.113,35.656
94.489,116.209,41.001,36.445
95.555,115.142,41.001,36.445
93.995,113.632,41.908,37.252
95.708,114.411,41.908,37.252
94.618,113.632,41.908,37.252
95.708,113.165,41.908,37.252
95.864,114.255,41.908,37.252
95.708,114.411,41.908,37.252
95.864,113.320,41.908,37.252
96.020,114.722,41.908,37.252
97.110,113.632,41.908,37.252
96.020,113.476,41.908,37.252
97.733,114.566,41.908,37.252
96.643,113.788,41.908,37.252
97.422,113.320,41.908,37.252
96.954,115.034,41.908,37.252
98.356,114.878,41.908,37.252
97.577,114.722,41.908,37.252
97.422,114.566,41.908,37.252
98.201,114.411,41.908,37.252
98.045,114.255,41.908,37.252
99.758,116.280,41.908,37.252
98.979,115.813,41.908,37.252
99.447,115.034,41.908,37.252
99.602,116.436,41.908,37.252
100.381,115.345,41.908,37.252
99.602,117.370,41.908,37.252
100.070,116.903,41.908,37.252
99.602,116.436,41.908,37.252
100.693,115.657,41.908,37.252
101.160,116.124,41.908,37.252
100.070,115.345,41.908,37.252
100.225,116.436,41.908,37.252
100.693,114.722,41.908,37.252
101.783,116.747,41.908,37.252
100.835,114.234,42.835,38.076
100.994,115.349,42.835,38.076
100.835,114.553,42.835,38.076
100.994,113.757,42.835,38.076
101.153,113.916,42.835,38.076
100.357,113.757,42.835,38.076
101.153,113.597,42.835,38.076
100.994,113.120,42.835,38.076
101.790,115.189,42.835,38.076
101.949,113.757,42.835,38.076
102.745,113.597,42.835,38.076
101.949,113.120,42.835,38.076
102.108,115.189,42.835,38.076
101.312,113.757,42.835,38.076
102.108,112.642,42.835,38.076
101.312,113.757,42.835,38.076
102.108,112.961,42.835,38.076
101.631,112.483,42.835,38.076
101.790,112.005,42.835,38.076
101.949,113.757,42.835,38.076
102.427,113.597,42.835,38.076
100.994,114.712,42.835,38.076
102.108,115.508,42.835,38.076
100.994,114.712,42.835,38.076
101.790,115.826,42.835,38.076
100.675,116.941,42.835,38.076
101.471,115.826,42.835,38.076
100.039,116.941,42.835,38.076
100.835,115.826,42.835,38.076
100.039,115.667,42.835,38.076
99.561,116.463,42.835,38.076
98.765,115.985,42.835,38.076
98.606,118.374,42.835,38.076
98.128,117.896,42.835,38.076
97.014,117.100,42.835,38.076
97.491,116.622,42.835,38.076
95.740,117.737,42.835,38.076
95.581,116.941,42.835,38.076
94.466,119.010,42.835,38.076
93.989,117.896,42.835,38.076
94.785,117.737,42.835,38.076
93.670,118.214,42.835,38.076
93.193,118.692,42.835,38.076
92.397,117.259,42.835,38.076
92.237,118.055,42.835,38.076
91.760,117.578,42.835,38.076
92.556,116.782,42.835,38.076
91.760,118.214,42.835,38.076
91.601,117.737,42.835,38.076
91.441,118.214,42.835,38.076
90.645,118.692,42.835,38.076
90.168,117.896,42.835,38.076
89.053,117.100,42.835,38.076
90.805,116.941,42.835,38.076
89.690,117.100,42.835,38.076
90.486,117.896,42.835,38.076
88.735,117.418,42.835,38.076
89.531,118.214,42.835,38.076
87.571,116.967,43.783,38.918
88.710,116.805,43.783,38.918
87.245,116.316,43.783,38.918
87.408,115.828,43.783,38.918
87.571,117.618,43.783,38.918
86.757,116.479,43.783,38.918
86.269,115.991,43.783,38.918
87.408,116.805,43.783,38.918
86.594,116.642,43.783,38.918
87.408,115.177,43.783,38.918
86.920,115.665,43.783,38.918
86.106,115.503,43.783,38.918
86.269,115.991,43.783,38.918
85.781,116.805,43.783,38.918
85.292,116.642,43.783,38.918
85.781,115.503,43.783,38.918
85.292,115.665,43.783,38.918
85.781,115.177,43.783,38.918
85.292,115.340,43.783,38.918
86.106,116.154,43.783,38.918
85.618,116.967,43.783,38.918
84.804,118.106,43.783,38.918
85.292,116.316,43.783,38.918
85.781,115.828,43.783,38.918
84.967,115.340,43.783,38.918
85.781,115.177,43.783,38.918
85.943,117.293,43.783,38.918
85.455,117.130,43.783,38.918
86.594,116.316,43.783,38.918
86.757,117.130,43.783,38.918
85.943,118.920,43.783,38.918
86.431,119.083,43.783,38.918
86.594,119.245,43.783,38.918
87.082,119.083,43.783,38.918
86.269,119.245,43.783,38.918
86.106,118.106,43.783,38.918
86.920,119.571,43.783,38.918
86.106,118.757,43.783,38.918
87.245,119.896,43.783,38.918
86.757,119.734,43.783,38.918
87.245,119.571,43.783,38.918
86.431,118.757,43.783,38.918
87.571,119.896,43.783,38.918
87.733,120.710,43.783,38.918
86.594,120.222,43.783,38.918
88.059,119.083,43.783,38.918
86.594,117.618,43.783,38.918
87.733,116.804,43.783,38.918
86.920,118.594,43.783,38.918
87.408,117.455,43.783,38.918
87.896,117.944,43.783,38.918
87.082,117.455,43.783,38.918
86.920,117.293,43.783,38.918
86.757,117.130,43.783,38.918
86.269,116.967,43.783,38.918
87.082,118.757,43.783,38.918
86.269,117.944,43.783,38.918
87.408,119.408,43.783,38.918
86.594,117.944,43.783,38.918
86.757,117.455,43.783,38.918
85.943,116.967,43.783,38.918
86.431,119.083,43.783,38.918
86.920,116.967,43.783,38.918
85.130,116.479,43.783,38.918
85.618,115.665,43.783,38.918
84.804,117.455,43.783,38.918
84.641,116.316,43.783,38.918
85.455,116.154,43.783,38.918
85.618,115.991,43.783,38.918
84.153,117.455,43.783,38.918
84.967,116.642,43.783,38.918
84.479,116.154,43.783,38.918
85.618,116.967,43.783,38.918
84.153,117.455,43.783,38.918
84.967,116.642,43.783,38.918
84.153,116.154,43.783,38.918
83.991,115.665,43.783,38.918
83.828,117.781,43.783,38.918
84.316,117.944,43.783,38.918
83.502,116.479,43.783,38.918
83.991,115.665,43.783,38.918
83.177,116.804,43.783,38.918
83.665,116.967,43.783,38.918
82.851,117.130,43.783,38.918
83.014,116.316,43.783,38.918
83.502,115.828,43.783,38.918
82.689,117.618,43.783,38.918
82.851,116.154,43.783,38.918
82.363,115.014,43.783,38.918
83.502,116.804,43.783,38.918
82.689,115.991,43.783,38.918
82.201,116.154,43.783,38.918
83.340,115.014,43.783,38.918
81.875,116.804,43.783,38.918
82.038,115.340,43.783,38.918
82.851,114.852,43.783,38.918
81.387,116.967,43.783,38.918
82.201,115.828,43.783,38.918
81.061,117.293,43.783,38.918
81.875,115.828,43.783,38.918
81.061,117.943,43.783,38.918
82.201,116.804,43.783,38.918
81.061,116.642,43.783,38.918
81.224,115.503,43.783,38.918
82.038,116.967,43.783,38.918
81.550,115.828,43.783,38.918
82.038,117.618,43.783,38.918
81.224,116.479,43.783,38.918
81.712,115.991,43.783,38.918
80.384,117.755,44.752,39.779
81.216,116.258,44.752,39.779
80.384,115.759,44.752,39.779
81.548,117.256,44.752,39.779
81.049,116.424,44.752,39.779
81.881,115.593,44.752,39.779
81.382,115.759,44.752,39.779
80.218,114.927,44.752,39.779
81.049,116.424,44.752,39.779
82.214,117.921,44.752,39.779
80.717,116.424,44.752,39.779
81.881,117.921,44.752,39.779
81.382,116.757,44.752,39.779
82.214,115.925,44.752,39.779
81.382,117.755,44.752,39.779
81.881,116.258,44.752,39.779
82.380,118.420,44.752,39.779
81.216,117.256,44.752,39.779
82.380,116.424,44.752,39.779
82.214,115.925,44.752,39.779
82.047,115.094,44.752,39.779
83.211,116.258,44.752,39.779
82.047,115.094,44.752,39.779
83.211,114.595,44.752,39.779
82.047,116.757,44.752,39.779
83.211,115.260,44.752,39.779
82.047,117.090,44.752,39.779
83.544,116.258,44.752,39.779
83.045,115.759,44.752,39.779
83.877,115.260,44.752,39.779
83.378,116.757,44.752,39.779
82.879,115.593,44.752,39.779
83.710,116.757,44.752,39.779
83.211,115.925,44.752,39.779
82.380,117.090,44.752,39.779
82.879,118.587,44.752,39.779
83.710,117.755,44.752,39.779
83.211,116.923,44.752,39.779
82.380,119.086,44.752,39.779
82.546,117.589,44.752,39.779
83.710,117.090,44.752,39.779
82.546,116.258,44.752,39.779
83.378,116.757,44.752,39.779
82.879,116.258,44.752,39.779
83.378,118.420,44.752,39.779
82.546,117.256,44.752,39.779
83.378,117.422,44.752,39.779
82.879,116.591,44.752,39.779
83.710,118.753,44.752,39.779
82.879,116.923,44.752,39.779
83.045,117.422,44.752,39.779
82.879,117.921,44.752,39.779
83.378,117.755,44.752,39.779
82.214,116.923,44.752,39.779
82.712,116.757,44.752,39.779
82.879,118.587,44.752,39.779
82.380,118.088,44.752,39.779
82.214,116.923,44.752,39.779
81.382,115.759,44.752,39.779
82.546,115.593,44.752,39.779
82.047,117.755,44.752,39.779
82.546,116.591,44.752,39.779
81.715,118.420,44.752,39.779
82.213,117.256,44.752,39.779
82.047,116.757,44.752,39.779
82.879,116.591,44.752,39.779
82.047,117.755,44.752,39.779
81.881,116.923,44.752,39.779
82.047,118.753,44.752,39.779
82.213,117.589,44.752,39.779
81.715,117.422,44.752,39.779
82.213,116.924,44.752,39.779
81.715,119.086,44.752,39.779
82.213,118.254,44.752,39.779
81.715,119.418,44.752,39.779
82.213,118.919,44.752,39.779
81.382,118.088,44.752,39.779
82.213,117.589,44.752,39.779
81.715,120.084,44.752,39.779
82.213,118.919,44.752,39.779
82.047,118.420,44.752,39.779
82.546,120.583,44.752,39.779
82.380,119.751,44.752,39.779
81.881,118.587,44.752,39.779
83.045,120.084,44.752,39.779
82.879,118.919,44.752,39.779
83.710,118.420,44.752,39.779
83.211,120.250,44.752,39.779
82.047,119.086,44.752,39.779
83.877,118.254,44.752,39.779
83.378,119.418,44.752,39.779
82.879,118.587,44.752,39.779
84.376,118.421,44.752,39.779
83.211,117.589,44.752,39.779
84.043,117.090,44.752,39.779
85.207,116.258,44.752,39.779
84.043,117.755,44.752,39.779
84.875,117.256,44.752,39.779
84.376,118.753,44.752,39.779
84.209,117.922,44.752,39.779
84.376,118.753,44.752,39.779
85.207,117.922,44.752,39.779
84.376,117.755,44.752,39.779
84.875,116.924,44.752,39.779
86.039,116.757,44.752,39.779
85.873,115.926,44.752,39.779
85.706,115.427,44.752,39.779
84.875,117.589,44.752,39.779
86.039,118.421,44.752,39.779
86.205,117.589,44.752,39.779
85.041,119.086,44.752,39.779
86.205,117.922,44.752,39.779
85.041,117.423,44.752,39.779
86.538,119.585,44.752,39.779
86.039,119.751,44.752,39.779
86.538,118.587,44.752,39.779
86.039,120.416,44.752,39.779
87.203,119.252,44.752,39.779
86.372,119.086,44.752,39.779
86.538,118.587,44.752,39.779
87.370,119.751,44.752,39.779
86.538,118.587,44.752,39.779
87.370,119.086,44.752,39.779
86.538,118.587,44.752,39.779
87.702,120.417,44.752,39.779
87.536,119.585,44.752,39.779
86.704,120.417,44.752,39.779
87.536,119.252,44.752,39.779
87.037,118.421,44.752,39.779
88.534,118.920,44.752,39.779
87.037,118.088,44.752,39.779
88.534,117.922,44.752,39.779
87.370,118.421,44.752,39.779
87.203,118.254,44.752,39.779
87.702,117.755,44.752,39.779
88.201,118.254,44.752,39.779
87.702,117.755,44.752,39.779
88.201,117.589,44.752,39.779
87.037,119.419,44.752,39.779
89.199,118.587,44.752,39.779
87.702,118.753,44.752,39.779
88.534,117.589,44.752,39.779
88.035,117.423,44.752,39.779
89.199,116.924,44.752,39.779
88.035,116.425,44.752,39.779
88.867,117.589,44.752,39.779
88.035,118.088,44.752,39.779
88.867,117.589,44.752,39.779
88.035,119.419,44.752,39.779
88.201,118.920,44.752,39.779
87.370,117.755,44.752,39.779
87.203,117.256,44.752,39.779
86.704,118.421,44.752,39.779
88.201,118.254,44.752,39.779
87.037,117.423,44.752,39.779
87.869,117.922,44.752,39.779
87.037,116.757,44.752,39.779
88.534,117.589,44.752,39.779
87.370,118.421,44.752,39.779
86.538,117.256,44.752,39.779
87.702,118.088,44.752,39.779
87.203,118.587,44.752,39.779
86.372,119.419,44.752,39.779
86.871,118.254,44.752,39.779
86.704,118.088,44.752,39.779
87.203,118.587,44.752,39.779
86.039,119.086,44.752,39.779
86.871,118.254,44.752,39.779
86.372,118.421,44.752,39.779
85.873,118.920,44.752,39.779
86.704,118.088,44.752,39.779
86.205,118.920,44.752,39.779
85.706,119.086,44.752,39.779
86.871,118.587,44.752,39.779
86.039,118.421,44.752,39.779
86.871,118.254,44.752,39.779
85.706,117.423,44.752,39.779
86.205,117.922,44.752,39.779
85.374,119.086,44.752,39.779
86.538,118.587,44.752,39.779
85.706,119.086,44.752,39.779
85.540,118.254,44.752,39.779
86.039,117.755,44.752,39.779
86.538,119.585,44.752,39.779
86.039,120.084,44.752,39.779
85.873,119.252,44.752,39.779
85.041,119.086,44.752,39.779
86.205,118.587,44.752,39.779
85.041,119.751,44.752,39.779
85.873,118.254,44.752,39.779
85.374,119.751,44.752,39.779
85.207,118.254,44.752,39.779
85.374,119.419,44.752,39.779
84.875,118.920,44.752,39.779
86.039,118.421,44.752,39.779
85.873,120.583,44.752,39.779
85.550,121.006,45.742,40.659
85.040,119.476,45.742,40.659
86.230,118.966,45.742,40.659
84.700,117.776,45.742,40.659
85.550,118.286,45.742,40.659
85.040,118.116,45.742,40.659
85.890,117.606,45.742,40.659
85.380,118.456,45.742,40.659
84.870,117.606,45.742,40.659
85.720,118.796,45.742,40.659
84.870,117.606,45.742,40.659
86.060,119.136,45.742,40.659
86.230,117.946,45.742,40.659
85.040,118.796,45.742,40.659
85.890,117.606,45.742,40.659
85.040,117.096,45.742,40.659
85.890,117.266,45.742,40.659
85.040,117.436,45.742,40.659
85.890,116.926,45.742,40.659
85.040,115.395,45.742,40.659
85.890,117.266,45.742,40.659
85.380,116.415,45.742,40.659
84.870,118.286,45.742,40.659
85.720,118.116,45.742,40.659
84.870,116.926,45.742,40.659
85.380,116.075,45.742,40.659
85.210,116.926,45.742,40.659
84.360,116.415,45.742,40.659
84.870,117.946,45.742,40.659
85.040,117.096,45.742,40.659
85.550,116.245,45.742,40.659
84.700,116.075,45.742,40.659
85.210,114.885,45.742,40.659
84.020,113.695,45.742,40.659
85.210,114.885,45.742,40.659
84.020,114.375,45.742,40.659
85.210,116.245,45.742,40.659
83.680,115.735,45.742,40.659
84.190,115.565,45.742,40.659
83.340,117.776,45.742,40.659
83.170,116.926,45.742,40.659
83.000,117.436,45.742,40.659
83.850,118.626,45.742,40.659
83.340,118.116,45.742,40.659
82.490,116.926,45.742,40.659
83.000,116.755,45.742,40.659
83.170,116.245,45.742,40.659
81.980,117.436,45.742,40.659
82.830,118.286,45.742,40.659
82.320,117.436,45.742,40.659
81.130,117.265,45.742,40.659
81.300,117.776,45.742,40.659
80.790,116.925,45.742,40.659
81.300,118.116,45.742,40.659
80.110,117.606,45.742,40.659
81.300,117.435,45.742,40.659
79.430,117.606,45.742,40.659
79.940,117.435,45.742,40.659
80.450,116.925,45.742,40.659
78.920,116.075,45.742,40.659
79.430,115.565,45.742,40.659
78.580,116.755,45.742,40.659
79.090,116.245,45.742,40.659
78.580,117.095,45.742,40.659
78.410,115.905,45.742,40.659
77.220,115.395,45.742,40.659
76.710,114.885,45.742,40.659
77.560,114.375,45.742,40.659
77.390,116.585,45.742,40.659
75.860,118.796,45.742,40.659
76.710,118.286,45.742,40.659
75.520,118.116,45.742,40.659
75.350,117.605,45.742,40.659
75.180,117.435,45.742,40.659
73.990,117.265,45.742,40.659
74.840,116.415,45.742,40.659
74.330,115.905,45.742,40.659
73.140,115.395,45.742,40.659
72.970,116.925,45.742,40.659
73.820,116.075,45.742,40.659
72.970,116.925,45.742,40.659
73.480,118.115,45.742,40.659
71.950,117.605,45.742,40.659
72.120,117.775,45.742,40.659
71.610,117.265,45.742,40.659
70.759,117.775,45.742,40.659
71.610,118.286,45.742,40.659
70.079,117.775,45.742,40.659
70.930,116.925,45.742,40.659
69.739,116.075,45.742,40.659
69.569,115.905,45.742,40.659
69.059,115.735,45.742,40.659
69.229,115.565,45.742,40.659
67.699,116.755,45.742,40.659
68.549,115.225,45.742,40.659
67.019,114.715,45.742,40.659
67.869,114.205,45.742,40.659
66.679,114.035,45.742,40.659
66.169,114.205,45.742,40.659
65.319,114.375,45.742,40.659
64.809,115.225,45.742,40.659
65.659,114.715,45.742,40.659
65.000,114.002,44.766,39.792
65.166,114.834,44.766,39.792
64.667,114.335,44.766,39.792
64.834,114.834,44.766,39.792
64.334,113.004,44.766,39.792
64.168,112.504,44.766,39.792
63.003,113.004,44.766,39.792
64.168,112.837,44.766,39.792
62.338,113.004,44.766,39.792
62.837,113.503,44.766,39.792
63.003,114.667,44.766,39.792
62.171,113.835,44.766,39.792
61.340,112.671,44.766,39.792
61.839,111.839,44.766,39.792
62.005,112.671,44.766,39.792
62.504,112.172,44.766,39.792
61.007,111.672,44.766,39.792
61.839,111.173,44.766,39.792
61.672,113.004,44.766,39.792
60.508,113.170,44.766,39.792
61.340,113.669,44.766,39.792
60.175,111.839,44.766,39.792
60.674,111.340,44.766,39.792
60.840,112.837,44.766,39.792
60.674,112.005,44.766,39.792
60.175,112.504,44.766,39.792
59.343,113.004,44.766,39.792
59.509,112.504,44.766,39.792
59.676,113.004,44.766,39.792
59.177,111.506,44.766,39.792
59.010,112.005,44.766,39.792
59.509,111.173,44.766,39.792
58.677,112.338,44.766,39.792
58.844,110.841,44.766,39.792
59.343,110.341,44.766,39.792
58.178,111.839,44.766,39.792
57.346,111.672,44.766,39.792
58.511,111.506,44.766,39.792
57.346,112.338,44.766,39.792
57.180,112.172,44.766,39.792
57.014,111.340,44.766,39.792
58.511,112.504,44.766,39.792
57.014,112.338,44.766,39.792
57.845,111.506,44.766,39.792
57.014,112.671,44.766,39.792
57.845,110.841,44.766,39.792
56.681,112.005,44.766,39.792
57.180,111.839,44.766,39.792
55.683,111.672,44.766,39.792
56.847,111.506,44.766,39.792
56.015,112.338,44.766,39.792
55.849,110.508,44.766,39.792
55.683,110.674,44.766,39.792
55.183,111.173,44.766,39.792
54.351,111.672,44.766,39.792
54.989,111.616,43.812,38.944
54.501,112.756,43.812,38.944
55.315,111.616,43.812,38.944
54.501,112.430,43.812,38.944
55.315,111.616,43.812,38.944
54.175,112.430,43.812,38.944
54.012,111.616,43.812,38.944
53.198,112.104,43.812,38.944
54.338,111.941,43.812,38.944
53.198,112.104,43.812,38.944
54.012,111.290,43.812,38.944
52.872,111.778,43.812,38.944
53.035,112.267,43.812,38.944
52.547,111.778,43.812,38.944
53.361,113.244,43.812,38.944
52.872,112.430,43.812,38.944
52.058,113.895,43.812,38.944
53.198,114.384,43.812,38.944
52.384,112.918,43.812,38.944
53.524,114.384,43.812,38.944
52.709,113.244,43.812,38.944
52.221,113.081,43.812,38.944
53.686,113.244,43.812,38.944
51.895,112.756,43.812,38.944
51.732,114.221,43.812,38.944
51.244,112.430,43.812,38.944
52.384,113.570,43.812,38.944
51.895,113.081,43.812,38.944
51.407,112.918,43.812,38.944
52.221,113.733,43.812,38.944
51.732,114.221,43.812,38.944
50.593,112.430,43.812,38.944
52.786,112.374,42.878,38.113
51.352,113.808,42.878,38.113
52.467,113.649,42.878,38.113
51.989,113.808,42.878,38.113
51.193,114.287,42.878,38.113
51.033,112.534,42.878,38.113
52.149,113.649,42.878,38.113
51.352,112.534,42.878,38.113
52.786,112.374,42.878,38.113
51.352,111.896,42.878,38.113
52.467,112.374,42.878,38.113
51.989,111.896,42.878,38.113
52.293,113.378,41.963,37.301
51.825,111.974,41.963,37.301
52.917,112.442,41.963,37.301
52.761,111.038,41.963,37.301
53.541,112.130,41.963,37.301
52.449,111.350,41.963,37.301
53.229,111.194,41.963,37.301
52.449,113.534,41.963,37.301
53.229,112.754,41.963,37.301
52.761,112.286,41.963,37.301
53.853,112.754,41.963,37.301
53.697,111.662,41.963,37.301
54.595,112.812,41.068,36.505
54.137,113.880,41.068,36.505
53.679,113.727,41.068,36.505
54.748,114.796,41.068,36.505
54.290,114.033,41.068,36.505
54.748,115.101,41.068,36.505
54.595,114.338,41.068,36.505
54.137,113.880,41.068,36.505
54.290,114.948,41.068,36.505
54.137,114.491,41.068,36.505
53.679,114.338,41.068,36.505
54.748,114.185,41.068,36.505
54.900,115.864,41.068,36.505
55.191,115.812,40.192,35.727
54.612,116.625,39.335,34.965
55.343,115.017,39.335,34.965
54.612,116.333,39.335,34.965
55.343,115.894,39.335,34.965
54.612,115.748,39.335,34.965
55.343,115.309,39.335,34.965
54.612,117.502,39.335,34.965
55.050,115.894,39.335,34.965
55.781,115.748,39.335,34.965
54.758,114.432,39.335,34.965
55.197,116.333,39.335,34.965
55.343,115.309,39.335,34.965
54.612,116.333,39.335,34.965
55.343,114.725,39.335,34.965
54.612,113.409,39.335,34.965
55.343,114.432,39.335,34.965
54.904,114.578,39.335,34.965
55.928,113.847,39.335,34.965
55.642,116.334,38.497,34.219
55.786,115.046,38.497,34.219
57.073,115.475,38.497,34.219
56.644,115.046,38.497,34.219
56.663,114.222,39.348,34.976
55.932,114.953,39.348,34.976
56.663,114.515,39.348,34.976
55.932,113.784,39.348,34.976
57.248,113.930,39.348,34.976
57.102,114.661,39.348,34.976
56.663,113.637,39.348,34.976
56.810,114.661,39.348,34.976
57.248,113.637,39.348,34.976
57.245,115.843,38.509,34.230
58.533,114.841,38.509,34.230
57.531,115.556,38.509,34.230
57.961,113.982,38.509,34.230
58.676,116.129,38.509,34.230
57.674,115.127,38.509,34.230
58.390,114.698,38.509,34.230
57.674,113.123,38.509,34.230
58.676,113.553,38.509,34.230
58.247,112.837,38.509,34.230
57.818,114.698,38.509,34.230
59.392,114.268,38.509,34.230
58.390,114.125,38.509,34.230
58.820,114.555,38.509,34.230
59.821,113.553,38.509,34.230
59.678,114.268,38.509,34.230
59.535,115.556,38.509,34.230
59.678,114.555,38.509,34.230
60.394,113.839,38.509,34.230
59.678,112.837,38.509,34.230
61.606,114.995,37.688,33.500
60.626,113.735,37.688,33.500
61.046,115.276,37.688,33.500
61.466,114.575,37.688,33.500
61.046,114.995,37.688,33.500
62.027,115.135,37.688,33.500
61.887,115.556,37.688,33.500
61.034,114.458,38.522,34.242
62.322,114.602,38.522,34.242
61.606,113.886,38.522,34.242
61.463,115.174,38.522,34.242
62.465,115.604,38.522,34.242
62.036,115.461,38.522,34.242
62.752,114.458,38.522,34.242
61.920,116.894,37.700,33.511
63.182,115.632,37.700,33.511
61.920,114.932,37.700,33.511
63.462,116.193,37.700,33.511
62.481,116.613,37.700,33.511
61.780,115.913,37.700,33.511
61.799,115.397,38.534,34.253
62.229,114.108,38.534,34.253
62.945,114.824,38.534,34.253
61.943,114.108,38.534,34.253
62.086,115.110,38.534,34.253
61.656,114.394,38.534,34.253
61.513,113.105,38.534,34.253
61.083,114.108,38.534,34.253
61.513,113.105,38.534,34.253
60.797,114.681,38.534,34.253
60.940,113.392,38.534,34.253
60.797,113.821,38.534,34.253
60.654,114.251,38.534,34.253
60.510,114.394,38.534,34.253
60.940,112.819,38.534,34.253
60.510,113.821,38.534,34.253
59.794,115.110,38.534,34.253
60.510,116.686,38.534,34.253
59.508,115.397,38.534,34.253
59.651,116.399,38.534,34.253
60.367,115.110,38.534,34.253
59.365,116.399,38.534,34.253
60.367,114.824,38.534,34.253
59.938,115.540,38.534,34.253
60.654,113.964,38.534,34.253
59.938,115.253,38.534,34.253
60.654,114.537,38.534,34.253
59.651,114.681,38.534,34.253
60.654,113.105,38.534,34.253
59.938,114.681,38.534,34.253
60.940,112.532,38.534,34.253
60.510,111.816,38.534,34.253
60.081,113.392,38.534,34.253
61.083,112.675,38.534,34.253
60.367,114.537,38.534,34.253
59.651,114.108,38.534,34.253
60.081,115.970,38.534,34.253
60.797,114.394,38.534,34.253
60.654,115.970,38.534,34.253
61.083,115.540,38.534,34.253
60.940,116.542,38.534,34.253
60.797,115.540,38.534,34.253
60.367,116.829,38.534,34.253
60.797,115.826,38.534,34.253
61.226,117.115,38.534,34.253
61.656,116.686,38.534,34.253
60.654,115.683,38.534,34.253
61.083,116.113,38.534,34.253
63.804,114.824,38.534,34.253
64.521,113.821,38.534,34.253
64.377,113.105,38.534,34.253
63.661,112.675,38.534,34.253
63.978,113.634,39.387,35.011
62.953,114.366,39.387,35.011
63.685,113.927,39.387,35.011
62.660,115.537,39.387,35.011
63.100,114.219,39.387,35.011
63.246,116.122,39.387,35.011
63.392,114.805,39.387,35.011
61.590,116.088,40.258,35.785
62.637,116.836,40.258,35.785
62.188,115.191,40.258,35.785
61.440,116.238,40.258,35.785
63.167,115.322,39.400,35.022
62.599,117.530,38.560,34.275
63.603,117.100,38.560,34.275
64.428,118.709,37.737,33.544
63.727,118.849,37.737,33.544
63.306,118.148,37.737,33.544
63.166,118.568,37.737,33.544
62.745,117.306,37.737,33.544
63.446,116.324,37.737,33.544
63.174,116.972,38.572,34.287
62.744,115.395,38.572,34.287
62.888,114.678,38.572,34.287
63.031,116.542,38.572,34.287
62.601,114.391,38.572,34.287
64.256,115.724,37.750,33.555
63.274,116.426,37.750,33.555
62.853,114.602,37.750,33.555
64.677,115.864,37.750,33.555
63.975,117.127,37.750,33.555
64.677,116.145,37.750,33.555
63.695,117.408,37.750,33.555
64.773,116.008,36.945,32.840
63.367,116.357,37.762,33.566
63.788,115.093,37.762,33.566
64.771,116.918,37.762,33.566
64.227,115.247,36.957,32.851
64.089,114.010,36.957,32.851
63.128,115.521,36.957,32.851
63.815,117.032,36.957,32.851
63.952,115.521,36.957,32.851
64.913,116.208,36.957,32.851
63.677,114.697,36.957,32.851
62.841,115.331,37.775,33.577
63.543,116.314,37.775,33.577
63.122,115.051,37.775,33.577
62.700,116.876,37.775,33.577
64.245,116.174,37.775,33.577
63.262,117.437,37.775,33.577
62.841,116.174,37.775,33.577
63.824,117.999,37.775,33.577
63.402,116.455,37.775,33.577
62.981,117.157,37.775,33.577
64.526,115.612,37.775,33.577
63.262,115.753,37.775,33.577
62.560,117.297,37.775,33.577
63.824,116.314,37.775,33.577
64.245,114.770,37.775,33.577
62.516,116.001,38.610,34.320
61.511,116.718,38.610,34.320
63.090,115.714,38.610,34.320
62.372,116.718,38.610,34.320
61.655,116.862,38.610,34.320
62.372,117.866,38.610,34.320
61.655,116.575,38.610,34.320
62.085,117.866,38.610,34.320
61.529,116.157,37.787,33.588
62.231,118.264,37.787,33.588
62.933,116.157,37.787,33.588
64.197,117.140,37.787,33.588
63.214,115.034,37.787,33.588
62.793,116.860,37.787,33.588
61.810,115.034,37.787,33.588
63.636,115.736,37.787,33.588
61.323,113.179,38.623,34.331
60.606,113.609,38.623,34.331
62.185,112.318,38.623,34.331
60.893,113.897,38.623,34.331
60.462,113.753,38.623,34.331
60.031,113.609,38.623,34.331
61.898,114.901,38.623,34.331
61.180,114.184,38.623,34.331
61.898,115.476,38.623,34.331
61.180,114.184,38.623,34.331
60.749,116.050,38.623,34.331
60.893,114.471,38.623,34.331
60.749,114.614,38.623,34.331
60.606,113.609,38.623,34.331
61.610,114.901,38.623,34.331
60.893,114.758,38.623,34.331
60.749,113.753,38.623,34.331
60.606,113.322,38.623,34.331
60.462,114.327,38.623,34.331
61.180,112.748,38.623,34.331
62.759,111.456,38.623,34.331
61.754,112.174,38.623,34.331
61.323,113.753,38.623,34.331
60.318,112.174,38.623,34.331
59.888,113.179,38.623,34.331
61.467,114.471,38.623,34.331
60.749,112.318,38.623,34.331
60.031,115.332,38.623,34.331
59.888,116.624,38.623,34.331
60.893,115.045,38.623,34.331
60.175,115.763,38.623,34.331
60.790,114.638,39.477,35.091
59.763,115.959,39.477,35.091
59.616,114.638,39.477,35.091
62.111,115.665,39.477,35.091
61.377,118.160,39.477,35.091
61.230,116.839,39.477,35.091
60.033,114.472,40.351,35.867
59.283,113.422,40.351,35.867
58.833,111.473,40.351,35.867
58.083,112.522,40.351,35.867
59.733,113.872,40.351,35.867
60.782,113.122,40.351,35.867
59.733,112.372,40.351,35.867
61.082,114.322,40.351,35.867
59.733,115.972,40.351,35.867
61.382,116.722,40.351,35.867
60.332,115.072,40.351,35.867
61.982,115.822,40.351,35.867
60.332,116.272,40.351,35.867
62.282,114.022,40.351,35.867
61.232,112.372,40.351,35.867
62.882,111.023,40.351,35.867
61.832,111.473,40.351,35.867
61.382,110.423,40.351,35.867
62.732,111.173,40.351,35.867
62.282,110.123,40.351,35.867
61.832,111.773,40.351,35.867
61.382,111.023,40.351,35.867
63.032,112.972,40.351,35.867
64.682,111.623,40.351,35.867
63.632,112.072,40.351,35.867
64.682,110.423,40.351,35.867
64.232,111.473,40.351,35.867
64.082,110.723,40.351,35.867
63.632,112.372,40.351,35.867
65.282,110.723,40.351,35.867
65.132,112.072,40.351,35.867
64.382,110.123,40.351,35.867
65.731,112.072,40.351,35.867
64.982,111.623,40.351,35.867
64.532,112.972,40.351,35.867
66.481,111.922,40.351,35.867
65.431,112.372,40.351,35.867
65.282,112.522,40.351,35.867
65.132,111.473,40.351,35.867
65.881,112.822,40.351,35.867
64.832,111.473,40.351,35.867
64.682,113.122,40.351,35.867
66.331,111.473,40.351,35.867
65.581,113.122,40.351,35.867
65.731,111.173,40.351,35.867
66.481,112.522,40.351,35.867
65.731,113.572,40.351,35.867
67.681,112.522,40.351,35.867
66.631,114.172,40.351,35.867
66.481,114.022,40.351,35.867
66.631,115.072,40.351,35.867
67.981,113.122,40.351,35.867
66.931,112.372,40.351,35.867
67.681,113.422,40.351,35.867
69.031,112.972,40.351,35.867
67.495,114.598,41.244,36.661
68.262,113.525,41.244,36.661
68.108,114.905,41.244,36.661
69.181,115.365,41.244,36.661
68.415,113.985,41.244,36.661
69.795,115.978,41.244,36.661
69.200,115.334,40.364,35.879
69.650,116.385,40.364,35.879
69.359,114.587,41.257,36.673
68.899,115.354,41.257,36.673
68.439,113.667,41.257,36.673
67.673,115.047,41.257,36.673
69.359,114.280,41.257,36.673
68.286,113.514,41.257,36.673
69.359,115.507,41.257,36.673
67.979,113.820,41.257,36.673
69.749,115.246,40.377,35.891
68.999,116.596,40.377,35.891
68.549,117.947,40.377,35.891
68.569,117.706,41.271,36.685
68.416,116.325,41.271,36.685
67.821,117.751,40.391,35.903
67.371,116.100,40.391,35.903
68.722,116.250,40.391,35.903
67.971,115.199,40.391,35.903
67.521,116.250,40.391,35.903
68.271,116.400,40.391,35.903
68.121,117.751,40.391,35.903
67.207,116.575,41.284,36.697
68.683,118.002,40.404,35.915
68.232,117.251,40.404,35.915
67.481,116.200,40.404,35.915
69.133,115.749,40.404,35.915
67.782,114.999,40.404,35.915
68.833,113.947,40.404,35.915
67.481,115.599,40.404,35.915
69.433,114.848,40.404,35.915
68.382,116.500,40.404,35.915
68.833,116.350,40.404,35.915
67.782,115.900,40.404,35.915
70.034,115.449,40.404,35.915
68.683,116.500,40.404,35.915
70.334,115.149,40.404,35.915
69.283,114.398,40.404,35.915
70.034,115.749,40.404,35.915
68.983,114.098,40.404,35.915
70.334,112.446,40.404,35.915
69.584,113.797,40.404,35.915
70.635,114.848,40.404,35.915
70.184,114.698,40.404,35.915
69.734,113.347,40.404,35.915
71.386,114.698,40.404,35.915
70.334,114.548,40.404,35.915
70.184,114.999,40.404,35.915
69.734,115.749,40.404,35.915
71.085,114.398,40.404,35.915
69.734,113.046,40.404,35.915
71.085,112.896,40.404,35.915
70.034,114.548,40.404,35.915
70.485,113.497,40.404,35.915
70.034,114.848,40.404,35.915
69.884,114.999,40.404,35.915
69.734,113.947,40.404,35.915
71.085,114.999,40.404,35.915
70.334,116.050,40.404,35.915
69.884,114.698,40.404,35.915
69.433,117.251,40.404,35.915
68.983,115.900,40.404,35.915
69.133,115.449,40.404,35.915
68.983,113.797,40.404,35.915
68.833,115.149,40.404,35.915
68.683,113.497,40.404,35.915
68.969,115.472,39.542,35.149
68.528,115.913,39.542,35.149
68.969,115.472,39.542,35.149
68.234,115.031,39.542,35.149
67.339,114.795,40.417,35.926
67.189,115.245,40.417,35.926
66.738,114.494,40.417,35.926
68.691,115.245,40.417,35.926
67.639,115.095,40.417,35.926
67.189,113.743,40.417,35.926
65.962,115.060,41.311,36.721
64.709,115.132,42.225,37.534
66.749,114.975,42.225,37.534
66.278,114.190,42.225,37.534
65.648,114.915,43.160,38.364
67.413,114.113,43.160,38.364
66.611,116.198,43.160,38.364
68.054,115.075,43.160,38.364
67.252,115.236,43.160,38.364
65.943,113.313,44.114,39.213
67.418,113.149,44.114,39.213
67.254,113.969,44.114,39.213
68.074,112.821,44.114,39.213
67.582,114.625,44.114,39.213
69.714,115.117,44.114,39.213
69.222,115.937,44.114,39.213
69.058,115.117,44.114,39.213
69.222,114.625,44.114,39.213
70.698,115.445,44.114,39.213
70.206,114.625,44.114,39.213
70.370,115.117,44.114,39.213
70.206,114.953,44.114,39.213
70.042,114.461,44.114,39.213
69.878,114.297,44.114,39.213
72.665,115.773,44.114,39.213
71.517,114.953,44.114,39.213
70.698,114.461,44.114,39.213
72.501,113.313,44.114,39.213
71.681,114.789,44.114,39.213
72.173,114.625,44.114,39.213
71.353,113.805,44.114,39.213
72.173,115.281,44.114,39.213
72.337,116.101,44.114,39.213
72.173,115.281,44.114,39.213
71.681,114.133,44.114,39.213
73.485,114.297,44.114,39.213
72.337,116.756,44.114,39.213
73.157,115.609,44.114,39.213
72.665,116.756,44.114,39.213
73.157,116.265,44.114,39.213
72.337,115.773,44.114,39.213
73.485,115.609,44.114,39.213
73.321,114.461,44.114,39.213
72.829,112.985,44.114,39.213
72.337,112.166,44.114,39.213
71.517,110.690,44.114,39.213
71.681,110.526,44.114,39.213
70.862,109.378,44.114,39.213
71.026,111.182,44.114,39.213
69.878,109.706,44.114,39.213
72.337,110.526,44.114,39.213
71.190,109.378,44.114,39.213
70.042,109.214,44.114,39.213
69.550,110.690,44.114,39.213
70.370,109.214,44.114,39.213
69.878,111.346,44.114,39.213
69.714,109.870,44.114,39.213
69.550,110.362,44.114,39.213
70.370,111.182,44.114,39.213
69.550,109.706,44.114,39.213
70.370,109.542,44.114,39.213
69.550,108.395,44.114,39.213
69.386,109.542,44.114,39.213
68.894,109.378,44.114,39.213
70.370,110.526,44.114,39.213
69.222,109.378,44.114,39.213
70.042,109.870,44.114,39.213
69.222,109.050,44.114,39.213
68.730,110.198,44.114,39.213
70.534,110.034,44.114,39.213
68.515,110.111,45.091,40.080
67.677,110.613,45.091,40.080
68.850,110.781,45.091,40.080
68.012,109.943,45.091,40.080
69.520,109.440,45.091,40.080
68.347,108.602,45.091,40.080
68.180,109.440,45.091,40.080
68.682,109.608,45.091,40.080
67.844,109.105,45.091,40.080
67.006,108.267,45.091,40.080
68.515,108.770,45.091,40.080
67.677,109.273,45.091,40.080
67.174,108.100,45.091,40.080
68.012,107.597,45.091,40.080
67.509,109.105,45.091,40.080
66.671,108.267,45.091,40.080
66.168,107.429,45.091,40.080
65.666,106.927,45.091,40.080
65.163,108.435,45.091,40.080
66.671,107.262,45.091,40.080
65.833,108.100,45.091,40.080
64.995,106.927,45.091,40.080
65.833,108.435,45.091,40.080
64.995,107.932,45.091,40.080
64.493,109.440,45.091,40.080
63.990,108.602,45.091,40.080
65.163,109.775,45.091,40.080
64.325,109.273,45.091,40.080
63.822,108.435,45.091,40.080
63.319,108.938,45.091,40.080
64.493,110.111,45.091,40.080
62.984,109.273,45.091,40.080
62.482,109.440,45.091,40.080
61.979,109.943,45.091,40.080
61.811,109.440,45.091,40.080
61.644,108.938,45.091,40.080
61.141,110.446,45.091,40.080
62.649,110.278,45.091,40.080
61.811,110.446,45.091,40.080
61.644,110.613,45.091,40.080
61.811,111.116,45.091,40.080
61.644,110.613,45.091,40.080
61.476,111.116,45.091,40.080
61.308,110.613,45.091,40.080
63.152,112.792,45.091,40.080
61.644,112.624,45.091,40.080
61.141,113.462,45.091,40.080
60.638,112.624,45.091,40.080
61.141,112.122,45.091,40.080
61.308,111.284,45.091,40.080
61.141,111.116,45.091,40.080
60.638,111.619,45.091,40.080
59.800,112.122,45.091,40.080
59.633,111.619,45.091,40.080
59.465,112.792,45.091,40.080
59.297,113.295,45.091,40.080
60.806,112.457,45.091,40.080
59.633,111.284,45.091,40.080
58.795,111.451,45.091,40.080
59.968,112.624,45.091,40.080
59.130,112.792,45.091,40.080
59.968,113.295,45.091,40.080
59.964,112.915,44.129,39.226
59.144,113.407,44.129,39.226
60.089,111.770,43.188,38.389
58.965,111.288,43.188,38.389
60.089,112.733,43.188,38.389
59.286,112.251,43.188,38.389
59.126,114.017,43.188,38.389
58.965,114.177,43.188,38.389
59.126,113.696,43.188,38.389
58.644,112.572,43.188,38.389
59.447,112.733,43.188,38.389
59.443,114.225,42.267,37.571
58.972,113.754,42.267,37.571
59.129,112.968,42.267,37.571
58.972,113.125,42.267,37.571
58.815,113.283,42.267,37.571
58.657,113.754,42.267,37.571
58.500,112.968,42.267,37.571
58.972,114.068,42.267,37.571
58.500,113.911,42.267,37.571
58.029,113.440,42.267,37.571
59.757,114.853,42.267,37.571
58.972,113.754,42.267,37.571
58.500,113.911,42.267,37.571
58.657,115.011,42.267,37.571
58.186,114.225,42.267,37.571
59.511,113.321,43.202,38.402
58.709,112.197,43.202,38.402
58.227,113.642,43.202,38.402
57.424,113.802,43.202,38.402
58.869,114.605,43.202,38.402
57.225,112.681,44.158,39.251
57.717,112.189,44.158,39.251
58.866,113.666,44.158,39.251
58.046,112.845,44.158,39.251
57.225,113.009,44.158,39.251
57.389,112.517,44.158,39.251
57.225,111.696,44.158,39.251
56.733,112.845,44.158,39.251
55.912,112.025,44.158,39.251
57.717,113.830,44.158,39.251
57.225,112.353,44.158,39.251
57.061,114.486,44.158,39.251
56.897,113.009,44.158,39.251
59.108,114.219,43.216,38.414
58.305,115.022,43.216,38.414
57.823,113.576,43.216,38.414
59.590,115.022,43.216,38.414
58.787,115.504,43.216,38.414
58.626,114.058,43.216,38.414
58.465,112.934,43.216,38.414
58.771,114.117,42.295,37.595
58.300,112.388,42.295,37.595
59.714,115.375,42.295,37.595
59.243,115.218,42.295,37.595
59.086,114.117,42.295,37.595
59.243,113.017,42.295,37.595
59.542,115.085,41.393,36.793
60.004,114.315,41.393,36.793
60.773,114.777,41.393,36.793
60.619,115.546,41.393,36.793
60.158,114.469,41.393,36.793
61.235,115.854,41.393,36.793
61.081,114.161,41.393,36.793
62.158,113.085,41.393,36.793
62.312,115.392,41.393,36.793
61.850,115.854,41.393,36.793
63.235,114.777,41.393,36.793
63.081,114.315,41.393,36.793
63.235,116.008,41.393,36.793
63.081,114.623,41.393,36.793
64.465,115.085,41.393,36.793
63.388,114.931,41.393,36.793
64.158,116.315,41.393,36.793
64.927,117.392,41.393,36.793
64.773,116.623,41.393,36.793
65.235,115.854,41.393,36.793
65.696,116.931,41.393,36.793
65.235,117.392,41.393,36.793
67.234,117.238,41.393,36.793
66.773,115.854,41.393,36.793
67.542,114.469,41.393,36.793
67.539,115.306,40.510,36.009
68.894,116.360,40.510,36.009
68.442,117.414,40.510,36.009
69.496,116.360,40.510,36.009
69.647,116.511,40.510,36.009
71.002,114.855,40.510,36.009
70.851,116.210,40.510,36.009
72.206,117.565,40.510,36.009
72.658,117.414,40.510,36.009
72.206,118.468,40.510,36.009
73.561,118.619,40.510,36.009
73.109,117.565,40.510,36.009
74.766,118.619,40.510,36.009
74.314,117.565,40.510,36.009
74.766,116.812,40.510,36.009
76.723,116.059,40.510,36.009
76.271,115.909,40.510,36.009
75.820,115.156,40.510,36.009
77.777,115.909,40.510,36.009
77.325,115.457,40.510,36.009
77.777,116.812,40.510,36.009
79.132,116.059,40.510,36.009
79.885,117.113,40.510,36.009
80.172,118.513,39.646,35.241
80.908,118.660,39.646,35.241
81.056,119.397,39.646,35.241
81.792,118.660,39.646,35.241
82.235,118.218,39.646,35.241
83.561,117.187,39.646,35.241
84.297,116.450,39.646,35.241
84.739,116.892,39.646,35.241
84.592,116.155,39.646,35.241
86.508,117.481,39.646,35.241
86.950,117.334,39.646,35.241
87.392,118.366,39.646,35.241
88.129,117.923,39.646,35.241
88.571,116.892,39.646,35.241
89.897,117.923,39.646,35.241
90.044,116.892,39.646,35.241
90.781,117.039,39.646,35.241
91.518,115.713,39.646,35.241
92.844,114.976,39.646,35.241
92.107,113.945,39.646,35.241
93.728,115.566,39.646,35.241
92.991,116.008,39.646,35.241
94.317,115.861,39.646,35.241
95.643,117.481,39.646,35.241
96.675,117.923,39.646,35.241
97.117,116.892,39.646,35.241
96.675,117.923,39.646,35.241
97.706,118.071,39.646,35.241
97.264,118.218,39.646,35.241
98.296,118.366,39.646,35.241
99.327,117.629,39.646,35.241
99.180,117.776,39.646,35.241
99.622,119.102,39.646,35.241
99.769,120.134,39.646,35.241
99.033,119.986,39.646,35.241
100.064,118.955,39.646,35.241
99.917,117.923,39.646,35.241
99.769,118.955,39.646,35.241
99.622,119.692,39.646,35.241
101.243,119.544,39.646,35.241
100.211,118.808,39.646,35.241
100.653,117.481,39.646,35.241
100.506,116.450,39.646,35.241
100.653,116.597,39.646,35.241
100.506,116.450,39.646,35.241
100.948,115.419,39.646,35.241
99.622,114.682,39.646,35.241
100.948,116.597,39.646,35.241
100.661,116.263,38.801,34.489
99.363,117.561,38.801,34.489
100.372,119.147,38.801,34.489
99.940,118.426,38.801,34.489
98.642,117.128,38.801,34.489
100.517,118.715,38.801,34.489
100.372,125.204,38.801,34.489
99.651,123.329,38.801,34.489
99.648,122.446,37.973,33.754
98.942,123.152,37.973,33.754
98.801,118.212,37.973,33.754
98.096,116.660,37.973,33.754
97.954,117.365,37.973,33.754
97.531,118.353,37.973,33.754
97.672,117.647,37.973,33.754
97.249,116.377,37.973,33.754
97.390,117.083,37.973,33.754
97.249,115.530,37.973,33.754
97.108,115.107,37.973,33.754
96.684,116.095,37.973,33.754
96.261,115.389,37.973,33.754
97.531,116.095,37.973,33.754
96.543,115.107,37.973,33.754
96.120,115.530,37.973,33.754
95.979,115.954,37.973,33.754
95.837,114.684,37.973,33.754
95.696,113.696,37.973,33.754
95.555,114.684,37.973,33.754
95.132,116.236,37.973,33.754
96.402,117.506,37.973,33.754
95.696,117.083,37.973,33.754
94.991,115.813,37.973,33.754
95.414,114.542,37.973,33.754
95.273,116.377,37.973,33.754
94.849,117.365,37.973,33.754
94.426,115.813,37.973,33.754
95.132,116.236,37.973,33.754
94.426,117.224,37.973,33.754
94.849,118.212,37.973,33.754
94.144,117.224,37.973,33.754
95.132,117.930,37.973,33.754
94.708,116.660,37.973,33.754
94.003,115.672,37.973,33.754
95.273,115.248,37.973,33.754
94.849,117.365,37.973,33.754
93.990,115.967,38.813,34.501
93.557,116.688,38.813,34.501
95.433,117.409,38.813,34.501
94.711,116.688,38.813,34.501
93.990,117.409,38.813,34.501
95.000,117.265,38.813,34.501
94.567,116.544,38.813,34.501
95.577,117.265,38.813,34.501
95.144,116.255,38.813,34.501
95.577,115.534,38.813,34.501
96.010,115.390,38.813,34.501
95.288,116.111,38.813,34.501
96.010,115.101,38.813,34.501
95.577,115.823,38.813,34.501
96.298,114.524,38.813,34.501
96.154,116.688,38.813,34.501
96.010,115.967,38.813,34.501
95.865,116.688,38.813,34.501
95.721,117.409,38.813,34.501
95.577,116.111,38.813,34.501
97.741,116.832,38.813,34.501
97.019,115.246,38.813,34.501
96.875,115.967,38.813,34.501
97.597,114.091,38.813,34.501
97.164,114.813,38.813,34.501
98.751,113.803,38.813,34.501
98.606,114.813,38.813,34.501
98.751,115.534,38.813,34.501
98.895,116.832,38.813,34.501
99.616,115.246,38.813,34.501
99.472,116.255,38.813,34.501
101.059,114.668,38.813,34.501
100.914,116.255,38.813,34.501
100.770,115.246,38.813,34.501
100.626,115.967,38.813,34.501
101.347,114.668,38.813,34.501
101.203,114.813,38.813,34.501
100.770,114.091,38.813,34.501
101.491,114.236,38.813,34.501
101.810,113.704,39.672,35.264
101.073,115.621,39.672,35.264
101.516,115.474,39.672,35.264
101.368,114.147,39.672,35.264
101.516,115.179,39.672,35.264
101.663,115.916,39.672,35.264
101.516,115.474,39.672,35.264
101.073,116.801,39.672,35.264
101.516,115.769,39.672,35.264
101.663,115.621,39.672,35.264
102.105,115.769,39.672,35.264
101.958,115.326,39.672,35.264
101.516,116.653,39.672,35.264
102.548,117.096,39.672,35.264
103.285,115.474,39.672,35.264
102.843,116.211,39.672,35.264
102.695,114.884,39.672,35.264
102.843,113.852,39.672,35.264
102.695,115.474,39.672,35.264
103.727,115.326,39.672,35.264
103.285,115.769,39.672,35.264
103.432,116.211,39.672,35.264
103.875,115.179,39.672,35.264
103.432,116.801,39.672,35.264
103.285,116.948,39.672,35.264
104.022,115.621,39.672,35.264
103.580,116.653,39.672,35.264
103.137,116.801,39.672,35.264
102.990,118.128,39.672,35.264
104.317,116.211,39.672,35.264
103.580,116.653,39.672,35.264
105.202,116.801,39.672,35.264
104.759,117.538,39.672,35.264
104.317,116.801,39.672,35.264
104.464,118.718,39.672,35.264
103.873,116.645,40.550,36.044
104.325,115.891,40.550,36.044
103.571,116.343,40.550,36.044
103.420,115.590,40.550,36.044
104.475,116.343,40.550,36.044
103.722,118.001,40.550,36.044
105.078,116.042,40.550,36.044
104.325,116.795,40.550,36.044
104.174,116.042,40.550,36.044
104.023,116.795,40.550,36.044
105.078,115.740,40.550,36.044
104.325,115.288,40.550,36.044
103.873,117.248,40.550,36.044
102.642,115.129,41.447,36.842
102.180,116.207,41.447,36.842
103.566,115.129,41.447,36.842
102.796,116.207,41.447,36.842
102.334,115.745,41.447,36.842
101.564,116.207,41.447,36.842
101.718,115.437,41.447,36.842
101.256,114.667,41.447,36.842
102.334,115.745,41.447,36.842
101.564,115.899,41.447,36.842
101.410,116.361,41.447,36.842
101.256,114.975,41.447,36.842
102.642,116.053,41.447,36.842
102.180,115.899,41.447,36.842
102.950,115.129,41.447,36.842
102.488,114.975,41.447,36.842
101.718,114.513,41.447,36.842
101.256,114.975,41.447,36.842
102.642,114.205,41.447,36.842
101.564,115.283,41.447,36.842
100.626,113.757,42.364,37.657
100.468,115.803,42.364,37.657
101.256,114.386,42.364,37.657
101.098,114.229,42.364,37.657
100.626,112.812,42.364,37.657
100.468,114.229,42.364,37.657
100.626,113.757,42.364,37.657
101.098,114.544,42.364,37.657
100.311,113.442,42.364,37.657
100.154,114.229,42.364,37.657
100.626,113.442,42.364,37.657
100.468,113.599,42.364,37.657
100.311,114.701,42.364,37.657
100.154,112.969,42.364,37.657
99.996,114.072,42.364,37.657
99.524,113.914,42.364,37.657
100.941,115.016,42.364,37.657
99.839,115.174,42.364,37.657
99.996,114.701,42.364,37.657
99.524,117.378,42.364,37.657
98.892,115.818,43.301,38.490
98.409,117.266,43.301,38.490
100.501,116.462,43.301,38.490
99.696,116.944,43.301,38.490
99.050,115.684,44.259,39.342
98.886,115.848,44.259,39.342
98.721,115.026,44.259,39.342
97.899,116.835,44.259,39.342
99.050,116.342,44.259,39.342
98.228,118.480,44.259,39.342
98.063,117.658,44.259,39.342
97.570,118.480,44.259,39.342
97.405,117.329,44.259,39.342
98.228,116.835,44.259,39.342
97.226,115.888,45.239,40.212
96.722,117.401,45.239,40.212
97.094,116.084,46.239,41.102
95.891,116.256,46.239,41.102
95.719,116.772,46.239,41.102
96.234,115.912,46.239,41.102
95.719,116.772,46.239,41.102
96.578,115.912,46.239,41.102
95.719,116.428,46.239,41.102
95.203,115.912,46.239,41.102
94.000,117.803,46.239,41.102
95.203,116.944,46.239,41.102
94.688,117.459,46.239,41.102
93.998,116.113,47.263,42.011
94.173,115.235,47.263,42.011
95.403,116.113,47.263,42.011
94.525,116.640,47.263,42.011
94.349,116.113,47.263,42.011
94.525,116.991,47.263,42.011
93.647,116.816,47.263,42.011
94.525,115.586,47.263,42.011
93.820,114.939,48.308,42.941
94.717,115.118,48.308,42.941
94.538,116.734,48.308,42.941
93.999,115.837,48.308,42.941
93.461,116.016,48.308,42.941
92.922,116.196,48.308,42.941
92.742,115.657,48.308,42.941
92.922,115.837,48.308,42.941
92.383,115.298,48.308,42.941
93.640,115.837,48.308,42.941
93.461,116.375,48.308,42.941
92.922,115.837,48.308,42.941
92.383,115.298,48.308,42.941
92.204,115.837,48.308,42.941
92.383,115.657,48.308,42.941
93.281,114.759,48.308,42.941
92.742,116.375,48.308,42.941
93.999,114.759,48.308,42.941
93.649,114.352,47.278,42.025
93.122,115.933,47.278,42.025
93.298,116.461,47.278,42.025
93.825,114.528,47.278,42.025
92.946,114.001,47.278,42.025
92.771,115.231,47.278,42.025
92.243,116.461,47.278,42.025
92.068,115.231,47.278,42.025
91.727,115.313,48.324,42.955
92.625,114.055,48.324,42.955
92.086,115.313,48.324,42.955
91.547,116.570,48.324,42.955
92.445,115.313,48.324,42.955
91.907,116.929,48.324,42.955
91.368,115.672,48.324,42.955
92.266,115.492,48.324,42.955
91.727,116.390,48.324,42.955
92.984,117.647,48.324,42.955
92.445,116.031,48.324,42.955
92.984,116.211,48.324,42.955
92.445,114.953,48.324,42.955
92.625,114.055,48.324,42.955
92.277,113.394,49.393,43.905
92.683,115.003,50.486,44.877
93.246,114.065,50.486,44.877
92.683,114.628,50.486,44.877
93.996,114.816,50.486,44.877
92.854,113.346,51.603,45.869
93.045,114.688,51.603,45.869
93.237,113.346,51.603,45.869
93.661,113.435,52.745,46.884
93.857,112.455,52.745,46.884
95.622,113.043,52.745,46.884
95.033,112.847,52.745,46.884
96.798,113.827,52.745,46.884
96.602,114.023,52.745,46.884
96.798,114.219,52.745,46.884
97.386,112.847,52.745,46.884
97.974,113.043,52.745,46.884
99.346,114.415,52.745,46.884
98.366,112.651,52.745,46.884
98.562,114.023,52.745,46.884
99.402,111.674,53.912,47.922
99.202,111.073,53.912,47.922
98.601,111.674,53.912,47.922
100.003,110.672,53.912,47.922
99.002,112.476,53.912,47.922
100.003,113.878,53.912,47.922
100.605,112.075,53.912,47.922
98.553,110.921,55.105,48.982
99.577,111.126,55.105,48.982
99.782,110.512,55.105,48.982
99.577,112.355,55.105,48.982
99.782,111.740,55.105,48.982
100.806,110.716,55.105,48.982
100.601,111.331,55.105,48.982
101.215,112.764,55.105,48.982
102.239,111.740,55.105,48.982
102.854,111.945,55.105,48.982
102.239,110.512,55.105,48.982
103.673,111.945,55.105,48.982
102.649,110.102,55.105,48.982
104.083,111.536,55.105,48.982
104.288,110.512,55.105,48.982
104.902,110.716,55.105,48.982
105.516,111.740,55.105,48.982
104.902,111.945,55.105,48.982
105.107,110.921,55.105,48.982
105.721,113.174,55.105,48.982
105.516,114.608,55.105,48.982
105.119,111.728,56.324,50.066
105.747,113.194,56.324,50.066
105.119,112.147,56.324,50.066
107.003,113.612,56.324,50.066
105.957,111.310,56.324,50.066
106.585,113.194,56.324,50.066
106.375,110.891,56.324,50.066
106.166,110.263,56.324,50.066
108.050,112.984,56.324,50.066
107.422,110.682,56.324,50.066
105.713,108.173,57.570,51.173
107.211,109.243,57.570,51.173
105.464,106.679,58.844,52.305
105.245,109.522,58.844,52.305
104.589,107.554,58.844,52.305
103.496,109.085,58.844,52.305
104.589,107.116,58.844,52.305
103.058,106.460,58.844,52.305
106.004,109.758,57.589,51.190
104.506,109.116,57.589,51.190
104.292,111.043,57.589,51.190
104.506,112.969,57.589,51.190
103.436,110.615,57.589,51.190
101.938,112.969,57.589,51.190
103.996,111.658,56.361,50.098
102.529,109.773,56.361,50.098
102.320,112.077,56.361,50.098
101.273,110.192,56.361,50.098
102.320,109.144,56.361,50.098
101.273,111.449,56.361,50.098
101.901,109.144,56.361,50.098
101.273,111.449,56.361,50.098
100.644,110.820,56.361,50.098
100.016,109.354,56.361,50.098
101.901,112.496,56.361,50.098
100.435,111.030,56.361,50.098
100.644,112.077,56.361,50.098
101.692,110.192,56.361,50.098
101.063,111.658,56.361,50.098
102.529,109.773,56.361,50.098
101.901,111.658,56.361,50.098
101.692,108.935,56.361,50.098
101.901,110.820,56.361,50.098
103.367,110.611,56.361,50.098
101.901,109.144,56.361,50.098
104.205,111.030,56.361,50.098
103.158,109.563,56.361,50.098
105.043,110.611,56.361,50.098
103.996,109.982,56.361,50.098
105.043,111.868,56.361,50.098
104.415,109.563,56.361,50.098
105.043,111.030,56.361,50.098
105.253,112.915,56.361,50.098
107.138,113.543,56.361,50.098
106.090,115.010,56.361,50.098
106.719,114.381,56.361,50.098
106.509,112.915,56.361,50.098
106.300,113.543,56.361,50.098
107.766,110.820,56.361,50.098
106.719,109.354,56.361,50.098
107.766,110.820,56.361,50.098
106.719,108.935,56.361,50.098
106.509,108.306,56.361,50.098
107.557,110.192,56.361,50.098
106.509,107.469,56.361,50.098
107.557,106.002,56.361,50.098
107.347,108.725,56.361,50.098
107.557,111.030,56.361,50.098
108.185,109.563,56.361,50.098
109.233,110.611,56.361,50.098
108.604,109.563,56.361,50.098
108.395,110.611,56.361,50.098
107.347,110.820,56.361,50.098
107.976,112.286,56.361,50.098
107.766,113.753,56.361,50.098
107.138,112.705,56.361,50.098
110.364,114.653,55.159,49.030
108.929,113.628,55.159,49.030
108.313,112.193,55.159,49.030
107.698,113.218,55.159,49.030
110.460,112.358,53.983,47.984
109.056,110.953,53.983,47.984
107.651,110.752,53.983,47.984
108.654,111.756,53.983,47.984
106.600,109.768,55.177,49.046
105.575,109.152,55.177,49.046
106.190,109.358,55.177,49.046
105.575,109.973,55.177,49.046
104.549,109.358,55.177,49.046
103.934,111.613,55.177,49.046
103.729,110.178,55.177,49.046
103.524,112.434,55.177,49.046
102.499,114.689,55.177,49.046
102.294,113.664,55.177,49.046
104.139,114.279,55.177,49.046
102.704,113.664,55.177,49.046
102.089,113.869,55.177,49.046
101.883,113.254,55.177,49.046
101.268,113.459,55.177,49.046
102.704,114.074,55.177,49.046
101.268,112.639,55.177,49.046
100.653,112.434,55.177,49.046
100.448,113.049,55.177,49.046
99.423,112.434,55.177,49.046
100.038,113.869,55.177,49.046
100.243,113.254,55.177,49.046
99.628,115.510,55.177,49.046
99.012,114.484,55.177,49.046
100.858,114.279,55.177,49.046
99.423,117.355,55.177,49.046
98.807,116.740,55.177,49.046
101.063,114.895,55.177,49.046
100.038,113.869,55.177,49.046
99.423,114.895,55.177,49.046
98.397,113.049,55.177,49.046
101.063,113.254,55.177,49.046
99.628,114.689,55.177,49.046
99.012,114.484,55.177,49.046
100.589,117.182,54.000,48.000
98.951,116.026,55.195,49.062
101.207,115.821,55.195,49.062
100.181,117.257,55.195,49.062
101.207,117.462,55.195,49.062
100.181,116.846,55.195,49.062
99.976,115.821,55.195,49.062
100.004,114.640,56.416,50.148
99.375,114.430,56.416,50.148
98.746,114.640,56.416,50.148
100.633,114.849,56.416,50.148
99.165,115.478,56.416,50.148
100.633,116.107,56.416,50.148
99.165,116.736,56.416,50.148
100.633,114.849,56.416,50.148
99.165,115.478,56.416,50.148
100.633,116.527,56.416,50.148
99.165,117.156,56.416,50.148
99.795,117.785,56.416,50.148
98.746,116.736,56.416,50.148
99.795,116.946,56.416,50.148
98.327,116.317,56.416,50.148
97.698,116.527,56.416,50.148
99.165,115.898,56.416,50.148
98.956,116.527,56.416,50.148
98.327,115.898,56.416,50.148
97.698,115.269,56.416,50.148
98.327,114.640,56.416,50.148
98.117,114.430,56.416,50.148
99.165,113.801,56.416,50.148
98.536,115.688,56.416,50.148
97.488,115.478,56.416,50.148
97.278,115.269,56.416,50.148
98.327,115.059,56.416,50.148
97.278,115.269,56.416,50.148
97.488,115.478,56.416,50.148
96.859,115.688,56.416,50.148
98.875,115.616,55.213,49.078
97.439,115.822,55.213,49.078
97.234,116.848,55.213,49.078
97.439,115.822,55.213,49.078
96.413,116.027,55.213,49.078
97.439,116.642,55.213,49.078
96.413,116.848,55.213,49.078
96.618,115.822,55.213,49.078
96.413,116.027,55.213,49.078
96.208,116.642,55.213,49.078
97.644,116.437,55.213,49.078
95.797,116.642,55.213,49.078
96.413,115.206,55.213,49.078
95.797,115.822,55.213,49.078
95.181,115.616,55.213,49.078
96.618,115.411,55.213,49.078
95.592,116.027,55.213,49.078
96.208,115.822,55.213,49.078
96.598,115.752,54.036,48.032
96.398,116.354,54.036,48.032
95.795,115.350,54.036,48.032
97.201,115.149,54.036,48.032
96.197,115.751,54.036,48.032
97.201,116.756,54.036,48.032
96.598,116.555,54.036,48.032
96.398,116.354,54.036,48.032
97.000,116.956,54.036,48.032
95.996,117.559,54.036,48.032
97.402,116.956,54.036,48.032
97.201,116.354,54.036,48.032
96.598,115.350,54.036,48.032
98.808,115.149,54.036,48.032
98.205,115.751,54.036,48.032
97.813,117.231,52.883,47.007
99.975,116.642,52.883,47.007
99.386,116.838,52.883,47.007
98.796,117.821,52.883,47.007
101.065,116.996,51.756,46.005
100.293,115.889,52.901,47.023
99.703,116.478,52.901,47.023
99.900,117.068,52.901,47.023
99.703,115.299,52.901,47.023
101.473,114.709,52.901,47.023
101.669,114.119,52.901,47.023
101.079,115.889,52.901,47.023
102.456,115.692,52.901,47.023
102.259,114.316,52.901,47.023
103.242,114.119,52.901,47.023
103.045,114.316,52.901,47.023
103.635,114.512,52.901,47.023
103.045,114.316,52.901,47.023
104.815,114.512,52.901,47.023
103.439,114.316,52.901,47.023
106.466,116.144,51.773,46.020
105.720,115.707,50.668,45.039
105.716,116.369,49.588,44.078
107.375,118.027,49.588,44.078
107.559,117.106,49.588,44.078
108.480,115.816,49.588,44.078
107.766,117.174,48.530,43.138
109.389,115.551,48.530,43.138
109.733,117.228,47.496,42.218
110.968,118.463,47.496,42.218
109.733,116.875,47.496,42.218
111.321,118.110,47.496,42.218
110.637,118.731,46.483,41.318
110.464,119.940,46.483,41.318
111.328,118.731,46.483,41.318
110.464,120.631,46.483,41.318
111.563,118.561,47.511,42.232
110.680,119.444,47.511,42.232
111.563,117.854,47.511,42.232
110.680,119.797,47.511,42.232
110.150,118.914,47.511,42.232
109.974,119.444,47.511,42.232
109.444,118.207,47.511,42.232
111.386,120.150,47.511,42.232
109.212,117.667,48.562,43.167
110.475,120.014,48.562,43.167
108.851,119.111,48.562,43.167
110.114,118.570,48.562,43.167
109.573,119.833,48.562,43.167
109.753,118.570,48.562,43.167
109.573,119.111,48.562,43.167
109.392,117.848,48.562,43.167
109.212,119.833,48.562,43.167
110.114,118.570,48.562,43.167
110.295,119.472,48.562,43.167
108.447,117.684,49.637,44.122
109.369,116.762,49.637,44.122
108.447,118.053,49.637,44.122
108.089,116.225,50.735,45.098
108.655,117.168,50.735,45.098
108.089,116.225,50.735,45.098
109.032,117.168,50.735,45.098
107.712,116.602,50.735,45.098
107.523,118.299,50.735,45.098
106.958,116.602,50.735,45.098
107.901,115.659,50.735,45.098
106.581,114.717,50.735,45.098
109.121,116.106,49.653,44.136
107.231,115.044,50.752,45.113
105.911,115.232,50.752,45.113
107.608,114.289,50.752,45.113
106.665,114.100,50.752,45.113
106.099,114.289,50.752,45.113
106.665,114.100,50.752,45.113
105.345,113.535,50.752,45.113
105.156,115.232,50.752,45.113
105.345,114.289,50.752,45.113
104.779,114.100,50.752,45.113
106.099,114.666,50.752,45.113
105.534,114.855,50.752,45.113
104.590,115.421,50.752,45.113
104.402,114.478,50.752,45.113
103.836,113.535,50.752,45.113
105.534,114.100,50.752,45.113
103.836,113.157,50.752,45.113
105.156,112.591,50.752,45.113
103.836,113.157,50.752,45.113
104.025,112.591,50.752,45.113
104.968,112.026,50.752,45.113
103.647,111.837,50.752,45.113
103.459,112.780,50.752,45.113
102.516,111.837,50.752,45.113
104.213,112.026,50.752,45.113
102.893,110.705,50.752,45.113
102.704,112.403,50.752,45.113
102.138,111.460,50.752,45.113
102.704,112.780,50.752,45.113
103.270,113.723,50.752,45.113
101.950,112.780,50.752,45.113
103.647,112.591,50.752,45.113
102.327,111.271,50.752,45.113
102.138,111.082,50.752,45.113
101.950,111.271,50.752,45.113
103.270,110.705,50.752,45.113
101.572,110.139,50.752,45.113
102.516,109.196,50.752,45.113
101.195,108.630,50.752,45.113
101.007,110.328,50.752,45.113
101.950,109.007,50.752,45.113
101.007,109.573,50.752,45.113
101.572,109.762,50.752,45.113
100.252,109.573,50.752,45.113
99.686,110.894,50.752,45.113
100.252,110.328,50.752,45.113
98.712,110.025,51.874,46.111
98.905,108.675,51.874,46.111
98.326,110.025,51.874,46.111
97.748,110.603,51.874,46.111
97.941,111.181,51.874,46.111
97.362,112.145,51.874,46.111
96.784,112.338,51.874,46.111
97.362,112.531,51.874,46.111
96.013,113.881,51.874,46.111
96.977,114.845,51.874,46.111
95.627,115.809,51.874,46.111
95.434,116.001,51.874,46.111
94.470,115.423,51.874,46.111
93.892,116.387,51.874,46.111
94.856,115.809,51.874,46.111
93.506,117.544,51.874,46.111
92.928,116.965,51.874,46.111
93.121,116.773,51.874,46.111
91.771,118.122,51.874,46.111
92.510,117.685,50.768,45.127
91.944,118.628,50.768,45.127
91.755,118.062,50.768,45.127
91.189,117.119,50.768,45.127
89.869,116.175,50.768,45.127
91.567,117.873,50.768,45.127
89.869,116.930,50.768,45.127
89.680,117.496,50.768,45.127
89.114,116.930,50.768,45.127
90.812,117.119,50.768,45.127
88.489,115.641,51.891,46.126
87.138,114.676,51.891,46.126
89.737,114.610,50.785,45.142
88.038,113.667,50.785,45.142
87.472,113.478,50.785,45.142
87.660,112.912,50.785,45.142
86.119,113.391,51.908,46.141
87.975,112.954,50.802,45.157
86.433,112.650,51.926,46.156
85.082,112.457,51.926,46.156
86.047,111.878,51.926,46.156
84.696,112.457,51.926,46.156
85.064,111.647,50.818,45.172
86.386,112.214,50.818,45.172
85.819,112.780,50.818,45.172
84.875,112.214,50.818,45.172
84.308,113.913,50.818,45.172
85.630,112.591,50.818,45.172
83.931,111.269,50.818,45.172
84.497,112.591,50.818,45.172
85.442,111.647,50.818,45.172
83.742,112.969,50.818,45.172
83.553,112.402,50.818,45.172
85.253,111.836,50.818,45.172
83.553,112.402,50.818,45.172
83.364,114.102,50.818,45.172
84.686,112.402,50.818,45.172
82.608,111.836,50.818,45.172
81.286,111.269,50.818,45.172
83.742,111.080,50.818,45.172
81.808,109.993,51.943,46.171
81.615,109.800,51.943,46.171
81.036,111.151,51.943,46.171
80.843,110.186,51.943,46.171
82.580,109.221,51.943,46.171
80.843,110.186,51.943,46.171
80.650,109.993,51.943,46.171
81.017,112.160,50.835,45.187
81.962,111.593,50.835,45.187
81.593,112.985,49.751,44.223
82.148,111.321,49.751,44.223
80.854,112.615,49.751,44.223
83.258,112.061,49.751,44.223
81.748,112.914,50.852,45.201
80.803,111.213,50.852,45.201
82.126,112.158,50.852,45.201
80.803,112.347,50.852,45.201
83.349,110.826,49.767,44.237
81.684,113.600,49.767,44.237
83.349,111.935,49.767,44.237
82.054,113.230,49.767,44.237
83.349,114.155,49.767,44.237
82.054,112.860,49.767,44.237
84.089,115.265,49.767,44.237
81.811,114.584,50.868,45.216
83.994,116.341,49.783,44.252
83.439,114.676,49.783,44.252
82.884,114.861,49.783,44.252
84.549,114.306,49.783,44.252
82.884,114.861,49.783,44.252
84.919,115.786,49.783,44.252
83.254,116.341,49.783,44.252
82.699,115.046,49.783,44.252
83.994,115.601,49.783,44.252
83.809,116.896,49.783,44.252
84.364,115.231,49.783,44.252
82.085,115.701,50.885,45.231
83.409,113.999,50.885,45.231
82.464,115.323,50.885,45.231
81.312,113.842,52.011,46.232
80.732,114.422,52.011,46.232
82.472,114.615,52.011,46.232
81.119,114.808,52.011,46.232
80.539,114.615,52.011,46.232
81.892,114.422,52.011,46.232
80.925,114.228,52.011,46.232
81.892,114.422,52.011,46.232
80.925,114.615,52.011,46.232
81.119,114.808,52.011,46.232
79.766,114.615,52.011,46.232
81.624,114.549,50.902,45.246
79.922,115.116,50.902,45.246
81.246,116.062,50.902,45.246
80.678,116.252,50.902,45.246
80.489,116.441,50.902,45.246
82.192,114.360,50.902,45.246
80.489,113.414,50.902,45.246
82.192,113.225,50.902,45.246
80.489,113.792,50.902,45.246
82.192,113.603,50.902,45.246
80.489,112.657,50.902,45.246
82.192,113.225,50.902,45.246
80.489,114.171,50.902,45.246
82.192,115.495,50.902,45.246
80.111,113.414,50.902,45.246
81.435,112.846,50.902,45.246
80.489,113.414,50.902,45.246
81.814,112.090,50.902,45.246
80.111,112.279,50.902,45.246
80.678,110.954,50.902,45.246
79.733,112.657,50.902,45.246
80.678,110.954,50.902,45.246
79.733,113.414,50.902,45.246
81.057,111.333,50.902,45.246
80.111,113.035,50.902,45.246
81.057,110.954,50.902,45.246
79.120,111.435,52.028,46.247
78.926,112.402,52.028,46.247
80.667,110.662,52.028,46.247
79.313,109.695,52.028,46.247
80.054,111.120,50.918,45.261
80.244,110.931,50.918,45.261
81.190,112.255,50.918,45.261
81.757,112.823,50.918,45.261
80.054,111.120,50.918,45.261
80.415,112.515,49.832,44.295
81.711,111.959,49.832,44.295
81.526,111.774,49.832,44.295
81.341,113.070,49.832,44.295
80.415,111.774,49.832,44.295
82.452,112.329,49.832,44.295
81.156,111.774,49.832,44.295
80.970,112.700,49.832,44.295
83.008,111.403,49.832,44.295
81.341,112.329,49.832,44.295
80.785,111.774,49.832,44.295
82.452,112.329,49.832,44.295
80.785,109.551,49.832,44.295
81.711,111.959,49.832,44.295
80.415,110.292,49.832,44.295
80.824,112.684,50.935,45.276
78.886,110.416,52.062,46.277
79.853,109.448,52.062,46.277
78.499,110.803,52.062,46.277
77.918,110.222,52.062,46.277
78.886,109.642,52.062,46.277
77.918,109.835,52.062,46.277
76.740,109.926,53.214,47.301
76.543,108.541,53.214,47.301
74.928,108.223,54.391,48.348
74.726,108.021,54.391,48.348
73.715,109.436,54.391,48.348
74.321,108.021,54.391,48.348
73.311,108.627,54.391,48.348
72.704,108.830,54.391,48.348
73.311,109.840,54.391,48.348
71.896,110.043,54.391,48.348
72.906,110.649,54.391,48.348
71.896,109.638,54.391,48.348
72.098,108.627,54.391,48.348
71.491,110.043,54.391,48.348
70.481,109.436,54.391,48.348
70.278,109.234,54.391,48.348
70.481,109.840,54.391,48.348
69.470,109.234,54.391,48.348
68.863,108.627,54.391,48.348
68.661,109.234,54.391,48.348
68.055,109.840,54.391,48.348
69.470,108.830,54.391,48.348
68.055,109.840,54.391,48.348
67.044,109.234,54.391,48.348
66.437,109.436,54.391,48.348
65.022,108.830,54.391,48.348
67.246,109.840,54.391,48.348
65.176,108.676,55.594,49.417
64.143,109.296,55.594,49.417
63.110,107.850,55.594,49.417
62.490,109.296,55.594,49.417
61.870,109.090,55.594,49.417
61.250,109.296,55.594,49.417
60.217,109.090,55.594,49.417
59.184,110.123,55.594,49.417
60.217,111.156,55.594,49.417
58.358,109.709,55.594,49.417
57.324,110.743,55.594,49.417
56.705,110.949,55.594,49.417
56.498,111.156,55.594,49.417
55.878,111.362,55.594,49.417
55.258,110.329,55.594,49.417
54.225,111.362,55.594,49.417
53.192,111.569,55.594,49.417
53.398,110.949,55.594,49.417
51.539,110.743,55.594,49.417
50.919,110.949,55.594,49.417
50.299,110.743,55.594,49.417
48.853,110.123,55.594,49.417
48.233,110.329,55.594,49.417
46.786,110.536,55.594,49.417
46.167,109.503,55.594,49.417
45.960,109.296,55.594,49.417
44.927,109.503,55.594,49.417
43.480,110.536,55.594,49.417
42.034,111.156,55.594,49.417
41.001,110.949,55.594,49.417
39.968,109.916,55.594,49.417
38.935,110.536,55.594,49.417
37.901,110.743,55.594,49.417
36.868,110.949,55.594,49.417
35.422,110.743,55.594,49.417
34.389,110.536,55.594,49.417
32.942,109.503,55.594,49.417
32.323,111.776,55.594,49.417
30.463,111.982,55.594,49.417
29.430,111.776,55.594,49.417
27.983,112.396,55.594,49.417
27.364,111.362,55.594,49.417
25.917,110.743,55.594,49.417
24.884,110.949,55.594,49.417
24.264,110.329,55.594,49.417
22.405,109.709,55.594,49.417
21.371,109.916,55.594,49.417
20.338,109.709,55.594,49.417
18.892,109.090,55.594,49.417
19.098,111.362,55.594,49.417
17.652,109.503,55.594,49.417
15.792,110.536,55.594,49.417
14.759,109.503,55.594,49.417
13.726,111.776,55.594,49.417
12.280,111.569,55.594,49.417
11.877,112.295,54.409,48.363
