110.000,111.000,37.000,116.000
113.201,110.127,37.000,116.000
114.656,108.672,37.000,116.000
113.201,111.291,37.000,116.000
112.910,109.254,37.000,116.000
112.037,110.709,37.000,116.000
112.910,111.582,37.000,116.000
112.619,109.545,37.000,116.000
112.328,108.090,37.000,116.000
114.365,109.545,37.000,116.000
115.237,111.582,37.000,116.000
117.856,113.037,37.000,116.000
119.311,110.418,37.000,116.000
121.669,114.740,36.211,113.526
121.954,115.025,36.211,113.526
122.808,116.449,36.211,113.526
123.093,117.303,36.211,113.526
122.808,115.879,36.211,113.526
119.106,116.164,36.211,113.526
115.924,117.649,35.439,111.105
111.743,119.600,35.439,111.105
110.241,119.441,34.683,108.736
107.241,115.895,34.683,108.736
104.786,117.259,34.683,108.736
103.841,119.207,33.943,106.417
102.917,121.628,33.220,104.148
103.523,121.480,32.511,101.927
102.756,120.201,32.511,101.927
100.966,117.389,32.511,101.927
99.588,115.765,31.818,99.753
98.337,112.012,31.818,99.753
96.585,111.762,31.818,99.753
95.834,110.511,31.818,99.753
94.083,108.759,31.818,99.753
95.834,106.007,31.818,99.753
97.086,106.757,31.818,99.753
98.337,104.505,31.818,99.753
96.085,99.251,31.818,99.753
94.736,97.179,31.139,97.626
93.416,100.344,30.475,95.544
86.118,102.056,29.825,93.506
76.970,101.353,29.825,93.506
74.859,98.773,29.825,93.506
74.156,97.600,29.825,93.506
73.921,102.525,29.825,93.506
72.748,106.982,29.825,93.506
61.255,108.624,29.825,93.506
70.390,105.777,29.189,91.512
71.538,94.989,29.189,91.512
73.145,83.282,29.189,91.512
71.907,80.496,28.567,89.561
74.828,80.272,28.567,89.561
81.792,85.888,28.567,89.561
84.263,104.534,28.567,89.561
93.923,120.035,28.567,89.561
104.482,130.144,28.567,89.561
106.953,127.673,28.567,89.561
112.569,117.564,28.567,89.561
124.026,98.918,28.567,89.561
131.910,95.759,27.958,87.651
131.250,99.936,27.958,87.651
129.711,115.546,27.958,87.651
131.690,125.440,27.958,87.651
121.356,141.490,27.958,87.651
102.668,146.986,27.958,87.651
103.767,130.057,27.958,87.651
94.753,110.929,27.958,87.651
91.895,104.993,27.958,87.651
91.557,107.835,27.361,85.782
87.899,114.935,27.361,85.782
91.127,125.048,27.361,85.782
105.974,131.719,27.361,85.782
109.201,122.466,27.361,85.782
121.466,104.177,27.361,85.782
132.440,94.064,27.361,85.782
139.110,84.381,27.361,85.782
137.174,84.166,27.361,85.782
134.377,93.848,27.361,85.782
130.279,110.089,27.967,87.680
121.462,119.291,27.370,85.810
97.570,122.089,27.370,85.810
98.646,107.238,27.370,85.810
88.530,97.982,27.370,85.810
90.036,101.641,27.370,85.810
92.404,110.897,27.370,85.810
93.911,114.986,27.370,85.810
108.517,124.822,26.787,83.980
120.103,125.454,26.787,83.980
121.999,115.975,26.787,83.980
131.900,106.495,26.787,83.980
137.588,103.757,26.787,83.980
139.062,105.232,26.787,83.980
137.588,110.498,26.787,83.980
140.326,126.297,26.787,83.980
135.130,136.329,26.215,82.189
123.378,129.526,26.215,82.189
123.997,119.012,26.215,82.189
119.668,113.445,26.215,82.189
116.575,114.064,26.215,82.189
113.070,117.568,26.215,82.189
113.277,119.836,26.215,82.189
116.781,122.516,26.215,82.189
121.523,126.021,26.215,82.189
119.255,129.526,26.215,82.189
115.338,126.846,26.215,82.189
114.307,111.796,26.215,82.189
117.400,109.528,26.215,82.189
115.096,111.795,25.656,80.436
112.877,114.015,25.656,80.436
115.096,121.480,25.656,80.436
106.017,123.296,25.656,80.436
90.884,112.199,25.656,80.436
96.736,95.856,25.656,80.436
78.240,79.685,26.224,82.216
71.022,77.417,26.224,82.216
67.516,79.273,26.224,82.216
66.485,88.965,26.224,82.216
76.590,98.246,26.224,82.216
105.668,111.651,26.224,82.216
118.248,110.619,26.224,82.216
131.241,104.639,26.224,82.216
161.144,92.059,26.224,82.216
181.897,97.110,25.665,80.463
183.714,107.403,25.665,80.463
187.952,118.907,25.665,80.463
185.328,128.797,25.665,80.463
181.493,131.017,25.665,80.463
152.632,134.448,25.665,80.463
143.953,124.559,25.665,80.463
132.852,113.458,25.665,80.463
125.788,112.449,25.665,80.463
121.550,113.862,25.665,80.463
118.522,113.660,25.665,80.463
121.146,120.320,25.665,80.463
126.999,128.595,25.665,80.463
130.580,127.313,25.118,78.747
135.913,113.289,25.118,78.747
138.481,100.450,25.118,78.747
149.740,90.376,25.118,78.747
152.308,83.462,25.118,78.747
152.505,87.611,25.118,78.747
150.728,97.289,25.118,78.747
135.518,106.178,25.118,78.747
120.309,105.190,25.118,78.747
116.161,101.832,25.118,78.747
113.988,87.808,25.118,78.747
111.025,81.290,25.118,78.747
119.519,85.438,25.118,78.747
124.165,92.941,24.582,77.068
127.452,96.227,24.582,77.068
137.216,105.806,24.058,75.424
144.595,110.158,24.058,75.424
147.222,114.062,23.545,73.816
156.218,101.821,23.043,72.242
160.481,96.129,22.551,70.701
158.530,93.824,22.551,70.701
154.096,97.903,22.551,70.701
149.308,109.430,22.551,70.701
139.554,119.538,22.551,70.701
120.479,123.882,22.070,69.193
118.223,112.600,22.070,69.193
110.261,105.141,21.600,67.718
107.713,97.497,21.600,67.718
120.113,96.648,21.600,67.718
127.077,103.952,21.600,67.718
144.573,111.596,21.600,67.718
151.877,114.483,21.600,67.718
160.540,120.089,21.600,67.718
168.863,111.086,21.600,67.718
182.961,92.571,21.600,67.718
189.925,89.004,21.600,67.718
182.282,92.911,21.600,67.718
179.054,97.497,21.600,67.718
176.846,106.840,21.600,67.718
154.934,111.426,21.600,67.718
149.329,113.294,21.600,67.718
133.758,100.385,22.077,69.216
119.000,93.267,22.077,69.216
117.090,93.093,22.077,69.216
116.222,98.823,22.077,69.216
122.299,105.941,22.077,69.216
134.279,114.101,22.077,69.216
152.420,122.035,21.607,67.740
161.086,115.408,21.607,67.740
169.411,107.082,21.607,67.740
182.835,97.737,21.607,67.740
181.645,99.266,21.607,67.740
174.339,102.155,21.607,67.740
170.431,109.461,21.607,67.740
158.367,120.506,21.607,67.740
140.865,123.394,21.607,67.740
127.442,120.506,21.607,67.740
109.601,101.985,21.607,67.740
99.236,92.979,21.607,67.740
97.707,93.489,21.607,67.740
100.595,93.319,21.607,67.740
106.202,95.188,21.607,67.740
114.868,102.495,21.607,67.740
126.253,100.626,21.607,67.740
137.977,88.561,21.607,67.740
150.721,74.119,21.607,67.740
157.347,71.910,21.607,67.740
157.517,69.361,21.607,67.740
153.609,71.910,21.607,67.740
146.303,86.692,21.607,67.740
130.161,104.194,21.607,67.740
106.882,114.559,21.607,67.740
103.314,112.690,21.607,67.740
88.871,104.024,21.607,67.740
74.768,101.475,21.607,67.740
77.996,103.344,21.607,67.740
78.846,104.873,21.607,67.740
90.910,109.461,21.607,67.740
95.498,110.990,21.607,67.740
100.150,110.239,21.146,66.295
116.946,96.769,21.146,66.295
135.924,77.441,20.695,64.882
148.781,70.443,20.695,64.882
147.642,77.766,20.695,64.882
149.432,86.392,20.695,64.882
140.481,99.574,20.695,64.882
117.643,103.874,20.254,63.498
105.378,104.033,20.254,63.498
86.425,91.450,20.254,63.498
76.709,88.743,20.254,63.498
66.674,89.539,20.254,63.498
65.559,92.565,20.254,63.498
68.586,100.370,20.254,63.498
85.628,107.856,20.254,63.498
98.211,104.511,20.254,63.498
105.028,102.885,19.822,62.144
127.319,91.818,19.822,62.144
147.739,81.062,19.822,62.144
153.507,78.100,19.822,62.144
147.116,89.791,19.822,62.144
135.737,105.847,19.822,62.144
125.293,113.797,19.822,62.144
100.820,120.500,19.822,62.144
95.052,118.161,19.822,62.144
85.232,108.029,19.822,62.144
81.646,101.015,19.822,62.144
88.973,98.053,19.822,62.144
95.675,97.274,19.822,62.144
102.690,102.729,19.822,62.144
119.057,104.756,19.822,62.144
120.460,98.053,19.822,62.144
123.734,94.779,19.822,62.144
135.425,82.465,19.822,62.144
141.504,75.139,19.822,62.144
143.842,71.553,19.822,62.144
