111.000,98.000,25.000,101.000
112.182,102.020,25.000,101.000
110.527,105.094,25.000,101.000
109.818,106.750,25.000,101.000
108.162,106.040,25.000,101.000
107.453,106.750,25.000,101.000
105.797,108.878,25.000,101.000
105.088,112.425,25.000,101.000
103.433,115.027,25.000,101.000
101.304,116.682,25.000,101.000
97.757,118.810,25.000,101.000
93.737,118.574,25.000,101.000
91.135,117.392,25.000,101.000
88.061,114.317,25.000,101.000
85.933,112.189,25.000,101.000
88.061,110.534,25.000,101.000
87.352,111.243,25.000,101.000
89.480,111.480,25.000,101.000
91.608,112.662,25.000,101.000
91.845,113.371,25.000,101.000
93.973,114.554,25.000,101.000
95.629,110.061,25.000,101.000
97.757,110.770,25.000,101.000
96.102,107.696,25.000,101.000
99.649,109.824,25.000,101.000
101.777,111.479,25.000,101.000
102.960,114.554,25.000,101.000
104.615,114.317,25.000,101.000
104.851,111.243,25.000,101.000
106.034,106.750,25.000,101.000
105.324,104.149,25.000,101.000
104.142,102.493,25.000,101.000
102.960,102.730,25.000,101.000
103.196,100.601,25.000,101.000
105.324,105.567,25.000,101.000
106.980,104.385,25.000,101.000
105.324,105.567,25.000,101.000
106.980,104.385,25.000,101.000
103.905,106.513,25.000,101.000
103.196,101.074,25.000,101.000
102.014,100.838,25.000,101.000
99.885,98.236,25.000,101.000
99.176,100.365,25.000,101.000
101.304,102.966,25.000,101.000
98.230,103.676,25.000,101.000
95.156,102.966,25.000,101.000
91.135,104.149,25.000,101.000
87.588,99.182,25.000,101.000
83.095,97.054,25.000,101.000
80.967,96.345,25.000,101.000
78.838,98.473,25.000,101.000
79.548,102.493,25.000,101.000
79.784,106.986,25.000,101.000
81.913,108.642,25.000,101.000
81.203,107.932,25.000,101.000
84.750,108.642,25.000,101.000
87.352,109.351,25.000,101.000
91.845,104.385,25.000,101.000
94.919,102.257,25.000,101.000
97.993,99.182,25.000,101.000
101.068,100.365,25.000,101.000
103.196,102.966,25.000,101.000
102.014,104.149,25.000,101.000
104.615,104.385,25.000,101.000
108.019,98.606,25.553,103.235
111.644,94.980,25.553,103.235
113.548,85.131,25.008,101.033
113.130,82.788,24.475,98.879
112.436,95.522,24.475,98.879
110.352,90.197,24.475,98.879
110.121,91.817,24.475,98.879
108.037,87.419,24.475,98.879
105.490,84.872,24.475,98.879
101.555,83.251,24.475,98.879
98.082,80.705,24.475,98.879
94.146,76.306,24.475,98.879
88.821,71.907,24.475,98.879
122.854,104.088,24.475,98.879
112.436,108.023,24.475,98.879
108.500,112.422,24.475,98.879
106.416,112.191,24.475,98.879
103.407,110.570,24.475,98.879
101.786,107.560,24.475,98.879
103.407,102.699,24.475,98.879
103.175,100.152,24.475,98.879
106.185,98.068,24.475,98.879
108.731,95.985,24.475,98.879
110.815,99.920,24.475,98.879
115.214,102.467,24.475,98.879
117.761,101.772,24.475,98.879
121.233,102.004,24.475,98.879
125.169,103.625,24.475,98.879
127.716,100.615,24.475,98.879
126.558,100.846,24.475,98.879
127.716,101.541,24.475,98.879
130.262,103.625,24.475,98.879
129.568,106.634,24.475,98.879
127.484,108.255,24.475,98.879
128.179,108.949,24.475,98.879
126.095,110.107,24.475,98.879
126.790,105.708,24.475,98.879
124.243,104.088,24.475,98.879
122.622,99.226,24.475,98.879
120.539,97.605,24.475,98.879
121.696,96.911,24.475,98.879
121.002,100.383,24.475,98.879
124.012,99.689,24.475,98.879
121.002,98.994,24.475,98.879
118.455,95.522,24.475,98.879
116.372,91.586,24.475,98.879
113.825,88.576,24.475,98.879
110.815,84.177,24.475,98.879
107.342,80.242,24.475,98.879
104.333,80.473,24.475,98.879
101.323,84.409,24.475,98.879
99.239,92.975,24.475,98.879
99.471,97.374,24.475,98.879
96.924,98.531,24.475,98.879
94.378,101.541,24.475,98.879
91.831,100.846,24.475,98.879
94.378,99.226,24.475,98.879
97.850,99.457,24.475,98.879
100.860,99.226,24.475,98.879
103.870,102.699,24.475,98.879
107.805,107.097,24.475,98.879
111.741,105.940,24.475,98.879
115.214,109.876,24.475,98.879
117.761,111.496,24.475,98.879
117.992,108.949,24.475,98.879
120.539,106.866,24.475,98.879
120.770,108.023,24.475,98.879
124.243,111.033,24.475,98.879
125.401,114.506,24.475,98.879
126.558,117.979,24.475,98.879
128.179,122.840,24.475,98.879
126.558,127.239,24.475,98.879
129.105,130.249,24.475,98.879
129.336,127.239,24.475,98.879
126.790,126.082,24.475,98.879
125.632,124.924,24.475,98.879
124.475,128.397,24.475,98.879
126.095,132.333,24.475,98.879
128.179,135.805,24.475,98.879
127.484,133.722,24.475,98.879
129.568,134.416,24.475,98.879
127.484,131.406,24.475,98.879
125.864,130.249,24.475,98.879
128.410,124.924,24.475,98.879
128.642,124.229,24.475,98.879
130.726,124.461,24.475,98.879
130.031,124.693,24.475,98.879
133.967,123.072,24.475,98.879
133.735,120.525,24.475,98.879
131.652,118.905,24.475,98.879
130.031,116.358,24.475,98.879
128.410,111.033,24.475,98.879
126.327,106.634,24.475,98.879
125.632,103.625,24.475,98.879
124.938,106.634,24.475,98.879
124.706,111.033,24.475,98.879
127.716,113.580,24.475,98.879
132.578,114.274,24.475,98.879
136.513,114.506,24.475,98.879
136.282,111.496,24.475,98.879
136.050,109.413,24.475,98.879
138.134,108.255,24.475,98.879
137.439,108.949,24.475,98.879
139.523,111.959,24.475,98.879
139.755,116.821,24.475,98.879
141.838,119.831,24.475,98.879
138.365,121.451,24.475,98.879
136.745,121.220,24.475,98.879
136.050,118.210,24.475,98.879
133.504,113.811,24.475,98.879
130.494,113.580,24.475,98.879
127.484,116.126,24.475,98.879
130.494,121.451,24.475,98.879
129.336,126.313,24.475,98.879
128.642,124.693,24.475,98.879
130.262,126.313,24.475,98.879
129.568,124.693,24.475,98.879
128.873,122.146,24.475,98.879
130.957,119.136,24.475,98.879
127.947,117.053,24.475,98.879
119.381,120.062,24.475,98.879
121.002,123.535,24.475,98.879
117.066,122.840,24.475,98.879
114.056,120.757,24.475,98.879
111.047,119.599,24.475,98.879
109.889,116.590,24.475,98.879
111.510,111.265,24.475,98.879
114.982,107.329,24.475,98.879
118.918,106.634,24.475,98.879
119.150,111.496,24.475,98.879
122.622,116.358,24.475,98.879
127.021,120.294,24.475,98.879
131.420,119.136,24.475,98.879
134.430,116.126,24.475,98.879
132.809,114.043,24.475,98.879
131.189,111.033,24.475,98.879
129.568,110.339,24.475,98.879
132.578,111.959,24.475,98.879
137.439,115.895,24.475,98.879
142.301,121.683,24.475,98.879
141.144,125.156,24.475,98.879
144.616,124.461,24.475,98.879
142.996,124.229,24.475,98.879
141.375,122.146,24.475,98.879
140.681,123.303,24.475,98.879
143.052,125.332,25.016,101.066
144.709,126.515,25.016,101.066
147.785,131.011,25.016,101.066
144.709,136.454,25.016,101.066
144.472,139.057,25.016,101.066
144.235,141.660,25.016,101.066
140.686,143.317,25.016,101.066
136.663,146.393,25.016,101.066
133.113,145.683,25.016,101.066
128.144,146.393,25.016,101.066
126.149,147.485,25.570,103.302
127.842,152.080,25.570,103.302
126.632,153.289,25.570,103.302
124.455,151.113,25.570,103.302
123.730,148.452,25.570,103.302
121.069,140.954,25.570,103.302
119.376,138.293,25.570,103.302
117.199,129.828,25.570,103.302
113.571,126.200,25.570,103.302
112.846,132.246,25.570,103.302
113.571,135.875,25.570,103.302
111.878,134.665,25.570,103.302
109.217,132.488,25.570,103.302
109.459,132.246,25.570,103.302
110.669,129.102,25.570,103.302
109.943,125.958,25.570,103.302
107.282,120.395,25.570,103.302
102.687,114.348,25.570,103.302
99.644,109.441,26.136,105.588
102.363,109.194,26.136,105.588
108.544,112.902,26.136,105.588
111.758,114.633,26.136,105.588
116.949,117.352,26.136,105.588
120.163,114.633,26.136,105.588
118.433,113.891,26.136,105.588
116.208,113.644,26.136,105.588
117.444,116.858,26.136,105.588
116.208,119.577,26.136,105.588
119.422,121.308,26.136,105.588
120.658,125.016,26.136,105.588
123.872,126.747,26.136,105.588
126.097,127.488,26.136,105.588
127.333,127.736,26.136,105.588
131.041,126.499,26.136,105.588
132.772,127.736,26.136,105.588
131.536,128.972,26.136,105.588
130.299,131.197,26.136,105.588
134.008,135.894,26.136,105.588
132.277,137.625,26.136,105.588
135.986,139.355,26.136,105.588
136.727,138.613,26.136,105.588
135.491,139.355,26.136,105.588
135.244,141.086,26.136,105.588
137.469,141.827,26.136,105.588
133.266,147.019,26.136,105.588
124.613,153.200,26.136,105.588
120.410,156.414,26.136,105.588
121.647,156.166,26.136,105.588
118.927,152.458,26.136,105.588
118.680,150.727,26.136,105.588
117.444,146.030,26.136,105.588
114.724,144.300,26.136,105.588
117.938,140.591,26.136,105.588
120.163,138.861,26.136,105.588
119.916,139.108,26.136,105.588
116.208,141.827,26.136,105.588
112.499,140.097,26.136,105.588
110.769,138.861,26.136,105.588
111.016,135.152,26.136,105.588
111.263,131.444,26.136,105.588
108.049,135.152,26.136,105.588
106.319,136.388,26.136,105.588
104.234,139.581,26.714,107.924
107.347,142.844,27.305,110.312
110.188,141.036,27.305,110.312
111.479,143.877,27.305,110.312
112.771,142.585,27.305,110.312
115.612,141.811,27.305,110.312
113.287,141.552,27.305,110.312
109.413,140.261,27.305,110.312
108.638,140.003,27.305,110.312
111.479,142.327,27.305,110.312
113.287,146.718,27.305,110.312
115.612,147.493,27.305,110.312
111.826,144.933,27.909,112.753
111.034,142.557,27.909,112.753
108.130,144.933,27.909,112.753
105.754,144.141,27.909,112.753
109.714,145.989,27.909,112.753
111.562,143.613,27.909,112.753
109.186,148.101,27.909,112.753
106.282,153.645,27.909,112.753
107.074,149.685,27.909,112.753
104.698,145.197,27.909,112.753
103.906,142.821,27.909,112.753
101.002,140.445,27.909,112.753
97.570,137.541,27.909,112.753
92.554,135.165,27.909,112.753
