0.00612831
0.01336384
0.01286721
0.01300955
0.01283479
0.01294875
0.01276636
0.01290751
0.01303983
0.01287770
0.01272130
0.01290679
0.01265454
0.01290679
0.01264310
0.01278353
0.01292157
0.01285052
0.01277947
0.01285243
0.01277709
0.01287198
0.01270413
0.01296306
0.01283121
0.01300740
0.01290751
0.01268172
0.01275587
0.01277995
0.01292419
0.01276422
0.01277137
0.01281333
0.01274753
0.01281810
0.01291800
0.01272488
0.01275611
0.01278734
0.01285672
0.01280189
0.01292586
0.01281810
0.01286888
0.01288867
0.01272035
0.01274729
0.01296043
0.01279974
0.01299810
0.01296163
0.01282549
0.01285982
0.01289868
0.01283669
0.01280832
0.01274800
0.01284480
0.01277590
0.01308012
0.01273036
0.01277709
0.01281929
0.01285315
0.01298451
0.01277900
0.01288986
0.01267433
0.01281929
0.01274371
0.01279187
0.01271224
0.01293349
0.01293755
0.01291275
0.01281118
0.01285887
0.01274395
0.01271296
0.01289535
0.01265717
0.01271439
0.01278114
0.01285195
0.01302958
0.01273847
0.01261878
0.01286244
0.01282406
0.01295733
0.01291800
0.01298213
0.01282239
0.01276588
0.01306391
0.01288295
0.01284552
0.01285696
0.01280141
0.01278591
0.01308036
0.01283646
0.01275301
0.01263380
0.01287055
0.01296449
0.01272106
0.01285958
0.01276779
0.01285315
0.01271367
0.01271033
0.01290154
0.01286364
0.01307201
0.01289988
0.01272655
0.01272225
0.01273322
0.01290035
0.01286817
0.01282072
0.01271319
0.01315618
0.01295280
0.01280069
0.01274562
0.01288247
0.01280379
0.01294088
0.01284242
0.01273608
0.01283669
0.01270604
0.01283479
0.01287413
0.01297545
0.01273298
0.01280761
0.01272225
0.01274061
0.01277876
0.01291466
0.01320314
0.01274514
0.01292801
0.01289749
0.01288271
0.01278925
0.01277733
0.01292849
0.01274920
0.01283312
0.01251435
0.01287508
0.01273870
0.01272106
0.01290607
0.01282120
0.01242566
0.01270318
0.01282454
0.01273346
0.01289439
0.01284885
0.01271701
0.01275325
0.01277614
0.01281881
0.01298237
0.01276565
0.01291442
0.01277256
0.01277399
0.01277423
0.01290154
0.01272750
0.01276350
0.01288295
0.01272488
0.01274920
0.01268911
0.01312733
0.01286674
0.01279783
0.01293635
0.01268888
0.01274371
0.01281166
0.01289368
0.01274014
0.01274991
0.01283503
0.01290178
0.01283836
0.01291513
0.01299238
0.01274395
0.01272416
0.01263642
0.01270604
0.01292181
0.01273370
0.01272011
0.01281142
0.01276970
0.01276994
0.01278210
0.01281214
0.01295376
0.01305532
0.01305318
0.01297259
0.01296186
0.01307750
0.01306987
0.01302552
0.01285458
0.01298332
0.01303720
0.01297283
0.01307845
0.01295376
0.01301050
0.01305103
0.01318169
0.01300287
0.01301861
0.01279807
0.01292205
0.01312041
0.01262522
0.01293492
0.01293755
0.01318407
0.01300454
0.01285148
0.01303911
0.01286244
0.01297855
0.01294351
0.01296282
0.01293182
0.01290154
0.01326180
0.01305890
0.01289225
0.01291871
0.01306105
0.01315069
0.01290154
0.01302338
0.01312327
0.01277018
0.01320052
0.01290250
0.01305795
0.01292872
0.01299882
0.01298761
0.01311278
0.01308298
0.01310134
0.01309681
0.01293516
0.01290751
0.01305652
0.01295137
0.01316571
0.01290417
0.01296854
0.01276588
0.01305485
0.01310778
0.01326680
0.01310110
0.01305938
0.01310968
0.01286244
0.01294899
0.01298237
0.01299024
0.01319456
0.01330805
0.01301527
0.01300788
0.01259542
0.01269674
0.01298451
0.01299524
0.01296616
0.01307273
0.01290154
0.01329637
0.01299071
0.01315689
0.01296711
0.01308966
0.01305938
0.01292467
0.01304054
0.01312923
0.01300788
0.01313710
0.01326442
0.01343083
0.01307726
0.01295471
0.01293111
0.01290703
0.01293159
0.01308918
0.01306438
0.01301599
0.01299214
0.01314020
0.01302266
0.01309371
0.01313567
0.01310539
0.01289463
0.01296091
0.01302290
0.01301408
0.01335025
0.01301050
0.01296806
0.01300097
0.01302695
0.01308703
0.01303816
0.01316309
0.01319361
0.01303887
0.01315427
0.01302385
0.01338792
0.01280022
0.01311064
0.01308537
0.01297832
0.01305962
0.01308060
0.01318717
0.01313281
0.01301885
0.01320839
0.01301479
0.01286435
0.01311445
0.01299644
0.01310396
0.01302266
0.01307225
0.01302457
0.01320124
0.01268530
0.01307440
0.01295042
0.01309896
0.01311135
0.01303649
0.01304984
0.01312971
0.01293564
0.01302934
0.01319098
0.01310992
0.01309347
0.01278925
0.01307225
0.01315784
0.01299405
0.01336861
0.01312375
0.01296592
0.01285887
0.01314116
0.01295805
0.01318121
0.01275897
0.01300144
0.01297808
0.01298094
0.01355624
0.01302648
0.01293802
0.01307106
0.01296401
0.01313567
0.01310182
0.01314497
0.01301169
0.01298499
0.01297641
0.01304412
0.01307130
0.01292896
0.01278329
0.01314282
0.01302624
0.01307845
0.01304102
0.01309609
0.01308465
0.01289678
0.01296520
