0.00463772
0.01428366
0.01575851
0.01337576
0.01299739
0.01285696
0.01295042
0.01291966
0.01306939
0.01309776
0.01320815
0.01300669
0.01281714
0.01290298
0.01287770
0.01305366
0.01295614
0.01296735
0.01287103
0.01291108
0.01280785
0.01240396
0.01286030
0.01296115
0.01303101
0.01301408
0.01311493
0.01277161
0.01276517
0.01280785
0.01279807
0.01282263
0.01291513
0.01276374
0.01290846
0.01277041
0.01279449
0.01293063
0.01291132
0.01285219
0.01315880
0.01298285
0.01275301
0.01257682
0.01292920
0.01275253
0.01295328
0.01293325
0.01276731
0.01284122
0.01292920
0.01273990
0.01276016
0.01291990
0.01281834
0.01295495
0.01301455
0.01293063
0.01259899
0.01302409
0.01286817
0.01280332
0.01299310
0.01286507
0.01297164
0.01264882
0.01280069
0.01287484
0.01275110
0.01282978
0.01289535
0.01271987
0.01293230
0.01275182
0.01267171
0.01282740
0.01279354
0.01285315
0.01273465
0.01272035
0.01268148
0.01289105
0.01273227
0.01279712
0.01297092
0.01292825
0.01281381
0.01276731
0.01277018
0.01280499
0.01275897
0.01321054
0.01272464
0.01269889
0.01256108
0.01269722
0.01273370
0.01291037
0.01295471
0.01327872
0.01323247
0.01315475
0.01286268
0.01312661
0.01289988
0.01304841
0.01307106
0.01324654
0.01301789
0.01287317
0.01291561
0.01291323
0.01309609
0.01286983
0.01299357
0.01288891
0.01283956
0.01312566
0.01278210
0.01303148
0.01298022
0.01295185
0.01307535
0.01291203
0.01277590
0.01304126
0.01282215
0.01294279
0.01303840
0.01294065
0.01307178
0.01347065
0.01297760
0.01292968
0.01302099
0.01290846
0.01297903
0.01299596
0.01296377
0.01291180
0.01291156
0.01293564
0.01303315
0.01304436
0.01311874
0.01294112
0.01304555
0.01304436
0.01306581
0.01291418
0.01292157
0.01313019
0.01299644
0.01314688
0.01315951
0.01318693
0.01304340
0.01295567
0.01308012
0.01313758
0.01310515
0.01299834
0.01301622
0.01304841
0.01298976
0.01306820
0.01280761
0.01316357
0.01317668
0.01305628
0.01299477
0.01310515
0.01302433
0.01279926
0.01307178
0.01276517
0.01328921
0.01312709
0.01305819
0.01305127
0.01320434
0.01299262
0.01337576
0.01317263
0.01299644
0.01298904
0.01307917
0.01325917
0.01309156
0.01305127
0.01314592
0.01311159
0.01322007
0.01314831
0.01315284
0.01340985
0.01314282
0.01323676
0.01304603
0.01307988
0.01323366
0.01306129
0.01316214
0.01328087
0.01324511
0.01301646
0.01316690
0.01309729
0.01309562
0.01312399
0.01343393
0.01336098
0.01306629
0.01307464
0.01317787
0.01319718
0.01320267
0.01310277
0.01323366
0.01325631
0.01330876
0.01318884
0.01315451
0.01302195
0.01307201
0.01309109
0.01313424
0.01308417
0.01341844
0.01305294
0.01318192
0.01315045
0.01329041
0.01301718
0.01307297
0.01321864
0.01312947
0.01307464
0.01313710
0.01266956
0.01308703
0.01309395
0.01322937
0.01319981
0.01313233
0.01315928
0.01320386
0.01302600
0.01306224
0.01319051
0.01334906
0.01304460
