0.00407624
0.01083803
0.01229501
0.01082110
0.01074052
0.01066017
0.01068783
0.01064301
0.01062894
0.01060247
0.01066184
0.01061869
0.01054358
0.01062274
0.01129746
0.01074982
0.01054001
0.01055908
0.01055717
0.01054549
0.01045609
0.01039362
0.01059818
0.01068234
0.01053691
0.01046991
0.01058340
0.01067114
0.01054835
0.01048231
0.01044416
0.01058817
0.01052523
0.01051950
0.01060867
0.01062655
0.01048541
0.01053977
0.01059198
0.01062918
0.01051331
0.01053309
0.01052880
0.01068044
0.01043987
0.01057911
0.01062107
0.01048708
0.01049948
0.01061654
0.01060653
0.01058173
0.01053381
0.01054215
0.01066184
0.01056409
0.01049304
0.01053452
0.01044393
0.01120663
0.01066089
0.01062179
0.01056099
0.01061010
0.01047468
0.01050425
0.01066136
0.01065063
0.01074386
0.01059556
0.01064420
0.01071668
0.01067066
0.01061559
0.01064610
0.01066589
0.01060367
0.01056814
0.01047468
0.01062512
0.01053500
0.01046777
0.01055098
0.01055884
0.01060200
0.01058173
0.01049638
0.01052713
0.01062942
0.01049018
0.01059961
0.01057434
0.01050210
0.01055002
0.01058221
0.01054883
0.01064086
0.01043367
0.01051044
0.01059103
0.01054549
0.01050162
0.01047277
0.01053333
0.01110911
0.01083684
0.01076150
0.01056695
0.01054835
0.01052690
0.01048779
0.01054525
0.01051188
0.01047754
0.01052475
0.01051593
0.01056767
0.01049471
0.01057410
0.01056170
0.01064301
0.01046968
0.01050615
0.01058292
0.01060367
0.01044345
0.01049805
0.01046491
0.01068497
0.01045585
0.01053977
0.01055026
0.01055312
0.01045394
0.01047254
0.01060057
0.01044178
0.01041150
0.01059341
0.01046562
0.01055813
0.01051927
0.01056314
0.01059890
0.01049232
0.01052785
0.01060295
0.01055598
0.01049042
0.01055336
0.01152301
0.01092839
0.01072454
0.01048565
0.01050735
0.01054859
0.01053023
0.01051879
0.01061201
0.01059341
0.01058650
0.01050115
0.01053166
0.01056933
0.01062322
0.01053500
0.01053548
0.01060224
0.01062965
0.01053214
0.01050425
0.01058817
0.01059318
0.01049733
0.01056290
0.01056814
0.01052666
0.01052713
0.01057124
0.01062202
0.01056743
0.01050806
0.01059222
0.01056480
0.01066089
0.01054049
0.01042581
0.01053739
0.01059103
0.01044297
0.01060581
0.01055479
0.01057506
0.01056528
0.01062274
0.01104212
0.01087451
0.01055002
0.01052070
0.01064730
0.01054144
0.01052189
0.01055837
0.01067519
0.01058936
0.01061821
0.01060390
0.01064658
0.01067686
0.01058269
0.01062632
0.01071382
0.01061010
0.01060843
0.01050639
0.01052618
0.01059508
0.01059961
0.01053333
0.01061082
0.01063442
0.01063347
0.01052213
0.01056004
0.01058865
0.01061821
0.01050425
0.01062489
0.01056957
0.01049709
0.01051760
0.01057339
0.01046062
0.01048899
0.01049876
0.01050472
0.01059318
0.01053500
0.01052141
0.01057768
0.01062441
0.01127100
0.01078200
0.01068282
0.01062274
0.01060653
0.01058912
0.01053095
0.01054311
0.01061773
0.01056337
0.01050162
0.01059365
0.01055789
0.01055527
0.01058054
0.01056504
0.01055670
0.01059151
0.01052022
0.01060009
0.01057482
0.01051140
0.01054525
0.01059389
0.01057386
0.01055193
0.01054764
0.01060653
0.01054525
0.01056862
0.01056266
0.01058173
0.01050544
0.01052380
0.01054621
0.01053286
0.01056886
0.01048779
0.01053834
0.01056170
0.01054549
0.01054621
0.01048350
0.01063275
0.01062202
0.01120543
0.01073456
0.01061296
0.01058388
0.01065111
0.01059985
0.01051712
0.01056290
0.01058173
0.01048160
0.01057410
0.01055765
0.01060510
0.01054811
0.01052451
0.01053381
0.01057863
0.01056242
0.01040554
0.01055717
0.01064920
0.01054931
0.01060700
0.01054287
0.01053619
0.01064038
0.01055264
0.01057172
0.01064062
0.01051736
0.01049399
0.01066804
0.01061296
0.01053238
0.01055360
0.01057076
0.01057601
0.01055741
0.01054049
0.01051068
0.01063371
0.01046586
0.01048493
0.01060200
0.01052713
0.01058865
0.01073265
0.01082587
0.01071715
0.01054072
0.01048875
0.01052475
0.01056480
0.01054692
0.01045561
0.01044464
0.01055765
0.01050138
0.01050949
0.01056075
0.01068425
0.01055932
0.01053166
0.01055908
0.01057863
0.01047564
0.01047873
0.01054716
0.01061225
0.01046348
0.01047087
0.01049018
0.01055026
0.01050472
0.01047039
0.01051712
0.01037145
0.01038957
0.01055002
0.01051044
0.01048160
0.01054144
0.01046205
0.01040626
0.01053452
0.01049232
0.01054502
0.01044011
0.01047230
0.01053190
0.01052332
0.01107645
0.01058197
0.01052165
0.01048875
0.01046777
0.01043844
0.01048756
0.01056147
0.01049852
0.01057339
0.01059556
0.01049137
0.01041532
0.01050568
0.01047182
0.01039290
0.01054001
0.01056337
0.01056695
0.01049519
0.01051354
0.01051283
0.01061177
0.01049328
0.01040769
0.01057386
0.01042867
0.01046944
0.01052308
0.01050949
0.01048231
0.01052070
0.01055741
0.01064420
0.01048183
0.01046181
0.01048827
0.01057863
0.01046801
0.01059866
0.01052237
0.01049352
0.01043439
0.01045394
0.01048923
0.01050162
0.01098680
0.01074648
0.01050997
0.01064014
0.01050901
0.01053691
0.01049781
0.01052976
0.01069522
0.01049519
0.01043510
0.01040006
0.01048422
0.01042676
0.01060176
0.01051021
0.01050520
0.01057196
0.01050973
0.01044893
0.01051784
0.01048231
0.01046729
0.01046777
0.01048350
0.01055026
0.01045227
0.01051641
0.01057768
0.01046157
0.01043749
0.01058173
0.01044464
0.01044512
0.01042247
0.01050782
0.01057196
0.01046920
0.01060081
0.01051378
0.01054525
0.01046634
0.01048756
0.01053357
0.01038790
0.01048446
0.01081324
0.01079512
0.01047230
0.01044941
0.01040602
0.01047921
0.01070166
0.01054692
0.01057410
0.01066613
0.01054788
0.01054430
0.01055646
0.01063919
0.01057768
0.01060200
0.01059246
0.01063013
0.01042175
0.01045036
0.01055503
0.01054502
0.01047683
0.01055431
0.01046610
0.01049781
0.01049089
0.01051497
0.01053524
0.01047063
0.01048803
0.01049900
0.01051736
0.01050854
0.01048088
0.01046562
0.01053214
0.01051140
0.01055360
0.01051307
0.01049185
0.01052260
0.01053739
0.01053953
0.01047587
0.01110196
0.01076126
0.01052451
0.01047778
0.01048899
0.01054597
0.01044083
0.01051331
0.01050138
0.01060152
0.01053977
0.01045537
0.01047778
0.01061893
0.01052690
0.01042247
0.01053309
0.01049709
0.01056600
0.01053524
0.01052761
0.01053858
0.01053452
0.01045465
0.01047230
0.01044655
0.01041102
0.01044178
0.01051283
0.01056361
0.01042438
0.01048064
0.01053119
0.01048303
0.01043558
0.01045179
0.01049781
0.01043725
0.01048326
0.01051593
0.01063347
0.01103282
0.01078153
0.01058435
0.01058745
0.01076555
0.01080322
0.01078606
0.01063442
0.01062894
0.01062679
0.01052284
0.01056933
0.01052284
0.01042080
0.01045895
0.01051044
0.01052952
0.01040220
0.01044941
0.01056433
0.01048827
0.01042962
0.01044726
0.01057577
0.01046824
0.01046872
0.01049566
0.01060271
0.01050091
0.01041842
0.01041937
0.01054072
0.01047421
0.01051974
0.01051211
0.01043415
0.01042604
0.01051402
0.01052999
0.01056361
0.01049948
0.01044250
0.01052427
0.01033974
0.01052547
0.01053548
0.01040959
0.01038289
0.01045537
0.01051354
0.01053476
0.01091099
0.01080179
0.01064324
0.01056695
0.01045728
0.01050258
0.01049137
0.01042533
0.01066208
0.01048589
0.01054811
0.01038074
0.01048160
0.01044846
0.01042938
0.01049018
0.01054716
0.01060987
0.01048017
0.01038146
0.01057935
0.01053143
0.01050854
0.01045895
0.01047802
0.01053762
0.01045871
0.01052475
0.01046753
0.01052499
0.01049185
0.01053357
0.01050043
0.01043963
0.01048231
0.01048470
0.01044059
0.01046538
0.01054502
0.01043057
0.01044774
0.01043248
0.01044202
0.01054835
0.01049232
0.01116323
0.01070380
0.01050663
0.01053023
0.01048803
0.01051497
0.01047635
0.01051974
0.01050520
0.01042962
0.01051307
0.01047635
0.01049018
0.01044893
0.01033449
0.01050138
0.01054478
0.01056695
0.01048160
0.01044631
0.01050568
0.01040888
0.01043177
0.01048422
0.01048923
0.01050067
0.01048708
0.01048732
0.01041818
0.01046920
0.01056647
0.01057315
0.01046968
0.01046181
0.01047897
0.01054120
0.01048136
0.01042891
0.01052523
0.01059246
0.01045012
0.01051044
0.01051450
0.01050186
0.01045036
0.01051307
0.01130962
0.01091623
0.01049972
0.01050639
0.01053524
0.01059818
0.01050568
0.01047373
0.01056790
0.01074314
0.01056409
0.01050425
0.01061583
0.01070976
0.01050138
0.01058817
0.01060176
0.01064301
0.01034236
0.01052570
0.01046181
0.01057839
0.01049876
0.01053429
0.01048660
0.01057148
0.01050472
0.01059079
0.01066923
0.01054549
0.01045465
0.01050639
0.01052547
0.01056194
0.01053381
0.01046252
0.01054454
0.01052380
0.01043081
0.01047087
0.01064301
0.01046705
0.01049232
0.01051688
0.01046610
0.01084661
0.01084113
0.01062107
0.01065803
0.01055145
0.01051402
0.01059890
0.01054788
0.01049209
0.01058125
0.01066208
0.01055598
0.01058149
0.01052570
0.01056242
0.01056552
0.01057267
0.01058507
0.01064420
0.01062059
0.01058149
0.01054573
0.01059198
0.01059246
0.01057887
0.01058435
0.01059055
0.01059008
0.01056600
0.01051545
0.01053262
0.01059914
0.01059961
0.01051569
0.01051021
0.01054001
0.01055717
0.01055217
0.01057410
0.01056886
0.01051378
0.01047444
0.01054215
0.01060319
0.01049781
0.01055312
0.01141071
0.01089716
0.01062226
0.01053214
0.01053905
0.01046729
0.01053739
0.01047659
0.01065421
0.01067305
0.01060414
0.01047969
0.01050830
0.01050448
0.01058817
0.01053786
0.01050472
0.01059842
0.01050353
0.01053166
0.01050043
0.01053500
0.01064801
0.01049829
0.01054668
0.01051974
0.01058865
0.01046824
0.01057386
0.01056600
0.01057959
0.01039433
0.01049066
0.01056910
0.01050735
0.01064181
0.01082039
0.01048303
0.01063752
0.01054192
0.01055717
0.01051974
0.01056695
0.01043558
0.01061249
0.01114106
0.01088142
0.01061201
0.01057720
0.01061106
0.01063347
0.01064730
0.01052594
0.01057053
0.01050138
0.01055145
0.01042747
0.01050019
0.01055312
0.01047158
0.01045394
0.01053643
0.01061916
0.01051664
0.01048946
0.01053739
0.01063061
0.01046133
0.01050687
0.01054025
0.01058197
0.01049352
0.01059794
0.01055121
0.01061034
0.01045394
0.01054454
0.01052523
0.01052856
0.01046467
0.01052046
0.01049471
0.01050735
0.01054025
0.01056552
0.01049924
0.01053572
0.01062512
0.01059508
0.01052976
0.01053810
0.01147914
0.01079917
0.01051807
0.01063585
0.01052976
0.01063895
0.01041102
0.01055932
0.01056004
0.01061201
0.01058316
0.01051235
0.01042461
0.01047873
0.01057553
0.01060796
0.01050806
0.01054358
0.01052284
0.01059961
0.01051331
0.01057625
0.01058245
0.01061130
0.01051569
0.01046824
0.01050115
0.01057935
0.01060724
0.01055765
0.01057220
0.01066828
0.01057673
0.01055074
