0.00530910
0.01433635
0.01295805
0.01307130
0.01296377
0.01302195
0.01304460
0.01294327
0.01293373
0.01308417
0.01302934
0.01273918
0.01296163
0.01314497
0.01289558
0.01304150
0.01280880
0.01289511
0.01289797
0.01305199
0.01303768
0.01295638
0.01301384
0.01292896
0.01304054
0.01286721
0.01263666
0.01284170
0.01294398
0.01327181
0.01283836
0.01300645
0.01282001
0.01288533
0.01299524
0.01305246
0.01283765
0.01278687
0.01319242
0.01286483
0.01266003
0.01287055
0.01305199
0.01280570
0.01291704
0.01262879
0.01291490
0.01303625
0.01288486
0.01291847
0.01281190
0.01291203
0.01293635
0.01298046
0.01263547
0.01293516
0.01287150
0.01297021
0.01291132
0.01301789
0.01297879
0.01323843
0.01307535
0.01303935
0.01307106
0.01290607
0.01289129
0.01306844
0.01274633
0.01287699
0.01295686
0.01298332
0.01313782
0.01306701
0.01299858
0.01307750
0.01299238
0.01289821
0.01301217
0.01298022
0.01308084
0.01301622
0.01317716
0.01329422
0.01288414
0.01307535
0.01308322
0.01289558
0.01297808
0.01301479
0.01292062
0.01301455
0.01313591
0.01316667
0.01335573
0.01309371
0.01310611
0.01270461
0.01315808
0.01303148
0.01295805
0.01303434
0.01292396
0.01311064
0.01294255
0.01311326
0.01309419
0.01305318
0.01312613
0.01309133
0.01294494
0.01277924
0.01289105
0.01321983
0.01311135
0.01305223
0.01256061
0.01306319
0.01305223
0.01298261
0.01295471
0.01315570
0.01307988
0.01309490
0.01292849
0.01283646
0.01294875
0.01299119
0.01292038
0.01298928
0.01289082
0.01307702
0.01296043
0.01283479
0.01306462
0.01297164
0.01303554
0.01306129
0.01297832
0.01292014
0.01288772
0.01331472
0.01308298
0.01295066
0.01310492
0.01307321
0.01305985
0.01313519
0.01311588
0.01309872
0.01307797
0.01316404
0.01303077
0.01304078
0.01289487
0.01286173
0.01298404
0.01291156
0.01299047
0.01322746
0.01298380
0.01285124
0.01295924
0.01304173
0.01284957
0.01304865
0.01300168
0.01276302
0.01304650
0.01309133
0.01305890
0.01272750
0.01288629
0.01301742
0.01296735
0.01290298
0.01297855
0.01303840
0.01295543
0.01285958
0.01300859
0.01282954
0.01295400
0.01293468
0.01315999
0.01321697
0.01298761
0.01265168
0.01300287
0.01288438
0.01291418
0.01306343
0.01310730
0.01309252
0.01311111
0.01304555
0.01272130
0.01332927
0.01301098
0.01310849
0.01299191
0.01313972
0.01305366
0.01296163
0.01290202
0.01309037
0.01286387
0.01301217
0.01292658
0.01296663
0.01278591
0.01306510
0.01297069
0.01305580
0.01292229
0.01305294
0.01297927
0.01290154
0.01287222
0.01308727
0.01291943
0.01294899
0.01323295
0.01304579
0.01305914
0.01302147
0.01304007
0.01300120
