0.00594592
0.01117992
0.01261210
0.01094294
0.01075840
0.01063347
0.01076841
0.01074028
0.01075459
0.01084614
0.01079798
0.01089668
0.01068091
0.01075959
0.01076698
0.01063633
0.01067352
0.01066685
0.01068020
0.01094890
0.01065421
0.01065111
0.01066923
0.01069665
0.01061320
0.01055336
0.01058626
0.01056027
0.01072359
0.01071835
0.01072383
0.01076889
0.01067948
0.01074052
0.01069212
0.01079082
0.01067448
0.01065922
0.01057029
0.01063132
0.01057434
0.01070428
0.01073050
0.01080942
0.01082754
0.01074600
0.01108217
0.01089072
0.01065397
0.01072836
0.01074791
0.01085663
0.01079941
0.01066732
0.01060581
0.01077390
0.01082087
0.01073456
0.01069498
0.01075315
0.01064730
0.01072979
0.01071262
0.01079702
0.01081347
0.01077366
0.01067376
0.01100206
0.01081681
0.01081610
0.01068664
0.01075673
0.01066947
0.01072645
0.01067829
0.01078057
0.01076913
0.01075459
0.01070690
0.01071405
0.01079559
0.01078868
0.01078796
0.01084518
0.01073718
0.01070762
0.01073360
0.01077580
0.01075482
0.01071334
0.01071930
0.01070285
0.01077485
0.01077771
0.01068282
0.01073718
0.01071572
0.01067328
0.01057148
0.01069069
0.01071739
0.01074910
0.01068068
0.01055813
0.01069140
0.01073432
0.01069689
0.01069736
0.01065636
0.01058960
0.01055431
0.01049900
0.01058078
0.01062775
0.01065516
0.01058125
0.01052594
0.01058912
0.01049066
0.01050711
0.01056337
0.01057053
0.01055217
0.01056218
0.01063275
0.01065707
0.01060462
0.01068068
0.01055169
0.01060390
0.01056266
0.01057267
0.01085258
0.01074553
0.01068544
0.01066947
0.01073790
0.01068950
0.01075006
0.01071548
0.01078606
0.01080418
0.01064396
0.01069546
0.01069140
0.01073098
0.01062703
0.01059699
0.01058149
0.01058483
0.01049805
0.01055908
0.01055026
0.01062822
0.01065564
0.01058245
0.01060009
0.01058149
0.01064944
0.01059747
0.01054573
0.01062369
0.01067996
0.01075339
0.01069999
0.01080036
