0.00609350
0.01082230
0.01198411
0.01067829
0.01069307
0.01063490
0.01059389
0.01054406
0.01058435
0.01054883
0.01051641
0.01061177
0.01067734
0.01065588
0.01068044
0.01067138
0.01052594
0.01062560
0.01062560
0.01064444
0.01062393
0.01060510
0.01062465
0.01067233
0.01067924
0.01073265
0.01060057
0.01065421
0.01064014
0.01070189
0.01071453
0.01089263
0.01080036
0.01078391
0.01076341
0.01082587
0.01079488
0.01082087
0.01083088
0.01076412
0.01073718
0.01084685
0.01071763
0.01075983
0.01085281
0.01079679
0.01080537
0.01075912
0.01079154
0.01090264
0.01077747
0.01099944
0.01085234
0.01086068
0.01078415
0.01076889
0.01069927
0.01088381
0.01078916
0.01080561
0.01082253
0.01107454
0.01087523
0.01073813
0.01076937
0.01095343
0.01080465
0.01078010
0.01073146
0.01087213
0.01088309
0.01077795
0.01074314
0.01078343
0.01084471
0.01079369
0.01068807
0.01076293
0.01079822
0.01092839
0.01076055
0.01075077
0.01085663
0.01089025
0.01083899
0.01081848
0.01091671
0.01084423
0.01087379
0.01081085
0.01079369
0.01091218
0.01083946
0.01088309
0.01087713
0.01082492
0.01078200
0.01077271
0.01081586
0.01081920
0.01081562
0.01084757
0.01076126
0.01091051
0.01082182
0.01086378
0.01080656
0.01102805
0.01084709
0.01091051
0.01089764
0.01076770
0.01082063
0.01088953
0.01080775
0.01083374
0.01071525
0.01094651
0.01076651
0.01069808
0.01075530
0.01083994
0.01088977
0.01078081
0.01083827
0.01080155
0.01079273
0.01083136
0.01088142
0.01094913
0.01084447
0.01092744
0.01087809
0.01089168
0.01083422
0.01088023
0.01095510
0.01103497
0.01086450
0.01080155
0.01089168
0.01089430
0.01087737
0.01078010
0.01075959
0.01092029
0.01086402
0.01079869
0.01075435
0.01076579
0.01074648
0.01077294
0.01076436
0.01061749
0.01075649
0.01089096
0.01077390
0.01081824
0.01077652
0.01077557
0.01085186
0.01096106
0.01080751
0.01088524
0.01089478
0.01089549
0.01089048
0.01093650
0.01073813
0.01089597
0.01092458
0.01093698
0.01081777
0.01087308
0.01087737
0.01079583
0.01084232
0.01079440
0.01081991
0.01093245
0.01085591
0.01083064
0.01081920
0.01105165
0.01086235
0.01088214
0.01082444
0.01088214
0.01096225
0.01094460
0.01074719
0.01087999
0.01088142
0.01086640
0.01081276
0.01087141
0.01081777
0.01091933
0.01081014
0.01083183
0.01084471
0.01081872
0.01081872
0.01085544
0.01080561
0.01090288
0.01090121
0.01100063
0.01084423
0.01086116
0.01077819
0.01078725
0.01082110
0.01085591
0.01081467
0.01096082
0.01091838
0.01102805
0.01088071
0.01088953
0.01087832
0.01078010
0.01083088
0.01070833
0.01081443
0.01080847
0.01080418
0.01080680
0.01081419
0.01085019
0.01084232
0.01085258
0.01081610
0.01093912
0.01086521
0.01083946
0.01087856
0.01092863
0.01082206
0.01083326
0.01094317
0.01086640
0.01079202
0.01083827
0.01091003
0.01088405
0.01080942
0.01102567
0.01099753
0.01086688
0.01082087
0.01104236
0.01090884
0.01083612
0.01079822
0.01094007
0.01091909
0.01093340
0.01111507
0.01096129
0.01091433
0.01095009
0.01093006
0.01096010
0.01083827
0.01094508
0.01088738
0.01094437
0.01093936
0.01099801
0.01092410
0.01092410
0.01103330
0.01101422
0.01094294
0.01093006
0.01098585
0.01097989
0.01093078
0.01105618
0.01089072
0.01086664
0.01089621
0.01111889
0.01087856
0.01093578
0.01091957
0.01092577
0.01084352
0.01094532
0.01097369
0.01095700
0.01092029
0.01098514
0.01098704
0.01099682
0.01082182
0.01102161
0.01104522
0.01094103
0.01094556
0.01108217
0.01082492
0.01105738
0.01108932
0.01106167
0.01095676
0.01107001
0.01094460
0.01098323
0.01090169
0.01104331
0.01099133
0.01094317
0.01111245
0.01105404
0.01095176
0.01102805
0.01103568
0.01104283
0.01104712
0.01119518
0.01100135
0.01100731
0.01115012
0.01098776
0.01092625
0.01110625
0.01103449
0.01139569
0.01095581
0.01111102
0.01106095
0.01097393
0.01090765
0.01100016
0.01086330
0.01097488
0.01092362
0.01101065
0.01084137
0.01079607
0.01080632
0.01083803
0.01083398
0.01083302
0.01078963
0.01089168
0.01083517
0.01089382
0.01085019
0.01098609
0.01092553
0.01086354
0.01084757
0.01099539
0.01097608
0.01089573
0.01085114
0.01104736
0.01104760
0.01087713
0.01085472
0.01097369
0.01091552
0.01098442
0.01087832
0.01088381
0.01093626
0.01094294
0.01084423
0.01098990
0.01081347
0.01115537
0.01083016
0.01085067
0.01077080
0.01083732
0.01087284
0.01086068
0.01097703
0.01079702
0.01085281
0.01088214
0.01081824
0.01095891
0.01085854
0.01085019
0.01083422
0.01082706
0.01091456
0.01092625
