276.000,161.000,73.000,74.000
278.026,163.604,73.000,74.000
280.630,163.894,73.000,74.000
283.234,163.604,73.000,74.000
286.417,163.315,73.000,74.000
290.179,162.447,73.000,74.000
293.362,163.315,73.000,74.000
297.703,162.447,73.000,74.000
300.886,163.315,73.000,74.000
303.490,163.026,73.000,74.000
306.673,163.315,73.000,74.000
308.120,162.447,73.000,74.000
309.567,160.421,73.000,74.000
308.699,155.502,73.000,74.000
310.724,150.004,73.000,74.000
311.592,145.663,73.000,74.000
313.039,143.059,73.000,74.000
314.486,142.191,73.000,74.000
312.460,145.953,73.000,74.000
311.844,148.694,71.443,72.422
311.787,151.923,69.920,70.878
313.173,153.863,69.920,70.878
311.787,154.695,69.920,70.878
312.619,153.863,69.920,70.878
310.678,155.249,69.920,70.878
310.623,156.272,68.429,69.366
312.659,159.887,66.969,67.887
310.270,160.684,66.969,67.887
311.067,162.542,66.969,67.887
310.270,163.869,66.969,67.887
310.536,165.728,66.969,67.887
309.208,166.524,66.969,67.887
309.474,166.789,66.969,67.887
309.208,167.055,66.969,67.887
308.943,166.789,66.969,67.887
308.147,166.524,66.969,67.887
307.881,165.197,66.969,67.887
307.085,165.993,66.969,67.887
305.226,167.851,66.969,67.887
304.961,169.710,66.969,67.887
303.103,171.568,66.969,67.887
302.837,173.426,66.969,67.887
303.634,175.284,66.969,67.887
303.899,176.081,66.969,67.887
304.695,177.408,66.969,67.887
303.368,177.143,66.969,67.887
304.695,176.877,66.969,67.887
303.128,177.503,68.451,69.389
303.400,175.061,68.451,69.389
303.671,176.418,68.451,69.389
303.942,176.689,68.451,69.389
302.586,178.046,68.451,69.389
302.857,177.774,68.451,69.389
301.500,179.131,68.451,69.389
302.857,178.317,68.451,69.389
301.500,179.131,68.451,69.389
302.314,179.403,68.451,69.389
302.586,179.674,68.451,69.389
302.314,181.031,68.451,69.389
302.043,182.930,68.451,69.389
301.229,185.372,68.451,69.389
303.128,186.186,68.451,69.389
303.400,187.000,68.451,69.389
305.299,185.643,68.451,69.389
306.113,182.659,68.451,69.389
307.470,179.674,68.451,69.389
308.284,178.860,68.451,69.389
307.470,178.588,68.451,69.389
308.826,178.317,68.451,69.389
308.012,180.759,68.451,69.389
308.284,184.829,68.451,69.389
308.012,192.155,68.451,69.389
307.741,198.396,68.451,69.389
309.098,201.923,68.451,69.389
306.370,203.126,69.966,70.924
305.538,201.185,69.966,70.924
304.151,200.908,69.966,70.924
302.210,201.185,69.966,70.924
300.823,203.681,69.966,70.924
299.991,206.732,69.966,70.924
299.159,209.228,69.966,70.924
296.371,211.608,71.514,72.493
295.520,214.160,71.514,72.493
295.237,216.144,71.514,72.493
293.564,217.401,73.096,74.097
292.115,218.850,73.096,74.097
290.666,217.401,73.096,74.097
292.115,214.793,73.096,74.097
289.803,210.667,74.713,75.737
288.055,207.063,76.366,77.412
288.152,203.381,78.056,79.125
287.224,203.690,78.056,79.125
286.915,202.143,78.056,79.125
285.986,201.833,78.056,79.125
286.296,201.524,78.056,79.125
287.224,199.977,78.056,79.125
286.296,197.811,78.056,79.125
288.462,198.739,78.056,79.125
288.152,197.811,78.056,79.125
290.318,198.121,78.056,79.125
290.628,197.811,78.056,79.125
290.318,198.739,78.056,79.125
293.103,199.049,78.056,79.125
290.634,197.852,79.783,80.876
292.848,196.271,79.783,80.876
291.899,196.587,79.783,80.876
293.480,195.639,79.783,80.876
290.957,193.103,81.548,82.665
293.220,194.720,81.548,82.665
291.604,193.103,81.548,82.665
294.513,194.073,81.548,82.665
292.897,193.750,81.548,82.665
292.574,192.780,81.548,82.665
294.190,192.457,81.548,82.665
292.574,191.487,81.548,82.665
294.190,190.517,81.548,82.665
292.574,190.841,81.548,82.665
294.836,191.164,81.548,82.665
292.574,191.487,81.548,82.665
294.836,191.164,81.548,82.665
293.220,192.134,81.548,82.665
294.836,191.810,81.548,82.665
293.867,190.841,81.548,82.665
294.836,191.164,81.548,82.665
292.574,190.841,81.548,82.665
294.190,190.517,81.548,82.665
292.574,190.194,81.548,82.665
294.190,190.517,81.548,82.665
292.574,190.841,81.548,82.665
294.836,191.164,81.548,82.665
291.927,190.841,81.548,82.665
293.543,189.871,81.548,82.665
294.513,189.548,81.548,82.665
293.543,187.931,81.548,82.665
293.867,188.255,81.548,82.665
292.250,185.992,81.548,82.665
293.867,186.962,81.548,82.665
292.250,185.345,81.548,82.665
293.867,183.729,81.548,82.665
292.250,184.052,81.548,82.665
293.220,183.729,81.548,82.665
292.250,182.113,81.548,82.665
293.220,182.436,81.548,82.665
290.957,180.173,81.548,82.665
290.634,179.204,81.548,82.665
291.604,178.234,81.548,82.665
290.634,177.264,81.548,82.665
291.604,175.648,81.548,82.665
290.634,175.325,81.548,82.665
291.604,174.355,81.548,82.665
291.281,173.385,81.548,82.665
291.839,175.824,79.809,80.902
292.788,174.243,79.809,80.902
291.206,175.192,79.809,80.902
292.788,174.875,79.809,80.902
291.839,175.824,79.809,80.902
292.155,175.508,79.809,80.902
290.944,176.254,81.575,82.692
291.914,175.284,81.575,82.692
290.005,176.718,83.379,84.522
291.658,177.709,83.379,84.522
291.327,176.718,83.379,84.522
290.997,178.370,83.379,84.522
293.478,177.679,81.601,82.719
293.155,178.649,81.601,82.719
293.090,178.596,79.861,80.955
292.773,177.013,79.861,80.955
293.723,176.063,79.861,80.955
293.659,176.621,78.158,79.229
293.349,175.692,78.158,79.229
293.659,174.143,78.158,79.229
292.730,172.594,78.158,79.229
292.420,171.664,78.158,79.229
292.110,173.833,78.158,79.229
292.420,172.284,78.158,79.229
291.490,173.833,78.158,79.229
289.941,176.002,78.158,79.229
290.871,174.453,78.158,79.229
290.561,177.241,78.158,79.229
289.631,176.931,78.158,79.229
289.941,179.100,78.158,79.229
290.871,178.170,78.158,79.229
290.561,181.578,78.158,79.229
292.290,180.930,76.491,77.539
292.593,183.659,76.491,77.539
292.897,182.143,76.491,77.539
291.987,184.265,76.491,77.539
292.897,181.536,76.491,77.539
291.987,183.659,76.491,77.539
292.897,181.536,76.491,77.539
291.987,181.233,76.491,77.539
293.503,179.111,76.491,77.539
293.806,181.233,76.491,77.539
293.503,177.292,76.491,77.539
295.625,175.775,76.491,77.539
296.535,176.685,76.491,77.539
298.051,174.563,76.491,77.539
295.929,177.292,76.491,77.539
300.543,177.826,74.860,75.886
301.434,181.684,74.860,75.886
303.511,180.200,74.860,75.886
302.621,182.871,74.860,75.886
304.698,182.574,74.860,75.886
304.995,184.651,74.860,75.886
307.072,184.354,74.860,75.886
306.182,186.432,74.860,75.886
308.852,183.761,74.860,75.886
306.775,187.025,74.860,75.886
305.291,184.948,74.860,75.886
305.804,187.187,73.264,74.267
306.675,184.573,73.264,74.267
304.937,189.004,71.701,72.684
304.084,185.309,71.701,72.684
304.937,182.751,71.701,72.684
303.516,185.309,71.701,72.684
305.505,182.183,71.701,72.684
306.358,179.625,71.701,72.684
304.368,180.478,71.701,72.684
306.358,176.214,71.701,72.684
304.937,174.225,71.701,72.684
304.084,171.667,71.701,72.684
303.231,169.109,71.701,72.684
302.379,166.551,71.701,72.684
303.231,163.424,71.701,72.684
301.242,165.982,71.701,72.684
302.663,163.424,71.701,72.684
301.242,162.003,71.701,72.684
303.800,162.287,71.701,72.684
304.652,161.435,71.701,72.684
305.505,163.424,71.701,72.684
306.358,160.866,71.701,72.684
306.074,158.877,71.701,72.684
305.789,156.319,71.701,72.684
304.368,152.056,71.701,72.684
306.358,153.477,71.701,72.684
304.368,148.645,71.701,72.684
300.921,143.418,73.288,74.292
299.469,140.222,73.288,74.292
301.502,143.418,73.288,74.292
298.888,138.479,73.288,74.292
295.692,135.283,73.288,74.292
297.726,139.060,73.288,74.292
293.368,134.702,73.288,74.292
294.064,138.402,74.909,75.935
290.204,133.354,74.909,75.935
284.562,128.306,74.909,75.935
286.506,131.471,76.567,77.615
281.347,126.918,76.567,77.615
284.078,129.650,76.567,77.615
286.810,132.381,76.567,77.615
281.650,127.828,76.567,77.615
284.382,130.560,76.567,77.615
279.222,127.828,76.567,77.615
281.209,131.693,78.261,79.333
282.760,132.003,78.261,79.333
284.791,135.954,79.992,81.088
286.209,141.307,81.762,82.882
289.126,146.169,81.762,82.882
285.868,144.915,83.571,84.716
287.349,146.384,85.420,86.590
284.648,145.778,87.310,88.506
285.477,148.030,89.242,90.464
285.831,149.799,89.242,90.464
287.600,151.568,89.242,90.464
287.953,154.044,89.242,90.464
288.307,156.520,89.242,90.464
289.368,158.289,89.242,90.464
289.722,159.350,89.242,90.464
291.491,162.534,89.242,90.464
289.722,165.718,89.242,90.464
292.198,167.486,89.242,90.464
293.260,163.595,89.242,90.464
291.142,168.310,87.339,88.535
292.181,170.734,87.339,88.535
291.142,171.772,87.339,88.535
290.796,172.811,87.339,88.535
289.758,171.772,87.339,88.535
289.411,174.888,87.339,88.535
287.680,173.157,87.339,88.535
288.719,176.965,87.339,88.535
288.373,177.312,87.339,88.535
288.027,178.350,87.339,88.535
288.373,179.389,87.339,88.535
288.970,179.999,85.476,86.647
289.555,180.596,83.653,84.799
291.213,180.265,83.653,84.799
289.555,178.607,83.653,84.799
291.876,178.938,83.653,84.799
289.555,177.280,83.653,84.799
291.213,176.949,83.653,84.799
290.882,178.607,83.653,84.799
289.224,176.949,83.653,84.799
290.218,175.954,83.653,84.799
290.550,174.959,83.653,84.799
290.882,175.954,83.653,84.799
288.560,173.633,83.653,84.799
290.882,171.975,83.653,84.799
290.550,172.307,83.653,84.799
290.218,169.985,83.653,84.799
288.560,172.307,83.653,84.799
286.902,171.312,83.653,84.799
287.234,170.980,83.653,84.799
287.566,172.638,83.653,84.799
286.571,170.317,83.653,84.799
288.229,169.322,83.653,84.799
285.908,172.306,83.653,84.799
288.229,169.985,83.653,84.799
288.560,168.327,83.653,84.799
290.218,167.996,83.653,84.799
291.213,167.664,83.653,84.799
291.545,170.648,83.653,84.799
289.887,167.664,83.653,84.799
288.892,166.006,83.653,84.799
289.887,169.654,83.653,84.799
287.566,164.017,83.653,84.799
285.908,159.043,83.653,84.799
284.913,160.701,83.653,84.799
284.207,154.893,81.869,82.991
282.584,157.165,81.869,82.991
282.689,151.196,83.681,84.827
279.040,153.518,83.681,84.827
282.025,149.869,83.681,84.827
279.703,151.528,83.681,84.827
277.745,147.492,85.532,86.704
278.084,145.119,85.532,86.704
278.423,146.136,85.532,86.704
280.118,144.441,85.532,86.704
277.745,141.389,85.532,86.704
274.694,142.406,85.532,86.704
278.423,142.745,85.532,86.704
275.372,141.050,85.532,86.704
275.711,142.745,85.532,86.704
271.981,140.372,85.532,86.704
275.711,142.745,85.532,86.704
271.599,140.731,87.424,88.622
274.718,141.771,87.424,88.622
272.292,140.731,87.424,88.622
268.089,138.672,89.359,90.583
266.652,145.442,87.453,88.651
268.385,145.095,87.453,88.651
264.572,146.829,87.453,88.651
264.225,147.175,87.453,88.651
261.799,146.829,87.453,88.651
259.372,150.642,87.453,88.651
261.799,148.908,87.453,88.651
258.679,150.642,87.453,88.651
262.618,151.921,85.588,86.761
259.565,150.225,85.588,86.761
262.618,148.528,85.588,86.761
264.315,146.832,85.588,86.761
260.583,149.207,85.588,86.761
263.636,144.118,85.588,86.761
265.333,147.850,85.588,86.761
262.958,146.832,85.588,86.761
265.333,147.850,85.588,86.761
266.350,148.189,85.588,86.761
268.725,143.779,85.588,86.761
263.636,146.832,85.588,86.761
267.492,146.122,83.763,84.910
265.505,147.988,81.977,83.100
267.779,146.363,81.977,83.100
268.104,147.988,81.977,83.100
264.907,150.440,80.229,81.328
267.133,146.942,80.229,81.328
268.723,148.532,80.229,81.328
267.133,150.122,80.229,81.328
268.723,151.076,80.229,81.328
263.953,153.938,80.229,81.328
266.341,155.112,78.518,79.593
265.678,157.460,76.843,77.896
265.983,158.374,76.843,77.896
267.977,158.460,78.543,79.619
270.779,158.149,78.543,79.619
269.222,159.706,78.543,79.619
271.402,160.017,78.543,79.619
268.599,162.819,78.543,79.619
271.930,164.200,80.281,81.381
267.793,167.064,80.281,81.381
272.566,169.291,80.281,81.381
270.339,172.155,80.281,81.381
273.203,172.474,80.281,81.381
269.702,175.338,80.281,81.381
273.203,175.656,80.281,81.381
269.702,177.884,80.281,81.381
273.203,177.565,80.281,81.381
269.702,177.884,80.281,81.381
272.566,178.202,80.281,81.381
268.429,179.793,80.281,81.381
271.293,178.202,80.281,81.381
268.429,179.156,80.281,81.381
271.930,177.565,80.281,81.381
273.521,175.974,80.281,81.381
272.566,178.838,80.281,81.381
276.067,176.611,80.281,81.381
273.203,179.475,80.281,81.381
276.067,176.611,80.281,81.381
274.476,178.202,80.281,81.381
277.340,178.520,80.281,81.381
274.476,178.838,80.281,81.381
276.703,179.157,80.281,81.381
274.476,180.111,80.281,81.381
277.976,178.520,80.281,81.381
275.749,178.202,80.281,81.381
277.340,175.338,80.281,81.381
277.022,171.201,80.281,81.381
274.158,169.610,80.281,81.381
269.638,168.379,82.057,83.181
266.710,170.005,82.057,83.181
265.465,168.073,83.873,85.022
266.262,166.098,85.729,86.903
262.524,166.437,85.729,86.903
264.223,165.418,85.729,86.903
261.844,167.117,85.729,86.903
260.825,165.418,85.729,86.903
260.485,166.437,85.729,86.903
258.106,164.059,85.729,86.903
257.766,162.359,85.729,86.903
255.387,159.981,85.729,86.903
254.368,156.922,85.729,86.903
254.028,155.223,85.729,86.903
253.009,151.485,85.729,86.903
252.669,148.427,85.729,86.903
250.290,145.368,85.729,86.903
249.950,141.630,85.729,86.903
251.649,139.251,85.729,86.903
249.616,136.575,83.900,85.050
251.279,134.912,83.900,85.050
248.951,132.584,83.900,85.050
251.279,130.921,83.900,85.050
249.929,128.302,82.111,83.236
252.208,125.373,82.111,83.236
255.137,126.349,82.111,83.236
251.934,123.786,80.360,81.461
254.801,126.016,80.360,81.461
251.666,123.507,78.646,79.724
255.096,128.183,78.646,79.724
251.043,126.001,78.646,79.724
254.472,130.677,78.646,79.724
257.278,134.106,78.646,79.724
252.602,135.665,78.646,79.724
256.031,139.718,78.646,79.724
259.460,143.147,78.646,79.724
256.031,145.329,78.646,79.724
260.707,148.135,78.646,79.724
262.266,150.317,78.646,79.724
264.448,152.500,78.646,79.724
265.384,155.305,78.646,79.724
267.566,158.111,78.646,79.724
268.960,162.081,80.386,81.488
270.553,166.223,80.386,81.488
274.695,170.366,80.386,81.488
276.120,172.440,82.165,83.291
278.400,174.719,82.165,83.291
277.423,178.953,82.165,83.291
280.354,182.536,82.165,83.291
281.983,184.816,82.165,83.291
281.412,185.584,83.983,85.133
284.408,185.251,83.983,85.133
283.134,186.036,85.841,87.017
284.154,186.377,85.841,87.017
285.175,188.078,85.841,87.017
285.285,184.644,87.740,88.942
284.937,186.383,87.740,88.942
286.492,185.038,89.682,90.910
289.692,185.394,89.682,90.910
289.336,185.749,89.682,90.910
288.981,183.261,89.682,90.910
290.758,185.749,89.682,90.910
292.535,184.683,89.682,90.910
293.602,186.460,89.682,90.910
296.090,186.105,89.682,90.910
296.205,183.993,91.666,92.921
298.022,182.903,91.666,92.921
299.838,181.086,91.666,92.921
301.655,177.816,91.666,92.921
298.002,175.657,93.694,94.977
299.116,176.028,93.694,94.977
299.488,174.914,93.694,94.977
297.631,175.285,93.694,94.977
298.745,176.400,93.694,94.977
298.670,177.770,91.696,92.952
296.853,178.134,91.696,92.952
296.489,180.678,91.696,92.952
295.399,179.588,91.696,92.952
296.489,182.132,91.696,92.952
296.853,181.769,91.696,92.952
297.943,180.678,91.696,92.952
297.580,178.861,91.696,92.952
297.943,179.224,91.696,92.952
299.034,178.134,91.696,92.952
297.943,174.862,91.696,92.952
298.307,173.045,91.696,92.952
298.934,172.284,89.740,90.970
297.155,175.486,89.740,90.970
297.511,177.265,89.740,90.970
296.444,176.197,89.740,90.970
296.088,175.130,89.740,90.970
295.733,176.909,89.740,90.970
293.242,174.419,89.740,90.970
292.175,176.197,89.740,90.970
290.397,173.707,89.740,90.970
291.987,174.546,91.726,92.982
289.442,172.001,91.726,92.982
290.533,172.365,91.726,92.982
290.169,169.092,91.726,92.982
288.351,173.092,91.726,92.982
289.442,177.092,91.726,92.982
289.079,175.274,91.726,92.982
290.169,177.819,91.726,92.982
287.624,175.274,91.726,92.982
287.988,180.000,91.726,92.982
289.806,176.728,91.726,92.982
287.261,178.546,91.726,92.982
289.079,175.274,91.726,92.982
287.261,180.727,91.726,92.982
289.079,178.182,91.726,92.982
288.715,180.727,91.726,92.982
290.533,178.182,91.726,92.982
285.806,180.000,91.726,92.982
288.351,176.728,91.726,92.982
284.352,179.273,91.726,92.982
285.443,176.001,91.726,92.982
282.170,176.364,91.726,92.982
283.261,173.819,91.726,92.982
281.786,173.759,89.770,91.000
282.854,171.980,89.770,91.000
279.651,170.912,89.770,91.000
281.430,168.422,89.770,91.000
278.228,170.201,89.770,91.000
279.295,166.998,89.770,91.000
278.939,165.219,89.770,91.000
279.295,163.440,89.770,91.000
276.804,162.372,89.770,91.000
277.872,160.593,89.770,91.000
278.939,158.814,89.770,91.000
277.872,158.458,89.770,91.000
278.939,157.390,89.770,91.000
279.295,157.035,89.770,91.000
278.939,156.679,89.770,91.000
280.718,155.611,89.770,91.000
280.363,153.832,89.770,91.000
282.142,152.053,89.770,91.000
279.651,153.120,89.770,91.000
282.854,151.341,89.770,91.000
282.498,154.544,89.770,91.000
285.856,152.427,87.855,89.059
284.114,150.686,87.855,89.059
287.401,150.628,85.982,87.160
287.060,148.924,85.982,87.160
287.401,148.583,85.982,87.160
289.105,148.243,85.982,87.160
286.719,152.673,85.982,87.160
286.378,151.651,85.982,87.160
286.038,155.400,85.982,87.160
287.742,155.059,85.982,87.160
287.016,160.259,84.148,85.301
288.684,157.924,84.148,85.301
287.016,160.259,84.148,85.301
289.351,158.591,84.148,85.301
286.349,160.926,84.148,85.301
288.684,158.591,84.148,85.301
285.682,160.926,84.148,85.301
284.681,157.924,84.148,85.301
285.682,156.256,84.148,85.301
285.614,161.346,82.354,83.482
288.552,158.407,82.354,83.482
287.573,159.387,82.354,83.482
289.858,157.755,82.354,83.482
288.226,158.734,82.354,83.482
291.307,159.309,80.598,81.702
290.348,160.907,80.598,81.702
292.131,160.238,78.879,79.959
292.444,159.300,78.879,79.959
294.633,158.362,78.879,79.959
295.775,163.133,77.197,78.254
299.141,160.379,77.197,78.254
300.059,158.849,77.197,78.254
301.589,160.991,77.197,78.254
303.731,158.237,77.197,78.254
306.485,159.155,77.197,78.254
308.627,157.013,77.197,78.254
310.157,155.483,77.197,78.254
311.075,153.953,77.197,78.254
311.993,156.095,77.197,78.254
315.359,153.341,77.197,78.254
313.829,156.095,77.197,78.254
318.419,152.729,77.197,78.254
317.501,151.811,77.197,78.254
316.583,154.565,77.197,78.254
319.337,151.199,77.197,78.254
317.807,153.953,77.197,78.254
319.949,150.587,77.197,78.254
317.807,149.669,77.197,78.254
318.725,151.811,77.197,78.254
319.031,149.057,77.197,78.254
317.501,152.423,77.197,78.254
316.583,150.281,77.197,78.254
315.665,154.259,77.197,78.254
314.135,152.729,77.197,78.254
313.217,154.259,77.197,78.254
312.911,153.953,77.197,78.254
310.769,151.811,77.197,78.254
312.299,154.565,77.197,78.254
309.545,151.811,77.197,78.254
308.015,155.177,77.197,78.254
306.485,152.423,77.197,78.254
305.567,155.789,77.197,78.254
303.425,152.423,77.197,78.254
302.507,155.789,77.197,78.254
300.365,153.035,77.197,78.254
298.835,157.013,77.197,78.254
297.305,154.259,77.197,78.254
295.163,157.625,77.197,78.254
293.021,154.259,77.197,78.254
291.491,158.237,77.197,78.254
289.961,154.871,77.197,78.254
288.431,158.849,77.197,78.254
286.901,154.871,77.197,78.254
286.595,158.237,77.197,78.254
283.841,155.483,77.197,78.254
284.147,158.849,77.197,78.254
281.393,156.095,77.197,78.254
281.087,159.461,77.197,78.254
279.557,157.319,77.197,78.254
278.639,161.297,77.197,78.254
277.109,159.767,77.197,78.254
275.579,163.133,77.197,78.254
273.772,165.124,78.905,79.986
272.209,162.309,78.905,79.986
271.896,166.375,78.905,79.986
270.332,163.560,78.905,79.986
271.270,167.001,78.905,79.986
270.332,164.812,78.905,79.986
268.485,167.496,80.650,81.755
268.166,165.258,80.650,81.755
270.404,168.136,80.650,81.755
270.339,165.618,78.931,80.012
272.529,168.434,78.931,80.012
271.591,164.992,78.931,80.012
271.278,167.182,78.931,80.012
272.216,164.992,78.931,80.012
271.904,167.808,78.931,80.012
273.468,167.495,78.931,80.012
273.155,166.556,78.931,80.012
274.094,168.747,78.931,80.012
273.781,166.556,78.931,80.012
274.719,167.495,78.931,80.012
276.284,165.305,78.931,80.012
278.474,164.366,78.931,80.012
280.664,164.679,78.931,80.012
282.854,163.741,78.931,80.012
286.296,162.176,78.931,80.012
290.989,161.238,78.931,80.012
295.056,164.053,78.931,80.012
298.498,165.618,78.931,80.012
303.817,163.428,78.931,80.012
307.884,167.495,78.931,80.012
311.952,168.434,78.931,80.012
315.393,170.624,78.931,80.012
319.461,170.311,78.931,80.012
321.651,168.747,78.931,80.012
322.590,169.685,78.931,80.012
323.989,167.826,80.677,81.782
322.764,165.926,82.462,83.592
325.706,166.907,82.462,83.592
321.742,164.965,84.286,85.441
324.749,164.631,84.286,85.441
323.078,163.628,84.286,85.441
322.076,162.626,84.286,85.441
323.078,160.955,84.286,85.441
320.071,159.953,84.286,85.441
320.405,159.619,84.286,85.441
318.735,158.617,84.286,85.441
321.074,158.283,84.286,85.441
318.735,157.280,84.286,85.441
321.742,156.278,84.286,85.441
318.735,157.948,84.286,85.441
317.733,158.283,84.286,85.441
316.730,158.617,84.286,85.441
314.391,156.946,84.286,85.441
311.385,155.276,84.286,85.441
307.709,157.614,84.286,85.441
304.034,157.948,84.286,85.441
298.596,152.497,86.151,87.331
296.580,151.177,88.057,89.264
291.622,149.103,90.006,91.239
294.989,147.668,88.086,89.293
295.338,143.827,88.086,89.293
298.480,142.780,88.086,89.293
300.226,141.034,88.086,89.293
304.194,142.996,86.208,87.389
306.586,143.338,86.208,87.389
304.878,141.629,86.208,87.389
308.637,143.338,86.208,87.389
307.612,139.579,86.208,87.389
311.371,141.287,86.208,87.389
309.984,142.548,84.369,85.525
307.983,141.849,82.570,83.701
311.583,140.867,82.570,83.701
307.983,139.885,82.570,83.701
309.446,138.619,84.397,85.553
306.083,136.632,86.264,87.446
306.903,136.019,88.173,89.381
305.155,134.970,88.173,89.381
305.504,134.621,88.173,89.381
307.252,134.970,88.173,89.381
306.903,134.621,88.173,89.381
309.349,134.271,88.173,89.381
304.805,112.951,88.173,89.381
307.951,113.301,88.173,89.381
306.903,116.446,88.173,89.381
309.349,118.194,88.173,89.381
308.736,118.293,90.124,91.358
308.379,120.079,90.124,91.358
310.165,121.151,90.124,91.358
309.808,122.223,90.124,91.358
309.451,123.294,90.124,91.358
310.523,124.366,90.124,91.358
307.307,124.009,90.124,91.358
309.808,125.080,90.124,91.358
306.593,123.294,90.124,91.358
309.276,126.679,88.202,89.410
306.828,127.028,88.202,89.410
309.276,128.077,88.202,89.410
307.527,127.728,88.202,89.410
310.827,130.366,86.321,87.503
309.800,130.024,86.321,87.503
311.511,133.788,86.321,87.503
309.800,133.445,86.321,87.503
309.458,134.472,86.321,87.503
307.063,135.498,86.321,87.503
304.668,135.841,86.321,87.503
302.957,137.551,86.321,87.503
300.562,138.578,86.321,87.503
298.851,141.658,86.321,87.503
296.456,141.315,86.321,87.503
296.113,143.026,86.321,87.503
294.403,144.053,86.321,87.503
294.060,141.658,86.321,87.503
292.350,144.053,86.321,87.503
290.639,141.658,86.321,87.503
289.612,139.947,86.321,87.503
287.217,138.920,86.321,87.503
284.822,136.525,86.321,87.503
283.111,135.498,86.321,87.503
280.031,135.156,86.321,87.503
278.321,134.130,86.321,87.503
276.610,133.103,86.321,87.503
275.583,131.392,86.321,87.503
274.557,130.366,86.321,87.503
274.899,129.339,86.321,87.503
271.135,126.944,86.321,87.503
272.161,127.971,86.321,87.503
271.135,124.891,86.321,87.503
270.793,123.865,86.321,87.503
272.504,123.522,86.321,87.503
271.775,120.828,84.480,85.637
273.449,117.814,84.480,85.637
274.454,119.488,84.480,85.637
275.459,115.804,84.480,85.637
277.133,118.149,84.480,85.637
278.138,115.804,84.480,85.637
280.482,119.488,84.480,85.637
280.817,115.804,84.480,85.637
281.151,119.488,84.480,85.637
281.486,123.172,84.480,85.637
279.509,125.351,86.349,87.532
281.750,126.869,88.260,89.469
278.982,131.532,86.377,87.561
283.433,133.244,86.377,87.561
285.830,134.271,86.377,87.561
285.488,135.983,86.377,87.561
287.884,150.021,86.377,87.561
283.433,153.788,86.377,87.561
285.830,152.076,86.377,87.561
282.064,155.157,86.377,87.561
283.776,156.869,86.377,87.561
282.064,158.581,86.377,87.561
279.667,160.978,86.377,87.561
281.379,164.060,86.377,87.561
277.612,159.608,86.377,87.561
278.640,166.114,86.377,87.561
275.558,160.978,86.377,87.561
276.585,168.168,86.377,87.561
273.504,171.250,86.377,87.561
275.216,168.853,86.377,87.561
272.134,173.989,86.377,87.561
273.846,175.701,86.377,87.561
272.134,176.728,86.377,87.561
272.476,176.386,86.377,87.561
273.504,176.043,86.377,87.561
271.792,177.755,86.377,87.561
273.504,176.043,86.377,87.561
272.476,175.701,86.377,87.561
274.188,175.359,86.377,87.561
271.107,172.277,86.377,87.561
274.188,171.935,86.377,87.561
272.476,170.908,86.377,87.561
274.873,169.196,86.377,87.561
273.846,167.484,86.377,87.561
276.417,165.447,84.535,85.693
278.093,165.112,84.535,85.693
279.098,162.096,84.535,85.693
277.422,159.080,84.535,85.693
281.877,159.671,82.733,83.866
280.237,156.719,82.733,83.866
283.844,155.080,82.733,83.866
285.484,152.784,82.733,83.866
286.468,151.800,82.733,83.866
285.484,150.161,82.733,83.866
284.500,147.865,82.733,83.866
287.452,148.849,82.733,83.866
285.156,147.865,82.733,83.866
286.140,148.849,82.733,83.866
283.844,148.521,82.733,83.866
282.860,146.881,82.733,83.866
284.500,149.177,82.733,83.866
282.860,144.913,82.733,83.866
283.188,147.209,82.733,83.866
282.860,144.257,82.733,83.866
282.533,145.897,82.733,83.866
283.516,144.913,82.733,83.866
283.844,146.553,82.733,83.866
283.516,143.602,82.733,83.866
286.468,141.306,82.733,83.866
284.828,139.010,82.733,83.866
286.468,140.650,82.733,83.866
285.484,143.602,82.733,83.866
286.468,139.994,82.733,83.866
284.172,139.010,82.733,83.866
284.500,140.650,82.733,83.866
286.140,142.946,82.733,83.866
283.524,138.956,84.563,85.722
285.718,139.746,86.434,87.618
285.375,141.459,86.434,87.618
288.459,139.746,86.434,87.618
285.725,139.843,88.346,89.557
289.578,138.092,88.346,89.557
287.126,137.742,88.346,89.557
288.877,138.092,88.346,89.557
287.126,137.742,88.346,89.557
289.578,137.392,88.346,89.557
289.227,137.042,88.346,89.557
288.177,137.392,88.346,89.557
290.628,135.641,88.346,89.557
288.877,137.392,88.346,89.557
289.928,134.941,88.346,89.557
288.177,134.590,88.346,89.557
289.227,132.139,88.346,89.557
287.476,131.088,88.346,89.557
289.227,129.337,88.346,89.557
286.776,126.886,88.346,89.557
287.827,124.435,88.346,89.557
286.076,121.983,88.346,89.557
285.025,119.532,88.346,89.557
286.076,117.080,88.346,89.557
285.025,115.329,88.346,89.557
286.776,114.279,88.346,89.557
286.426,113.929,88.346,89.557
288.177,113.578,88.346,89.557
287.126,113.228,88.346,89.557
288.877,113.578,88.346,89.557
287.537,112.951,90.301,91.538
287.895,114.741,90.301,91.538
286.821,112.951,90.301,91.538
285.747,114.741,90.301,91.538
284.673,114.383,90.301,91.538
282.167,114.741,90.301,91.538
281.093,115.099,90.301,91.538
278.238,114.457,92.299,93.563
280.067,116.287,92.299,93.563
276.774,116.653,92.299,93.563
279.335,119.214,92.299,93.563
278.238,121.043,92.299,93.563
277.872,122.141,92.299,93.563
277.506,124.702,92.299,93.563
278.604,127.263,92.299,93.563
280.433,130.556,92.299,93.563
282.262,133.848,92.299,93.563
281.165,137.141,92.299,93.563
282.262,139.702,92.299,93.563
282.628,139.336,92.299,93.563
282.994,139.702,92.299,93.563
280.433,141.532,92.299,93.563
284.457,141.898,92.299,93.563
281.165,144.459,92.299,93.563
285.189,146.288,92.299,93.563
282.628,143.727,92.299,93.563
286.653,147.751,92.299,93.563
285.555,145.922,92.299,93.563
288.848,149.215,92.299,93.563
288.069,149.155,90.331,91.568
286.279,152.377,90.331,91.568
282.340,147.722,90.331,91.568
276.969,143.784,90.331,91.568
270.882,141.277,90.331,91.568
265.978,139.147,88.404,89.615
268.431,139.498,88.404,89.615
265.978,137.045,88.404,89.615
266.328,135.293,88.404,89.615
268.080,134.241,88.404,89.615
270.533,135.293,88.404,89.615
272.286,134.241,88.404,89.615
274.038,136.694,88.404,89.615
271.585,139.147,88.404,89.615
271.234,139.498,88.404,89.615
270.183,140.549,88.404,89.615
269.833,143.002,88.404,89.615
268.080,145.455,88.404,89.615
266.328,147.908,88.404,89.615
268.781,152.464,88.404,89.615
266.328,150.011,88.404,89.615
267.379,153.866,88.404,89.615
266.328,154.216,88.404,89.615
267.379,158.071,88.404,89.615
267.730,157.019,88.404,89.615
268.080,160.874,88.404,89.615
267.029,159.122,88.404,89.615
267.379,163.678,88.404,89.615
269.832,164.729,88.404,89.615
265.582,159.738,90.360,91.598
268.272,166.584,88.433,89.645
270.025,164.831,88.433,89.645
267.571,163.078,88.433,89.645
270.025,166.934,88.433,89.645
267.228,169.216,90.390,91.628
270.609,171.920,88.462,89.674
273.064,169.465,88.462,89.674
275.518,174.725,88.462,89.674
274.772,172.639,86.576,87.762
276.488,177.101,86.576,87.762
278.890,174.698,86.576,87.762
281.292,176.414,86.576,87.762
280.263,174.698,86.576,87.762
282.509,178.356,88.491,89.704
283.562,174.498,88.491,89.704
285.316,178.356,88.491,89.704
287.612,173.361,90.449,91.688
292.273,177.305,90.449,91.688
295.500,179.097,90.449,91.688
293.707,176.587,90.449,91.688
296.934,179.097,90.449,91.688
301.700,177.656,88.520,89.733
304.858,180.112,88.520,89.733
303.805,176.252,88.520,89.733
306.261,178.007,88.520,89.733
304.507,173.445,88.520,89.733
306.963,174.498,88.520,89.733
306.612,169.936,88.520,89.733
307.665,168.182,88.520,89.733
308.016,165.726,88.520,89.733
308.367,163.269,88.520,89.733
307.314,160.813,88.520,89.733
306.963,157.655,88.520,89.733
307.314,155.199,88.520,89.733
306.261,156.252,88.520,89.733
305.209,153.795,88.520,89.733
306.261,151.339,88.520,89.733
304.507,152.392,88.520,89.733
303.454,147.830,88.520,89.733
302.402,148.883,88.520,89.733
302.752,144.321,88.520,89.733
303.805,145.374,88.520,89.733
300.278,141.105,90.479,91.718
300.636,142.181,90.479,91.718
300.278,138.953,90.479,91.718
299.919,141.463,90.479,91.718
300.995,140.387,90.479,91.718
299.202,139.312,90.479,91.718
298.843,140.387,90.479,91.718
297.767,137.160,90.479,91.718
296.691,138.236,90.479,91.718
294.898,136.442,90.479,91.718
296.691,136.801,90.479,91.718
294.180,132.856,90.479,91.718
295.974,135.366,90.479,91.718
294.898,134.290,90.479,91.718
294.539,135.366,90.479,91.718
297.232,134.616,88.549,89.762
296.485,135.911,86.661,87.848
296.141,136.255,86.661,87.848
297.172,137.285,86.661,87.848
294.767,136.942,86.661,87.848
294.424,136.598,86.661,87.848
293.393,134.881,86.661,87.848
293.050,135.224,86.661,87.848
293.393,132.820,86.661,87.848
291.676,131.789,86.661,87.848
292.706,130.758,86.661,87.848
291.676,129.041,86.661,87.848
290.645,128.697,86.661,87.848
290.989,128.354,86.661,87.848
292.019,130.758,86.661,87.848
289.615,133.850,86.661,87.848
286.523,135.568,86.661,87.848
291.751,137.498,84.813,85.975
291.035,137.442,83.004,84.141
288.732,139.087,83.004,84.141
287.087,140.075,83.004,84.141
289.390,140.404,83.004,84.141
286.429,138.758,83.004,84.141
289.390,139.745,83.004,84.141
286.429,140.075,83.004,84.141
288.074,140.404,83.004,84.141
288.403,142.049,83.004,84.141
291.364,138.429,83.004,84.141
290.030,140.278,81.234,82.347
284.999,174.366,79.502,80.591
284.053,178.462,79.502,80.591
283.382,177.195,77.807,78.872
286.293,177.145,76.147,77.190
283.904,176.513,74.523,75.544
286.563,175.627,74.523,75.544
285.086,174.150,74.523,75.544
285.381,173.854,74.523,75.544
284.752,172.667,72.934,73.933
286.776,171.221,72.934,73.933
286.161,170.059,71.379,72.357
287.009,167.512,71.379,72.357
288.424,165.532,71.379,72.357
290.863,160.328,72.958,73.958
285.369,150.784,72.958,73.958
289.062,145.466,74.572,75.594
291.611,137.576,76.222,77.266
289.496,133.043,76.222,77.266
292.215,134.554,76.222,77.266
293.726,136.065,76.222,77.266
292.819,135.158,76.222,77.266
290.704,136.065,76.222,77.266
294.028,135.763,76.222,77.266
290.100,135.461,76.222,77.266
291.611,134.554,76.222,77.266
291.708,132.132,77.909,78.976
288.669,135.653,76.247,77.292
286.278,139.099,74.621,75.643
283.024,137.029,74.621,75.643
282.964,140.401,73.030,74.030
282.096,139.533,73.030,74.030
280.069,140.401,73.030,74.030
277.159,138.080,74.646,75.668
278.047,138.376,74.646,75.668
275.384,138.672,74.646,75.668
272.721,137.784,74.646,75.668
270.360,136.640,76.297,77.342
268.848,136.943,76.297,77.342
271.570,140.270,76.297,77.342
268.243,138.757,76.297,77.342
269.755,140.875,76.297,77.342
266.428,139.967,76.297,77.342
290.926,108.211,76.297,77.342
291.833,104.884,76.297,77.342
287.537,99.950,77.985,79.054
286.610,102.732,77.985,79.054
283.502,104.744,79.711,80.803
282.554,105.692,79.711,80.803
280.975,105.376,79.711,80.803
279.395,106.324,79.711,80.803
278.447,106.640,79.711,80.803
278.131,107.587,79.711,80.803
274.954,111.611,81.474,82.590
273.339,113.226,81.474,82.590
272.371,115.486,81.474,82.590
272.048,116.455,81.474,82.590
271.079,117.424,81.474,82.590
270.756,116.455,81.474,82.590
268.495,116.778,81.474,82.590
268.818,114.517,81.474,82.590
266.557,116.778,81.474,82.590
263.981,118.880,83.277,84.418
261.347,118.289,85.119,86.285
259.355,119.785,87.003,88.195
259.466,121.314,88.928,90.146
258.409,123.781,88.928,90.146
257.351,124.134,88.928,90.146
259.819,125.191,88.928,90.146
261.581,125.544,88.928,90.146
261.695,124.912,90.895,92.140
262.775,123.831,90.895,92.140
263.856,126.353,90.895,92.140
264.937,129.596,90.895,92.140
266.739,134.280,90.895,92.140
269.982,138.964,90.895,92.140
267.825,138.905,88.957,90.175
270.999,142.078,88.957,90.175
273.467,140.315,88.957,90.175
277.346,143.489,88.957,90.175
282.033,148.189,87.060,88.252
283.759,147.844,87.060,88.252
288.245,150.950,87.060,88.252
292.731,154.746,87.060,88.252
295.147,152.330,87.060,88.252
297.563,156.816,87.060,88.252
298.598,155.781,87.060,88.252
300.323,154.746,87.060,88.252
300.434,152.695,88.986,90.205
300.787,150.932,88.986,90.205
302.364,147.372,90.955,92.201
303.977,144.482,92.967,94.241
306.556,145.587,92.967,94.241
303.977,144.482,92.967,94.241
308.030,146.324,92.967,94.241
307.662,146.693,92.967,94.241
308.030,150.010,92.967,94.241
306.188,148.904,92.967,94.241
304.345,152.221,92.967,94.241
305.451,155.537,92.967,94.241
304.345,153.695,92.967,94.241
305.451,157.011,92.967,94.241
302.871,159.591,92.967,94.241
299.554,155.537,92.967,94.241
303.608,158.854,92.967,94.241
300.292,157.011,92.967,94.241
303.608,159.591,92.967,94.241
298.817,156.274,92.967,94.241
302.759,157.908,95.024,96.326
300.123,155.271,95.024,96.326
305.773,159.415,95.024,96.326
309.163,161.298,95.024,96.326
304.594,156.715,97.126,98.457
308.059,161.720,97.126,98.457
310.754,159.795,97.126,98.457
311.139,161.720,97.126,98.457
310.754,159.025,97.126,98.457
313.646,161.189,95.055,96.357
311.008,158.551,95.055,96.357
315.290,161.394,93.028,94.302
316.637,162.044,91.044,92.291
316.277,162.405,91.044,92.291
315.916,161.323,91.044,92.291
319.164,162.405,91.044,92.291
315.194,159.157,91.044,92.291
314.833,157.353,91.044,92.291
319.630,156.598,89.103,90.323
317.158,154.125,89.103,90.323
316.098,153.066,89.103,90.323
315.745,151.300,89.103,90.323
318.217,149.534,89.103,90.323
315.745,145.648,89.103,90.323
315.392,142.470,89.103,90.323
314.332,139.291,89.103,90.323
319.027,139.233,87.203,88.397
317.299,136.122,87.203,88.397
317.895,136.731,85.343,86.512
319.587,135.040,85.343,86.512
317.895,133.348,85.343,86.512
320.940,133.010,85.343,86.512
318.572,131.318,85.343,86.512
316.880,130.303,85.343,86.512
315.865,129.965,85.343,86.512
318.910,128.950,85.343,86.512
315.189,127.259,85.343,86.512
312.821,126.244,85.343,86.512
310.453,124.552,85.343,86.512
309.438,122.184,85.343,86.512
312.482,118.463,85.343,86.512
310.114,114.742,85.343,86.512
313.959,112.078,83.523,84.667
311.641,108.436,83.523,84.667
313.959,106.118,83.523,84.667
310.317,106.449,83.523,84.667
313.297,104.794,83.523,84.667
311.641,106.449,83.523,84.667
317.244,105.169,85.371,86.540
319.459,103.861,87.260,88.455
318.422,102.823,87.260,88.455
320.843,104.552,87.260,88.455
318.422,100.748,87.260,88.455
317.384,101.094,87.260,88.455
317.038,98.672,87.260,88.455
320.151,96.943,87.260,88.455
321.189,96.597,87.260,88.455
324.994,97.635,87.260,88.455
325.339,94.522,87.260,88.455
327.069,94.176,87.260,88.455
329.490,95.213,87.260,88.455
327.761,94.176,87.260,88.455
328.798,94.522,87.260,88.455
330.528,95.559,87.260,88.455
330.182,95.905,87.260,88.455
329.836,94.176,87.260,88.455
331.566,95.905,87.260,88.455
332.603,95.559,87.260,88.455
332.257,95.905,87.260,88.455
333.295,94.867,87.260,88.455
332.257,94.522,87.260,88.455
333.295,95.559,87.260,88.455
332.949,94.522,87.260,88.455
332.603,96.251,87.260,88.455
330.874,95.213,87.260,88.455
332.603,96.943,87.260,88.455
331.997,97.759,89.190,90.412
331.244,95.656,87.288,88.484
334.358,98.770,87.288,88.484
332.628,94.272,87.288,88.484
331.590,96.002,87.288,88.484
331.244,91.504,87.288,88.484
331.590,95.310,87.288,88.484
334.012,93.580,87.288,88.484
332.282,95.310,87.288,88.484
335.396,97.732,87.288,88.484
331.590,94.618,87.288,88.484
331.244,99.808,87.288,88.484
334.358,96.002,87.288,88.484
330.162,97.536,89.220,90.442
333.345,92.938,89.220,90.442
331.576,95.414,89.220,90.442
331.505,90.583,87.317,88.513
331.159,93.698,87.317,88.513
332.889,88.507,87.317,88.513
331.159,90.929,87.317,88.513
334.966,84.353,87.317,88.513
333.928,85.391,87.317,88.513
333.858,81.331,85.455,86.626
337.584,83.025,85.455,86.626
336.210,83.622,83.633,84.778
339.856,79.975,83.633,84.778
337.872,83.116,81.849,82.970
341.441,84.738,81.849,82.970
342.415,81.818,81.849,82.970
342.090,83.440,81.849,82.970
343.712,84.414,81.849,82.970
342.090,86.685,81.849,82.970
343.064,83.765,81.849,82.970
340.792,86.685,81.849,82.970
342.415,83.765,81.849,82.970
339.495,86.036,81.849,82.970
337.872,87.658,81.849,82.970
341.441,84.089,81.849,82.970
337.223,87.009,81.849,82.970
338.846,84.089,81.849,82.970
334.628,86.360,81.849,82.970
338.197,84.089,81.849,82.970
334.628,82.467,81.849,82.970
332.713,82.559,83.660,84.806
333.708,78.911,83.660,84.806
331.723,79.496,81.876,82.998
333.995,76.575,81.876,82.998
331.074,76.899,81.876,82.998
329.451,77.224,81.876,82.998
330.425,76.899,81.876,82.998
327.504,76.575,81.876,82.998
328.477,75.601,81.876,82.998
326.205,77.224,81.876,82.998
326.140,79.673,80.130,81.228
325.822,78.085,80.130,81.228
323.599,79.673,80.130,81.228
323.281,78.720,80.130,81.228
321.693,78.402,80.130,81.228
319.470,76.814,80.130,81.228
317.246,77.132,80.130,81.228
319.470,76.179,80.130,81.228
315.340,77.132,80.130,81.228
316.293,78.085,80.130,81.228
312.799,79.673,80.130,81.228
309.941,81.896,80.130,81.228
311.529,80.944,80.130,81.228
308.035,83.167,80.130,81.228
309.623,84.755,80.130,81.228
305.494,86.343,80.130,81.228
303.271,87.296,80.130,81.228
306.764,86.343,80.130,81.228
303.271,89.202,80.130,81.228
304.859,88.884,80.130,81.228
301.733,92.506,78.421,79.495
303.909,90.951,78.421,79.495
301.733,93.749,78.421,79.495
303.909,93.438,78.421,79.495
300.490,94.993,78.421,79.495
303.909,96.547,78.421,79.495
300.490,96.858,78.421,79.495
302.044,97.790,78.421,79.495
299.868,98.101,78.421,79.495
302.044,98.412,78.421,79.495
299.584,99.559,76.749,77.800
302.931,100.472,76.749,77.800
301.410,101.385,76.749,77.800
299.589,103.094,75.112,76.141
301.673,102.796,75.112,76.141
298.993,103.689,75.112,76.141
300.482,101.605,75.112,76.141
303.757,98.330,75.112,76.141
298.100,102.796,75.112,76.141
299.589,98.926,75.112,76.141
303.460,96.841,75.112,76.141
307.926,97.735,75.112,76.141
309.875,99.672,76.774,77.826
306.184,102.285,78.473,79.548
304.348,105.600,80.209,81.308
301.811,110.308,81.983,83.106
298.236,114.533,81.983,83.106
295.311,116.808,81.983,83.106
298.886,115.183,81.983,83.106
297.642,117.298,83.797,84.945
299.303,116.302,83.797,84.945
297.642,118.627,83.797,84.945
299.967,114.973,83.797,84.945
296.978,117.298,83.797,84.945
300.632,113.644,83.797,84.945
295.914,114.428,85.651,86.825
298.136,111.001,87.546,88.746
295.013,112.043,87.546,88.746
298.136,108.919,87.546,88.746
295.013,109.960,87.546,88.746
296.054,108.919,87.546,88.746
293.625,111.348,87.546,88.746
296.748,108.919,87.546,88.746
292.931,111.348,87.546,88.746
294.483,110.727,89.483,90.709
296.966,110.372,89.483,90.709
293.773,113.564,89.483,90.709
296.256,114.629,89.483,90.709
293.773,117.821,89.483,90.709
296.256,117.466,89.483,90.709
292.355,117.111,89.483,90.709
293.419,115.338,89.483,90.709
290.936,114.983,89.483,90.709
289.162,112.500,89.483,90.709
291.645,110.017,89.483,90.709
288.453,112.500,89.483,90.709
291.645,109.308,89.483,90.709
289.551,110.145,91.463,92.716
292.089,107.607,91.463,92.716
291.001,108.694,91.463,92.716
288.464,110.507,91.463,92.716
291.727,105.794,91.463,92.716
291.364,109.057,91.463,92.716
293.902,105.794,91.463,92.716
291.364,109.782,91.463,92.716
293.177,106.519,91.463,92.716
294.990,103.981,91.463,92.716
293.177,102.893,91.463,92.716
294.990,104.706,91.463,92.716
292.452,103.619,91.463,92.716
295.715,102.531,91.463,92.716
293.902,102.168,91.463,92.716
295.715,101.806,91.463,92.716
298.253,103.619,91.463,92.716
294.990,101.081,91.463,92.716
297.527,104.344,91.463,92.716
295.715,102.531,91.463,92.716
298.978,105.069,91.463,92.716
295.715,105.431,91.463,92.716
299.703,103.619,91.463,92.716
297.890,105.431,91.463,92.716
297.527,102.893,91.463,92.716
300.065,102.531,91.463,92.716
298.253,100.718,91.463,92.716
299.340,99.630,91.463,92.716
297.527,97.093,91.463,92.716
300.790,98.905,91.463,92.716
298.253,96.367,91.463,92.716
300.065,95.280,91.463,92.716
297.527,95.642,91.463,92.716
300.790,96.005,91.463,92.716
296.802,94.192,91.463,92.716
300.790,93.830,91.463,92.716
297.527,92.742,91.463,92.716
301.516,90.929,91.463,92.716
298.253,89.116,91.463,92.716
300.790,88.754,91.463,92.716
297.527,86.941,91.463,92.716
301.516,88.029,91.463,92.716
298.253,86.216,91.463,92.716
300.790,84.403,91.463,92.716
297.527,86.216,91.463,92.716
297.165,82.953,91.463,92.716
294.627,85.491,91.463,92.716
296.440,81.503,91.463,92.716
296.802,83.315,91.463,92.716
293.539,81.503,91.463,92.716
296.802,81.865,91.463,92.716
292.814,81.503,91.463,92.716
296.077,81.140,91.463,92.716
293.539,82.953,91.463,92.716
296.802,81.865,91.463,92.716
294.990,81.503,91.463,92.716
298.253,80.415,91.463,92.716
298.615,80.052,91.463,92.716
298.978,81.140,91.463,92.716
298.615,80.778,91.463,92.716
300.428,80.415,91.463,92.716
298.615,80.052,91.463,92.716
299.703,80.415,91.463,92.716
300.065,80.778,91.463,92.716
299.703,82.590,91.463,92.716
302.241,83.678,91.463,92.716
303.328,85.491,91.463,92.716
305.141,86.578,91.463,92.716
306.229,86.941,91.463,92.716
306.591,88.754,91.463,92.716
309.129,89.116,91.463,92.716
305.866,91.654,91.463,92.716
307.679,92.742,91.463,92.716
308.767,94.555,91.463,92.716
309.854,94.192,91.463,92.716
307.316,95.280,91.463,92.716
309.854,96.367,91.463,92.716
306.591,98.180,91.463,92.716
310.579,95.642,91.463,92.716
308.042,98.180,91.463,92.716
309.854,94.917,91.463,92.716
307.316,96.005,91.463,92.716
306.544,98.741,89.513,90.739
306.473,98.682,87.604,88.804
306.820,99.724,87.604,88.804
305.084,98.682,87.604,88.804
304.737,99.724,87.604,88.804
303.000,99.377,87.604,88.804
304.042,96.946,87.604,88.804
300.917,97.988,87.604,88.804
300.570,95.557,87.604,88.804
299.528,94.515,87.604,88.804
297.792,92.779,87.604,88.804
294.666,95.210,87.604,88.804
297.792,92.084,87.604,88.804
293.972,94.515,87.604,88.804
295.013,95.557,87.604,88.804
292.583,97.293,87.604,88.804
297.097,93.473,87.604,88.804
293.972,96.599,87.604,88.804
292.930,98.335,87.604,88.804
295.538,99.617,85.736,86.910
293.159,99.956,85.736,86.910
290.780,101.656,85.736,86.910
289.760,104.035,85.736,86.910
291.459,103.015,85.736,86.910
289.080,106.074,85.736,86.910
293.498,103.695,85.736,86.910
292.479,104.035,85.736,86.910
296.217,103.015,85.736,86.910
295.198,102.675,85.736,86.910
296.217,103.015,85.736,86.910
294.518,105.394,85.736,86.910
296.897,105.734,85.736,86.910
295.198,108.113,85.736,86.910
294.178,107.093,85.736,86.910
293.159,108.113,85.736,86.910
294.858,106.414,85.736,86.910
294.518,108.113,85.736,86.910
296.217,106.414,85.736,86.910
295.198,108.793,85.736,86.910
298.256,105.734,85.736,86.910
295.877,108.793,85.736,86.910
298.936,107.093,85.736,86.910
297.237,109.472,85.736,86.910
298.936,107.773,85.736,86.910
300.635,106.753,85.736,86.910
298.256,109.812,85.736,86.910
298.596,108.113,85.736,86.910
298.936,109.812,85.736,86.910
298.596,108.793,85.736,86.910
297.577,111.851,85.736,86.910
299.276,109.472,85.736,86.910
297.577,111.851,85.736,86.910
299.956,109.472,85.736,86.910
298.936,112.531,85.736,86.910
299.956,110.832,85.736,86.910
298.936,111.851,85.736,86.910
299.956,110.152,85.736,86.910
298.256,113.211,85.736,86.910
298.596,110.832,85.736,86.910
300.295,109.812,85.736,86.910
297.916,112.191,85.736,86.910
300.975,111.851,85.736,86.910
299.955,112.191,85.736,86.910
301.655,111.171,85.736,86.910
299.955,114.910,85.736,86.910
301.655,111.851,85.736,86.910
299.955,116.269,85.736,86.910
302.334,115.250,85.736,86.910
299.955,116.949,85.736,86.910
303.014,115.250,85.736,86.910
301.315,117.629,85.736,86.910
303.694,115.250,85.736,86.910
304.034,116.269,85.736,86.910
305.733,115.929,85.736,86.910
307.432,116.269,85.736,86.910
305.053,115.250,85.736,86.910
308.792,114.230,85.736,86.910
303.965,115.032,87.632,88.833
306.396,112.600,87.632,88.833
308.828,113.642,87.632,88.833
303.173,115.182,89.571,90.798
304.238,109.856,89.571,90.798
302.463,112.342,89.571,90.798
303.528,113.407,89.571,90.798
303.173,115.182,89.571,90.798
300.688,111.277,89.571,90.798
301.753,115.182,89.571,90.798
299.268,116.958,89.571,90.798
300.333,120.153,89.571,90.798
296.763,119.517,91.553,92.807
296.400,122.783,91.553,92.807
297.489,126.775,91.553,92.807
299.304,127.864,91.553,92.807
300.392,128.227,91.553,92.807
301.481,130.041,91.553,92.807
302.570,133.308,91.553,92.807
304.384,130.767,91.553,92.807
305.011,135.605,89.601,90.828
307.497,134.539,89.601,90.828
306.432,136.315,89.601,90.828
308.918,135.960,89.601,90.828
306.432,136.315,89.601,90.828
308.207,137.380,89.601,90.828
306.082,137.322,87.690,88.891
305.734,139.755,87.690,88.891
304.324,137.688,85.820,86.996
306.223,142.878,83.990,85.140
304.558,141.879,83.990,85.140
303.849,146.958,82.199,83.325
304.411,151.301,80.446,81.548
307.281,153.534,80.446,81.548
305.049,157.679,80.446,81.548
304.730,158.636,80.446,81.548
308.238,159.592,80.446,81.548
306.006,161.825,80.446,81.548
310.859,159.928,78.730,79.809
308.675,163.985,78.730,79.809
310.235,161.176,78.730,79.809
308.051,165.233,78.730,79.809
310.859,161.176,78.730,79.809
308.675,163.985,78.730,79.809
309.611,160.552,78.730,79.809
308.675,158.992,78.730,79.809
311.018,158.339,77.051,78.107
310.102,161.087,77.051,78.107
313.462,157.728,77.051,78.107
313.767,154.979,77.051,78.107
315.294,152.841,77.051,78.107
313.156,151.314,77.051,78.107
316.516,147.954,77.051,78.107
314.378,146.427,77.051,78.107
317.127,143.678,77.051,78.107
317.065,141.861,75.408,76.441
320.353,137.976,75.408,76.441
317.663,135.285,75.408,76.441
320.353,132.595,75.408,76.441
317.663,129.905,75.408,76.441
314.973,127.215,75.408,76.441
312.283,126.318,75.408,76.441
308.994,129.008,75.408,76.441
306.902,126.318,75.408,76.441
303.614,128.410,75.408,76.441
302.717,126.916,75.408,76.441
299.429,129.008,75.408,76.441
297.337,129.307,75.408,76.441
295.244,132.595,75.408,76.441
299.728,128.709,75.408,76.441
296.440,131.997,75.408,76.441
294.348,131.698,75.408,76.441
297.545,128.062,77.077,78.132
294.184,130.811,77.077,78.132
295.712,129.284,77.077,78.132
292.962,132.033,77.077,78.132
292.657,130.506,77.077,78.132
295.406,128.367,77.077,78.132
292.046,132.339,77.077,78.132
294.184,130.200,77.077,78.132
296.323,128.062,77.077,78.132
293.573,131.422,77.077,78.132
295.712,129.284,77.077,78.132
297.851,127.145,77.077,78.132
295.101,129.895,77.077,78.132
297.240,125.923,77.077,78.132
295.101,128.673,77.077,78.132
299.003,123.688,78.782,79.861
295.568,125.874,78.782,79.861
298.908,120.778,80.525,81.628
296.035,121.097,80.525,81.628
294.439,123.332,80.525,81.628
296.529,119.448,82.307,83.434
295.550,117.817,82.307,83.434
297.834,120.753,82.307,83.434
294.898,121.732,82.307,83.434
296.357,117.763,84.128,85.280
295.356,119.430,84.128,85.280
297.691,116.429,84.128,85.280
295.356,117.429,84.128,85.280
299.025,115.095,84.128,85.280
296.690,116.095,84.128,85.280
297.691,115.095,84.128,85.280
298.024,116.095,84.128,85.280
296.357,117.763,84.128,85.280
298.691,118.763,84.128,85.280
296.357,119.096,84.128,85.280
298.024,118.763,84.128,85.280
295.023,123.098,84.128,85.280
296.023,121.431,84.128,85.280
294.356,123.765,84.128,85.280
296.023,125.433,84.128,85.280
294.356,125.766,84.128,85.280
295.356,128.100,84.128,85.280
294.356,127.767,84.128,85.280
296.023,130.101,84.128,85.280
294.356,129.768,84.128,85.280
297.357,129.434,84.128,85.280
295.690,130.435,84.128,85.280
298.024,128.767,84.128,85.280
296.357,131.769,84.128,85.280
300.025,128.100,84.128,85.280
301.025,126.433,84.128,85.280
300.025,128.767,84.128,85.280
302.359,125.099,84.128,85.280
304.694,121.431,84.128,85.280
302.359,123.765,84.128,85.280
305.361,116.762,84.128,85.280
300.358,129.768,84.128,85.280
298.024,134.770,84.128,85.280
302.359,131.102,84.128,85.280
305.361,128.100,84.128,85.280
305.027,127.100,84.128,85.280
306.695,124.766,84.128,85.280
306.361,125.766,84.128,85.280
309.362,124.099,84.128,85.280
307.028,126.433,84.128,85.280
310.696,123.432,84.128,85.280
309.696,126.433,84.128,85.280
312.697,126.766,84.128,85.280
315.031,127.100,84.128,85.280
316.699,128.100,84.128,85.280
319.033,129.101,84.128,85.280
322.034,128.767,84.128,85.280
324.369,130.435,84.128,85.280
326.703,130.768,84.128,85.280
327.704,131.769,84.128,85.280
330.705,130.768,84.128,85.280
329.037,133.769,84.128,85.280
332.706,130.768,84.128,85.280
329.704,132.436,84.128,85.280
331.372,128.100,84.128,85.280
330.371,127.767,84.128,85.280
331.372,125.433,84.128,85.280
327.327,122.759,85.989,87.167
325.623,123.782,85.989,87.167
323.237,122.077,85.989,87.167
322.896,119.010,85.989,87.167
319.829,117.987,85.989,87.167
317.443,116.283,85.989,87.167
315.057,115.260,85.989,87.167
314.034,112.874,85.989,87.167
310.966,112.534,85.989,87.167
309.944,110.829,85.989,87.167
307.558,110.488,85.989,87.167
307.667,106.341,87.891,89.095
305.229,109.477,87.891,89.095
302.790,109.129,87.891,89.095
301.048,110.871,87.891,89.095
300.003,111.219,87.891,89.095
298.958,113.658,87.891,89.095
297.912,112.613,87.891,89.095
296.170,115.051,87.891,89.095
293.732,116.097,87.891,89.095
296.170,115.051,87.891,89.095
293.035,117.490,87.891,89.095
295.474,115.748,87.891,89.095
293.035,116.793,87.891,89.095
295.474,118.535,87.891,89.095
293.732,121.671,87.891,89.095
297.564,116.445,87.891,89.095
291.641,119.580,87.891,89.095
297.564,120.626,87.891,89.095
301.396,120.974,87.891,89.095
300.351,124.806,87.891,89.095
304.184,123.761,87.891,89.095
305.229,123.413,87.891,89.095
307.667,125.852,87.891,89.095
310.106,126.200,87.891,89.095
307.667,128.639,87.891,89.095
312.197,126.200,87.891,89.095
309.758,129.336,87.891,89.095
312.893,127.594,87.891,89.095
310.455,128.639,87.891,89.095
312.893,126.897,87.891,89.095
311.151,127.942,87.891,89.095
313.590,126.200,87.891,89.095
313.242,127.942,87.891,89.095
314.984,126.200,87.891,89.095
313.939,127.942,87.891,89.095
316.377,126.200,87.891,89.095
313.939,127.942,87.891,89.095
315.681,126.897,87.891,89.095
313.242,129.336,87.891,89.095
311.500,129.684,87.891,89.095
310.455,128.639,87.891,89.095
308.713,128.290,87.891,89.095
306.971,130.032,87.891,89.095
306.622,128.290,87.891,89.095
304.880,128.639,87.891,89.095
304.532,126.897,87.891,89.095
302.790,127.942,87.891,89.095
305.926,126.200,87.891,89.095
304.184,127.942,87.891,89.095
306.622,126.897,87.891,89.095
304.880,129.336,87.891,89.095
308.713,128.290,87.891,89.095
306.274,130.729,87.891,89.095
308.713,128.987,87.891,89.095
306.274,130.729,87.891,89.095
308.016,129.684,87.891,89.095
308.364,130.032,87.891,89.095
306.622,131.774,87.891,89.095
309.061,130.729,87.891,89.095
305.926,131.774,87.891,89.095
309.061,130.729,87.891,89.095
306.622,131.774,87.891,89.095
307.668,132.123,87.891,89.095
305.926,133.865,87.891,89.095
306.971,132.820,87.891,89.095
305.637,130.027,89.836,91.067
304.569,131.095,89.836,91.067
305.637,131.451,89.836,91.067
304.569,131.807,89.836,91.067
304.213,131.451,89.836,91.067
303.856,132.519,89.836,91.067
304.925,130.027,89.836,91.067
303.856,131.095,89.836,91.067
304.213,132.163,89.836,91.067
300.633,128.570,91.824,93.082
303.180,128.934,91.824,93.082
300.633,128.570,91.824,93.082
302.452,128.206,91.824,93.082
299.177,130.754,91.824,93.082
297.357,131.118,91.824,93.082
292.942,132.731,93.855,95.141
295.546,133.103,93.855,95.141
290.710,135.708,93.855,95.141
288.106,137.568,93.855,95.141
288.478,139.428,93.855,95.141
289.594,142.776,93.855,95.141
287.734,140.916,93.855,95.141
290.338,145.008,93.855,95.141
290.710,143.892,93.855,95.141
291.826,146.497,93.855,95.141
291.454,144.636,93.855,95.141
289.594,147.985,93.855,95.141
292.198,147.613,93.855,95.141
288.106,149.473,93.855,95.141
290.710,146.125,93.855,95.141
288.106,150.217,93.855,95.141
289.966,145.381,93.855,95.141
285.873,149.473,93.855,95.141
281.781,150.589,93.855,95.141
279.177,152.449,93.855,95.141
277.317,154.309,93.855,95.141
277.689,152.449,93.855,95.141
275.084,155.053,93.855,95.141
276.945,153.193,93.855,95.141
273.596,157.286,93.855,95.141
276.201,156.170,93.855,95.141
271.364,161.006,93.855,95.141
274.712,157.658,93.855,95.141
272.852,162.494,93.855,95.141
273.968,160.634,93.855,95.141
273.596,163.238,93.855,95.141
276.200,161.378,93.855,95.141
274.340,163.982,93.855,95.141
277.689,160.634,93.855,95.141
279.549,156.542,93.855,95.141
281.409,153.193,93.855,95.141
280.293,157.286,93.855,95.141
280.665,151.705,93.855,95.141
282.525,152.821,93.855,95.141
282.153,148.729,93.855,95.141
282.795,152.253,91.854,93.112
283.668,153.112,93.886,95.172
283.296,148.274,93.886,95.172
284.412,150.135,93.886,95.172
285.529,149.018,93.886,95.172
286.645,147.158,93.886,95.172
285.529,146.786,93.886,95.172
288.878,148.646,93.886,95.172
285.529,152.740,93.886,95.172
288.878,153.112,93.886,95.172
284.040,151.996,93.886,95.172
281.435,150.135,93.886,95.172
288.534,155.096,91.884,93.143
293.375,158.546,89.924,91.156
293.304,161.236,88.007,89.212
292.257,157.399,88.007,89.212
296.094,159.143,88.007,89.212
295.352,158.413,86.130,87.310
298.573,160.989,84.293,85.448
298.506,159.646,82.496,83.626
302.222,161.483,80.736,81.842
301.262,161.163,80.736,81.842
300.942,159.563,80.736,81.842
304.463,161.163,80.736,81.842
304.398,164.195,79.015,80.097
306.146,167.766,77.330,78.389
280.704,122.706,77.330,78.389
283.463,119.947,77.330,78.389
285.609,122.093,77.330,78.389
287.754,124.239,77.330,78.389
289.900,125.771,77.330,78.389
290.820,127.304,77.330,78.389
291.739,125.158,77.330,78.389
293.885,124.239,77.330,78.389
295.418,124.545,77.330,78.389
296.950,123.013,77.330,78.389
299.709,120.867,77.330,78.389
300.016,118.721,77.330,78.389
301.548,117.188,77.330,78.389
301.855,115.043,77.330,78.389
301.548,114.123,77.330,78.389
303.081,115.043,77.330,78.389
304.001,115.349,77.330,78.389
304.307,116.269,77.330,78.389
305.227,117.188,77.330,78.389
304.307,118.108,77.330,78.389
304.614,117.802,77.330,78.389
304.307,118.108,77.330,78.389
307.066,116.575,77.330,78.389
307.372,117.495,77.330,78.389
307.679,120.254,77.330,78.389
309.686,123.521,79.041,80.123
311.252,120.701,79.041,80.123
310.312,125.401,79.041,80.123
311.063,131.341,80.789,81.896
308.508,133.425,82.577,83.708
307.526,136.371,82.577,83.708
305.235,136.698,82.577,83.708
302.944,136.371,82.577,83.708
301.307,138.008,82.577,83.708
299.670,137.026,82.577,83.708
298.688,135.389,82.577,83.708
297.706,135.062,82.577,83.708
296.724,133.425,82.577,83.708
296.397,133.098,82.577,83.708
296.070,132.116,82.577,83.708
295.742,134.407,82.577,83.708
296.070,133.425,82.577,83.708
295.088,132.443,82.577,83.708
294.760,134.734,82.577,83.708
296.397,131.788,82.577,83.708
295.415,134.734,82.577,83.708
297.706,131.134,82.577,83.708
298.688,134.080,82.577,83.708
299.016,131.788,82.577,83.708
300.652,129.497,82.577,83.708
300.325,132.443,82.577,83.708
301.962,130.152,82.577,83.708
302.944,131.788,82.577,83.708
303.926,128.842,82.577,83.708
304.908,128.515,82.577,83.708
305.890,130.806,82.577,83.708
306.872,130.479,82.577,83.708
307.854,132.770,82.577,83.708
308.836,133.752,82.577,83.708
309.818,132.770,82.577,83.708
310.800,134.407,82.577,83.708
308.508,133.425,82.577,83.708
309.490,135.716,82.577,83.708
307.854,134.734,82.577,83.708
306.217,135.716,82.577,83.708
306.544,136.698,82.577,83.708
302.574,134.753,84.404,85.560
302.240,136.426,84.404,85.560
299.898,136.761,84.404,85.560
298.225,137.095,84.404,85.560
299.898,137.430,84.404,85.560
297.556,137.765,84.404,85.560
297.890,138.768,84.404,85.560
295.548,139.103,84.404,85.560
299.229,140.107,84.404,85.560
296.217,140.441,84.404,85.560
296.325,141.925,86.271,87.453
295.299,142.950,86.271,87.453
295.641,147.396,86.271,87.453
294.615,154.578,86.271,87.453
294.957,153.552,86.271,87.453
294.229,155.473,84.432,85.588
291.217,155.138,84.432,85.588
290.882,154.804,84.432,85.588
289.878,153.130,84.432,85.588
289.291,149.058,86.300,87.482
289.633,148.032,86.300,87.482
288.607,147.006,86.300,87.482
288.949,144.611,86.300,87.482
287.923,144.269,86.300,87.482
288.265,141.190,86.300,87.482
287.239,142.217,86.300,87.482
287.581,139.138,86.300,87.482
285.870,139.480,86.300,87.482
285.528,135.033,86.300,87.482
287.239,131.954,86.300,87.482
283.476,135.717,86.300,87.482
285.870,130.586,86.300,87.482
284.160,128.875,86.300,87.482
284.980,128.972,88.209,89.417
281.833,131.420,88.209,89.417
284.980,126.874,88.209,89.417
281.833,129.322,88.209,89.417
284.980,126.874,88.209,89.417
281.134,129.322,88.209,89.417
283.581,126.175,88.209,89.417
284.630,124.427,88.209,89.417
281.841,124.526,90.161,91.396
285.057,122.739,90.161,91.396
282.555,120.952,90.161,91.396
282.198,123.454,90.161,91.396
281.126,119.522,90.161,91.396
279.339,119.880,90.161,91.396
280.411,120.952,90.161,91.396
277.195,119.165,90.161,91.396
278.267,120.952,90.161,91.396
277.195,119.880,90.161,91.396
278.267,123.811,90.161,91.396
278.624,122.739,90.161,91.396
279.696,126.670,90.161,91.396
280.768,126.313,90.161,91.396
282.555,130.244,90.161,91.396
282.198,132.746,90.161,91.396
280.411,132.388,90.161,91.396
283.492,136.198,92.155,93.418
280.935,133.641,92.155,93.418
283.492,136.928,92.155,93.418
281.666,132.910,92.155,93.418
282.762,136.928,92.155,93.418
283.858,132.910,92.155,93.418
283.492,134.736,92.155,93.418
284.368,131.050,94.194,95.485
284.741,133.664,94.194,95.485
285.115,128.810,94.194,95.485
285.488,131.423,94.194,95.485
287.158,129.980,96.278,97.597
287.539,131.125,96.278,97.597
289.448,131.506,96.278,97.597
289.066,131.888,96.278,97.597
289.448,132.270,96.278,97.597
289.066,131.888,96.278,97.597
287.921,131.506,96.278,97.597
286.013,131.125,96.278,97.597
284.868,129.980,96.278,97.597
282.615,126.920,98.409,99.757
281.121,123.793,100.586,101.964
279.128,122.597,100.586,101.964
277.932,121.401,100.586,101.964
276.405,119.032,102.811,104.220
275.691,115.765,105.086,106.526
274.441,115.348,105.086,106.526
274.025,114.932,105.086,106.526
271.566,112.457,107.411,108.882
269.437,112.883,107.411,108.882
263.389,112.120,109.787,111.291
257.208,110.437,112.217,113.754
249.967,109.640,114.699,116.271
244.057,110.095,114.699,116.271
236.656,107.393,117.237,118.843
231.544,105.070,117.237,118.843
224.943,100.380,119.831,121.472
221.618,96.105,119.831,121.472
216.843,93.283,122.482,124.160
213.444,86.000,122.482,124.160
212.959,82.602,122.482,124.160
212.473,77.261,122.482,124.160
215.872,73.862,122.482,124.160
216.357,70.464,122.482,124.160
218.785,68.036,122.482,124.160
221.212,63.667,122.482,124.160
222.669,62.210,122.482,124.160
224.125,58.811,122.482,124.160
221.259,53.912,125.192,126.907
220.763,54.408,125.192,126.907
219.274,56.889,125.192,126.907
222.748,61.356,125.192,126.907
227.214,67.807,125.192,126.907
231.898,77.292,122.522,124.201
238.353,83.765,119.909,121.552
235.977,82.339,119.909,121.552
245.043,85.926,117.352,118.960
242.718,83.600,117.352,118.960
239.006,77.940,119.949,121.592
237.580,73.661,119.949,121.592
241.859,67.480,119.949,121.592
244.236,61.299,119.949,121.592
249.467,57.020,119.949,121.592
252.795,52.741,119.949,121.592
258.025,48.461,119.949,121.592
260.151,42.677,122.603,124.282
266.469,40.247,122.603,124.282
265.983,36.845,122.603,124.282
272.190,32.949,125.315,127.032
272.090,32.867,122.643,124.323
278.299,29.978,125.356,127.074
276.808,37.432,125.356,127.074
282.274,34.947,125.356,127.074
280.372,33.026,128.130,129.885
283.927,33.534,128.130,129.885
283.419,32.010,128.130,129.885
288.212,29.968,125.397,127.115
290.986,24.137,122.723,124.405
294.392,3.219,122.723,124.405
291.959,3.706,122.723,124.405
295.365,-3.591,122.723,124.405
291.959,-2.132,122.723,124.405
296.338,2.246,122.723,124.405
