51.000,53.000,87.000,290.000
56.003,55.144,87.000,290.000
55.782,54.161,88.925,296.416
59.435,50.508,88.925,296.416
61.626,54.161,88.925,296.416
65.279,50.508,88.925,296.416
68.932,52.700,88.925,296.416
71.123,50.508,88.925,296.416
74.776,52.700,88.925,296.416
75.507,54.891,88.925,296.416
79.975,54.531,87.029,290.095
83.550,55.246,87.029,290.095
87.125,53.101,87.029,290.095
90.700,56.676,87.029,290.095
92.845,57.391,87.029,290.095
94.990,55.246,87.029,290.095
97.134,55.961,87.029,290.095
101.508,55.609,85.173,283.909
105.007,56.308,85.173,283.909
107.106,58.407,85.173,283.909
110.604,59.107,85.173,283.909
114.103,59.807,85.173,283.909
117.034,59.462,83.356,277.854
120.458,62.886,83.356,277.854
122.513,63.571,83.356,277.854
124.567,65.625,83.356,277.854
127.991,59.462,83.356,277.854
127.306,64.255,83.356,277.854
132.100,59.462,83.356,277.854
134.154,58.777,83.356,277.854
136.208,58.092,83.356,277.854
135.524,61.516,83.356,277.854
141.687,58.092,83.356,277.854
143.741,54.668,83.356,277.854
145.795,59.462,83.356,277.854
143.741,61.516,83.356,277.854
147.165,64.940,83.356,277.854
151.216,58.314,85.201,284.002
154.716,59.014,85.201,284.002
158.216,61.114,85.201,284.002
157.516,56.214,85.201,284.002
164.496,57.219,83.384,277.945
162.441,60.644,83.384,277.945
163.990,57.665,81.605,272.018
159.610,59.525,83.411,278.036
160.820,52.894,85.256,284.188
161.520,53.595,85.256,284.188
167.824,50.093,85.256,284.188
169.925,56.396,85.256,284.188
172.615,46.712,87.143,290.476
170.467,53.155,87.143,290.476
178.342,49.576,87.143,290.476
179.961,57.503,85.284,284.281
180.662,56.803,85.284,284.281
185.566,51.898,85.284,284.281
179.261,55.401,85.284,284.281
186.968,49.096,85.284,284.281
190.471,54.000,85.284,284.281
185.893,53.036,87.171,290.571
195.203,52.320,87.171,290.571
191.300,53.347,85.312,284.374
197.608,49.843,85.312,284.374
192.438,56.253,83.493,278.310
199.983,56.939,83.493,278.310
194.078,61.688,85.340,284.468
203.192,51.172,85.340,284.468
208.832,53.529,83.520,278.401
204.029,56.960,83.520,278.401
211.577,57.646,83.520,278.401
206.515,57.308,81.739,272.464
213.902,57.979,81.739,272.464
210.243,62.826,79.996,266.654
217.472,56.912,79.996,266.654
210.243,62.826,79.996,266.654
212.767,56.467,81.766,272.554
217.469,58.482,81.766,272.554
211.424,53.780,81.766,272.554
218.122,50.859,80.022,266.741
222.724,50.202,80.022,266.741
218.122,53.489,80.022,266.741
224.039,46.258,80.022,266.741
229.328,45.934,78.316,261.053
225.822,54.298,76.646,255.486
234.008,52.409,76.646,255.486
228.341,54.298,76.646,255.486
234.620,58.843,75.011,250.038
233.638,64.479,73.412,244.706
233.839,67.669,71.846,239.487
233.249,65.899,71.846,239.487
237.381,60.587,71.846,239.487
242.129,67.123,70.314,234.380
249.003,65.724,68.815,229.382
252.960,65.159,68.815,229.382
258.598,65.970,67.347,224.490
253.450,73.163,65.911,219.703
255.719,71.853,64.505,215.018
252.831,78.742,63.130,210.432
257.499,73.037,63.130,210.432
253.868,75.630,63.130,210.432
258.536,69.926,63.130,210.432
259.709,75.668,61.783,205.945
264.771,74.440,60.466,201.553
260.300,77.917,60.466,201.553
264.771,73.446,60.466,201.553
268.248,71.956,60.466,201.553
264.584,79.372,59.176,197.255
267.014,74.997,59.176,197.255
268.473,76.455,59.176,197.255
270.904,73.052,59.176,197.255
274.307,70.621,59.176,197.255
267.987,75.969,59.176,197.255
266.528,74.510,59.176,197.255
271.876,72.080,59.176,197.255
274.307,72.566,59.176,197.255
269.783,80.761,57.914,193.048
265.501,79.333,57.914,193.048
263.122,82.664,57.914,193.048
266.033,84.263,56.679,188.932
269.292,81.935,56.679,188.932
271.243,84.399,55.471,184.902
274.433,81.209,55.471,184.902
269.420,85.310,55.471,184.902
270.787,81.209,55.471,184.902
267.426,86.255,54.288,180.959
271.439,83.133,54.288,180.959
266.674,81.594,55.489,184.963
271.689,79.315,55.489,184.963
267.586,82.506,55.489,184.963
273.512,79.315,55.489,184.963
270.321,82.506,55.489,184.963
274.424,79.315,55.489,184.963
270.321,82.506,55.489,184.963
275.336,79.315,55.489,184.963
273.056,83.417,55.489,184.963
276.247,81.138,55.489,184.963
273.763,85.307,54.306,181.019
275.994,83.076,54.306,181.019
277.332,82.630,54.306,181.019
279.563,79.507,54.306,181.019
276.440,82.630,54.306,181.019
281.749,80.690,53.148,177.158
279.370,84.683,52.014,173.380
284.071,81.692,52.014,173.380
281.934,86.393,52.014,173.380
285.780,82.547,52.014,173.380
287.062,84.683,52.014,173.380
289.198,81.692,52.014,173.380
286.207,84.683,52.014,173.380
290.907,81.692,52.014,173.380
290.480,84.683,52.014,173.380
294.326,80.838,52.014,173.380
291.997,84.746,50.905,169.683
296.598,83.491,50.905,169.683
291.997,87.255,50.905,169.683
297.434,84.328,50.905,169.683
297.016,89.764,50.905,169.683
296.598,89.346,50.905,169.683
297.852,87.255,50.905,169.683
299.943,85.164,50.905,169.683
298.471,90.601,49.819,166.065
296.646,85.791,50.922,169.739
298.737,87.883,50.922,169.739
294.972,84.955,50.922,169.739
298.737,88.720,50.922,169.739
299.992,84.118,50.922,169.739
302.551,88.750,49.836,166.119
298.742,85.392,48.773,162.576
301.547,89.799,48.773,162.576
302.749,86.193,48.773,162.576
300.745,89.799,48.773,162.576
304.351,86.193,48.773,162.576
302.348,89.799,48.773,162.576
305.954,86.994,48.773,162.576
303.951,88.197,48.773,162.576
306.755,90.200,48.773,162.576
307.156,87.395,48.773,162.576
305.153,91.001,48.773,162.576
307.523,85.461,49.852,166.173
307.933,87.509,49.852,166.173
310.438,85.728,48.789,162.630
309.027,92.485,47.748,159.162
312.557,90.523,47.748,159.162
311.176,94.867,46.730,155.767
311.560,91.412,46.730,155.767
311.176,92.564,46.730,155.767
312.327,90.644,46.730,155.767
312.711,91.028,46.730,155.767
313.095,89.108,46.730,155.767
312.711,87.189,46.730,155.767
313.863,88.341,46.730,155.767
311.355,87.812,47.764,159.214
314.886,86.635,47.764,159.214
318.418,90.952,47.764,159.214
319.595,88.205,47.764,159.214
317.633,92.521,47.764,159.214
316.456,90.559,47.764,159.214
320.772,89.382,47.764,159.214
318.025,91.344,47.764,159.214
320.772,89.382,47.764,159.214
318.810,88.990,47.764,159.214
321.557,91.736,47.764,159.214
321.949,90.559,47.764,159.214
323.126,90.167,47.764,159.214
321.949,89.774,47.764,159.214
321.557,89.382,47.764,159.214
325.088,87.420,47.764,159.214
324.463,90.252,46.746,155.819
327.151,89.100,46.746,155.819
324.463,91.788,46.746,155.819
327.919,88.332,46.746,155.819
325.999,91.020,46.746,155.819
328.687,87.564,46.746,155.819
329.071,91.020,46.746,155.819
329.455,88.332,46.746,155.819
327.535,91.020,46.746,155.819
330.223,88.332,46.746,155.819
328.303,91.788,46.746,155.819
330.223,89.100,46.746,155.819
328.303,91.020,46.746,155.819
330.991,87.564,46.746,155.819
329.839,90.252,46.746,155.819
333.295,88.332,46.746,155.819
331.375,86.412,46.746,155.819
328.687,88.332,46.746,155.819
333.257,88.883,45.749,152.496
331.378,89.259,45.749,152.496
332.505,87.380,45.749,152.496
329.875,90.011,45.749,152.496
334.009,86.628,45.749,152.496
331.378,89.259,45.749,152.496
332.952,88.349,44.773,149.244
331.113,90.924,44.773,149.244
335.490,88.616,43.818,146.061
332.251,91.855,43.818,146.061
334.771,90.055,43.818,146.061
332.809,95.429,42.884,142.946
335.980,92.259,42.884,142.946
335.627,94.725,42.884,142.946
333.161,92.259,42.884,142.946
336.332,91.202,42.884,142.946
333.866,95.077,42.884,142.946
336.332,91.906,42.884,142.946
334.412,97.166,41.969,139.898
336.826,94.063,41.969,139.898
336.276,96.551,41.074,136.914
337.690,99.638,40.198,133.995
338.437,100.111,39.341,131.137
339.168,100.575,38.502,128.341
338.054,104.078,37.681,125.604
338.983,102.530,37.681,125.604
340.876,105.958,36.878,122.925
340.978,106.392,36.091,120.304
339.495,105.503,36.091,120.304
339.792,107.578,36.091,120.304
340.462,109.147,35.321,117.738
341.333,107.696,35.321,117.738
339.302,106.826,35.321,117.738
339.592,107.696,35.321,117.738
339.302,107.406,35.321,117.738
339.011,108.276,35.321,117.738
340.786,108.693,34.568,115.228
337.752,106.534,35.333,117.777
340.647,108.629,34.580,115.265
338.659,107.777,34.580,115.265
341.492,108.732,33.842,112.807
340.101,110.678,33.842,112.807
341.492,109.288,33.842,112.807
340.101,110.122,33.842,112.807
341.492,108.176,33.842,112.807
341.214,107.898,33.842,112.807
341.492,109.288,33.842,112.807
342.326,107.342,33.842,112.807
340.811,109.349,33.120,110.402
344.348,107.988,33.120,110.402
342.987,109.349,33.120,110.402
343.603,109.739,32.414,108.047
343.692,112.688,31.723,105.743
342.389,111.385,31.723,105.743
343.692,113.209,31.723,105.743
341.868,111.385,31.723,105.743
344.213,110.603,31.723,105.743
342.910,111.385,31.723,105.743
344.504,111.759,31.046,103.488
343.739,109.974,31.046,103.488
343.824,113.289,30.384,101.281
344.573,111.542,30.384,101.281
343.325,111.293,30.384,101.281
344.852,114.057,29.736,99.121
345.585,112.835,29.736,99.121
343.875,112.591,29.736,99.121
345.585,111.369,29.736,99.121
344.363,114.057,29.736,99.121
345.585,112.835,29.736,99.121
344.363,113.079,29.736,99.121
345.096,113.812,29.736,99.121
346.806,112.102,29.736,99.121
345.096,114.301,29.736,99.121
346.806,113.079,29.736,99.121
345.096,114.790,29.736,99.121
346.591,115.140,29.102,97.008
345.873,113.945,29.102,97.008
346.591,116.096,29.102,97.008
345.749,115.979,28.482,94.939
347.855,114.809,28.482,94.939
345.749,115.511,28.482,94.939
347.387,115.277,28.482,94.939
346.217,116.447,28.482,94.939
345.515,115.745,28.482,94.939
347.153,114.107,28.482,94.939
345.515,116.213,28.482,94.939
346.685,114.575,28.482,94.939
345.515,115.745,28.482,94.939
345.593,116.080,27.874,92.914
344.906,115.851,27.874,92.914
346.051,115.622,27.874,92.914
344.906,116.767,27.874,92.914
346.051,115.164,27.874,92.914
344.906,116.309,27.874,92.914
345.593,115.164,27.874,92.914
343.990,115.393,27.874,92.914
346.274,115.722,27.280,90.933
345.153,116.394,27.280,90.933
346.274,116.170,27.280,90.933
344.705,117.291,27.280,90.933
344.929,116.170,27.280,90.933
345.153,116.394,27.280,90.933
344.481,116.618,27.280,90.933
343.808,115.498,27.280,90.933
345.377,117.067,27.280,90.933
342.912,116.394,27.280,90.933
344.929,115.274,27.280,90.933
343.708,117.323,26.698,88.994
345.243,115.788,26.698,88.994
343.708,117.762,26.698,88.994
345.243,116.227,26.698,88.994
343.708,116.885,26.698,88.994
345.243,116.227,26.698,88.994
343.708,116.885,26.698,88.994
345.243,115.788,26.698,88.994
344.147,117.323,26.698,88.994
345.682,115.349,26.698,88.994
344.585,117.323,26.698,88.994
345.243,115.788,26.698,88.994
344.471,118.640,26.129,87.096
345.973,116.708,26.129,87.096
344.471,117.781,26.129,87.096
346.403,116.278,26.129,87.096
345.647,119.069,25.572,85.238
346.932,118.561,25.026,83.421
347.549,120.000,25.026,83.421
346.825,119.898,24.493,81.642
