162.000,188.000,34.000,84.000
161.319,186.411,34.000,84.000
161.546,187.092,34.000,84.000
160.865,185.957,34.000,84.000
161.092,186.638,34.000,84.000
160.411,185.049,34.000,84.000
161.092,185.730,34.000,84.000
161.319,187.319,34.000,84.000
159.730,186.184,34.000,84.000
159.957,186.865,34.000,84.000
158.822,185.276,34.000,84.000
159.503,185.049,34.000,84.000
160.184,185.276,34.000,84.000
161.319,185.503,34.000,84.000
160.638,184.368,34.000,84.000
161.319,187.319,34.000,84.000
159.730,184.368,34.000,84.000
160.411,187.773,34.000,84.000
161.546,189.816,34.000,84.000
162.227,190.951,34.000,84.000
162.454,188.454,34.000,84.000
163.135,190.043,34.000,84.000
164.270,192.540,34.000,84.000
164.497,190.043,34.000,84.000
164.270,191.632,34.000,84.000
165.405,189.589,34.000,84.000
167.448,189.816,34.000,84.000
169.945,187.773,34.000,84.000
168.356,189.362,34.000,84.000
168.062,189.601,33.275,82.209
168.729,190.268,33.275,82.209
167.618,189.157,33.275,82.209
166.952,186.713,33.275,82.209
165.841,188.713,33.275,82.209
163.840,190.660,32.565,80.456
162.318,192.182,32.565,80.456
162.101,194.139,32.565,80.456
163.623,190.442,32.565,80.456
161.231,188.486,32.565,80.456
159.274,190.008,32.565,80.456
159.056,191.530,32.565,80.456
160.144,190.008,32.565,80.456
162.535,190.660,32.565,80.456
167.703,192.566,31.871,78.740
165.788,190.650,31.871,78.740
163.447,190.012,31.871,78.740
161.106,188.522,31.871,78.740
158.765,190.438,31.871,78.740
157.276,191.076,31.871,78.740
154.510,190.863,31.871,78.740
152.169,191.076,31.871,78.740
152.382,190.438,31.871,78.740
152.594,192.353,31.871,78.740
151.530,193.417,31.871,78.740
151.399,191.883,32.576,80.482
149.441,191.666,32.576,80.482
147.050,191.904,33.297,82.263
153.497,189.903,33.297,82.263
151.496,187.013,33.297,82.263
148.606,188.124,33.297,82.263
146.605,190.125,33.297,82.263
145.494,189.903,33.297,82.263
144.433,188.301,34.033,84.083
144.206,188.983,34.033,84.083
142.615,186.483,34.033,84.083
141.025,184.893,34.033,84.083
141.252,187.847,34.033,84.083
139.661,186.710,34.033,84.083
142.161,189.210,34.033,84.083
142.020,187.101,34.786,85.943
145.301,190.480,34.045,84.110
147.347,188.889,34.045,84.110
146.665,186.388,34.045,84.110
149.166,189.798,34.045,84.110
152.121,191.389,34.045,84.110
153.257,192.526,34.045,84.110
155.303,189.571,34.045,84.110
157.803,189.798,34.045,84.110
158.940,190.935,34.045,84.110
162.804,189.798,34.045,84.110
166.668,190.480,34.045,84.110
168.886,186.955,34.798,85.971
171.906,189.046,34.798,85.971
174.927,186.026,34.798,85.971
179.806,184.864,34.798,85.971
183.291,186.955,34.798,85.971
187.241,185.794,34.798,85.971
189.796,187.885,34.798,85.971
190.029,187.188,34.798,85.971
191.331,187.442,35.568,87.873
192.043,187.204,35.568,87.873
195.346,185.000,36.355,89.817
198.217,184.762,37.159,91.805
199.093,184.519,37.981,93.836
197.358,182.165,38.822,95.912
196.062,182.943,38.822,95.912
196.321,185.276,38.822,95.912
192.933,181.257,39.680,98.034
196.165,186.132,38.834,95.943
198.499,184.317,38.834,95.943
196.684,181.984,38.834,95.943
197.462,182.762,38.834,95.943
196.684,180.947,38.834,95.943
198.499,180.687,38.834,95.943
197.721,180.428,38.834,95.943
200.055,181.206,38.834,95.943
201.351,180.428,38.834,95.943
199.576,178.022,39.693,98.066
203.552,177.226,39.693,98.066
203.817,176.431,39.693,98.066
204.203,174.522,40.572,100.236
205.721,172.008,41.469,102.454
207.659,171.731,41.469,102.454
208.490,170.346,41.469,102.454
209.874,168.962,41.469,102.454
212.001,167.541,42.387,104.720
213.982,167.258,42.387,104.720
213.699,166.409,42.387,104.720
216.246,164.428,42.387,104.720
216.071,161.802,43.325,107.037
215.892,159.117,44.283,109.406
216.322,157.600,45.263,111.826
217.229,157.298,45.263,111.826
216.926,158.204,45.263,111.826
215.415,159.715,45.263,111.826
214.601,156.283,46.264,114.300
216.763,155.974,46.264,114.300
215.219,156.901,46.264,114.300
214.292,155.974,46.264,114.300
215.837,153.812,46.264,114.300
213.674,156.592,46.264,114.300
216.454,153.812,46.264,114.300
214.292,156.592,46.264,114.300
215.837,154.430,46.264,114.300
214.910,155.974,46.264,114.300
215.219,153.194,46.264,114.300
214.292,155.357,46.264,114.300
217.072,155.666,46.264,114.300
215.528,157.210,46.264,114.300
216.454,156.283,46.264,114.300
215.528,155.974,46.264,114.300
217.072,156.283,46.264,114.300
214.910,157.210,46.264,114.300
215.837,156.901,46.264,114.300
217.381,156.592,46.264,114.300
215.790,158.704,45.278,111.863
218.511,157.193,45.278,111.863
217.604,159.913,45.278,111.863
219.116,159.007,45.278,111.863
219.418,159.913,45.278,111.863
217.907,161.425,45.278,111.863
217.604,159.913,45.278,111.863
219.116,160.820,45.278,111.863
217.604,158.100,45.278,111.863
221.534,160.820,45.278,111.863
223.046,161.123,45.278,111.863
223.953,163.239,45.278,111.863
225.892,164.723,44.312,109.477
226.780,166.202,44.312,109.477
225.301,166.498,44.312,109.477
223.777,167.951,43.367,107.143
223.487,167.082,43.367,107.143
220.880,168.503,42.442,104.858
218.328,168.802,41.537,102.622
216.900,168.025,40.652,100.433
214.457,166.125,40.652,100.433
215.271,167.482,40.652,100.433
212.850,165.526,41.551,102.655
209.224,164.103,42.470,104.927
211.209,163.252,42.470,104.927
212.211,161.797,43.410,107.248
212.500,159.189,43.410,107.248
216.268,155.421,43.410,107.248
219.245,160.755,42.484,104.961
261.448,152.825,43.424,107.283
265.217,156.594,43.424,107.283
269.566,156.884,43.424,107.283
274.495,153.695,43.424,107.283
280.004,158.044,43.424,107.283
283.193,155.434,43.424,107.283
286.962,158.624,43.424,107.283
290.152,157.754,43.424,107.283
292.761,156.884,43.424,107.283
295.950,154.855,43.424,107.283
300.605,157.955,42.498,104.995
304.861,159.373,42.498,104.995
309.118,159.657,42.498,104.995
312.239,157.671,42.498,104.995
316.495,157.955,42.498,104.995
320.184,156.536,42.498,104.995
323.305,156.820,42.498,104.995
327.561,158.806,42.498,104.995
331.250,155.685,42.498,104.995
334.939,155.401,42.498,104.995
342.229,156.794,41.592,102.756
347.506,154.295,41.592,102.756
353.337,154.572,41.592,102.756
359.402,154.330,40.705,100.565
362.935,155.689,40.705,100.565
363.107,155.975,39.837,98.420
366.033,154.645,39.837,98.420
370.022,155.975,39.837,98.420
373.480,155.177,39.837,98.420
376.725,156.483,38.987,96.322
379.399,156.757,38.156,94.268
382.201,157.012,38.156,94.268
384.818,156.789,37.342,92.257
388.059,156.041,37.342,92.257
391.300,157.288,37.342,92.257
394.043,156.540,37.342,92.257
396.786,156.291,37.342,92.257
400.526,157.537,37.342,92.257
404.265,157.288,37.342,92.257
407.507,159.532,37.342,92.257
409.252,159.781,37.342,92.257
410.997,160.031,37.342,92.257
412.742,157.787,37.342,92.257
415.984,154.545,37.342,92.257
419.025,158.653,36.546,90.290
419.757,159.873,36.546,90.290
422.734,161.542,35.767,88.364
422.425,163.174,35.004,86.480
420.771,165.223,34.257,84.636
420.034,165.023,33.527,82.831
418.019,164.351,33.527,82.831
417.348,162.337,33.527,82.831
414.885,163.456,33.527,82.831
410.566,164.165,34.269,84.664
406.152,165.365,35.027,86.537
396.563,174.486,35.027,86.537
386.227,186.874,35.802,88.451
383.598,192.371,35.802,88.451
380.491,192.610,35.802,88.451
423.279,155.559,35.802,88.451
420.649,153.408,35.802,88.451
417.542,152.213,35.802,88.451
415.390,150.061,35.802,88.451
412.777,149.392,35.038,86.565
409.268,151.029,35.038,86.565
406.694,150.327,35.038,86.565
404.121,151.965,35.038,86.565
401.064,151.736,35.813,88.480
399.390,154.366,35.813,88.480
396.759,159.866,35.813,88.480
394.145,156.430,35.050,86.593
442.074,158.143,35.825,88.509
439.442,158.860,35.825,88.509
435.324,159.618,36.618,90.468
426.278,161.330,36.618,90.468
422.610,162.063,36.618,90.468
470.367,151.481,35.837,88.538
459.599,152.199,35.837,88.538
450.746,154.352,35.837,88.538
439.366,157.372,35.073,86.650
425.082,157.606,35.073,86.650
420.716,160.561,34.325,84.802
431.946,163.541,34.325,84.802
428.950,163.316,35.084,86.679
393.322,227.247,35.860,88.596
390.689,232.275,35.860,88.596
389.013,225.811,35.860,88.596
388.773,226.529,35.860,88.596
322.051,159.223,36.654,90.557
310.219,159.999,37.465,92.560
300.464,160.249,37.465,92.560
291.942,161.477,36.666,90.586
280.436,162.701,36.666,90.586
270.889,161.477,36.666,90.586
269.213,159.713,37.477,92.591
271.783,162.388,36.678,90.616
203.540,156.558,37.489,92.621
203.290,154.806,37.489,92.621
206.251,155.599,38.319,94.670
212.136,157.902,38.319,94.670
216.997,158.158,38.319,94.670
221.597,159.907,37.502,92.651
227.065,164.032,36.702,90.675
225.331,163.818,35.919,88.742
220.860,163.146,35.153,86.849
223.442,160.095,35.153,86.849
234.942,158.922,35.153,86.849
237.055,160.095,35.153,86.849
231.552,158.891,35.931,88.771
225.075,157.691,35.931,88.771
205.014,163.430,36.726,90.735
197.903,166.127,36.726,90.735
192.386,166.385,35.943,88.800
188.306,167.105,35.943,88.800
179.907,165.905,35.943,88.800
176.770,166.168,36.738,90.765
173.616,164.062,35.955,88.829
170.066,164.778,35.188,86.935
165.602,165.483,35.188,86.935
161.138,164.778,35.188,86.935
157.144,165.953,35.188,86.935
153.620,166.658,35.188,86.935
156.204,169.242,35.188,86.935
152.680,169.947,35.188,86.935
148.686,171.591,35.188,86.935
143.853,182.709,34.437,85.081
134.885,187.077,34.437,85.081
125.458,196.504,34.437,85.081
116.491,198.574,34.437,85.081
108.903,197.424,34.437,85.081
101.315,199.034,34.437,85.081
85.906,204.533,35.199,86.963
76.007,208.692,35.978,88.887
67.599,207.491,35.978,88.887
61.113,207.731,35.978,88.887
51.494,202.511,36.774,90.854
45.847,199.810,36.774,90.854
35.289,199.073,36.774,90.854
24.437,199.851,37.588,92.864
11.050,233.497,36.786,90.884
4.782,237.334,37.600,92.895
-8.021,236.581,37.600,92.895
-13.907,237.376,38.432,94.950
21.608,165.244,39.282,97.051
16.101,158.687,39.282,97.051
12.222,156.941,38.445,94.981
12.879,160.180,37.625,92.956
14.135,163.446,37.625,92.956
10.869,163.195,37.625,92.956
9.111,159.427,37.625,92.956
2.831,153.146,37.625,92.956
72.003,169.580,38.457,95.012
66.098,170.864,38.457,95.012
58.651,171.121,38.457,95.012
51.205,173.945,38.457,95.012
45.299,172.148,38.457,95.012
36.826,170.351,38.457,95.012
32.461,172.148,38.457,95.012
27.582,174.459,38.457,95.012
21.676,174.716,38.457,95.012
15.771,174.973,38.457,95.012
12.433,173.689,38.457,95.012
7.554,172.918,38.457,95.012
4.729,173.689,38.457,95.012
2.912,174.454,37.637,92.986
69.505,172.695,37.637,92.986
64.731,173.449,37.637,92.986
61.499,173.714,36.835,91.003
57.810,172.976,36.835,91.003
54.647,176.080,36.049,89.062
50.555,174.395,36.049,89.062
45.982,175.117,36.049,89.062
41.890,174.876,36.049,89.062
38.280,176.080,36.049,89.062
34.635,176.843,36.847,91.033
31.436,175.120,36.847,91.033
28.238,174.874,36.847,91.033
24.056,177.089,36.847,91.033
18.398,179.795,36.847,91.033
14.215,177.089,36.847,91.033
10.033,177.335,36.847,91.033
4.867,178.073,36.847,91.033
37.095,176.351,36.847,91.033
32.421,166.264,36.847,91.033
53.332,180.287,36.847,91.033
49.606,180.556,37.662,93.047
44.754,179.266,38.495,95.106
37.815,180.037,38.495,95.106
29.122,179.785,39.347,97.210
21.504,181.624,39.347,97.210
15.890,176.460,40.217,99.361
12.936,177.803,40.217,99.361
76.576,154.441,40.217,99.361
73.067,155.292,41.107,101.559
68.950,153.920,41.107,101.559
66.478,158.971,40.231,99.393
62.449,158.165,40.231,99.393
57.882,153.599,40.231,99.393
80.177,166.223,40.231,99.393
78.834,170.790,40.231,99.393
75.879,168.372,40.231,99.393
72.387,172.401,40.231,99.393
67.284,169.984,40.231,99.393
62.717,171.864,40.231,99.393
58.151,167.298,40.231,99.393
47.952,169.264,41.121,101.592
43.285,167.342,41.121,101.592
33.126,172.558,41.121,101.592
26.120,168.871,42.030,103.840
20.788,168.029,42.030,103.840
16.578,170.555,42.030,103.840
12.369,170.835,42.030,103.840
13.211,177.290,42.030,103.840
7.214,174.685,42.960,106.138
4.059,176.693,42.960,106.138
4.793,174.231,42.044,103.874
32.023,163.844,42.044,103.874
28.937,165.899,42.974,106.172
24.059,172.498,42.974,106.172
17.332,157.332,43.925,108.521
10.456,163.738,44.897,110.922
92.377,167.798,45.890,113.377
87.168,167.492,45.890,113.377
81.892,164.648,46.906,115.885
77.149,160.442,47.944,118.449
71.067,156.281,47.944,118.449
