125.000,162.000,74.000,55.000
122.214,161.240,74.000,55.000
123.987,161.494,74.000,55.000
122.721,162.253,74.000,55.000
122.974,160.987,74.000,55.000
123.227,162.760,74.000,55.000
123.481,161.494,74.000,55.000
123.734,162.253,74.000,55.000
122.468,160.987,74.000,55.000
124.240,162.760,74.000,55.000
122.974,161.494,74.000,55.000
123.227,161.747,74.000,55.000
123.481,162.000,74.000,55.000
123.734,160.734,74.000,55.000
122.468,162.507,74.000,55.000
124.240,161.240,74.000,55.000
122.974,161.494,74.000,55.000
123.227,161.747,74.000,55.000
123.481,162.507,74.000,55.000
123.734,161.240,74.000,55.000
122.468,161.494,74.000,55.000
124.240,161.747,74.000,55.000
122.974,162.000,74.000,55.000
123.734,160.734,74.000,55.000
122.468,162.000,74.000,55.000
124.240,160.734,74.000,55.000
122.974,162.507,74.000,55.000
123.734,161.240,74.000,55.000
122.468,161.494,74.000,55.000
124.240,161.747,74.000,55.000
122.974,162.000,74.000,55.000
123.734,160.734,74.000,55.000
122.468,162.507,74.000,55.000
124.240,161.240,74.000,55.000
122.974,161.494,74.000,55.000
123.227,161.747,74.000,55.000
123.481,162.000,74.000,55.000
123.734,160.734,74.000,55.000
122.468,162.507,74.000,55.000
123.734,161.240,74.000,55.000
121.961,160.987,74.000,55.000
122.982,161.692,75.637,56.217
121.687,159.880,75.637,56.217
121.946,160.139,75.637,56.217
122.205,160.398,75.637,56.217
122.464,159.104,75.637,56.217
122.723,159.363,75.637,56.217
121.946,159.104,75.637,56.217
123.241,158.845,75.637,56.217
123.499,158.068,75.637,56.217
124.276,158.845,75.637,56.217
124.017,158.068,75.637,56.217
124.276,159.363,75.637,56.217
125.052,159.104,75.637,56.217
123.758,158.327,75.637,56.217
124.017,159.622,75.637,56.217
124.794,158.327,75.637,56.217
123.499,159.104,75.637,56.217
125.829,158.845,75.637,56.217
124.017,158.068,75.637,56.217
124.794,158.845,75.637,56.217
124.535,158.068,75.637,56.217
125.311,158.845,75.637,56.217
125.052,158.068,75.637,56.217
124.276,158.327,75.637,56.217
125.052,159.104,75.637,56.217
124.794,158.327,75.637,56.217
124.017,158.586,75.637,56.217
125.311,157.810,75.637,56.217
125.052,157.551,75.637,56.217
124.794,156.774,75.637,56.217
124.017,156.515,75.637,56.217
125.829,155.221,75.637,56.217
125.052,155.480,75.637,56.217
126.347,153.150,75.637,56.217
127.123,153.927,75.637,56.217
127.900,152.115,75.637,56.217
127.123,151.338,75.637,56.217
129.453,152.115,75.637,56.217
130.229,150.303,75.637,56.217
129.971,149.009,75.637,56.217
131.265,147.714,75.637,56.217
133.077,145.903,75.637,56.217
132.818,144.608,75.637,56.217
134.112,143.314,75.637,56.217
134.889,142.537,75.637,56.217
134.112,140.208,75.637,56.217
134.889,139.431,75.637,56.217
134.112,137.619,75.637,56.217
135.406,135.807,75.637,56.217
134.112,134.513,75.637,56.217
135.406,132.183,75.637,56.217
135.665,131.407,75.637,56.217
135.406,129.595,75.637,56.217
135.665,127.783,75.637,56.217
135.406,128.560,75.637,56.217
134.630,126.748,75.637,56.217
135.406,127.524,75.637,56.217
134.630,125.712,75.637,56.217
135.406,124.936,75.637,56.217
134.630,124.677,75.637,56.217
134.889,123.900,75.637,56.217
135.148,122.606,75.637,56.217
134.208,122.457,74.024,55.018
134.968,122.710,74.024,55.018
136.978,121.588,72.446,53.845
134.251,121.340,72.446,53.845
135.490,121.588,72.446,53.845
135.546,120.967,70.901,52.697
137.471,122.698,69.389,51.573
136.759,121.511,69.389,51.573
137.270,121.374,67.909,50.473
138.666,121.688,66.461,49.397
136.619,122.371,66.461,49.397
138.862,122.240,65.044,48.343
139.085,121.572,65.044,48.343
139.993,122.302,63.656,47.312
139.339,121.648,63.656,47.312
141.488,122.363,62.299,46.303
141.275,121.723,62.299,46.303
143.377,122.422,60.970,45.316
143.169,121.379,60.970,45.316
142.543,121.170,60.970,45.316
141.917,122.631,60.970,45.316
144.377,121.706,59.670,44.349
144.029,123.163,58.398,43.404
145.828,122.164,58.398,43.404
146.258,122.049,57.152,42.478
147.056,123.445,55.934,41.572
148.943,123.703,54.741,40.686
147.257,122.767,54.741,40.686
149.466,124.103,53.573,39.818
148.183,123.187,53.573,39.818
150.698,125.202,52.431,38.969
150.392,124.407,51.313,38.138
149.865,125.987,51.313,38.138
150.743,124.758,51.313,38.138
150.568,126.689,51.313,38.138
149.690,126.163,51.313,38.138
151.083,127.077,50.219,37.325
150.224,127.936,50.219,37.325
150.740,128.108,50.219,37.325
150.911,128.967,50.219,37.325
149.708,128.452,50.219,37.325
150.911,128.280,50.219,37.325
149.708,129.483,50.219,37.325
151.255,128.967,50.219,37.325
150.740,129.827,50.219,37.325
151.599,130.686,50.219,37.325
150.740,129.827,50.219,37.325
151.255,131.374,50.219,37.325
150.396,130.858,50.219,37.325
149.880,132.405,50.219,37.325
151.083,132.233,50.219,37.325
149.537,134.123,50.219,37.325
150.396,134.639,50.219,37.325
149.193,134.467,50.219,37.325
147.990,135.326,50.219,37.325
147.130,137.217,50.219,37.325
148.333,138.420,50.219,37.325
146.886,138.185,51.330,38.150
144.678,138.674,52.465,38.995
146.147,139.174,53.626,39.857
144.221,139.686,54.813,40.739
145.366,138.651,56.025,41.640
143.641,140.760,56.025,41.640
144.811,141.294,57.265,42.562
144.788,141.433,58.532,43.503
145.595,142.407,59.827,44.466
143.871,142.552,61.151,45.450
145.148,142.266,62.504,46.455
143.347,143.306,63.886,47.483
144.229,142.100,65.300,48.534
142.664,144.111,65.300,48.534
145.122,145.229,65.300,48.534
142.664,145.452,65.300,48.534
144.229,145.229,65.300,48.534
143.111,146.793,65.300,48.534
144.675,145.676,65.300,48.534
145.576,145.834,66.745,49.608
146.261,146.063,66.745,49.608
144.206,147.662,66.745,49.608
144.891,147.890,66.745,49.608
143.749,148.119,66.745,49.608
145.348,146.977,66.745,49.608
145.794,144.769,68.221,50.705
146.735,143.481,69.731,51.827
144.726,143.651,71.274,52.974
146.721,141.799,72.851,54.146
146.691,138.355,74.462,55.344
146.660,134.835,76.110,56.568
145.548,130.155,77.794,57.820
146.069,127.030,79.515,59.099
143.213,121.576,81.274,60.407
141.822,118.517,81.274,60.407
140.057,114.674,83.072,61.743
138.067,111.547,83.072,61.743
137.443,108.209,84.910,63.109
133.791,107.813,86.789,64.505
132.900,106.922,86.789,64.505
130.226,107.813,86.789,64.505
133.494,109.892,86.789,64.505
128.527,107.021,88.709,65.933
131.867,109.146,88.709,65.933
127.920,108.843,88.709,65.933
132.474,109.753,88.709,65.933
130.349,110.664,88.709,65.933
127.010,109.146,88.709,65.933
123.670,111.271,88.709,65.933
127.413,110.227,90.672,67.391
124.157,109.803,92.678,68.882
126.377,109.486,92.678,68.882
121.732,107.079,94.729,70.406
120.759,105.458,94.729,70.406
126.919,107.727,94.729,70.406
124.650,108.052,94.729,70.406
127.301,106.936,96.824,71.964
122.331,108.593,96.824,71.964
128.627,107.599,96.824,71.964
126.970,108.593,96.824,71.964
127.964,110.913,96.824,71.964
126.307,109.256,96.824,71.964
129.290,111.575,96.824,71.964
125.645,107.930,96.824,71.964
121.337,109.587,96.824,71.964
126.521,109.396,94.760,70.429
123.603,111.666,94.760,70.429
127.818,110.694,94.760,70.429
125.548,112.964,94.760,70.429
129.116,111.342,94.760,70.429
131.386,111.666,94.760,70.429
131.061,111.342,94.760,70.429
131.386,109.072,94.760,70.429
133.656,109.396,94.760,70.429
132.683,107.775,94.760,70.429
129.764,105.505,94.760,70.429
126.197,105.829,94.760,70.429
127.818,102.911,94.760,70.429
122.954,105.181,94.760,70.429
123.927,104.208,94.760,70.429
122.306,105.181,94.760,70.429
120.035,105.505,94.760,70.429
117.765,107.775,94.760,70.429
102.250,106.659,96.856,71.988
93.956,106.895,98.999,73.580
94.619,107.838,101.190,75.208
86.673,111.677,103.428,76.872
81.489,117.804,105.717,78.573
77.692,126.319,108.056,80.312
78.802,131.866,108.056,80.312
77.223,128.291,110.446,82.089
77.961,124.638,112.890,83.905
72.939,130.433,112.890,83.905
75.298,122.691,115.388,85.761
79.641,116.768,115.388,85.761
73.718,123.481,115.388,85.761
78.062,119.927,115.388,85.761
80.826,117.952,115.388,85.761
83.590,115.188,115.388,85.761
85.565,106.896,115.388,85.761
89.908,104.921,115.388,85.761
92.673,99.788,115.388,85.761
89.716,107.173,112.927,83.932
93.967,104.467,112.927,83.932
95.544,102.010,110.519,82.142
89.871,108.440,110.519,82.142
93.275,105.036,110.519,82.142
89.871,111.465,110.519,82.142
91.762,111.087,110.519,82.142
94.409,108.440,110.519,82.142
95.544,106.548,110.519,82.142
97.816,106.331,108.162,80.391
94.485,112.623,108.162,80.391
92.634,115.214,108.162,80.391
96.706,112.623,108.162,80.391
94.114,113.734,108.162,80.391
96.706,112.623,108.162,80.391
82.269,129.280,108.162,80.391
80.419,134.833,108.162,80.391
79.308,137.424,108.162,80.391
82.640,134.093,108.162,80.391
81.529,132.982,108.162,80.391
83.380,134.833,108.162,80.391
84.490,132.982,108.162,80.391
85.982,129.404,110.555,82.169
88.631,125.999,110.555,82.169
85.225,130.918,110.555,82.169
87.874,125.999,110.555,82.169
91.279,122.594,110.555,82.169
92.414,118.432,110.555,82.169
97.333,113.514,110.555,82.169
93.927,115.406,110.555,82.169
96.930,118.105,108.197,80.417
95.585,120.747,105.890,78.702
98.122,118.935,105.890,78.702
100.658,115.674,105.890,78.702
101.021,112.412,105.890,78.702
102.833,112.775,105.890,78.702
103.920,112.412,105.890,78.702
102.833,113.499,105.890,78.702
104.645,110.963,105.890,78.702
102.833,112.775,105.890,78.702
103.920,113.137,105.890,78.702
102.108,115.674,105.890,78.702
105.369,112.412,105.890,78.702
106.456,114.224,105.890,78.702
105.369,116.761,105.890,78.702
107.181,114.224,105.890,78.702
108.268,116.761,105.890,78.702
107.181,114.224,105.890,78.702
108.660,115.413,103.632,77.024
110.433,117.186,103.632,77.024
112.206,114.703,103.632,77.024
114.689,115.767,103.632,77.024
112.717,112.145,101.422,75.381
116.535,118.045,101.422,75.381
114.106,115.616,101.422,75.381
116.945,116.582,103.666,77.049
114.461,117.647,103.666,77.049
118.364,117.292,103.666,77.049
118.719,119.066,103.666,77.049
116.945,120.130,103.666,77.049
118.719,121.194,103.666,77.049
121.202,122.259,103.666,77.049
122.266,121.904,103.666,77.049
120.493,123.678,103.666,77.049
123.685,124.032,103.666,77.049
119.783,121.549,103.666,77.049
121.557,125.452,103.666,77.049
118.364,126.516,103.666,77.049
118.719,128.999,103.666,77.049
118.364,129.354,103.666,77.049
116.590,133.256,103.666,77.049
115.986,135.788,101.455,75.406
112.166,138.218,101.455,75.406
111.819,139.954,101.455,75.406
114.574,142.432,99.292,73.798
111.516,140.733,99.292,73.798
108.458,143.791,99.292,73.798
108.534,144.905,97.174,72.224
104.211,145.238,97.174,72.224
104.543,144.905,97.174,72.224
100.885,143.242,97.174,72.224
102.883,146.897,95.102,70.684
100.605,143.317,95.102,70.684
98.326,145.595,95.102,70.684
96.699,142.015,95.102,70.684
91.257,145.623,97.206,72.248
91.590,141.964,97.206,72.248
89.927,138.970,97.206,72.248
88.929,136.641,97.206,72.248
87.931,138.304,97.206,72.248
89.929,136.189,95.133,70.707
91.257,135.374,93.104,69.199
89.027,136.967,93.104,69.199
89.098,136.169,91.119,67.724
87.539,137.105,91.119,67.724
87.008,135.723,89.176,66.279
87.076,132.606,87.274,64.866
85.416,129.555,85.413,63.483
84.354,127.696,83.592,62.129
84.068,125.694,83.592,62.129
81.494,125.408,83.592,62.129
79.903,124.140,81.809,60.804
77.384,124.420,81.809,60.804
76.544,125.260,81.809,60.804
77.091,124.297,83.619,62.149
73.943,124.011,83.619,62.149
71.940,124.869,83.619,62.149
70.509,122.866,83.619,62.149
69.651,122.580,83.619,62.149
68.792,121.149,83.619,62.149
66.217,122.580,83.619,62.149
67.075,120.004,83.619,62.149
65.644,121.435,83.619,62.149
65.931,119.432,83.619,62.149
62.211,120.863,83.619,62.149
59.063,121.721,83.619,62.149
61.066,119.718,83.619,62.149
56.201,122.866,83.619,62.149
52.404,123.804,81.836,60.824
53.244,124.085,81.836,60.824
50.723,125.485,81.836,60.824
49.323,124.085,81.836,60.824
48.306,123.923,80.091,59.527
47.311,126.936,78.383,58.257
48.115,125.594,78.383,58.257
48.384,125.326,78.383,58.257
46.892,127.757,76.711,57.015
48.205,125.919,76.711,57.015
47.417,127.232,76.711,57.015
48.205,125.394,76.711,57.015
47.943,127.232,76.711,57.015
50.532,125.057,75.075,55.799
50.789,126.855,75.075,55.799
51.046,127.626,75.075,55.799
52.330,124.800,75.075,55.799
53.101,125.570,75.075,55.799
53.358,126.341,75.075,55.799
53.101,127.112,75.075,55.799
54.386,124.286,75.075,55.799
51.559,126.598,75.075,55.799
52.844,126.855,75.075,55.799
54.129,124.029,75.075,55.799
50.789,126.341,75.075,55.799
52.073,125.570,75.075,55.799
49.910,127.352,76.736,57.034
49.463,125.682,75.100,55.817
49.206,127.481,75.100,55.817
47.042,128.730,76.761,57.052
47.555,128.372,78.460,58.315
46.750,126.492,78.460,58.315
48.389,125.569,80.196,59.605
48.356,125.194,81.970,60.924
49.486,124.229,83.784,62.272
50.047,123.243,85.637,63.649
51.228,124.667,87.532,65.058
53.057,121.150,89.469,66.497
51.526,123.293,89.469,66.497
53.395,120.969,91.448,67.968
54.656,117.945,93.471,69.472
52.417,117.625,93.471,69.472
88.886,89.310,95.539,71.009
92.482,84.406,95.539,71.009
93.463,87.349,95.539,71.009
93.790,86.368,95.539,71.009
92.155,89.310,95.539,71.009
96.406,87.675,95.539,71.009
94.771,91.272,95.539,71.009
92.696,88.112,97.653,72.580
93.350,90.430,99.814,74.186
95.741,89.405,99.814,74.186
91.447,86.103,102.022,75.827
93.193,89.246,102.022,75.827
90.749,86.802,102.022,75.827
89.258,91.396,104.280,77.505
88.901,90.326,104.280,77.505
92.113,92.824,104.280,77.505
93.183,91.040,104.280,77.505
89.971,89.255,104.280,77.505
95.325,91.753,104.280,77.505
94.968,92.824,104.280,77.505
96.752,91.753,104.280,77.505
92.266,92.007,106.587,79.220
90.442,90.183,106.587,79.220
93.725,89.089,106.587,79.220
91.172,91.642,106.587,79.220
90.078,91.277,106.587,79.220
89.713,91.642,106.587,79.220
92.266,92.736,106.587,79.220
89.713,91.642,106.587,79.220
87.398,91.144,108.945,80.973
87.771,88.534,108.945,80.973
84.632,90.346,111.355,82.764
81.964,87.678,111.355,82.764
86.918,90.346,111.355,82.764
84.251,88.441,111.355,82.764
88.443,90.346,111.355,82.764
85.775,87.678,111.355,82.764
83.357,91.112,113.819,84.595
82.968,88.385,113.819,84.595
86.473,91.891,113.819,84.595
83.747,89.164,113.819,84.595
89.589,92.670,113.819,84.595
83.885,88.097,116.337,86.467
87.468,91.680,116.337,86.467
90.255,88.893,116.337,86.467
85.251,86.698,118.911,88.380
89.727,91.174,118.911,88.380
86.064,87.512,118.911,88.380
87.285,87.919,118.911,88.380
82.809,84.256,118.911,88.380
