118.000,69.000,114.000,162.000
117.459,65.211,114.000,162.000
115.835,65.753,114.000,162.000
116.376,64.129,114.000,162.000
115.835,65.753,114.000,162.000
115.294,64.129,114.000,162.000
116.918,65.753,114.000,162.000
115.294,63.046,114.000,162.000
116.918,64.670,114.000,162.000
115.294,65.211,114.000,162.000
115.835,66.835,114.000,162.000
114.211,67.376,114.000,162.000
113.670,67.917,114.000,162.000
112.046,68.459,114.000,162.000
111.505,69.000,114.000,162.000
107.716,67.376,114.000,162.000
106.093,70.082,114.000,162.000
104.469,68.459,114.000,162.000
101.763,73.330,114.000,162.000
97.974,71.706,114.000,162.000
95.268,66.835,114.000,162.000
93.644,70.624,114.000,162.000
89.855,64.670,114.000,162.000
87.149,60.881,114.000,162.000
86.608,62.505,114.000,162.000
85.908,64.644,116.522,165.584
85.355,57.452,116.522,165.584
83.695,61.324,116.522,165.584
85.355,56.345,116.522,165.584
83.695,53.579,116.522,165.584
84.248,55.239,116.522,165.584
83.695,49.153,116.522,165.584
83.142,49.707,116.522,165.584
84.802,46.940,116.522,165.584
84.248,49.707,116.522,165.584
86.024,46.673,114.037,162.053
84.201,49.936,116.560,165.639
85.861,44.955,116.560,165.639
86.414,48.829,116.560,165.639
86.968,46.062,116.560,165.639
90.842,49.936,116.560,165.639
89.181,44.955,116.560,165.639
94.162,47.722,116.560,165.639
95.822,47.169,116.560,165.639
98.589,48.829,116.560,165.639
96.929,44.955,116.560,165.639
103.017,46.616,116.560,165.639
105.784,49.383,116.560,165.639
106.337,45.509,116.560,165.639
109.104,48.276,116.560,165.639
111.871,48.829,116.560,165.639
113.531,46.062,116.560,165.639
115.191,48.829,116.560,165.639
117.958,48.276,116.560,165.639
119.619,49.936,116.560,165.639
119.065,50.489,116.560,165.639
122.939,52.150,116.560,165.639
123.493,52.703,116.560,165.639
124.046,54.363,116.560,165.639
124.599,57.130,116.560,165.639
126.260,58.790,116.560,165.639
123.493,60.451,116.560,165.639
128.473,65.431,116.560,165.639
126.813,68.198,116.560,165.639
128.473,66.538,116.560,165.639
126.813,71.519,116.560,165.639
128.473,67.645,116.560,165.639
129.027,72.626,116.560,165.639
130.687,70.965,116.560,165.639
131.240,73.732,116.560,165.639
130.687,74.286,116.560,165.639
132.347,74.839,116.560,165.639
130.687,72.072,116.560,165.639
133.454,75.946,116.560,165.639
131.794,72.072,116.560,165.639
132.347,73.732,116.560,165.639
130.687,72.072,116.560,165.639
132.347,74.839,116.560,165.639
129.580,69.859,116.560,165.639
130.133,72.626,116.560,165.639
129.580,69.859,116.560,165.639
126.813,65.985,116.560,165.639
126.260,68.752,116.560,165.639
123.493,60.451,116.560,165.639
128.473,65.431,116.560,165.639
123.493,61.558,116.560,165.639
120.481,68.338,119.139,169.303
115.055,74.094,121.775,173.049
120.258,70.047,121.775,173.049
118.524,71.781,121.775,173.049
115.633,70.047,121.775,173.049
115.055,71.781,121.775,173.049
114.476,71.203,121.775,173.049
115.055,72.937,121.775,173.049
113.320,74.672,121.775,173.049
110.429,70.625,121.775,173.049
111.007,73.516,121.775,173.049
108.117,74.094,121.775,173.049
106.382,68.890,121.775,173.049
109.273,72.937,121.775,173.049
107.538,74.672,121.775,173.049
102.335,69.469,121.775,173.049
106.382,73.516,121.775,173.049
102.335,69.469,121.775,173.049
105.226,73.516,121.775,173.049
102.335,68.312,121.775,173.049
104.069,72.359,121.775,173.049
101.179,69.469,121.775,173.049
102.913,72.359,121.775,173.049
102.335,72.938,121.775,173.049
102.913,73.516,121.775,173.049
100.022,70.625,121.775,173.049
105.226,75.828,121.775,173.049
101.179,70.625,121.775,173.049
102.913,73.516,121.775,173.049
101.179,71.781,121.775,173.049
101.757,73.516,121.775,173.049
101.179,74.094,121.775,173.049
100.600,71.203,121.775,173.049
104.648,75.250,121.775,173.049
100.600,71.203,121.775,173.049
102.335,74.094,121.775,173.049
102.913,72.359,121.775,173.049
101.179,70.625,121.775,173.049
102.913,74.672,121.775,173.049
101.179,71.781,121.775,173.049
104.069,74.672,121.775,173.049
101.179,71.781,121.775,173.049
101.757,71.203,121.775,173.049
101.179,71.781,121.775,173.049
101.757,72.359,121.775,173.049
101.179,70.625,121.775,173.049
102.913,73.516,121.775,173.049
100.022,70.625,121.775,173.049
101.757,72.359,121.775,173.049
101.179,70.625,121.775,173.049
104.069,73.516,121.775,173.049
101.179,74.094,121.775,173.049
101.757,71.203,121.775,173.049
103.491,67.156,121.775,173.049
101.757,66.578,121.775,173.049
103.491,64.843,121.775,173.049
101.757,66.578,121.775,173.049
102.335,63.687,121.775,173.049
100.388,65.971,124.470,176.878
100.979,61.835,124.470,176.878
99.206,67.153,124.470,176.878
99.797,64.199,124.470,176.878
98.024,69.517,124.470,176.878
97.433,67.744,124.470,176.878
98.024,68.335,124.470,176.878
96.251,68.926,124.470,176.878
98.024,65.971,124.470,176.878
96.251,66.562,124.470,176.878
96.842,64.789,124.470,176.878
96.251,66.562,124.470,176.878
94.478,63.608,124.470,176.878
97.433,66.562,124.470,176.878
94.478,64.789,124.470,176.878
96.251,67.744,124.470,176.878
94.478,64.789,124.470,176.878
95.069,66.562,124.470,176.878
94.478,63.608,124.470,176.878
96.251,66.562,124.470,176.878
93.297,63.608,124.470,176.878
97.433,66.562,124.470,176.878
95.660,63.608,124.470,176.878
97.433,67.744,124.470,176.878
94.478,63.608,124.470,176.878
97.433,61.835,124.470,176.878
100.388,62.426,124.470,176.878
97.433,60.653,124.470,176.878
96.842,56.516,124.470,176.878
97.433,58.289,124.470,176.878
99.206,52.970,124.470,176.878
97.433,58.289,124.470,176.878
100.348,61.850,127.223,180.791
93.704,66.079,127.223,180.791
97.932,63.058,127.223,180.791
91.288,69.703,127.223,180.791
98.027,62.063,130.038,184.791
94.940,68.854,130.038,184.791
99.262,64.532,130.038,184.791
94.940,70.089,130.038,184.791
98.027,69.471,130.038,184.791
94.940,72.558,130.038,184.791
103.110,66.030,132.915,188.880
93.644,70.448,132.915,188.880
104.613,62.466,135.856,193.059
98.808,66.981,135.856,193.059
108.682,61.499,138.862,197.330
109.198,62.736,141.934,201.696
107.176,60.714,141.934,201.696
106.502,62.736,141.934,201.696
109.871,60.714,141.934,201.696
107.850,64.084,141.934,201.696
111.174,58.357,145.075,206.159
106.352,61.801,145.075,206.159
107.041,61.112,145.075,206.159
104.975,63.178,145.075,206.159
108.419,58.357,145.075,206.159
111.862,63.178,145.075,206.159
107.041,61.112,145.075,206.159
111.868,62.404,148.284,210.720
106.939,57.476,148.284,210.720
106.235,62.404,148.284,210.720
109.756,58.884,148.284,210.720
104.827,62.404,148.284,210.720
109.756,58.884,148.284,210.720
106.235,60.996,148.284,210.720
105.531,65.925,148.284,210.720
104.827,60.996,148.284,210.720
109.756,65.925,148.284,210.720
106.235,66.629,148.284,210.720
105.531,71.557,148.284,210.720
102.011,63.813,148.284,210.720
108.347,68.741,148.284,210.720
105.179,64.880,145.122,206.226
108.624,68.325,145.122,206.226
103.801,64.880,145.122,206.226
107.199,67.603,148.333,210.789
102.269,61.265,148.333,210.789
98.748,61.969,148.333,210.789
103.678,54.222,148.333,210.789
102.768,54.082,151.615,215.453
99.168,47.604,151.615,215.453
101.225,42.980,154.969,220.220
96.075,37.829,154.969,220.220
99.754,34.151,154.969,220.220
91.660,34.886,154.969,220.220
89.767,33.689,151.665,215.523
96.247,35.849,151.665,215.523
92.647,30.808,151.665,215.523
96.247,37.289,151.665,215.523
89.767,30.808,151.665,215.523
93.466,37.965,148.430,210.927
89.943,35.850,148.430,210.927
89.487,40.137,145.265,206.429
88.798,42.206,145.265,206.429
88.108,41.517,145.265,206.429
90.177,43.586,145.265,206.429
86.729,38.758,145.265,206.429
88.798,42.206,145.265,206.429
91.011,38.425,142.167,202.027
91.686,43.149,142.167,202.027
91.011,39.775,142.167,202.027
94.479,45.182,139.135,197.719
94.052,44.106,136.168,193.502
97.285,48.632,136.168,193.502
95.345,46.692,136.168,193.502
98.578,49.925,136.168,193.502
96.914,47.626,133.264,189.376
100.078,52.055,133.264,189.376
99.445,53.953,133.264,189.376
98.812,54.586,133.264,189.376
99.445,55.219,133.264,189.376
97.547,55.851,133.264,189.376
99.445,55.219,133.264,189.376
97.547,57.117,133.264,189.376
99.445,57.749,133.264,189.376
96.282,58.382,133.264,189.376
99.445,59.015,133.264,189.376
96.282,60.913,133.264,189.376
99.445,60.280,133.264,189.376
96.282,62.178,133.264,189.376
99.445,62.811,133.264,189.376
95.016,63.444,133.264,189.376
98.180,64.077,133.264,189.376
96.282,65.975,133.264,189.376
96.914,62.811,133.264,189.376
97.547,64.709,133.264,189.376
93.118,60.280,133.264,189.376
96.282,63.444,133.264,189.376
93.118,56.484,133.264,189.376
95.149,62.772,130.423,185.337
94.530,60.914,130.423,185.337
92.672,64.011,130.423,185.337
94.530,59.676,130.423,185.337
88.957,65.249,130.423,185.337
92.053,60.914,130.423,185.337
88.957,65.249,130.423,185.337
89.576,60.914,130.423,185.337
87.718,65.249,130.423,185.337
88.337,63.391,130.423,185.337
86.480,67.726,130.423,185.337
89.661,64.330,127.641,181.385
89.055,67.361,127.641,181.385
86.025,67.967,127.641,181.385
86.631,63.724,127.641,181.385
87.408,65.074,124.919,177.517
89.187,69.226,124.919,177.517
85.035,65.074,124.919,177.517
88.001,69.226,124.919,177.517
83.849,67.447,124.919,177.517
86.815,68.040,124.919,177.517
85.035,71.005,124.919,177.517
85.628,66.854,124.919,177.517
86.221,68.633,124.919,177.517
85.628,65.668,124.919,177.517
86.221,69.819,124.919,177.517
84.442,66.854,124.919,177.517
87.408,69.819,124.919,177.517
83.256,69.226,124.919,177.517
86.221,67.447,124.919,177.517
84.442,70.412,124.919,177.517
86.221,66.261,124.919,177.517
84.442,70.412,124.919,177.517
86.221,66.261,124.919,177.517
85.628,70.412,124.919,177.517
83.849,67.447,124.919,177.517
88.039,65.338,122.255,173.731
87.459,67.079,122.255,173.731
88.039,68.821,122.255,173.731
88.620,65.918,122.255,173.731
88.039,66.499,122.255,173.731
88.620,68.240,122.255,173.731
88.039,61.855,122.255,173.731
89.781,67.079,122.255,173.731
90.361,65.338,122.255,173.731
92.102,69.401,122.255,173.731
89.200,63.016,122.255,173.731
92.102,68.240,122.255,173.731
90.148,70.534,124.960,177.575
90.741,66.381,124.960,177.575
91.334,70.534,124.960,177.575
90.741,67.567,124.960,177.575
90.148,69.347,124.960,177.575
88.368,66.381,124.960,177.575
90.148,68.161,124.960,177.575
88.368,67.567,124.960,177.575
86.588,66.974,124.960,177.575
85.995,68.754,124.960,177.575
85.401,66.974,124.960,177.575
85.995,68.754,124.960,177.575
83.028,65.788,124.960,177.575
84.808,67.567,124.960,177.575
81.842,65.788,124.960,177.575
83.622,68.754,124.960,177.575
80.655,65.788,124.960,177.575
82.435,68.754,124.960,177.575
80.655,66.974,124.960,177.575
78.875,69.941,124.960,177.575
77.095,66.974,124.960,177.575
76.502,71.127,124.960,177.575
73.536,71.720,124.960,177.575
70.569,72.314,124.960,177.575
68.789,66.974,124.960,177.575
67.010,71.127,124.960,177.575
65.230,64.601,124.960,177.575
65.823,66.381,124.960,177.575
65.230,63.414,124.960,177.575
64.636,67.567,124.960,177.575
62.857,66.974,124.960,177.575
63.450,69.941,124.960,177.575
60.483,66.974,124.960,177.575
61.077,71.127,124.960,177.575
59.297,68.161,124.960,177.575
59.890,71.127,124.960,177.575
59.297,69.347,124.960,177.575
58.704,67.567,124.960,177.575
59.297,70.534,124.960,177.575
56.330,66.381,124.960,177.575
60.483,70.534,124.960,177.575
56.330,65.194,124.960,177.575
61.670,69.347,124.960,177.575
57.517,65.194,124.960,177.575
62.857,69.347,124.960,177.575
58.704,65.194,124.960,177.575
61.670,68.161,124.960,177.575
61.077,67.567,124.960,177.575
65.230,69.347,124.960,177.575
64.636,66.381,124.960,177.575
65.230,68.161,124.960,177.575
64.636,67.567,124.960,177.575
67.603,68.161,124.960,177.575
64.636,66.381,124.960,177.575
68.789,66.974,124.960,177.575
65.823,66.381,124.960,177.575
69.976,68.161,124.960,177.575
67.010,66.381,124.960,177.575
71.163,68.161,124.960,177.575
69.383,64.008,124.960,177.575
71.163,65.788,124.960,177.575
72.942,64.008,124.960,177.575
69.976,61.041,124.960,177.575
74.129,64.008,124.960,177.575
73.536,61.041,124.960,177.575
74.129,62.821,124.960,177.575
79.464,61.855,122.295,173.788
72.690,61.740,125.001,177.633
76.844,62.333,125.001,177.633
75.064,58.179,125.001,177.633
78.031,61.147,125.001,177.633
75.064,58.179,125.001,177.633
76.844,61.147,125.001,177.633
78.625,59.366,125.001,177.633
76.844,59.960,125.001,177.633
79.811,60.553,125.001,177.633
78.031,58.773,125.001,177.633
80.998,61.740,125.001,177.633
79.218,59.960,125.001,177.633
80.998,60.553,125.001,177.633
81.592,57.586,125.001,177.633
83.372,58.179,125.001,177.633
80.142,59.293,127.767,181.563
84.389,53.833,127.767,181.563
83.782,56.866,127.767,181.563
85.602,53.833,127.767,181.563
86.208,55.653,127.767,181.563
86.815,55.046,127.767,181.563
88.635,59.293,127.767,181.563
86.815,57.473,127.767,181.563
87.422,60.506,127.767,181.563
85.602,59.899,127.767,181.563
87.422,61.719,127.767,181.563
84.389,62.326,127.767,181.563
86.208,61.719,127.767,181.563
84.389,63.539,127.767,181.563
84.995,62.932,127.767,181.563
85.602,65.965,127.767,181.563
84.995,67.785,127.767,181.563
85.602,68.392,127.767,181.563
83.782,68.998,127.767,181.563
84.389,72.032,127.767,181.563
83.782,70.212,127.767,181.563
84.389,73.245,127.767,181.563
82.569,70.212,127.767,181.563
85.602,73.245,127.767,181.563
82.569,70.212,127.767,181.563
84.389,73.245,127.767,181.563
82.569,70.212,127.767,181.563
85.602,74.458,127.767,181.563
83.782,71.425,127.767,181.563
84.389,73.245,127.767,181.563
83.782,70.212,127.767,181.563
86.815,73.245,127.767,181.563
87.422,68.998,127.767,181.563
86.815,70.818,127.767,181.563
89.848,66.572,127.767,181.563
86.815,65.965,127.767,181.563
88.635,62.932,127.767,181.563
83.566,63.114,125.042,177.692
86.534,60.146,125.042,177.692
88.315,64.302,125.042,177.692
86.534,58.959,125.042,177.692
88.315,63.114,125.042,177.692
85.347,58.959,125.042,177.692
87.128,66.676,125.042,177.692
87.721,66.083,125.042,177.692
91.882,67.197,127.809,181.623
86.420,65.376,127.809,181.623
89.454,68.410,127.809,181.623
86.420,69.017,127.809,181.623
89.454,69.624,127.809,181.623
90.061,65.376,127.809,181.623
85.813,69.624,127.809,181.623
91.275,66.590,127.809,181.623
84.600,72.051,127.809,181.623
91.370,64.376,130.637,185.641
85.788,69.958,130.637,185.641
92.611,65.616,130.637,185.641
99.531,68.067,133.527,189.749
105.237,62.361,133.527,189.749
95.727,68.067,133.527,189.749
103.969,62.361,133.527,189.749
94.459,68.067,133.527,189.749
102.848,63.995,136.481,193.947
98.312,62.051,136.481,193.947
104.198,60.578,139.501,198.238
96.912,62.565,139.501,198.238
98.899,59.253,139.501,198.238
104.915,60.496,142.587,202.624
98.822,58.465,142.587,202.624
102.207,61.850,142.587,202.624
100.176,61.173,142.587,202.624
103.515,58.229,145.742,207.107
97.287,58.921,145.742,207.107
102.131,60.997,145.742,207.107
100.055,56.153,145.742,207.107
97.979,56.845,145.742,207.107
102.823,58.921,145.742,207.107
96.595,59.613,145.742,207.107
101.444,59.475,148.967,211.689
97.908,54.524,148.967,211.689
98.461,57.319,152.262,216.373
97.738,55.150,152.262,216.373
101.353,55.873,152.262,216.373
96.293,56.596,152.262,216.373
98.461,55.873,152.262,216.373
97.738,55.150,152.262,216.373
99.907,55.873,152.262,216.373
96.293,56.596,152.262,216.373
98.461,57.319,152.262,216.373
97.738,55.150,152.262,216.373
97.015,55.873,152.262,216.373
96.293,56.596,152.262,216.373
98.461,55.873,152.262,216.373
97.738,56.596,152.262,216.373
98.461,55.873,152.262,216.373
97.738,55.150,152.262,216.373
98.461,54.428,152.262,216.373
97.527,55.784,155.631,221.160
95.310,53.567,155.631,221.160
97.527,54.306,155.631,221.160
95.310,55.045,155.631,221.160
97.527,52.828,155.631,221.160
95.310,56.523,155.631,221.160
97.527,54.306,155.631,221.160
95.310,56.523,155.631,221.160
97.527,55.784,155.631,221.160
96.788,58.001,155.631,221.160
96.049,55.784,155.631,221.160
95.310,55.045,155.631,221.160
96.049,55.784,155.631,221.160
93.832,59.479,155.631,221.160
94.571,54.306,155.631,221.160
96.788,58.001,155.631,221.160
95.833,53.254,159.075,226.053
95.078,55.520,159.075,226.053
94.322,56.275,159.075,226.053
96.588,54.010,159.075,226.053
95.833,54.765,159.075,226.053
96.588,55.520,159.075,226.053
97.343,57.786,159.075,226.053
96.588,49.478,159.075,226.053
98.854,57.786,159.075,226.053
95.078,54.010,159.075,226.053
95.833,57.786,159.075,226.053
96.801,53.645,155.682,221.233
97.540,60.297,155.682,221.233
98.488,54.819,152.362,216.515
97.764,59.883,152.362,216.515
98.488,63.500,152.362,216.515
99.211,55.542,152.362,216.515
98.488,60.606,152.362,216.515
99.211,61.330,152.362,216.515
98.488,56.266,152.362,216.515
97.764,59.883,152.362,216.515
99.935,63.500,152.362,216.515
99.211,55.542,152.362,216.515
98.488,60.606,152.362,216.515
97.764,61.330,152.362,216.515
101.481,55.968,149.113,211.898
99.357,59.508,149.113,211.898
98.649,61.632,149.113,211.898
100.773,58.092,149.113,211.898
100.065,61.632,149.113,211.898
97.681,62.961,152.412,216.586
100.003,56.203,149.162,211.967
97.879,59.744,149.162,211.967
101.420,60.452,149.162,211.967
97.879,62.577,149.162,211.967
100.003,60.452,149.162,211.967
97.879,61.160,149.162,211.967
98.587,61.868,149.162,211.967
97.879,59.744,149.162,211.967
98.587,61.868,149.162,211.967
97.879,61.160,149.162,211.967
95.494,62.489,152.462,216.657
96.422,57.125,149.211,212.037
97.130,60.667,149.211,212.037
97.839,62.792,149.211,212.037
97.130,63.500,149.211,212.037
97.839,61.375,149.211,212.037
97.130,62.084,149.211,212.037
99.256,62.792,149.211,212.037
98.547,64.917,149.211,212.037
97.839,65.626,149.211,212.037
100.112,60.376,146.029,207.515
98.033,63.842,146.029,207.515
101.499,65.922,146.029,207.515
99.419,68.002,146.029,207.515
100.113,61.762,146.029,207.515
98.033,63.842,146.029,207.515
100.113,65.922,146.029,207.515
99.419,62.455,146.029,207.515
100.113,64.535,146.029,207.515
99.419,65.229,146.029,207.515
98.726,67.309,146.029,207.515
99.419,62.455,146.029,207.515
98.726,67.309,146.029,207.515
98.033,66.615,146.029,207.515
95.953,68.695,146.029,207.515
93.873,61.069,146.029,207.515
91.793,65.922,146.029,207.515
91.099,66.615,146.029,207.515
87.633,68.695,146.029,207.515
85.849,64.894,142.915,203.089
89.241,71.000,142.915,203.089
83.134,67.608,142.915,203.089
85.170,73.714,142.915,203.089
82.116,72.610,139.867,198.759
82.967,76.649,136.884,194.520
83.617,78.599,136.884,194.520
81.667,74.050,136.884,194.520
84.917,77.299,136.884,194.520
84.267,72.750,136.884,194.520
86.217,75.999,136.884,194.520
85.797,72.436,133.965,190.372
87.705,76.888,133.965,190.372
88.521,74.627,131.109,186.312
90.518,79.613,128.313,182.339
91.128,79.004,128.313,182.339
90.518,79.613,128.313,182.339
91.128,80.222,128.313,182.339
90.518,79.613,128.313,182.339
92.346,81.441,128.313,182.339
90.518,78.395,128.313,182.339
91.128,80.222,128.313,182.339
91.737,79.613,128.313,182.339
91.128,80.222,128.313,182.339
91.737,77.176,128.313,182.339
91.128,80.222,128.313,182.339
90.518,73.521,128.313,182.339
91.128,79.004,128.313,182.339
88.082,72.303,128.313,182.339
87.472,75.349,128.313,182.339
89.300,71.084,128.313,182.339
85.036,74.130,128.313,182.339
86.863,69.866,128.313,182.339
83.548,72.273,131.152,186.373
84.170,70.405,131.152,186.373
84.793,71.028,131.152,186.373
82.925,70.405,131.152,186.373
86.124,69.391,128.355,182.399
84.296,73.657,128.355,182.399
87.343,70.610,128.355,182.399
84.296,72.438,128.355,182.399
87.343,71.829,128.355,182.399
85.515,71.220,128.355,182.399
84.905,74.267,128.355,182.399
85.515,72.438,128.355,182.399
84.905,74.267,128.355,182.399
86.733,72.438,128.355,182.399
84.905,71.829,128.355,182.399
85.515,71.220,128.355,182.399
83.686,74.267,128.355,182.399
86.733,74.876,128.355,182.399
82.468,71.829,128.355,182.399
85.515,72.438,128.355,182.399
82.468,73.048,128.355,182.399
84.209,74.191,131.195,186.434
81.405,70.776,128.397,182.458
85.672,72.605,128.397,182.458
81.090,73.749,131.238,186.495
82.959,69.387,131.238,186.495
82.336,72.502,131.238,186.495
82.959,70.633,131.238,186.495
81.090,73.749,131.238,186.495
86.693,70.332,128.439,182.518
83.644,70.942,128.439,182.518
87.952,69.949,125.700,178.626
84.968,74.127,125.700,178.626
89.146,71.143,125.700,178.626
84.968,74.127,125.700,178.626
89.146,71.143,125.700,178.626
86.162,72.933,125.700,178.626
85.565,69.949,125.700,178.626
86.162,72.933,125.700,178.626
84.372,72.336,125.700,178.626
86.162,72.933,125.700,178.626
85.565,71.143,125.700,178.626
87.356,69.352,125.700,178.626
85.565,73.530,125.700,178.626
88.549,69.352,125.700,178.626
86.759,73.530,125.700,178.626
88.549,68.159,125.700,178.626
86.759,73.530,125.700,178.626
88.549,68.159,125.700,178.626
86.759,72.336,125.700,178.626
86.162,72.933,125.700,178.626
85.565,68.756,125.700,178.626
83.775,72.933,125.700,178.626
85.565,69.949,125.700,178.626
82.581,75.320,125.700,178.626
83.178,72.336,125.700,178.626
80.194,76.514,125.700,178.626
80.791,72.336,125.700,178.626
79.000,76.514,125.700,178.626
79.597,78.304,125.700,178.626
76.613,75.320,125.700,178.626
74.823,79.498,125.700,178.626
74.226,74.127,125.700,178.626
73.629,77.111,125.700,178.626
73.032,72.933,125.700,178.626
72.436,72.336,125.700,178.626
69.452,70.546,125.700,178.626
68.855,72.336,125.700,178.626
65.871,69.352,125.700,178.626
67.661,73.530,125.700,178.626
63.484,69.352,125.700,178.626
62.887,73.530,125.700,178.626
59.903,76.514,125.700,178.626
59.306,73.530,125.700,178.626
56.322,76.514,125.700,178.626
53.338,74.724,125.700,178.626
50.090,74.605,128.481,182.578
53.140,75.215,128.481,182.578
46.430,69.725,128.481,182.578
53.092,75.787,125.741,178.685
48.913,71.609,125.741,178.685
51.898,75.787,125.741,178.685
47.719,72.803,125.741,178.685
47.122,72.206,125.741,178.685
47.719,70.415,125.741,178.685
47.122,71.012,125.741,178.685
47.719,68.027,125.741,178.685
49.510,71.012,125.741,178.685
51.301,72.803,125.741,178.685
49.510,67.430,125.741,178.685
51.301,71.609,125.741,178.685
49.510,67.430,125.741,178.685
50.107,70.415,125.741,178.685
53.092,71.012,125.741,178.685
48.913,66.833,125.741,178.685
51.898,69.818,125.741,178.685
52.495,70.415,125.741,178.685
47.122,67.430,125.741,178.685
51.301,70.415,125.741,178.685
45.928,65.042,125.741,178.685
45.156,67.401,128.523,182.638
48.207,64.350,128.523,182.638
41.087,64.228,131.367,186.679
42.959,61.110,131.367,186.679
43.582,64.228,131.367,186.679
38.894,58.928,134.273,190.809
42.081,60.840,134.273,190.809
45.269,62.753,134.273,190.809
42.081,58.290,134.273,190.809
49.043,63.397,131.410,186.740
47.171,59.030,131.410,186.740
51.539,63.397,131.410,186.740
50.915,59.030,131.410,186.740
50.108,60.200,134.317,190.872
54.572,58.287,134.317,190.872
57.761,61.476,134.317,190.872
58.398,57.012,134.317,190.872
60.312,60.200,134.317,190.872
60.949,55.737,134.317,190.872
62.862,60.200,134.317,190.872
63.500,55.737,134.317,190.872
62.862,58.925,134.317,190.872
63.500,55.737,134.317,190.872
64.138,58.925,134.317,190.872
64.776,55.737,134.317,190.872
66.689,58.925,134.317,190.872
67.506,54.199,131.453,186.801
70.627,58.568,131.453,186.801
65.010,54.199,131.453,186.801
68.130,52.327,131.453,186.801
71.251,54.199,131.453,186.801
62.674,47.600,134.361,190.934
67.139,50.789,134.361,190.934
70.329,51.427,134.361,190.934
63.312,48.238,134.361,190.934
66.502,50.152,134.361,190.934
69.691,52.065,134.361,190.934
66.502,47.600,134.361,190.934
70.967,50.789,134.361,190.934
65.226,46.324,134.361,190.934
72.243,52.065,134.361,190.934
66.502,46.324,134.361,190.934
72.243,52.065,134.361,190.934
71.605,51.427,134.361,190.934
72.243,50.789,134.361,190.934
79.209,52.210,131.496,186.863
73.590,55.332,131.496,186.863
76.712,50.962,131.496,186.863
74.839,55.332,131.496,186.863
79.209,52.210,131.496,186.863
73.220,53.382,134.405,190.997
75.135,50.191,134.405,190.997
75.773,50.829,134.405,190.997
78.964,47.639,134.405,190.997
74.497,50.829,134.405,190.997
78.964,46.363,134.405,190.997
71.518,50.208,137.379,195.223
73.475,45.642,137.379,195.223
74.127,48.904,137.379,195.223
76.084,46.947,137.379,195.223
78.041,51.513,137.379,195.223
77.388,49.556,137.379,195.223
76.736,55.426,137.379,195.223
78.693,53.469,137.379,195.223
76.736,56.731,137.379,195.223
78.693,57.383,137.379,195.223
78.041,55.426,137.379,195.223
79.997,52.165,137.379,195.223
79.345,55.426,137.379,195.223
78.693,50.860,137.379,195.223
81.954,54.122,137.379,195.223
81.533,53.060,134.449,191.060
83.448,54.975,134.449,191.060
83.036,53.936,131.582,186.985
86.159,57.059,131.582,186.985
84.285,57.684,131.582,186.985
86.159,58.309,131.582,186.985
86.960,58.496,128.776,182.998
90.017,60.330,128.776,182.998
89.406,60.942,128.776,182.998
92.547,58.768,126.030,179.095
93.145,62.956,126.030,179.095
94.940,59.965,126.030,179.095
94.342,61.760,126.030,179.095
96.137,59.965,126.030,179.095
95.539,60.563,126.030,179.095
96.137,61.161,126.030,179.095
96.735,58.169,126.030,179.095
97.334,62.358,126.030,179.095
97.932,56.973,126.030,179.095
98.530,62.358,126.030,179.095
96.735,62.956,126.030,179.095
100.924,58.768,126.030,179.095
99.129,62.956,126.030,179.095
103.317,57.571,126.030,179.095
105.112,60.563,126.030,179.095
106.908,56.374,126.030,179.095
108.703,60.563,126.030,179.095
109.301,58.768,126.030,179.095
112.293,55.776,126.030,179.095
110.278,59.382,128.818,183.058
113.336,55.101,128.818,183.058
113.947,59.382,128.818,183.058
117.005,53.878,128.818,183.058
116.394,58.159,128.818,183.058
117.005,56.324,128.818,183.058
120.063,58.159,128.818,183.058
120.675,56.324,128.818,183.058
122.510,58.159,128.818,183.058
123.122,58.770,128.818,183.058
123.733,60.605,128.818,183.058
126.791,62.440,128.818,183.058
127.403,59.382,128.818,183.058
126.612,61.799,131.669,187.108
127.237,61.174,131.669,187.108
127.862,60.548,131.669,187.108
125.987,61.174,131.669,187.108
127.862,59.298,131.669,187.108
127.237,59.923,131.669,187.108
127.862,60.548,131.669,187.108
124.737,59.923,131.669,187.108
122.632,62.393,134.582,191.248
123.132,59.615,137.559,195.479
122.479,57.656,137.559,195.479
123.132,60.921,137.559,195.479
122.479,53.737,137.559,195.479
121.825,59.615,137.559,195.479
121.172,61.574,137.559,195.479
123.132,57.002,137.559,195.479
122.479,60.268,137.559,195.479
121.825,60.921,137.559,195.479
121.172,56.349,137.559,195.479
120.519,58.309,137.559,195.479
121.172,57.656,137.559,195.479
119.213,59.615,137.559,195.479
118.560,57.656,137.559,195.479
119.213,59.615,137.559,195.479
115.947,57.656,137.559,195.479
115.294,60.921,137.559,195.479
113.335,57.656,137.559,195.479
112.682,59.615,137.559,195.479
110.723,58.962,137.559,195.479
110.070,57.002,137.559,195.479
109.416,58.962,137.559,195.479
110.070,59.615,137.559,195.479
106.804,57.656,137.559,195.479
107.457,57.002,137.559,195.479
108.110,58.962,137.559,195.479
104.845,55.696,137.559,195.479
105.498,57.656,137.559,195.479
104.845,58.309,137.559,195.479
102.885,56.349,137.559,195.479
100.926,57.002,137.559,195.479
100.273,60.268,137.559,195.479
98.314,57.002,137.559,195.479
94.759,55.518,140.603,199.804
91.421,49.510,140.603,199.804
90.754,50.177,140.603,199.804
88.751,46.839,140.603,199.804
92.089,50.177,140.603,199.804
87.416,45.504,140.603,199.804
92.089,48.842,140.603,199.804
90.086,49.510,140.603,199.804
94.759,52.847,140.603,199.804
93.041,54.334,137.604,195.543
96.308,58.908,137.604,195.543
93.041,58.254,137.604,195.543
97.614,61.521,137.604,195.543
93.041,58.254,137.604,195.543
96.308,60.214,137.604,195.543
91.735,56.948,137.604,195.543
95.001,58.908,137.604,195.543
