0.00496197
0.01115823
0.01245832
0.01095366
0.01062989
0.01056409
0.01058578
0.01060843
0.01065826
0.01053762
0.01057458
0.01067877
0.01052380
0.01053023
0.01045513
0.01052022
0.01045680
0.01041293
0.01048183
0.01059723
0.01056552
0.01051688
0.01048064
0.01047802
0.01047230
0.01054811
0.01049924
0.01042938
0.01053786
0.01167750
0.01059842
0.01054597
0.01060963
0.01059651
0.01045799
0.01056290
0.01050305
0.01052666
0.01057482
0.01055861
0.01057768
0.01058865
0.01055169
0.01054502
0.01066828
0.01050711
0.01039004
0.01047325
0.01042795
0.01051450
0.01050758
0.01055503
0.01062202
0.01061487
0.01059699
0.01059055
0.01053452
0.01059008
0.01057267
0.01056099
0.01051855
0.01059341
0.01051116
0.01059890
0.01059127
0.01050901
0.01050115
0.01044393
0.01035261
0.01042700
0.01052046
0.01056457
0.01155019
0.01062703
0.01059699
0.01056433
0.01043630
0.01052618
0.01048493
0.01059175
0.01055002
0.01063514
0.01051331
0.01058578
0.01054716
0.01052403
0.01049399
0.01056075
0.01049733
0.01051950
0.01047730
0.01054287
0.01049495
0.01049662
0.01062393
0.01049471
0.01051521
0.01049638
0.01049733
0.01050496
0.01048541
0.01058865
0.01060319
0.01057315
0.01061678
0.01063228
0.01061702
0.01061511
0.01067686
0.01061964
0.01066613
0.01072049
0.01068187
0.01076913
0.01061392
0.01145291
0.01081371
0.01064444
0.01069140
0.01066446
0.01056194
0.01062942
0.01072407
0.01060891
0.01056767
0.01063228
0.01067710
0.01067615
0.01066995
0.01064205
0.01067328
0.01061153
0.01066041
0.01058173
0.01055956
0.01053214
0.01049447
0.01054049
0.01053667
0.01057625
0.01055837
0.01071692
0.01064897
0.01043749
0.01053977
0.01054907
0.01058531
0.01056719
0.01057434
0.01062489
0.01052833
0.01063609
0.01044512
0.01053929
0.01057673
0.01048398
0.01057315
0.01056099
0.01135850
0.01068854
0.01057339
0.01063943
0.01058602
0.01067853
0.01058149
0.01058197
0.01055551
0.01055312
0.01053452
0.01058865
0.01049876
0.01058030
0.01061821
0.01054144
0.01056647
0.01061916
0.01051092
0.01054931
0.01054382
0.01052594
0.01054716
0.01054549
0.01055861
0.01050711
0.01062083
0.01065040
0.01047754
0.01045561
0.01049137
0.01048875
0.01048446
0.01050520
0.01060891
0.01060343
0.01066732
0.01062536
0.01044583
0.01051188
0.01047134
0.01049232
0.01048422
0.01143551
0.01057458
0.01044106
0.01052952
0.01060939
0.01055241
0.01058149
0.01059556
0.01052833
0.01059222
0.01050091
0.01049614
0.01059270
0.01061940
0.01051044
0.01060939
0.01051140
0.01070738
0.01050591
0.01048732
0.01054716
0.01048756
0.01047564
0.01056433
0.01057839
0.01049352
0.01050615
0.01045609
0.01045513
0.01046944
0.01051497
0.01048875
0.01055598
0.01056886
0.01056695
0.01055980
0.01057339
0.01050186
0.01053476
0.01051068
0.01046920
0.01058269
0.01048565
0.01115036
0.01061583
0.01061797
0.01047015
0.01051426
0.01048589
0.01057887
0.01055861
0.01056218
0.01062298
0.01064777
0.01056576
0.01052713
0.01058936
0.01050854
0.01050377
0.01055312
0.01051760
0.01058078
0.01049089
0.01042652
0.01047325
0.01049948
0.01042795
0.01048517
0.01054955
0.01056528
0.01046419
0.01041055
0.01049018
0.01043439
0.01052737
0.01047850
0.01061010
0.01050973
0.01044655
0.01048994
0.01045036
0.01048040
0.01053166
0.01046348
0.01059365
0.01054406
0.01057649
0.01079345
0.01059747
0.01051641
0.01058459
0.01060796
