0.00243235
0.01385498
0.01476550
0.01372218
0.01319742
0.01274586
0.01263618
0.01292682
0.01306725
0.01280737
0.01269388
0.01278281
0.01274180
0.01284957
0.01285172
0.01271749
0.01281810
0.01296997
0.01286316
0.01268482
0.01262045
0.01250672
0.01295090
0.01282239
0.01285291
0.01276636
0.01273894
0.01268220
0.01269603
0.01275563
0.01270318
0.01268220
0.01266503
0.01272106
0.01263475
0.01272416
0.01273108
0.01287103
0.01276636
0.01289678
0.01271081
0.01285458
0.01280880
0.01284409
0.01301789
0.01270485
0.01270819
0.01276183
0.01275373
0.01266742
0.01285553
0.01275897
0.01277065
0.01295948
0.01285315
0.01271701
0.01272202
0.01296306
0.01284170
0.01266026
0.01278186
0.01273346
0.01266241
0.01265788
0.01283288
0.01298046
0.01302290
0.01262093
0.01265717
0.01273394
0.01280928
0.01303196
0.01266909
0.01275945
0.01286864
0.01262999
0.01266026
0.01268387
0.01282263
0.01270866
0.01266050
0.01247096
0.01272845
0.01288605
0.01279330
0.01262236
0.01264048
0.01288676
0.01308060
0.01280808
0.01283956
0.01270771
0.01289845
0.01286006
0.01277661
0.01280951
0.01267576
0.01286983
0.01266074
0.01265216
0.01273561
0.01301908
0.01259708
0.01241064
0.01269126
0.01273298
0.01263452
0.01272988
0.01270771
0.01270533
0.01283908
0.01276708
0.01267385
0.01276326
0.01273012
0.01287746
0.01283574
0.01272702
0.01272774
0.01292968
0.01284814
0.01268935
0.01285052
0.01290107
0.01282907
0.01263356
0.01269197
0.01287675
0.01288891
0.01270866
0.01269317
0.01289463
0.01291919
0.01268029
0.01282024
0.01272464
0.01268959
0.01308513
0.01283789
0.01284838
0.01280928
0.01289368
0.01287055
0.01280427
0.01265597
0.01296115
0.01289701
0.01265693
0.01268721
0.01269293
0.01264858
0.01286197
0.01269412
0.01261234
0.01277590
0.01283765
0.01284289
0.01271319
0.01283526
0.01285839
0.01304626
0.01274014
0.01283646
0.01261926
0.01283312
0.01264262
0.01304150
0.01297712
0.01270819
0.01285958
0.01271510
0.01281691
0.01274109
0.01270962
0.01281786
0.01269627
0.01265168
0.01262331
0.01261568
0.01268220
0.01258683
0.01293564
0.01274586
0.01265979
0.01282525
0.01262403
0.01287174
0.01272917
0.01270390
0.01276422
0.01273632
0.01275945
0.01276255
0.01275611
0.01289225
0.01262307
0.01255441
0.01280737
0.01272035
0.01280737
0.01267028
0.01270962
0.01286364
0.01282978
0.01286888
0.01282883
0.01277161
0.01275778
0.01272774
0.01278877
0.01254940
0.01281309
0.01299930
0.01267362
0.01285315
0.01291919
0.01280236
0.01270509
0.01252770
0.01270843
0.01276422
0.01274204
0.01273561
0.01260209
0.01268101
0.01289868
0.01251602
0.01288939
0.01269364
0.01264715
0.01264572
0.01268697
0.01273131
0.01271462
0.01275396
0.01271510
0.01262498
0.01267481
0.01275516
0.01293087
0.01286721
0.01271677
0.01275182
0.01278710
0.01265740
0.01270604
0.01285577
0.01274323
0.01283860
0.01274610
0.01283836
0.01279020
0.01267171
0.01302505
0.01264906
0.01282811
0.01263666
0.01275992
0.01268220
0.01253033
0.01280951
0.01276302
0.01260352
0.01243520
0.01286936
0.01290107
0.01300073
0.01256394
0.01242709
0.01274419
0.01286268
0.01284957
0.01269174
0.01289535
0.01271391
0.01271653
0.01265311
0.01283908
0.01271701
0.01262283
0.01269650
0.01276016
0.01280999
0.01276612
0.01279688
0.01267600
0.01267815
0.01288080
0.01288438
0.01279306
0.01279712
0.01282001
0.01279950
0.01269245
0.01267385
0.01247478
0.01272893
0.01282644
0.01266885
0.01292539
0.01275897
0.01281762
0.01272917
0.01290274
0.01270556
0.01281786
0.01271462
0.01275778
0.01284528
0.01260877
0.01266217
0.01282525
0.01282740
0.01265359
0.01268387
0.01269650
0.01280403
0.01317787
0.01289654
0.01275349
0.01268864
0.01270986
0.01280737
0.01258039
0.01275945
0.01282334
0.01272345
0.01285934
0.01248145
0.01236367
0.01263881
0.01274467
0.01264906
0.01255322
0.01282811
0.01277328
0.01274562
0.01281714
0.01269889
0.01289129
0.01265550
0.01270747
0.01267767
0.01261497
0.01271343
0.01261544
0.01282382
0.01260638
0.01270199
0.01272798
0.01287532
0.01279926
0.01285863
0.01277184
0.01278114
0.01285291
0.01270819
0.01270866
0.01271558
0.01271224
0.01305413
0.01266909
0.01276207
0.01291060
0.01283479
0.01280713
0.01270390
0.01266623
0.01282263
0.01271224
0.01275992
0.01265430
0.01275992
0.01280117
0.01285267
0.01268339
0.01303673
0.01275730
0.01268697
0.01290846
0.01275039
0.01288581
0.01277137
0.01254010
0.01278687
0.01275110
0.01274133
0.01280642
0.01279569
0.01276493
0.01287222
0.01276994
0.01248384
0.01286840
0.01276779
0.01271963
0.01269436
0.01270723
0.01280785
0.01285100
0.01284361
0.01287746
0.01277065
0.01289606
0.01271439
0.01286244
0.01273251
0.01280737
0.01272988
0.01269531
0.01270843
0.01249743
0.01276541
0.01266551
0.01255989
0.01277900
0.01273823
0.01272202
0.01281381
0.01285195
0.01286387
0.01272440
0.01269913
0.01269197
0.01271415
0.01285505
0.01272869
0.01303029
0.01281762
0.01275015
0.01271868
0.01278090
0.01299596
0.01289415
0.01272869
0.01276541
0.01270509
0.01281714
0.01285219
0.01308489
0.01258564
0.01277304
0.01277208
0.01281714
0.01274514
0.01270485
0.01279712
0.01272988
0.01283979
0.01274252
0.01271796
0.01288915
0.01275063
0.01280570
0.01279426
0.01272130
0.01278567
0.01284981
0.01273012
0.01287341
0.01298761
0.01318932
0.01270723
0.01280522
0.01281977
0.01291299
0.01274776
0.01277900
0.01271868
0.01276207
0.01277399
0.01268125
0.01265478
0.01290727
0.01277447
0.01262665
0.01269603
0.01274538
0.01287127
0.01280618
0.01269650
0.01268840
0.01265168
0.01276875
0.01283145
0.01282072
0.01278758
0.01271486
0.01291871
0.01269913
0.01269126
0.01292491
0.01261187
0.01233172
0.01268101
0.01267004
0.01279640
0.01263857
0.01302695
0.01274586
