0.00527811
0.01366186
0.01444554
0.01388764
0.01358438
0.01344872
0.01339698
0.01332021
0.01323223
0.01329088
0.01332235
0.01300526
0.01335359
0.01341701
0.01351953
0.01326919
0.01332211
0.01352262
0.01337290
0.01349926
0.01333904
0.01334929
0.01326299
0.01339698
0.01330423
0.01342082
0.01342249
0.01355863
0.01353765
0.01368165
0.01333094
0.01342416
0.01346326
0.01347804
0.01349235
0.01354957
0.01334786
0.01338100
0.01331019
0.01359868
0.01339149
0.01350069
0.01337838
0.01322651
0.01345277
0.01320767
0.01342654
0.01338267
0.01346350
0.01332903
0.01353264
0.01332378
0.01345778
0.01331615
0.01345849
0.01329088
0.01329732
0.01329613
0.01328111
0.01334429
0.01352811
0.01357007
0.01342845
0.01375198
0.01341248
0.01347113
0.01329231
0.01352096
0.01360440
0.01337242
0.01334691
0.01353836
0.01333332
0.01333904
0.01353431
0.01328731
0.01343608
0.01322675
0.01331472
0.01327896
0.01329470
0.01306367
0.01331592
0.01324940
0.01334310
0.01366854
0.01332617
0.01323390
0.01338458
0.01330924
0.01345515
0.01329923
0.01336026
0.01348138
0.01346803
0.01337767
0.01344705
0.01307297
0.01342559
0.01344991
0.01353192
0.01334429
0.01345253
0.01343441
0.01346016
0.01315618
0.01322627
0.01349449
0.01340318
0.01330709
0.01326847
0.01347947
0.01331925
0.01331830
0.01348376
0.01357532
0.01346803
0.01354218
0.01332593
0.01312399
0.01347160
0.01341510
0.01355553
0.01350594
0.01364851
0.01331878
0.01340079
0.01346278
0.01338172
0.01353049
0.01338100
0.01355791
0.01342535
0.01326323
0.01335573
0.01341367
0.01327848
0.01329279
0.01335073
0.01352620
0.01343894
0.01354957
0.01348352
0.01368260
0.01341414
0.01344657
0.01316071
0.01331878
0.01330781
0.01350451
0.01318479
0.01349473
0.01331186
0.01341677
0.01339698
0.01349020
0.01330709
0.01345444
0.01327467
0.01327753
0.01327372
0.01324916
0.01341105
0.01330209
0.01354146
0.01348233
0.01352477
0.01338840
0.01328707
0.01327515
0.01324272
0.01339006
0.01317406
0.01344585
0.01352406
0.01339698
0.01326060
0.01350522
0.01329875
0.01341510
0.01338458
0.01330566
0.01363945
0.01345754
0.01325917
0.01326895
0.01329732
0.01343441
0.01340556
0.01334524
0.01342559
0.01338220
0.01334620
0.01324868
0.01331568
0.01339269
0.01335168
0.01336193
0.01343656
0.01358342
0.01338887
0.01346445
0.01332641
0.01328540
0.01327848
0.01333666
0.01287508
0.01325655
0.01338029
0.01349139
0.01342177
0.01340175
0.01347327
0.01326990
0.01333547
0.01338530
0.01334691
0.01327610
0.01338434
0.01342773
0.01338673
0.01343894
0.01331782
0.01331997
0.01335931
0.01323152
0.01347733
0.01328492
0.01331353
0.01329446
0.01336217
0.01322293
0.01348901
0.01350665
0.01326871
0.01328397
0.01325297
0.01327276
0.01323652
0.01337409
0.01329279
0.01324248
0.01346231
0.01343441
0.01326156
0.01316500
0.01338577
0.01320243
0.01330042
0.01330853
0.01339030
0.01327944
0.01318169
0.01320028
0.01351404
0.01337576
0.01346755
0.01314497
0.01334715
0.01309180
0.01327801
0.01324224
0.01324916
0.01338983
0.01344252
0.01337314
0.01330709
0.01323748
0.01326776
0.01320672
0.01325727
0.01325750
0.01326990
0.01328444
0.01327729
0.01303411
0.01323605
0.01306915
0.01338673
0.01319408
0.01330113
0.01323128
0.01338291
0.01320696
0.01351190
0.01322365
0.01314187
0.01319885
0.01320696
0.01319814
0.01354718
0.01328516
0.01338530
0.01322246
0.01327872
0.01362443
0.01333117
0.01323223
0.01325583
0.01329422
0.01332688
0.01336813
0.01344776
0.01333737
0.01330280
0.01316500
0.01324630
0.01316333
0.01347899
0.01332831
0.01338887
0.01306105
0.01369023
0.01341534
0.01338911
0.01344585
0.01325679
0.01342678
0.01339936
0.01338553
0.01324606
0.01327586
0.01337957
0.01321006
0.01329923
0.01330686
0.01338577
0.01316166
0.01329160
0.01331592
0.01361704
0.01329517
0.01319671
0.01325893
0.01321602
0.01326180
0.01332021
0.01341796
0.01347518
0.01338148
0.01366568
0.01332068
0.01328826
0.01321888
0.01326680
0.01339412
0.01341891
0.01327443
0.01327658
0.01326823
0.01343608
0.01350188
0.01323748
0.01338339
0.01343942
0.01343799
0.01363349
0.01321554
0.01340127
0.01322794
0.01342320
0.01324606
0.01321983
0.01333070
0.01332164
0.01314425
0.01329899
0.01329088
0.01346612
0.01327848
0.01350117
0.01332116
0.01323819
0.01338959
0.01347756
0.01321888
0.01334381
0.01341033
0.01326871
0.01358724
0.01349115
0.01349854
0.01347327
0.01343822
0.01368666
0.01333141
0.01345253
0.01340151
0.01307130
0.01345205
0.01317978
0.01325154
0.01334000
0.01344419
0.01350212
0.01326227
0.01342416
0.01318431
0.01332951
0.01331544
0.01340055
0.01331973
0.01308250
0.01338935
0.01323867
0.01347280
0.01350045
0.01343393
0.01371551
0.01330495
0.01330709
0.01312041
0.01344633
0.01341295
0.01324344
0.01326394
0.01345444
0.01337123
0.01352215
0.01340747
0.01342130
0.01341486
0.01330447
0.01328707
0.01337171
0.01328731
0.01320863
0.01330781
0.01344109
0.01313806
0.01353765
0.01335716
0.01331830
0.01325941
0.01349878
0.01332235
0.01333618
0.01342654
0.01328063
0.01337719
0.01330352
0.01327872
0.01343274
0.01324511
0.01343012
0.01343656
0.01331782
0.01344037
0.01341462
0.01332474
0.01347375
0.01340771
0.01341534
0.01340389
0.01344109
0.01325178
0.01324439
0.01342058
0.01331472
0.01332355
0.01320171
0.01342249
0.01361346
0.01343036
0.01343799
0.01337504
0.01328206
0.01326990
0.01342916
0.01327348
0.01327062
0.01336050
0.01320577
