0.00621462
0.01076674
0.01125431
0.01085258
0.01059389
0.01057529
0.01070881
0.01059365
0.01056671
0.01062822
0.01065779
0.01057339
0.01061821
0.01053095
0.01055431
0.01055193
0.01056123
0.01055551
0.01060462
0.01053095
0.01056051
0.01052308
0.01045847
0.01054811
0.01064444
0.01053810
0.01057959
0.01054740
0.01051974
0.01049972
0.01063752
0.01050568
0.01054907
0.01064539
0.01057005
0.01060319
0.01055765
0.01053476
0.01060081
0.01056838
0.01059961
0.01061368
0.01059198
0.01064968
0.01063514
0.01063681
0.01051545
0.01065183
0.01066470
0.01063561
0.01064301
0.01071072
0.01069021
0.01074195
0.01075292
0.01063514
0.01063871
0.01059842
0.01066160
0.01080704
0.01064372
0.01063609
0.01058960
0.01071405
0.01068258
0.01066923
0.01069498
0.01081824
0.01064920
0.01077771
0.01060653
0.01074266
0.01063633
0.01070762
0.01072454
0.01069570
0.01065803
0.01070213
0.01069093
0.01057863
0.01067042
0.01080132
0.01062989
0.01084161
0.01055264
0.01075053
0.01056266
0.01076841
0.01054215
0.01072502
0.01058865
0.01068997
0.01064014
0.01062918
0.01064372
0.01072025
0.01062775
0.01064062
0.01058698
0.01066256
0.01063395
0.01063848
0.01060200
0.01087594
0.01061201
0.01076317
0.01074529
0.01069713
0.01067996
0.01067805
0.01064181
0.01068497
0.01067162
0.01075387
0.01059365
0.01065183
0.01074147
0.01071095
0.01060820
0.01070094
0.01063061
0.01067257
0.01064134
0.01077819
0.01052690
0.01089072
0.01062918
0.01071501
0.01058769
0.01070571
0.01056623
0.01065421
0.01065969
0.01068568
0.01077914
0.01068568
0.01066828
0.01067257
0.01066470
0.01071954
0.01065302
0.01069832
0.01064825
0.01065302
0.01053882
0.01068068
0.01068258
0.01072121
0.01056576
0.01064992
0.01063299
0.01081347
0.01064634
0.01083493
0.01056194
0.01073122
0.01054668
0.01072311
0.01063895
0.01079321
0.01067424
0.01072073
0.01051879
0.01074481
0.01064491
0.01080561
0.01062179
0.01066113
0.01055002
0.01068759
0.01058626
0.01063871
0.01065898
0.01073551
0.01082778
0.01075363
0.01062775
0.01068854
0.01068139
0.01068115
0.01067042
0.01064086
0.01063848
0.01070189
0.01066756
0.01062894
0.01064420
0.01067781
0.01058245
0.01070595
0.01065016
0.01072645
0.01072860
0.01068997
0.01061535
0.01066589
0.01086020
0.01076174
0.01068211
0.01082897
0.01074719
0.01070333
0.01067305
0.01068592
0.01071620
0.01067328
0.01068854
0.01071358
0.01059031
0.01078892
0.01061821
0.01087809
0.01062608
0.01067758
0.01064658
0.01066017
0.01067758
0.01072621
0.01069379
0.01075912
0.01066995
0.01088548
0.01086354
0.01078534
0.01069379
0.01068115
0.01076221
0.01068187
0.01062608
0.01072812
0.01069832
0.01065612
0.01075387
0.01070070
0.01066136
0.01065350
0.01068473
0.01058745
0.01052761
0.01072168
0.01067710
0.01072431
0.01055026
0.01062799
0.01071262
0.01069260
0.01067185
0.01069832
0.01066113
0.01068568
0.01066375
0.01063848
0.01058364
0.01057673
0.01066327
0.01076698
0.01062942
0.01080346
0.01089311
0.01064515
0.01066422
0.01056671
0.01064372
0.01071310
0.01063800
0.01076174
0.01067829
0.01080751
0.01058698
0.01069021
0.01072931
0.01069808
0.01070690
0.01071858
0.01065779
0.01066303
0.01062059
0.01076674
0.01061797
0.01073694
0.01069832
0.01065660
0.01067877
0.01061416
0.01071095
0.01069474
0.01064563
0.01067948
0.01061201
0.01074100
0.01067233
0.01055741
0.01072550
0.01061845
0.01072598
0.01072145
0.01058722
0.01075768
0.01064444
0.01062632
0.01073766
0.01081753
0.01090097
0.01068521
0.01082826
0.01076889
0.01075554
0.01077414
0.01061964
0.01072836
0.01063943
0.01064992
0.01068568
0.01063514
0.01068783
0.01076984
0.01077294
0.01061940
0.01075029
0.01074529
0.01071405
0.01080585
0.01081014
0.01069760
0.01074553
0.01095748
0.01074004
0.01084518
0.01076651
0.01085639
0.01067376
0.01088524
0.01084995
0.01091266
0.01078010
0.01097989
0.01091480
0.01091194
0.01078749
0.01103377
0.01077151
0.01093483
0.01082015
0.01096773
0.01087832
0.01087904
0.01076698
0.01096535
0.01080418
0.01081705
