0.00435114
0.01107407
0.01178670
0.01061630
0.01051903
0.01077890
0.01043940
0.01037836
0.01050115
0.01050901
0.01045632
0.01052547
0.01047873
0.01049948
0.01049972
0.01044965
0.01048636
0.01048684
0.01035500
0.01046443
0.01053882
0.01047349
0.01077867
0.01047277
0.01048684
0.01045227
0.01036215
0.01040578
0.01047707
0.01037121
0.01040483
0.01049638
0.01031923
0.01034975
0.01045251
0.01038957
0.01043582
0.01049733
0.01046896
0.01074982
0.01044559
0.01047325
0.01045442
0.01042390
0.01041198
0.01032758
0.01053405
0.01040530
0.01042414
0.01053596
0.01039886
0.01036549
0.01037335
0.01045585
0.01038289
0.01036191
0.01046801
0.01042724
0.01034999
0.01039100
0.01036596
0.01037192
0.01039124
0.01047206
0.01031184
0.01042151
0.01041579
0.01044536
0.01038361
0.01038098
0.01042867
0.01036286
0.01048732
0.01034069
0.01029348
0.01031470
0.01050830
0.01046491
0.01037216
0.01050234
0.01048446
0.01041698
0.01050067
0.01052117
0.01062489
0.01053023
0.01054668
0.01046610
0.01051664
0.01058578
0.01041508
0.01038122
0.01052785
0.01067138
0.01035428
0.01047325
0.01039767
0.01039076
0.01039624
0.01040387
0.01032925
0.01046467
0.01040697
0.01042438
0.01037192
0.01038098
0.01047659
0.01038361
0.01039863
0.01042390
0.01032519
0.01042509
0.01042247
0.01046872
0.01030374
0.01049089
0.01038051
0.01041579
0.01042676
0.01045084
0.01052523
0.01041317
0.01050496
0.01048040
0.01040387
0.01045871
0.01044965
0.01044345
0.01050949
0.01049089
0.01046157
0.01046014
0.01046586
0.01046371
0.01047230
0.01048613
0.01038337
0.01039433
0.01056314
0.01032043
0.01042366
0.01039553
0.01035213
0.01045561
0.01049471
0.01044011
0.01046205
0.01057243
0.01037550
0.01042509
0.01036024
0.01047707
0.01052070
0.01062441
0.01036787
0.01044583
0.01035547
0.01038980
0.01038861
0.01043701
0.01046467
0.01050210
0.01036978
0.01040554
0.01044250
0.01037025
0.01051807
0.01050591
0.01031446
0.01050472
0.01036787
0.01040220
0.01040769
0.01042032
0.01051331
0.01048875
0.01042223
0.01049733
0.01044250
0.01044393
0.01038337
0.01036882
0.01066804
0.01038718
0.01052952
0.01042104
0.01044655
0.01055527
0.01036477
0.01048946
0.01051688
0.01049089
0.01043653
0.01047969
0.01046062
0.01041007
0.01042628
0.01045513
0.01049089
0.01039600
0.01041913
0.01048398
0.01046705
0.01046753
0.01051211
0.01050472
0.01050234
0.01054192
0.01050115
0.01054001
0.01048255
0.01038122
0.01046705
0.01053357
0.01041675
0.01050735
0.01051235
0.01038361
0.01038289
0.01049471
0.01046944
0.01055121
0.01045656
0.01045036
0.01051784
0.01044750
0.01046801
0.01049113
0.01046300
0.01037431
0.01038432
0.01043224
0.01036763
0.01044941
0.01034331
0.01038456
0.01050591
0.01042080
0.01048136
0.01040816
0.01042366
0.01033759
0.01032591
0.01046968
0.01051497
0.01041746
0.01036692
0.01053667
0.01043534
0.01043534
0.01043320
0.01048422
0.01041889
0.01048851
0.01041222
0.01036191
0.01042342
0.01026440
0.01028919
0.01035142
0.01032972
0.01035833
0.01048398
0.01035357
0.01038671
0.01038170
0.01029348
0.01034546
0.01035953
0.01028943
0.01039958
0.01031756
0.01041031
0.01030374
0.01033568
0.01039243
0.01033711
0.01035404
0.01052952
0.01037407
0.01029348
0.01043463
0.01040339
0.01030874
0.01040745
0.01034546
0.01027656
0.01040053
0.01035357
0.01045084
0.01026726
0.01033616
0.01047969
0.01037908
0.01035857
0.01040173
0.01037145
0.01033068
0.01038790
0.01035094
0.01027584
0.01036859
0.01046252
0.01038384
0.01038551
0.01037812
0.01039767
0.01048040
0.01040220
0.01041985
0.01043987
0.01035094
0.01036096
0.01040673
0.01032186
0.01040435
0.01040602
0.01028919
0.01043129
0.01037717
0.01032376
0.01045561
0.01041031
0.01027870
0.01033640
0.01027417
