0.00408363
0.01120663
0.01241875
0.01057220
0.01063585
0.01063967
0.01079273
0.01053095
0.01058865
0.01063991
0.01065278
0.01069331
0.01071000
0.01061487
0.01069307
0.01059747
0.01059771
0.01069474
0.01057053
0.01058149
0.01050353
0.01056004
0.01052618
0.01051855
0.01064420
0.01057529
0.01050830
0.01058578
0.01064301
0.01052713
0.01056719
0.01045442
0.01052380
0.01057982
0.01057029
0.01053023
0.01060677
0.01053905
0.01048589
0.01058865
0.01064324
0.01054907
0.01058269
0.01049399
0.01049638
0.01069880
0.01057863
0.01059890
0.01055670
0.01048017
0.01054263
0.01061463
0.01060462
0.01050162
0.01063633
0.01066756
0.01061988
0.01062918
0.01054454
0.01060081
0.01058674
0.01059103
0.01057148
0.01050806
0.01043725
0.01059532
0.01055312
0.01050043
0.01060820
0.01057816
0.01065850
0.01057553
0.01051140
0.01058984
0.01052952
0.01056147
0.01064610
0.01051283
0.01055026
0.01064253
0.01053691
0.01060462
0.01065516
0.01057506
0.01050806
0.01061344
0.01061964
0.01058936
0.01068521
0.01052475
0.01053834
0.01060224
0.01055956
0.01059794
0.01047969
0.01053500
0.01053143
0.01052713
0.01047063
0.01054883
0.01040077
0.01054978
0.01058221
0.01042318
0.01048493
0.01050544
0.01046467
0.01052928
0.01052785
0.01059961
0.01065016
0.01074123
0.01064968
0.01056504
0.01054597
0.01048732
0.01057267
0.01051188
0.01052594
0.01066780
0.01064682
0.01055694
0.01047492
0.01056194
0.01062989
0.01063371
0.01065302
0.01059699
0.01078200
0.01111293
0.01063371
0.01056385
0.01061845
0.01062036
0.01063085
0.01059937
0.01058030
0.01053500
0.01058841
0.01056218
0.01055193
0.01058221
0.01049376
0.01044297
0.01060104
0.01048160
0.01047373
0.01053905
0.01056433
0.01053643
0.01043606
0.01047158
0.01049733
0.01050019
0.01055217
0.01048899
0.01048398
0.01057959
0.01053476
0.01059651
0.01049066
0.01052761
0.01050711
0.01057625
0.01058841
0.01069927
0.01051807
0.01051164
0.01054478
0.01065111
0.01068115
0.01058984
0.01060939
0.01058364
0.01060820
0.01072598
0.01066232
0.01065016
0.01051140
0.01053858
0.01059294
0.01050377
0.01063132
0.01057148
0.01056194
0.01058888
0.01067185
0.01063728
0.01069331
0.01066613
0.01060414
0.01067948
0.01063299
0.01068115
0.01061773
0.01063347
0.01059222
0.01063848
0.01050425
0.01060390
0.01061058
0.01064920
0.01054287
0.01058578
0.01058722
0.01055050
0.01055264
0.01060176
0.01060557
0.01053643
0.01061106
0.01057029
0.01062894
0.01065254
0.01065230
0.01064444
0.01072121
0.01067710
0.01062512
0.01075602
0.01065755
0.01061559
0.01067567
0.01059818
0.01057863
0.01069760
0.01052880
0.01054358
0.01061201
0.01064253
0.01062059
0.01070237
0.01071620
0.01060700
0.01061583
0.01062989
0.01068044
0.01062632
0.01070929
0.01049995
0.01052928
0.01089191
0.01063728
0.01065588
0.01065445
0.01054239
0.01052165
0.01061702
0.01064754
0.01061249
0.01067686
0.01057315
0.01058269
0.01055837
0.01064420
0.01056623
0.01062155
0.01070976
0.01061153
0.01066804
0.01069808
0.01068473
0.01062560
0.01070380
0.01066422
0.01059151
0.01063395
0.01056051
0.01060510
0.01058865
0.01051259
0.01058602
0.01059723
0.01064205
0.01056266
0.01056385
0.01059699
0.01063061
0.01065707
0.01056647
0.01060629
0.01054859
0.01048326
0.01067758
0.01066518
0.01065207
0.01059651
0.01062894
0.01069903
0.01063395
0.01067567
0.01065969
0.01057458
0.01055598
0.01058793
0.01060486
0.01053548
0.01064229
0.01060653
0.01048875
0.01060486
0.01067066
0.01056695
0.01066780
0.01066351
0.01061440
0.01056910
0.01059389
0.01053739
0.01053977
0.01046228
0.01052427
0.01054955
0.01052046
0.01052642
0.01047564
0.01045275
0.01050043
0.01043177
0.01054502
0.01046014
0.01041698
0.01052856
0.01051283
0.01048207
0.01049352
0.01051307
0.01048636
0.01046562
0.01054502
0.01042032
0.01053596
0.01046991
0.01054502
0.01060581
0.01054406
0.01048851
0.01054287
0.01054215
0.01056385
0.01065922
0.01055479
0.01056218
0.01057506
0.01049900
0.01053500
0.01061463
0.01070905
0.01061535
0.01057720
0.01063943
0.01059175
0.01060271
0.01059222
0.01043153
0.01047754
0.01058483
0.01061654
0.01046467
0.01050687
0.01054859
0.01051927
0.01055932
0.01056409
0.01049471
0.01058364
0.01057625
0.01048040
0.01061273
0.01045346
0.01050282
0.01056814
0.01058626
0.01055956
0.01065230
0.01092219
0.01058269
0.01061869
0.01061797
0.01065254
0.01060104
0.01048923
0.01053882
0.01052928
0.01059890
0.01067066
0.01064730
0.01056027
0.01055026
0.01051164
0.01061773
0.01070619
0.01056242
0.01055098
0.01057410
0.01051903
0.01061177
0.01058173
0.01052833
0.01068115
0.01057434
0.01052761
0.01058459
0.01059246
0.01050806
0.01050949
0.01060224
0.01052618
0.01065564
0.01058960
0.01062751
0.01063085
0.01064467
0.01059699
0.01063037
0.01056647
0.01068521
0.01069522
0.01068044
0.01067567
0.01064992
0.01073122
0.01064038
0.01067781
0.01074481
0.01065755
0.01059508
0.01071262
0.01055408
0.01055002
0.01055145
0.01063633
0.01057577
0.01064420
0.01066399
0.01057529
0.01066232
0.01065969
0.01061296
0.01071286
0.01070547
0.01063704
0.01061988
0.01072502
0.01061702
0.01061988
0.01066995
0.01063919
0.01063395
0.01067567
0.01061463
0.01062131
0.01074767
0.01073027
0.01068020
0.01063037
0.01063728
0.01066923
0.01065850
0.01066327
0.01055169
0.01051974
0.01061058
0.01055861
0.01057649
0.01070023
0.01047397
0.01052213
0.01061058
0.01047039
0.01049280
0.01062155
