0.00736237
0.01127744
0.01174092
0.01114678
0.01096296
0.01085353
0.01089239
0.01097941
0.01191878
0.01127338
0.01086903
0.01088643
0.01083064
0.01094532
0.01091027
0.01082468
0.01082134
0.01079297
0.01083469
0.01093054
0.01080489
0.01088834
0.01075125
0.01078010
0.01078129
0.01068735
0.01062989
0.01067591
0.01072383
0.01066732
0.01075292
0.01070452
0.01068783
0.01073241
0.01079249
0.01074266
0.01072288
0.01066542
0.01068211
0.01079893
0.01070833
0.01078486
0.01064539
0.01074076
0.01065683
0.01119614
0.01066041
0.01072431
0.01065731
0.01071382
0.01083493
0.01070094
0.01079273
0.01069903
0.01067567
0.01082397
0.01069880
0.01072240
0.01081610
0.01068711
0.01072574
0.01066971
0.01064444
0.01067805
0.01071048
0.01067328
0.01061082
0.01063395
0.01060462
0.01061034
0.01067972
0.01073766
0.01063919
0.01070476
0.01065826
0.01065755
0.01067591
0.01066613
0.01062751
0.01070905
0.01071286
0.01073575
0.01136208
0.01087618
0.01074958
0.01075983
0.01062393
0.01066208
0.01068521
0.01069283
0.01074672
0.01073146
0.01068044
0.01073813
0.01079607
0.01072907
0.01075768
0.01071644
0.01070404
0.01080418
0.01071668
0.01071525
0.01074934
0.01066875
0.01066685
0.01070428
0.01067686
0.01070285
0.01076770
0.01077104
0.01069808
0.01075268
0.01070547
0.01072240
0.01070976
0.01072502
0.01081276
0.01067996
0.01066828
0.01124787
0.01092076
0.01086855
0.01075435
0.01062512
0.01072264
0.01076579
0.01069593
0.01077390
0.01069927
0.01067686
0.01083040
0.01077008
0.01073074
0.01090741
0.01084805
0.01097035
0.01087499
0.01097369
0.01094437
0.01078296
0.01091409
0.01092744
0.01092505
0.01093769
0.01089287
0.01091886
0.01085901
0.01098108
0.01097322
0.01100254
0.01091242
0.01097584
0.01093006
0.01106310
0.01098442
0.01099753
0.01148629
0.01118803
0.01096344
0.01095963
0.01089978
0.01097083
0.01092553
0.01089096
0.01095438
0.01089907
0.01098204
0.01088762
0.01090312
0.01094437
0.01096249
0.01091909
0.01086664
0.01087785
0.01077104
0.01086807
0.01093698
0.01092196
0.01078105
0.01082706
0.01072216
0.01079750
0.01088834
0.01072717
0.01086688
0.01095700
0.01092362
0.01085711
0.01084042
0.01096511
0.01092029
0.01075697
0.01082611
0.01153731
0.01077843
0.01080298
0.01070094
0.01083493
0.01062441
0.01067686
0.01080823
0.01073742
0.01070952
0.01074743
0.01070404
0.01068783
0.01076150
0.01073813
0.01065564
0.01072550
0.01071715
0.01066113
0.01077604
0.01067805
0.01055670
0.01074076
0.01064563
0.01072049
0.01074648
0.01065350
0.01068449
0.01075220
0.01070285
0.01068974
0.01063824
0.01065540
0.01057696
0.01078296
0.01069927
0.01064992
0.01115084
0.01094151
0.01077676
0.01071429
0.01066732
0.01074481
0.01078033
0.01068592
0.01070499
0.01067400
0.01071692
0.01075411
0.01070213
0.01074672
0.01061106
0.01067710
0.01074171
0.01074886
0.01066732
0.01065183
0.01076102
0.01067424
