0.00431919
0.01057720
0.01242137
0.01124859
0.01052332
0.01044130
0.01055408
0.01025510
0.01035428
0.01052046
0.01039433
0.01052785
0.01047349
0.01052427
0.01054978
0.01045132
0.01051307
0.01052999
0.01048231
0.01050258
0.01063132
0.01049423
0.01041126
0.01047492
0.01036978
0.01038456
0.01047707
0.01044464
0.01042533
0.01049685
0.01045227
0.01045632
0.01046681
0.01097322
0.01063013
0.01045442
0.01044703
0.01038623
0.01041174
0.01048827
0.01048470
0.01048851
0.01051950
0.01059198
0.01046419
0.01051068
0.01049209
0.01049614
0.01055622
0.01066923
0.01042509
0.01052070
0.01047087
0.01044583
0.01053548
0.01051450
0.01048422
0.01044536
0.01050329
0.01053834
0.01054764
0.01049423
0.01058245
0.01051521
0.01041985
0.01067185
0.01050472
0.01054192
0.01054811
0.01059985
0.01053476
0.01055670
0.01054430
0.01046205
0.01043296
0.01051664
0.01052022
0.01053119
0.01049423
0.01110101
0.01076174
0.01049590
0.01049447
0.01051736
0.01046371
0.01047802
0.01051807
0.01049018
0.01050138
0.01056600
0.01049662
0.01049685
0.01057172
0.01047492
0.01052189
0.01048517
0.01056170
0.01051545
0.01053333
0.01050353
0.01051641
0.01054168
0.01048589
0.01052570
0.01055932
0.01050949
0.01058197
0.01058102
0.01052499
0.01055360
0.01052999
0.01054144
0.01054835
0.01053977
0.01049352
0.01040149
0.01041484
0.01045752
0.01053572
0.01039124
0.01047230
0.01051617
0.01041007
0.01055670
0.01062441
0.01135874
0.01073933
0.01083541
0.01049757
0.01059461
0.01064348
0.01047587
0.01083732
0.01058245
0.01060534
0.01056337
0.01054692
0.01058459
0.01055551
0.01054072
0.01047492
0.01056886
0.01055408
0.01053739
0.01058459
0.01056266
0.01053286
0.01059365
0.01048923
0.01050806
0.01045179
0.01054096
0.01051235
0.01047444
0.01042747
0.01045895
0.01058602
0.01046395
0.01054573
0.01066542
0.01051331
0.01059723
0.01060200
0.01049519
0.01053429
0.01057363
0.01053286
0.01053238
0.01050878
0.01044321
0.01058412
0.01118612
0.01050067
0.01052547
0.01057839
0.01059413
0.01047206
0.01057053
0.01058316
0.01063704
0.01055741
0.01055336
0.01060843
0.01058674
0.01055288
0.01061702
0.01048470
0.01036549
0.01059103
0.01046872
0.01057720
0.01049209
0.01042938
0.01052809
0.01050282
0.01050377
0.01059556
0.01057577
0.01042867
0.01051188
0.01052356
0.01054335
0.01052427
0.01056695
0.01062441
0.01046586
0.01039410
0.01037717
0.01048970
0.01050830
0.01048684
0.01051617
0.01040888
0.01042509
0.01044178
0.01041102
0.01070452
0.01105046
0.01049471
0.01059628
0.01050520
0.01050591
0.01058507
0.01059723
0.01047254
0.01056600
0.01060104
0.01044965
0.01057696
0.01060104
0.01056933
0.01049304
0.01058578
0.01052499
0.01045728
0.01051235
0.01048851
0.01064134
0.01052356
0.01047683
0.01061010
0.01056457
0.01048589
0.01058984
0.01040268
0.01052713
0.01050138
0.01051164
0.01046968
0.01050901
0.01042652
0.01050138
0.01048684
0.01043510
0.01046729
0.01054239
0.01043701
0.01045918
0.01045084
0.01039910
0.01047826
0.01044345
0.01101971
0.01081777
0.01043391
0.01043177
0.01061749
0.01036239
0.01050043
0.01056552
0.01044703
0.01055050
0.01057458
0.01049328
0.01054168
0.01053953
0.01052022
0.01058722
0.01046300
0.01053190
0.01053905
0.01043367
0.01046467
0.01047277
0.01055694
0.01044917
0.01047635
0.01052594
0.01053500
0.01058578
0.01049614
0.01055479
0.01052189
0.01051307
0.01055884
0.01058030
0.01058125
0.01064825
0.01057863
0.01048851
0.01054192
0.01059794
0.01049852
0.01052999
0.01046228
0.01044798
0.01053882
0.01051307
0.01110768
0.01067901
0.01053834
0.01042247
0.01055574
0.01056814
0.01057839
0.01053190
0.01051712
0.01054025
0.01050282
0.01048160
0.01046157
0.01059508
0.01045895
0.01039672
0.01057053
0.01049280
0.01053882
0.01050663
0.01048374
0.01050401
0.01054883
0.01044822
0.01055074
0.01047468
0.01045513
0.01049042
0.01045609
0.01041222
0.01048803
0.01054835
0.01028895
0.01053071
0.01044393
0.01042509
0.01050639
0.01039290
0.01049376
0.01043916
0.01039696
0.01046896
0.01039624
0.01036024
0.01050138
0.01044869
0.01099443
0.01068926
0.01039886
0.01043320
0.01048756
0.01051092
0.01052737
0.01049423
0.01052999
0.01054692
0.01059198
0.01046610
0.01056623
0.01051164
0.01047111
0.01050162
0.01051235
0.01034713
0.01050258
0.01057577
0.01046491
0.01041555
0.01055932
0.01044726
0.01038527
0.01046371
0.01050448
0.01049733
0.01046681
0.01044726
0.01057434
0.01039743
0.01052880
0.01056933
0.01064467
0.01053596
0.01056385
0.01046515
0.01055932
0.01050758
0.01045322
0.01053262
0.01050115
0.01044488
0.01053071
0.01049900
0.01104927
0.01068425
0.01085925
0.01052880
0.01044416
0.01058674
0.01052213
0.01064062
0.01052189
0.01055479
0.01057911
0.01061058
0.01058888
0.01061487
0.01046395
0.01045847
0.01050758
0.01047015
0.01052022
0.01050210
0.01048923
0.01051450
0.01045513
0.01041460
0.01062346
0.01058960
0.01040173
0.01051474
0.01054549
0.01046038
0.01048541
0.01062799
0.01052117
0.01045084
0.01054573
0.01048899
0.01056814
0.01042438
0.01041341
0.01050949
0.01046658
0.01053381
0.01048756
0.01044440
0.01045156
0.01043916
0.01146078
0.01079440
0.01049590
0.01042962
0.01053596
0.01047063
0.01049781
0.01055765
0.01055980
0.01050353
0.01055694
0.01057863
0.01046705
0.01055527
0.01053596
0.01043749
0.01045060
0.01047492
0.01047397
0.01053762
0.01041555
0.01046968
0.01049638
0.01038647
0.01050544
0.01054072
0.01045418
0.01053238
0.01050186
0.01044226
0.01042581
0.01049113
0.01054835
0.01054573
0.01061749
0.01048946
0.01044106
0.01047897
0.01043653
0.01046801
0.01056027
0.01040578
0.01053619
0.01060414
0.01058269
0.01050639
0.01155877
0.01067662
0.01058507
0.01052237
0.01060200
0.01056123
0.01049519
0.01057172
0.01060557
0.01048636
0.01058078
0.01055622
0.01046729
0.01055217
0.01053953
0.01040936
0.01053858
0.01045322
0.01039410
0.01052189
0.01055956
0.01041198
0.01045871
0.01052833
0.01053238
0.01041126
0.01049709
0.01050067
0.01045680
0.01037312
0.01051283
0.01052713
0.01039934
0.01044798
0.01055622
0.01032305
0.01045299
0.01050138
0.01042390
0.01039720
0.01052904
0.01048565
0.01038432
0.01063085
0.01046562
0.01046586
0.01115823
0.01049709
0.01059008
0.01046300
0.01043224
0.01065040
0.01055264
0.01045418
0.01052046
0.01052070
0.01064730
0.01053715
0.01054001
0.01060796
0.01067042
0.01051354
0.01051283
0.01058555
0.01051259
0.01054788
0.01054811
0.01048636
0.01049876
0.01052260
0.01038790
0.01046753
0.01052499
0.01043248
0.01051641
0.01035261
0.01045775
0.01046371
0.01042008
0.01057935
0.01070452
0.01059318
0.01054215
0.01063156
0.01048326
0.01057649
0.01059127
0.01052570
0.01055336
0.01059437
0.01050115
0.01064348
0.01112223
0.01053953
0.01062346
0.01060843
0.01050591
0.01057839
0.01063991
0.01053023
0.01064920
0.01060939
0.01047039
0.01061606
0.01058698
0.01054168
0.01057148
0.01046515
0.01050925
0.01046538
0.01039314
0.01046348
0.01056552
0.01037097
0.01047015
0.01064610
0.01047540
0.01048207
0.01059818
0.01054621
0.01055193
0.01053262
0.01052976
0.01048756
0.01051354
0.01051164
0.01056361
0.01057267
0.01057148
0.01057339
0.01059389
0.01046705
0.01051569
0.01055002
0.01049590
0.01052094
0.01052284
0.01105905
0.01084065
0.01050520
0.01050758
0.01054406
0.01051235
0.01048565
0.01058269
0.01047230
0.01049614
0.01057100
0.01046014
0.01062608
0.01056790
0.01055360
0.01055884
0.01051617
0.01047611
0.01060724
0.01064730
0.01053548
0.01054645
0.01054406
0.01061773
0.01050997
0.01054096
0.01045656
0.01049376
0.01051116
0.01046538
0.01059484
0.01044583
0.01049304
0.01053548
0.01055217
0.01055908
0.01055956
0.01045418
0.01051950
0.01048374
0.01043010
0.01054263
0.01043868
0.01045728
0.01054740
0.01050162
0.01122355
0.01073933
0.01052594
0.01086020
0.01044750
0.01056218
0.01047945
0.01061606
0.01057768
0.01060843
0.01065278
0.01069665
0.01052666
0.01069856
0.01064014
0.01066828
0.01059318
0.01053071
0.01051974
0.01056814
0.01072931
0.01044774
0.01060104
0.01046109
0.01058865
0.01072931
0.01059270
0.01056099
0.01058650
0.01054955
0.01060343
0.01056862
0.01062536
0.01055789
0.01058435
0.01051044
0.01055384
0.01051664
0.01052547
0.01051354
0.01056623
0.01059127
0.01045609
0.01054788
0.01057410
0.01069713
0.01121020
0.01059461
0.01059747
0.01059175
0.01049590
0.01052547
0.01062560
0.01053095
0.01064062
0.01046681
0.01051521
0.01066995
0.01045775
0.01049280
0.01054907
0.01065588
0.01050568
0.01052761
0.01053429
0.01050830
0.01045179
0.01048565
0.01055264
0.01047134
0.01058173
0.01058006
0.01058364
0.01055837
0.01058221
0.01060891
0.01062655
0.01067686
0.01047444
0.01058793
0.01062751
0.01061535
0.01058125
0.01057816
0.01082110
0.01046920
0.01062489
0.01052189
0.01059461
0.01073003
0.01057768
0.01118803
0.01110029
0.01062870
0.01059651
0.01075196
0.01060939
0.01060462
0.01066804
0.01061058
0.01063991
0.01071858
0.01053905
0.01060796
0.01075244
0.01061869
0.01059842
0.01071358
0.01058698
0.01056862
0.01070976
0.01063800
0.01066089
0.01073122
0.01056600
0.01058960
0.01067519
0.01060843
0.01060867
0.01061392
0.01053071
0.01061130
0.01049733
0.01058054
0.01060796
0.01062775
0.01047421
0.01067162
0.01067567
0.01056933
0.01054025
0.01062012
0.01055932
0.01046324
0.01068449
0.01057291
0.01069665
0.01118112
0.01051950
0.01057267
0.01065850
0.01055264
0.01059079
0.01098108
0.01065493
0.01068497
0.01064634
0.01068449
0.01068187
0.01065421
0.01062775
0.01064277
0.01087809
0.01073599
0.01065850
0.01055622
0.01070285
0.01066637
0.01056528
0.01062655
0.01072931
0.01063108
0.01065564
0.01063275
0.01064944
0.01067781
0.01073265
0.01066589
0.01061320
0.01060724
0.01064014
0.01070690
0.01073432
0.01063704
0.01072812
0.01066184
0.01074696
0.01064658
0.01072431
0.01051426
0.01066113
0.01060462
0.01165438
0.01079130
0.01063704
0.01053596
0.01046109
0.01067281
0.01061583
0.01062846
0.01069665
0.01061416
0.01065278
0.01070094
0.01057863
0.01077032
0.01067734
0.01053739
0.01060605
0.01057982
0.01059222
0.01055598
0.01063156
0.01057243
0.01060700
0.01073194
0.01045179
0.01071143
0.01061893
0.01065230
0.01061845
0.01070118
0.01048970
0.01066685
0.01080680
0.01060057
0.01065755
0.01071405
0.01067376
0.01065087
0.01063776
0.01055193
0.01067638
0.01065755
0.01067901
0.01071334
0.01070237
0.01129723
0.01100016
0.01074719
0.01067114
0.01074147
0.01074004
0.01073384
0.01075172
0.01071191
0.01077580
0.01080751
0.01082587
0.01068211
0.01066899
0.01076102
0.01069641
0.01069951
0.01065564
0.01066756
0.01069427
0.01069355
0.01062775
0.01070404
0.01071024
0.01076245
0.01070714
0.01072979
0.01065135
0.01068282
0.01077199
0.01078343
0.01078916
0.01072073
0.01084948
0.01083994
0.01086926
0.01072979
0.01081038
0.01090121
0.01066875
0.01078415
0.01081872
0.01075912
0.01074147
0.01073050
0.01136780
0.01103067
0.01087689
0.01081109
0.01076031
0.01079130
0.01079917
0.01086926
0.01090121
0.01074433
0.01081586
0.01093459
0.01078296
0.01099396
0.01090765
0.01071143
0.01088476
0.01076651
0.01083136
0.01078725
0.01072145
0.01075864
0.01081872
0.01090980
0.01060677
0.01081800
0.01082516
0.01079583
0.01081443
0.01074767
0.01074147
0.01089931
0.01090908
0.01082611
0.01083040
0.01089406
0.01083755
0.01082730
0.01088214
0.01072073
0.01076293
0.01093340
0.01089358
0.01090693
0.01093578
0.01149130
0.01100707
0.01100516
0.01099563
0.01095057
0.01100397
0.01084757
0.01086187
0.01087976
0.01100469
0.01079798
0.01089811
0.01089501
0.01086688
0.01095295
0.01091099
0.01078129
0.01082349
0.01091433
0.01086974
0.01093507
0.01093149
0.01084661
0.01093507
0.01103926
0.01091361
0.01087928
0.01096821
0.01094580
0.01091743
0.01097155
0.01093817
0.01084805
0.01106906
0.01097202
0.01082921
0.01092339
0.01090217
0.01084709
0.01087236
0.01078939
0.01079583
0.01086092
0.01088834
0.01166630
0.01103592
0.01090884
0.01087737
0.01090431
0.01091218
0.01090741
0.01076531
0.01089144
0.01087332
0.01088142
0.01094174
0.01080084
0.01080346
0.01090002
0.01095676
0.01124787
0.01102686
0.01099896
0.01095247
0.01098800
0.01090622
0.01086760
0.01089597
0.01088738
0.01068401
0.01090097
0.01089406
0.01084161
0.01077628
0.01076484
0.01081395
0.01086664
0.01091146
0.01077175
0.01082945
0.01089001
0.01076031
0.01091409
0.01077294
0.01076484
0.01089954
0.01081038
0.01075864
0.01122427
0.01110196
0.01075101
0.01077437
0.01086640
0.01079249
0.01083946
0.01097035
0.01090455
0.01080012
0.01094985
0.01080132
0.01071811
0.01081824
0.01087284
0.01082826
0.01070523
0.01082873
0.01072550
0.01071429
0.01084542
0.01062870
0.01077485
0.01074934
0.01077700
0.01066923
0.01075602
0.01072359
0.01080394
0.01084948
0.01067019
0.01070094
0.01079416
0.01071262
0.01073766
0.01076913
0.01070333
0.01071501
0.01077390
0.01065159
0.01067901
0.01078606
0.01073790
0.01069379
0.01083899
0.01136422
0.01092958
0.01098537
0.01069188
0.01065993
0.01068759
0.01071119
0.01076770
0.01073289
0.01069069
0.01080799
0.01075554
0.01073432
0.01068616
0.01071548
0.01089239
0.01069665
0.01065731
0.01054549
0.01069140
0.01070929
0.01052141
0.01063967
0.01070499
0.01063061
0.01047993
0.01073503
0.01065660
0.01065969
0.01064658
0.01057982
0.01064277
0.01064229
0.01064372
0.01067853
0.01064277
0.01068544
0.01066089
0.01053476
0.01066136
0.01066375
0.01054382
0.01053905
0.01059103
0.01064086
0.01068473
0.01113033
0.01051950
0.01060629
0.01052403
0.01046562
0.01053667
0.01058412
0.01044059
0.01052403
0.01061153
0.01046395
0.01045465
0.01062369
0.01049376
0.01049495
0.01074338
0.01049733
0.01048326
0.01046443
0.01041579
0.01051021
0.01034069
0.01041532
0.01044106
0.01043916
0.01050425
0.01055598
0.01052785
0.01048303
0.01061273
0.01053262
0.01061487
0.01054573
0.01050735
0.01057887
0.01055145
0.01036429
0.01044416
0.01057386
0.01036477
0.01046348
0.01055145
0.01058793
0.01049757
0.01052737
0.01093292
0.01090002
0.01047373
0.01050019
0.01049280
0.01046944
0.01042223
0.01057887
0.01049805
0.01048565
0.01054382
0.01045465
0.01046467
0.01046443
0.01042795
0.01045752
0.01041913
0.01039219
0.01051664
0.01040006
0.01040196
0.01044583
0.01033235
0.01037383
0.01035404
0.01035285
0.01049137
0.01043344
0.01043272
0.01039362
0.01041293
0.01045179
0.01045442
0.01043463
0.01042247
0.01046681
0.01047945
0.01042771
0.01048231
0.01038098
0.01043510
0.01047611
0.01036334
0.01043892
0.01049662
0.01030803
0.01069808
0.01102352
0.01046157
0.01046205
0.01044202
0.01034951
0.01050329
0.01048684
0.01036835
0.01048183
0.01050544
0.01050401
0.01051307
0.01059461
0.01049995
0.01053166
0.01039815
0.01036978
0.01045203
0.01041603
0.01048255
0.01037741
0.01035690
0.01048827
0.01041484
0.01041484
0.01042247
0.01041389
0.01041770
0.01041603
0.01041007
0.01037169
0.01047564
0.01039219
0.01035738
0.01048636
0.01047659
0.01047945
0.01046371
0.01035953
0.01035571
0.01028252
0.01034856
0.01033640
0.01032567
0.01038980
0.01041126
0.01130676
0.01032996
0.01036310
0.01056099
0.01038432
0.01032209
0.01047397
0.01046801
0.01043892
0.01041603
0.01041484
0.01054382
0.01039624
0.01047778
0.01040363
0.01041198
0.01041245
0.01046729
0.01036716
0.01042223
0.01024914
0.01037169
0.01039696
0.01032209
0.01037526
0.01039553
0.01028132
0.01028752
0.01041842
0.01029992
0.01030016
0.01052332
0.01030540
0.01025963
0.01034379
0.01034307
0.01034880
0.01040220
0.01042819
0.01042867
0.01038814
