69.000,48.000,26.000,39.000
68.873,47.618,26.000,39.000
69.764,48.764,26.000,39.000
69.382,48.382,26.000,39.000
71.037,48.764,26.000,39.000
70.146,48.891,26.000,39.000
71.037,49.018,26.000,39.000
70.400,47.873,26.000,39.000
71.546,49.273,26.000,39.000
70.400,48.382,26.000,39.000
71.801,49.273,26.000,39.000
70.910,48.637,26.000,39.000
72.055,49.528,26.000,39.000
72.692,49.146,26.000,39.000
73.329,48.764,26.000,39.000
74.984,49.910,26.000,39.000
76.384,50.037,26.000,39.000
76.766,48.891,26.000,39.000
77.912,50.292,26.000,39.000
79.821,49.400,26.000,39.000
81.986,50.546,26.000,39.000
84.914,51.183,26.000,39.000
88.606,51.819,26.000,39.000
88.733,52.456,26.000,39.000
92.680,53.347,26.000,39.000
97.136,54.493,26.000,39.000
101.846,55.384,26.000,39.000
107.066,55.766,26.000,39.000
112.795,57.166,26.000,39.000
112.413,56.275,26.000,39.000
117.888,57.421,26.000,39.000
122.487,58.178,26.575,39.863
125.480,56.487,26.575,39.863
128.213,56.096,26.575,39.863
130.425,55.185,26.575,39.863
130.295,55.836,26.575,39.863
132.507,56.487,26.575,39.863
134.719,55.055,26.575,39.863
136.151,56.226,26.575,39.863
138.102,55.316,26.575,39.863
140.016,56.869,26.009,39.013
139.125,56.742,26.009,39.013
140.526,57.379,26.009,39.013
139.634,56.997,26.009,39.013
140.536,57.754,26.584,39.876
140.145,56.843,26.584,39.876
139.494,56.713,26.584,39.876
140.406,56.843,26.584,39.876
139.755,56.713,26.584,39.876
139.104,56.843,26.584,39.876
140.275,57.494,26.584,39.876
139.885,56.323,26.584,39.876
139.755,57.234,26.584,39.876
139.625,56.583,26.584,39.876
141.056,57.754,26.584,39.876
140.406,57.885,26.584,39.876
141.056,57.494,26.584,39.876
140.406,57.624,26.584,39.876
141.056,57.234,26.584,39.876
140.406,56.843,26.584,39.876
141.577,57.754,26.584,39.876
141.447,57.885,26.584,39.876
141.056,58.275,26.584,39.876
140.406,57.104,26.584,39.876
141.837,57.754,26.584,39.876
140.926,58.405,26.584,39.876
140.536,56.973,26.584,39.876
142.228,58.666,26.584,39.876
141.577,57.754,26.584,39.876
142.228,58.405,26.584,39.876
141.577,57.494,26.584,39.876
142.488,58.145,26.584,39.876
141.837,57.234,26.584,39.876
141.707,58.145,26.584,39.876
143.139,58.015,26.584,39.876
142.488,59.186,26.584,39.876
142.879,57.494,26.584,39.876
141.968,58.666,26.584,39.876
143.139,59.056,26.584,39.876
142.749,59.186,26.584,39.876
142.098,57.754,26.584,39.876
143.009,59.186,26.584,39.876
141.837,57.754,26.584,39.876
141.968,59.186,26.584,39.876
141.056,57.494,26.584,39.876
141.187,58.405,26.584,39.876
140.015,56.713,26.584,39.876
138.323,57.885,26.584,39.876
136.110,56.973,26.584,39.876
135.459,57.885,26.584,39.876
134.027,56.973,26.584,39.876
131.814,57.624,26.584,39.876
129.601,56.973,26.584,39.876
128.170,57.364,26.584,39.876
125.957,56.973,26.584,39.876
125.306,57.624,26.584,39.876
122.833,57.494,26.584,39.876
118.622,57.188,27.172,40.758
114.870,54.943,27.773,41.660
111.198,54.535,27.773,41.660
105.079,54.943,27.773,41.660
105.487,55.351,27.773,41.660
99.095,53.855,27.773,41.660
96.511,55.079,27.773,41.660
91.207,53.855,27.773,41.660
86.916,53.119,27.181,40.772
82.524,51.921,27.181,40.772
83.189,53.651,27.181,40.772
80.128,52.187,27.181,40.772
77.865,53.119,27.181,40.772
76.135,52.454,27.181,40.772
74.405,53.918,27.181,40.772
72.408,52.454,27.181,40.772
72.009,52.321,27.181,40.772
70.013,51.655,27.181,40.772
68.549,51.788,27.181,40.772
69.214,52.986,27.181,40.772
67.750,51.522,27.181,40.772
69.214,51.921,27.181,40.772
68.016,50.723,27.181,40.772
69.746,51.921,27.181,40.772
70.944,50.990,27.181,40.772
70.013,52.187,27.181,40.772
70.944,50.990,27.181,40.772
70.545,52.454,27.181,40.772
72.009,52.853,27.181,40.772
71.077,51.921,27.181,40.772
72.296,52.713,27.782,41.674
71.071,51.489,27.782,41.674
72.840,52.441,27.782,41.674
71.888,51.217,27.782,41.674
73.384,52.985,27.782,41.674
72.432,53.393,27.782,41.674
72.840,52.169,27.782,41.674
