302.000,135.000,67.000,81.000
299.963,138.783,67.000,81.000
296.762,143.148,67.000,81.000
297.530,146.781,68.482,82.792
299.612,150.053,68.482,82.792
301.695,150.351,68.482,82.792
304.372,147.079,68.482,82.792
306.454,144.996,68.482,82.792
307.346,147.079,68.482,82.792
308.833,151.540,68.482,82.792
308.384,153.402,69.998,84.624
312.337,150.058,69.998,84.624
317.505,146.105,69.998,84.624
324.498,140.329,69.998,84.624
330.275,135.768,69.998,84.624
333.011,133.032,69.998,84.624
333.923,133.336,69.998,84.624
334.227,131.816,69.998,84.624
336.963,132.120,69.998,84.624
339.700,126.951,69.998,84.624
344.260,121.175,69.998,84.624
348.213,116.006,69.998,84.624
352.773,112.662,69.998,84.624
357.361,114.564,71.546,86.496
362.022,118.604,71.546,86.496
373.160,128.932,73.129,88.410
376.635,130.920,74.747,90.366
372.777,127.562,76.401,92.365
364.481,115.284,76.401,92.365
352.866,99.687,76.401,92.365
345.480,92.124,78.091,94.409
339.035,86.358,78.091,94.409
337.339,83.983,78.091,94.409
337.000,89.750,78.091,94.409
335.080,101.726,79.819,96.498
328.083,95.263,81.585,98.633
412.107,50.421,83.390,100.815
417.540,56.579,83.390,100.815
422.973,61.287,83.390,100.815
416.816,56.579,83.390,100.815
412.107,41.728,83.390,100.815
358.864,95.697,83.390,100.815
355.604,89.539,83.390,100.815
358.864,90.626,83.390,100.815
359.226,95.334,83.390,100.815
358.864,100.043,83.390,100.815
356.328,114.893,83.390,100.815
356.533,129.937,85.235,103.046
375.414,143.635,85.235,103.046
379.464,149.793,87.121,105.325
376.381,154.198,85.263,103.079
373.364,136.379,83.445,100.881
366.478,118.619,83.445,100.881
362.491,114.633,83.445,100.881
357.779,117.170,83.445,100.881
353.472,120.942,85.291,103.113
343.688,128.641,87.178,105.395
331.192,146.438,87.178,105.395
314.153,168.022,87.178,105.395
296.296,178.249,89.107,107.726
298.121,186.292,91.078,110.110
318.296,168.491,91.078,110.110
310.780,149.897,91.078,110.110
311.967,132.887,91.078,110.110
313.319,126.816,89.136,107.762
308.286,125.655,89.136,107.762
306.624,127.923,87.235,105.464
300.183,134.365,87.235,105.464
279.343,130.955,87.235,105.464
272.902,136.638,87.235,105.464
273.902,154.734,89.165,107.797
268.496,167.605,91.138,110.182
258.600,171.167,91.138,110.182
256.620,166.813,91.138,110.182
262.558,156.125,91.138,110.182
263.911,143.183,89.195,107.832
264.299,136.596,89.195,107.832
291.805,111.415,89.195,107.832
294.436,107.408,91.168,110.218
266.783,124.995,89.224,107.868
257.094,140.109,89.224,107.868
248.956,145.147,89.224,107.868
243.143,150.960,89.224,107.868
245.855,165.300,89.224,107.868
241.593,181.189,89.224,107.868
239.929,178.977,87.321,105.567
237.274,175.564,87.321,105.567
236.136,168.357,87.321,105.567
232.315,174.235,85.459,103.316
228.232,178.318,85.459,103.316
223.407,176.462,85.459,103.316
218.951,182.215,83.637,101.113
220.664,179.212,85.487,103.350
218.808,166.216,85.487,103.350
224.372,161.234,83.664,101.146
220.010,148.653,81.880,98.989
223.922,144.740,81.880,98.989
229.289,146.966,83.691,101.179
295.872,116.807,85.543,103.418
301.445,113.463,85.543,103.418
306.275,113.834,85.543,103.418
314.195,103.053,87.436,105.706
308.106,93.610,89.370,108.045
314.705,79.247,89.370,108.045
315.869,65.661,89.370,108.045
317.810,46.640,89.370,108.045
322.862,5.574,91.348,110.435
293.625,59.144,89.400,108.080
304.886,47.883,89.400,108.080
316.146,48.271,89.400,108.080
331.290,125.544,89.400,108.080
326.629,131.562,87.493,105.775
320.929,147.143,87.493,105.775
320.549,155.883,87.493,105.775
315.255,155.180,85.627,103.520
308.189,173.404,85.627,103.520
311.536,167.825,85.627,103.520
306.701,148.113,85.627,103.520
307.073,164.850,85.627,103.520
297.251,158.688,87.522,105.810
280.904,89.121,87.522,105.810
332.985,157.168,87.522,105.810
324.241,155.267,87.522,105.810
328.400,172.633,89.458,108.151
322.238,171.914,87.551,105.845
319.576,158.604,87.551,105.845
329.083,160.506,87.551,105.845
326.421,155.562,87.551,105.845
309.309,54.790,87.551,105.845
316.474,51.887,85.683,103.587
293.354,3.848,83.856,101.378
245.640,2.755,83.856,101.378
249.646,4.576,83.856,101.378
234.713,19.509,83.856,101.378
240.209,20.277,85.712,103.621
246.538,10.970,85.712,103.621
241.699,12.832,85.712,103.621
234.625,17.671,85.712,103.621
237.976,21.767,85.712,103.621
230.636,25.383,83.884,101.412
234.644,34.492,83.884,101.412
240.109,31.941,83.884,101.412
241.931,38.135,83.884,101.412
306.421,77.849,83.884,101.412
306.261,73.663,82.095,99.249
302.339,71.167,82.095,99.249
301.801,80.057,83.911,101.445
299.738,84.607,85.768,103.689
304.581,79.764,85.768,103.689
277.129,123.599,83.939,101.478
274.159,132.763,82.149,99.314
268.438,137.958,83.966,101.511
262.238,132.487,83.966,101.511
258.226,137.958,83.966,101.511
273.568,90.294,85.824,103.757
267.230,92.158,85.824,103.757
263.875,85.820,85.824,103.757
329.834,105.170,87.723,106.053
334.788,87.262,87.723,106.053
338.166,67.510,89.664,108.399
334.242,61.533,87.752,106.088
336.147,57.341,87.752,106.088
341.108,47.072,89.693,108.435
346.173,50.578,89.693,108.435
352.796,46.293,89.693,108.435
357.081,36.553,89.693,108.435
361.366,32.268,89.693,108.435
367.989,27.983,89.693,108.435
381.625,79.797,89.693,108.435
389.027,70.836,89.693,108.435
397.987,64.214,89.693,108.435
406.168,66.941,89.693,108.435
404.999,61.097,89.693,108.435
423.604,70.139,87.780,106.123
418.282,63.822,89.723,108.471
417.694,69.496,91.708,110.870
420.482,61.927,91.708,110.870
423.187,47.063,93.737,113.323
426.851,43.399,93.737,113.323
429.701,84.520,93.737,113.323
423.594,105.285,93.737,113.323
487.774,110.025,91.738,110.907
520.846,95.282,91.738,110.907
528.353,100.689,89.781,108.542
526.404,102.639,89.781,108.542
534.593,120.187,89.781,108.542
528.743,124.477,89.781,108.542
529.133,122.527,89.781,108.542
475.708,102.639,89.781,108.542
481.552,109.434,87.867,106.227
497.606,76.186,89.811,108.577
477.712,82.818,89.811,108.577
484.309,56.528,87.896,106.262
486.981,50.038,87.896,106.262
481.652,41.337,89.840,108.613
486.731,54.305,91.828,111.016
495.107,58.693,91.828,111.016
490.720,62.282,91.828,111.016
483.939,69.860,91.828,111.016
479.152,86.037,89.870,108.648
463.983,115.209,91.858,111.052
463.584,86.083,91.858,111.052
455.531,69.539,93.891,113.509
454.567,63.281,91.888,111.089
449.378,58.092,91.888,111.089
451.374,62.483,91.888,111.089
448.580,68.469,91.888,111.089
442.180,72.623,93.921,113.547
437.284,108.829,91.918,111.125
430.882,117.126,93.952,113.584
420.680,119.167,93.952,113.584
413.422,125.491,91.949,111.162
407.431,117.104,91.949,111.162
401.441,111.912,91.949,111.162
508.074,193.784,91.949,111.162
500.486,182.203,91.949,111.162
494.082,176.415,93.983,113.621
497.838,179.594,91.979,111.198
499.037,178.395,91.979,111.198
504.237,172.606,94.014,113.658
396.025,125.646,94.014,113.658
387.450,119.521,94.014,113.658
382.549,118.765,92.009,111.234
382.149,111.971,92.009,111.234
386.521,107.009,94.045,113.696
390.198,106.600,94.045,113.696
387.338,111.094,94.045,113.696
377.398,117.888,96.125,116.211
374.476,124.151,96.125,116.211
374.712,118.100,98.252,118.782
375.138,115.113,98.252,118.782
368.737,112.979,98.252,118.782
366.603,108.285,98.252,118.782
362.763,104.444,98.252,118.782
367.457,101.457,98.252,118.782
368.737,98.470,98.252,118.782
398.183,108.285,98.252,118.782
373.005,101.030,98.252,118.782
387.414,107.243,100.426,121.410
390.376,102.732,102.648,124.097
390.182,101.047,100.459,121.450
396.727,103.229,100.459,121.450
405.017,102.792,100.459,121.450
406.326,98.865,100.459,121.450
398.036,96.684,100.459,121.450
396.727,97.120,100.459,121.450
402.399,90.575,100.459,121.450
403.708,87.520,100.459,121.450
410.253,90.575,100.459,121.450
406.879,82.441,102.681,124.137
404.649,79.319,102.681,124.137
410.446,82.441,102.681,124.137
403.757,73.967,102.681,124.137
412.159,81.739,100.492,121.490
405.160,72.696,102.715,124.178
391.527,60.676,104.988,126.925
382.862,52.012,104.988,126.925
377.443,40.673,107.311,129.734
375.113,30.885,107.311,129.734
380.300,25.529,105.022,126.967
374.370,29.635,105.022,126.967
370.265,38.302,105.022,126.967
374.462,45.371,102.783,124.259
373.406,53.151,100.591,121.609
380.834,45.723,100.591,121.609
389.066,39.019,98.446,119.016
399.594,20.093,96.346,116.478
414.241,9.631,96.346,116.478
411.004,4.435,98.478,119.055
409.721,6.573,98.478,119.055
406.413,6.588,100.657,121.689
411.222,1.779,100.657,121.689
416.031,-0.407,100.657,121.689
419.966,1.779,100.657,121.689
424.775,1.341,100.657,121.689
432.208,1.779,100.657,121.689
434.394,3.090,100.657,121.689
438.328,5.276,100.657,121.689
437.891,8.336,100.657,121.689
438.543,37.868,98.510,119.094
437.259,45.997,98.510,119.094
441.110,49.848,98.510,119.094
444.105,45.141,98.510,119.094
447.956,38.723,98.510,119.094
455.230,36.584,98.510,119.094
471.062,19.041,98.510,119.094
476.631,9.289,100.690,121.729
482.341,0.892,98.542,119.133
487.912,0.018,100.723,121.769
493.599,-4.794,100.723,121.769
492.287,-1.732,100.723,121.769
481.641,17.346,102.951,124.463
484.771,25.842,102.951,124.463
506.126,4.326,100.756,121.809
509.189,3.013,100.756,121.809
507.001,5.201,100.756,121.809
512.690,6.514,100.756,121.809
517.504,0.825,100.756,121.809
510.487,7.196,102.985,124.504
516.302,13.011,102.985,124.504
520.328,4.512,102.985,124.504
514.513,0.487,102.985,124.504
522.117,-1.750,102.985,124.504
530.545,-4.303,100.789,121.849
536.236,-2.989,100.789,121.849
531.033,-5.700,103.019,124.545
486.735,-1.673,103.019,124.545
494.416,-6.300,105.298,127.300
442.734,12.451,105.298,127.300
435.401,5.824,107.628,130.117
437.738,1.616,107.628,130.117
439.942,-4.188,110.009,132.996
447.103,1.375,107.663,130.160
452.247,7.454,107.663,130.160
455.520,4.181,107.663,130.160
459.666,-2.596,110.045,133.039
464.923,-6.898,110.045,133.039
500.772,4.096,110.045,133.039
518.070,28.088,107.698,130.202
523.215,33.234,107.698,130.202
519.941,30.895,107.698,130.202
525.086,32.298,107.698,130.202
527.425,29.960,107.698,130.202
528.123,27.290,105.402,127.426
521.732,4.506,107.734,130.245
521.264,-7.192,107.734,130.245
525.476,-9.532,107.734,130.245
528.751,-11.871,107.734,130.245
526.411,-9.532,107.734,130.245
532.521,-13.104,105.436,127.467
535.727,-10.814,105.436,127.467
540.824,-12.545,103.188,124.749
544.084,-10.783,100.987,122.089
521.908,48.440,98.834,119.485
513.752,45.435,98.834,119.485
517.702,48.778,96.726,116.937
515.899,48.810,94.663,114.443
509.731,53.332,94.663,114.443
505.208,56.211,94.663,114.443
508.992,53.864,92.644,112.003
511.143,53.895,90.669,109.614
514.008,52.407,88.735,107.277
507.896,59.123,86.843,104.989
505.550,55.516,84.991,102.750
502.966,50.717,84.991,102.750
503.335,45.179,84.991,102.750
500.327,39.515,83.179,100.559
494.185,36.986,83.179,100.559
490.934,32.289,83.179,100.559
485.515,25.425,83.179,100.559
489.489,18.560,83.179,100.559
477.491,5.355,81.405,98.415
468.652,0.759,81.405,98.415
471.224,5.557,79.669,96.316
474.338,10.055,79.669,96.316
475.252,10.785,81.431,98.447
470.314,3.458,83.233,100.625
508.997,7.434,83.233,100.625
537.412,-4.386,81.458,98.479
544.135,-10.400,81.458,98.479
551.483,-13.784,79.721,96.379
549.059,-8.590,79.721,96.379
542.788,-6.423,81.485,98.511
546.681,-5.361,81.485,98.511
550.620,-3.287,79.747,96.411
554.431,-7.097,79.747,96.411
547.157,-9.522,79.747,96.411
549.581,-7.790,79.747,96.411
547.621,-11.372,81.512,98.544
546.784,-10.663,79.773,96.442
553.980,-4.625,78.072,94.386
552.524,33.969,76.407,92.373
541.504,59.585,74.778,90.403
538.581,57.311,74.778,90.403
537.187,46.066,73.183,88.475
534.326,25.404,73.183,88.475
469.234,-6.435,71.622,86.588
468.301,-1.768,71.622,86.588
468.477,-6.277,73.207,88.504
465.886,-5.027,71.646,86.617
470.554,-1.603,71.646,86.617
474.605,-2.239,73.231,88.533
472.378,-3.829,73.231,88.533
469.173,-6.871,71.669,86.645
464.828,-2.339,73.255,88.562
460.692,-3.930,73.255,88.562
455.590,-5.239,74.876,90.522
454.614,-6.866,74.876,90.522
450.749,-6.180,76.533,92.524
444.433,-3.188,76.533,92.524
439.103,-3.177,78.226,94.571
431.288,-2.158,78.226,94.571
