70.000,51.000,107.000,87.000
68.093,49.856,107.000,87.000
68.474,48.712,107.000,87.000
70.381,50.619,107.000,87.000
67.712,53.288,107.000,87.000
65.042,51.381,107.000,87.000
65.423,53.288,107.000,87.000
65.805,54.432,107.000,87.000
65.423,51.000,107.000,87.000
67.330,52.144,107.000,87.000
66.186,53.288,107.000,87.000
65.805,49.093,107.000,87.000
66.186,50.237,107.000,87.000
66.568,50.619,107.000,87.000
64.661,50.237,107.000,87.000
65.042,50.619,107.000,87.000
63.463,48.469,109.367,88.925
63.852,49.639,109.367,88.925
61.124,50.808,109.367,88.925
62.293,48.859,109.367,88.925
61.903,50.028,109.367,88.925
59.175,50.418,109.367,88.925
59.564,50.028,109.367,88.925
59.175,51.978,109.367,88.925
59.214,49.544,107.035,87.029
60.358,52.215,107.035,87.029
61.867,49.098,104.753,85.173
60.747,51.711,104.753,85.173
59.627,49.844,104.753,85.173
62.240,52.458,104.753,85.173
59.627,53.578,104.753,85.173
60.747,48.724,104.753,85.173
61.120,51.338,104.753,85.173
60.747,52.458,104.753,85.173
60.065,48.688,102.519,83.356
60.430,51.977,102.519,83.356
60.065,50.150,102.519,83.356
61.161,54.169,102.519,83.356
60.065,55.265,102.519,83.356
61.161,51.246,102.519,83.356
60.065,50.880,102.519,83.356
60.430,49.784,102.519,83.356
61.526,49.419,102.519,83.356
63.353,48.322,102.519,83.356
62.257,51.611,102.519,83.356
64.084,50.515,102.519,83.356
61.526,51.611,102.519,83.356
63.353,54.169,102.519,83.356
61.526,54.534,102.519,83.356
63.353,50.515,102.519,83.356
65.180,53.804,102.519,83.356
64.084,49.784,102.519,83.356
63.719,51.611,102.519,83.356
66.573,53.557,100.332,81.579
66.930,56.060,100.332,81.579
64.427,57.133,100.332,81.579
67.220,54.900,98.193,79.839
68.270,57.350,98.193,79.839
69.655,59.888,96.099,78.136
68.236,55.115,98.225,79.865
69.287,53.364,98.225,79.865
68.236,56.515,98.225,79.865
69.287,55.465,98.225,79.865
70.743,54.218,100.398,81.632
69.399,56.813,98.257,79.891
69.048,55.062,98.257,79.891
70.099,51.910,98.257,79.891
68.649,54.296,100.431,81.659
70.065,56.892,98.289,79.918
70.775,54.030,96.193,78.213
69.061,57.116,96.193,78.213
72.400,56.958,94.142,76.545
72.735,57.294,94.142,76.545
71.729,56.287,94.142,76.545
71.393,55.281,94.142,76.545
71.057,53.603,94.142,76.545
71.738,58.624,92.134,74.913
73.037,61.005,90.170,73.315
70.787,59.398,90.170,73.315
72.394,61.648,90.170,73.315
70.787,60.684,90.170,73.315
72.394,62.933,90.170,73.315
69.729,59.121,92.165,74.938
71.662,62.770,90.199,73.340
69.411,61.162,90.199,73.340
71.019,63.413,90.199,73.340
68.768,61.805,90.199,73.340
71.019,64.699,90.199,73.340
70.054,63.734,90.199,73.340
70.376,63.413,90.199,73.340
71.340,65.020,90.199,73.340
71.019,63.413,90.199,73.340
71.051,65.744,88.276,71.776
69.478,64.171,88.276,71.776
70.422,62.598,88.276,71.776
70.107,63.542,88.276,71.776
70.422,63.227,88.276,71.776
70.736,61.654,88.276,71.776
71.051,63.227,88.276,71.776
71.366,62.283,88.276,71.776
72.939,61.969,88.276,71.776
72.970,64.250,86.393,70.245
73.894,60.863,86.393,70.245
76.050,61.787,86.393,70.245
75.742,60.247,86.393,70.245
76.050,61.787,86.393,70.245
76.358,58.400,86.393,70.245
75.434,59.323,86.393,70.245
76.358,60.863,86.393,70.245
77.281,60.555,86.393,70.245
78.205,60.247,86.393,70.245
76.291,59.790,88.305,71.799
77.235,60.104,88.305,71.799
75.661,59.790,88.305,71.799
77.865,61.363,88.305,71.799
77.550,61.049,88.305,71.799
78.188,60.904,86.421,70.268
79.112,61.828,86.421,70.268
81.268,63.368,86.421,70.268
79.112,61.828,86.421,70.268
81.268,64.600,86.421,70.268
80.960,63.676,86.421,70.268
81.268,64.600,86.421,70.268
82.193,66.141,86.421,70.268
81.268,67.065,86.421,70.268
82.809,66.141,86.421,70.268
78.976,63.126,88.334,71.823
80.939,65.272,90.288,73.412
79.974,65.593,90.288,73.412
83.728,68.547,88.363,71.846
82.783,66.343,88.363,71.846
84.358,67.288,88.363,71.846
83.413,65.083,88.363,71.846
85.618,63.508,88.363,71.846
86.256,65.185,86.478,70.314
87.797,63.027,86.478,70.314
88.106,63.336,86.478,70.314
87.181,62.411,86.478,70.314
89.955,62.103,86.478,70.314
89.986,60.178,84.634,68.815
93.304,61.687,84.634,68.815
93.334,59.222,82.829,67.347
93.630,61.289,82.829,67.347
95.366,59.446,81.063,65.911
94.769,59.016,82.856,67.369
93.883,58.721,82.856,67.369
94.769,55.473,82.856,67.369
95.655,57.540,82.856,67.369
94.432,54.650,84.690,68.860
95.942,56.159,84.690,68.860
95.944,53.831,86.563,70.383
96.870,53.523,86.563,70.383
97.496,56.355,84.717,68.882
99.005,58.469,84.717,68.882
98.703,57.563,84.717,68.882
102.025,59.073,84.717,68.882
101.723,56.959,84.717,68.882
103.233,60.281,84.717,68.882
102.327,59.375,84.717,68.882
104.685,62.146,82.911,67.413
103.799,62.442,82.911,67.413
105.277,60.373,82.911,67.413
106.163,62.442,82.911,67.413
105.277,63.328,82.911,67.413
107.345,60.669,82.911,67.413
109.414,62.737,82.911,67.413
109.709,63.033,82.911,67.413
108.823,64.511,82.911,67.413
111.131,65.514,81.143,65.976
112.577,64.647,81.143,65.976
111.131,66.093,81.143,65.976
112.832,67.632,79.412,64.569
114.248,66.217,79.412,64.569
114.838,65.209,81.169,65.997
114.548,66.656,81.169,65.997
117.152,65.209,81.169,65.997
118.854,66.192,79.438,64.590
118.005,64.776,79.438,64.590
120.553,62.794,79.438,64.590
121.402,60.812,79.438,64.590
120.339,63.957,77.744,63.213
122.279,62.017,77.744,63.213
124.218,60.632,77.744,63.213
122.644,63.175,76.086,61.865
124.000,59.650,76.086,61.865
122.644,59.921,76.086,61.865
124.000,58.565,76.086,61.865
124.813,58.294,76.086,61.865
126.712,57.480,76.086,61.865
126.440,59.379,76.086,61.865
126.712,56.938,76.086,61.865
126.739,58.904,74.464,60.545
129.127,57.047,74.464,60.545
128.331,56.250,74.464,60.545
129.658,59.170,74.464,60.545
130.454,57.843,74.464,60.545
130.189,57.047,74.464,60.545
130.742,58.855,76.111,61.885
131.556,58.584,76.111,61.885
131.583,58.459,74.488,60.565
133.442,60.849,74.488,60.565
134.238,58.459,74.488,60.565
133.753,62.432,72.900,59.274
135.572,60.613,72.900,59.274
136.098,62.998,71.345,58.009
138.575,62.881,69.824,56.772
140.815,65.121,69.824,56.772
139.073,62.881,69.824,56.772
140.815,65.619,69.824,56.772
142.279,64.065,68.335,55.562
141.548,65.283,68.335,55.562
142.766,64.552,68.335,55.562
143.010,66.744,68.335,55.562
145.202,65.527,68.335,55.562
145.445,66.744,68.335,55.562
145.689,66.014,68.335,55.562
147.881,66.257,68.335,55.562
148.124,66.501,68.335,55.562
150.966,66.389,66.877,54.377
150.728,66.627,66.877,54.377
151.443,68.296,66.877,54.377
153.588,66.627,66.877,54.377
153.350,67.819,66.877,54.377
155.018,66.151,66.877,54.377
155.257,67.819,66.877,54.377
156.449,66.151,66.877,54.377
157.640,65.912,66.877,54.377
157.879,66.627,66.877,54.377
159.547,65.912,66.877,54.377
160.031,65.803,65.451,53.217
161.197,66.503,65.451,53.217
163.469,67.295,64.055,52.082
164.611,67.980,64.055,52.082
165.514,69.195,62.689,50.972
166.184,66.738,62.689,50.972
165.514,69.195,62.689,50.972
167.690,69.093,61.353,49.885
169.220,70.624,61.353,49.885
169.439,71.280,61.353,49.885
169.658,70.624,61.353,49.885
170.751,71.280,61.353,49.885
171.845,71.498,61.353,49.885
172.938,71.717,61.353,49.885
171.845,71.936,61.353,49.885
173.813,71.280,61.353,49.885
173.594,69.312,61.353,49.885
175.125,70.842,61.353,49.885
176.218,70.186,61.353,49.885
176.000,69.093,61.353,49.885
177.968,70.186,61.353,49.885
176.874,68.656,61.353,49.885
177.968,68.874,61.353,49.885
178.186,69.530,61.353,49.885
180.154,67.125,61.353,49.885
182.123,66.469,61.353,49.885
181.467,65.813,61.353,49.885
182.123,67.343,61.353,49.885
184.091,65.375,61.353,49.885
183.691,67.383,60.044,48.821
183.477,66.741,60.044,48.821
185.403,66.955,60.044,48.821
185.617,68.025,60.044,48.821
184.119,67.383,60.044,48.821
186.473,66.741,60.044,48.821
187.543,68.667,60.044,48.821
186.473,69.309,60.044,48.821
188.399,66.955,60.044,48.821
188.613,70.165,60.044,48.821
187.115,69.951,60.044,48.821
189.897,71.449,60.044,48.821
189.255,72.091,60.044,48.821
190.754,71.021,60.044,48.821
190.112,74.231,60.044,48.821
191.182,72.733,60.044,48.821
191.396,72.091,60.044,48.821
192.894,71.449,60.044,48.821
191.824,71.663,60.044,48.821
193.322,68.025,60.044,48.821
193.536,67.383,60.044,48.821
192.894,65.885,60.044,48.821
194.392,66.955,60.044,48.821
196.746,68.881,60.044,48.821
194.820,67.383,60.044,48.821
195.266,67.953,61.373,49.901
197.235,70.359,61.373,49.901
196.141,70.140,61.373,49.901
196.360,70.359,61.373,49.901
195.703,68.828,61.373,49.901
197.834,69.571,60.064,48.837
196.763,69.357,60.064,48.837
197.834,67.002,60.064,48.837
198.476,68.500,60.064,48.837
196.977,66.573,60.064,48.837
199.332,66.788,60.064,48.837
199.975,67.858,60.064,48.837
198.048,68.928,60.064,48.837
199.975,69.571,60.064,48.837
198.904,70.213,60.064,48.837
200.831,69.999,60.064,48.837
199.760,71.497,60.064,48.837
201.259,71.283,60.064,48.837
200.189,69.357,60.064,48.837
200.831,68.286,60.064,48.837
201.277,66.635,61.393,49.917
202.809,66.854,61.393,49.917
203.465,66.635,61.393,49.917
201.933,67.729,61.393,49.917
203.465,67.511,61.393,49.917
203.246,69.480,61.393,49.917
203.903,70.574,61.393,49.917
204.122,69.042,61.393,49.917
203.903,68.386,61.393,49.917
204.997,70.793,61.393,49.917
205.216,74.075,61.393,49.917
206.748,70.793,61.393,49.917
206.966,74.075,61.393,49.917
207.623,70.793,61.393,49.917
207.842,72.325,61.393,49.917
207.623,69.480,61.393,49.917
208.717,68.386,61.393,49.917
209.373,70.355,61.393,49.917
209.395,70.677,60.084,48.853
211.751,70.034,60.084,48.853
212.185,72.826,58.802,47.811
211.137,73.874,58.802,47.811
212.185,74.083,58.802,47.811
211.556,74.293,58.802,47.811
213.443,73.664,58.802,47.811
212.395,74.712,58.802,47.811
213.443,75.341,58.802,47.811
214.072,73.874,58.802,47.811
214.508,73.562,60.103,48.869
213.009,75.062,60.103,48.869
214.080,73.134,60.103,48.869
213.866,71.634,60.103,48.869
214.508,73.134,60.103,48.869
214.294,74.205,60.103,48.869
214.937,71.848,60.103,48.869
215.579,72.919,60.103,48.869
216.222,73.134,60.103,48.869
216.008,73.776,60.103,48.869
215.794,71.420,60.103,48.869
218.150,72.919,60.103,48.869
217.079,70.563,60.103,48.869
217.722,68.635,60.103,48.869
218.364,68.421,60.103,48.869
218.579,69.920,60.103,48.869
218.364,69.278,60.103,48.869
217.722,73.348,60.103,48.869
219.221,77.418,60.103,48.869
220.292,79.346,60.103,48.869
220.078,78.275,60.103,48.869
220.292,78.061,60.103,48.869
221.792,75.276,60.103,48.869
222.435,73.776,60.103,48.869
222.220,70.135,60.103,48.869
224.577,63.922,60.103,48.869
223.690,60.047,61.433,49.950
221.719,57.201,61.433,49.950
223.690,59.609,61.433,49.950
221.874,57.921,62.792,51.055
222.993,61.278,62.792,51.055
222.770,64.188,62.792,51.055
222.098,67.545,62.792,51.055
223.217,70.454,62.792,51.055
222.546,71.126,62.792,51.055
223.665,72.245,62.792,51.055
224.336,70.678,62.792,51.055
224.560,73.140,62.792,51.055
224.784,71.126,62.792,51.055
226.351,69.559,62.792,51.055
227.022,69.783,62.792,51.055
227.246,70.007,62.792,51.055
226.783,67.817,64.181,52.185
226.097,69.875,64.181,52.185
224.496,69.647,64.181,52.185
226.097,69.418,64.181,52.185
224.953,69.647,64.181,52.185
224.267,70.333,64.181,52.185
225.411,68.732,64.181,52.185
226.757,70.832,62.813,51.072
226.085,71.951,62.813,51.072
227.834,73.143,61.473,49.983
227.011,74.309,60.162,48.917
226.367,75.810,60.162,48.917
227.440,78.169,60.162,48.917
226.107,75.626,61.493,49.999
226.764,76.722,61.493,49.999
229.321,80.846,60.182,48.933
228.516,81.988,58.899,47.890
227.046,83.038,58.899,47.890
229.226,83.597,60.202,48.949
226.866,79.520,60.202,48.949
227.080,76.302,60.202,48.949
226.007,77.374,60.202,48.949
226.442,75.208,58.918,47.905
225.392,77.098,58.918,47.905
224.342,79.828,58.918,47.905
225.812,80.458,58.918,47.905
224.762,82.768,58.918,47.905
227.072,80.878,58.918,47.905
224.762,80.668,58.918,47.905
225.812,77.938,58.918,47.905
225.602,77.728,58.918,47.905
223.425,76.544,60.222,48.965
223.211,73.754,60.222,48.965
224.284,72.251,60.222,48.965
223.640,72.037,60.222,48.965
224.713,71.822,60.222,48.965
224.499,70.749,60.222,48.965
224.520,71.891,58.937,47.921
223.890,72.522,58.937,47.921
225.360,73.152,58.937,47.921
223.470,71.681,58.937,47.921
223.260,73.572,58.937,47.921
222.209,72.942,58.937,47.921
224.255,72.845,57.680,46.899
224.872,74.284,57.680,46.899
223.844,71.612,57.680,46.899
222.993,69.600,58.957,47.937
223.419,71.124,57.699,46.914
225.127,69.111,58.976,47.952
223.656,68.060,58.976,47.952
223.866,71.213,58.976,47.952
224.497,72.264,58.976,47.952
222.185,72.895,58.976,47.952
220.878,70.838,60.281,49.013
221.522,71.482,60.281,49.013
220.633,70.271,61.615,50.098
223.048,67.856,61.615,50.098
222.829,68.514,61.615,50.098
221.731,69.613,61.615,50.098
221.511,69.393,61.615,50.098
219.974,71.809,61.615,50.098
218.876,70.711,61.615,50.098
217.778,70.930,61.615,50.098
216.240,71.589,61.615,50.098
215.142,70.052,61.615,50.098
217.997,72.467,61.615,50.098
215.581,70.930,61.615,50.098
214.923,72.467,61.615,50.098
212.946,71.809,61.615,50.098
213.605,72.907,61.615,50.098
212.068,74.005,61.615,50.098
212.090,74.327,60.301,49.029
211.015,74.542,60.301,49.029
210.370,72.608,60.301,49.029
210.155,74.972,60.301,49.029
210.370,75.617,60.301,49.029
209.725,74.112,60.301,49.029
208.389,75.577,61.635,50.114
210.806,74.478,61.635,50.114
208.829,72.501,61.635,50.114
207.730,73.160,61.635,50.114
205.453,73.290,62.998,51.223
207.923,73.963,62.998,51.223
207.080,73.427,61.655,50.131
205.258,74.469,63.019,51.240
206.381,72.896,63.019,51.240
205.258,73.570,63.019,51.240
205.033,72.447,63.019,51.240
205.921,72.777,61.675,50.147
205.943,71.829,60.360,49.078
206.159,72.904,60.360,49.078
208.525,72.689,60.360,49.078
206.589,70.753,60.360,49.078
205.943,72.259,60.360,49.078
204.606,70.600,61.695,50.164
204.386,72.139,61.695,50.164
202.563,72.269,63.060,51.273
204.586,72.044,63.060,51.273
203.462,73.168,63.060,51.273
205.035,72.943,63.060,51.273
204.811,72.269,63.060,51.273
203.687,73.842,63.060,51.273
204.361,74.067,63.060,51.273
202.964,71.867,64.456,52.408
203.653,73.935,64.456,52.408
204.562,72.501,63.081,51.290
203.438,72.726,63.081,51.290
203.213,71.601,63.081,51.290
203.887,72.726,63.081,51.290
203.213,70.702,63.081,51.290
202.089,71.377,63.081,51.290
201.414,72.051,63.081,51.290
202.538,73.175,63.081,51.290
201.864,72.051,63.081,51.290
203.438,72.726,63.081,51.290
205.011,72.950,63.081,51.290
202.538,70.927,63.081,51.290
201.414,72.950,63.081,51.290
201.189,71.826,63.081,51.290
200.515,72.950,63.081,51.290
200.739,73.175,63.081,51.290
200.964,73.400,63.081,51.290
201.189,72.276,63.081,51.290
199.792,72.875,64.477,52.425
200.941,71.266,64.477,52.425
199.035,71.878,65.903,53.585
197.575,71.042,67.361,54.770
196.855,70.802,67.361,54.770
195.654,70.082,67.361,54.770
198.455,72.285,65.925,53.602
197.280,70.641,65.925,53.602
196.575,71.346,65.925,53.602
195.870,70.641,65.925,53.602
196.105,72.285,65.925,53.602
194.645,68.036,67.383,54.788
195.846,67.315,67.383,54.788
194.645,66.595,67.383,54.788
194.405,67.315,67.383,54.788
194.164,67.075,67.383,54.788
195.846,66.835,67.383,54.788
194.645,67.075,67.383,54.788
194.885,68.276,67.383,54.788
195.125,67.555,67.383,54.788
195.846,68.276,67.383,54.788
194.645,66.595,67.383,54.788
197.767,68.276,67.383,54.788
197.047,66.114,67.383,54.788
199.208,68.756,67.383,54.788
198.007,66.595,67.383,54.788
198.728,68.756,67.383,54.788
197.527,67.075,67.383,54.788
198.247,68.276,67.383,54.788
197.047,68.036,67.383,54.788
197.767,68.276,67.383,54.788
197.047,70.437,67.383,54.788
197.534,68.475,65.947,53.620
196.651,71.539,64.540,52.477
196.881,73.149,64.540,52.477
198.491,71.079,64.540,52.477
197.341,73.609,64.540,52.477
199.411,73.379,64.540,52.477
199.181,71.769,64.540,52.477
199.871,71.999,64.540,52.477
199.181,72.229,64.540,52.477
201.252,72.459,64.540,52.477
201.022,74.530,64.540,52.477
201.712,72.919,64.540,52.477
201.942,74.069,64.540,52.477
202.172,71.999,64.540,52.477
201.022,74.069,64.540,52.477
202.632,72.459,64.540,52.477
202.402,74.530,64.540,52.477
201.712,72.919,64.540,52.477
202.191,71.145,65.968,53.638
200.242,73.235,67.428,54.824
201.924,72.034,67.428,54.824
202.164,71.793,67.428,54.824
201.924,72.514,67.428,54.824
202.164,70.832,67.428,54.824
201.924,69.150,67.428,54.824
202.411,70.429,65.990,53.655
204.528,71.605,65.990,53.655
203.554,69.304,67.450,54.842
205.237,70.506,67.450,54.842
206.439,69.784,67.450,54.842
205.237,68.102,67.450,54.842
204.241,69.241,68.942,56.056
205.470,69.487,68.942,56.056
205.224,67.275,68.942,56.056
205.736,68.439,70.467,57.296
204.983,66.681,70.467,57.296
205.492,68.503,68.965,56.074
208.196,68.257,68.965,56.074
206.967,66.536,68.965,56.074
206.721,68.749,68.965,56.074
208.442,69.486,68.965,56.074
211.637,71.207,68.965,56.074
210.619,70.841,70.491,57.315
211.876,68.078,70.491,57.315
210.619,69.334,70.491,57.315
213.383,71.093,70.491,57.315
214.428,67.591,72.050,58.583
213.897,68.275,73.644,59.879
213.110,66.963,73.644,59.879
214.746,67.117,75.274,61.204
215.015,64.703,75.274,61.204
214.524,67.683,73.668,59.899
217.413,66.370,73.668,59.899
215.575,68.208,73.668,59.899
217.413,67.420,73.668,59.899
218.725,69.783,73.668,59.899
217.938,68.996,73.668,59.899
217.675,70.834,73.668,59.899
218.463,71.621,73.668,59.899
220.826,70.834,73.668,59.899
219.513,73.722,73.668,59.899
223.452,71.884,73.668,59.899
223.189,72.672,73.668,59.899
226.078,71.884,73.668,59.899
224.765,69.521,73.668,59.899
226.603,72.409,73.668,59.899
227.391,70.046,73.668,59.899
227.128,71.359,73.668,59.899
228.966,72.147,73.668,59.899
229.754,69.783,73.668,59.899
228.666,71.028,75.298,61.224
232.155,69.149,75.298,61.224
230.813,71.564,75.298,61.224
233.766,70.223,75.298,61.224
232.424,71.028,75.298,61.224
235.376,68.075,75.298,61.224
233.708,69.904,76.964,62.578
235.079,67.435,76.964,62.578
234.256,69.904,76.964,62.578
235.966,67.220,78.667,63.963
235.994,69.253,76.990,62.599
240.111,65.686,76.990,62.599
238.739,68.155,76.990,62.599
241.208,66.783,76.990,62.599
242.919,65.237,78.693,63.984
243.199,66.078,78.693,63.984
243.480,64.115,78.693,63.984
246.565,65.517,78.693,63.984
244.602,67.480,78.693,63.984
247.126,68.883,78.693,63.984
250.212,68.041,78.693,63.984
248.468,65.297,80.434,65.400
249.660,67.250,82.214,66.847
249.663,63.774,84.033,68.326
250.562,66.470,84.033,68.326
249.943,67.268,85.892,69.837
250.861,65.125,85.892,69.837
251.780,66.656,85.892,69.837
252.698,67.574,85.892,69.837
251.780,68.493,85.892,69.837
252.086,70.023,85.892,69.837
254.229,68.493,85.892,69.837
254.231,65.497,87.792,71.382
255.170,67.061,87.792,71.382
254.231,68.000,87.792,71.382
255.796,69.565,87.792,71.382
257.361,66.122,87.792,71.382
259.201,68.995,85.920,69.860
257.058,71.751,85.920,69.860
259.201,68.382,85.920,69.860
260.120,69.301,85.920,69.860
262.264,67.157,85.920,69.860
261.958,67.464,85.920,69.860
258.783,68.915,87.821,71.406
261.384,66.501,89.764,72.986
260.424,64.901,89.764,72.986
264.583,67.781,89.764,72.986
261.064,67.461,89.764,72.986
263.943,67.141,89.764,72.986
261.704,66.821,89.764,72.986
264.583,66.501,89.764,72.986
266.823,64.901,89.764,72.986
263.943,65.221,89.764,72.986
267.059,67.542,87.850,71.429
267.091,69.812,85.976,69.906
266.171,70.731,85.976,69.906
268.082,68.368,87.879,71.453
265.263,71.188,87.879,71.453
268.708,70.874,87.879,71.453
269.021,71.188,87.879,71.453
269.961,69.621,87.879,71.453
