0.00324464
0.01407576
0.01486087
0.01360202
0.01341534
0.01301360
0.01286840
0.01305270
0.01282716
0.01292920
0.01287675
0.01285219
0.01273298
0.01284051
0.01292133
0.01277423
0.01300907
0.01277280
0.01284194
0.01280951
0.01290298
0.01302576
0.01285124
0.01296163
0.01287818
0.01293087
0.01288867
0.01275802
0.01283050
0.01295686
0.01287150
0.01294279
0.01282835
0.01300120
0.01291585
0.01286173
0.01288939
0.01303244
0.01302338
0.01270676
0.01275849
0.01297164
0.01286936
0.01276374
0.01308608
0.01289725
0.01285577
0.01284885
0.01287341
0.01296735
0.01297808
0.01282215
0.01296949
0.01284933
0.01304650
0.01273823
0.01283383
0.01293707
0.01304960
0.01293945
0.01272607
0.01280785
0.01287866
0.01279736
0.01282620
0.01300883
0.01290846
0.01296115
0.01282835
0.01298428
0.01278353
0.01289201
0.01286340
0.01285839
0.01286387
0.01275015
0.01277304
0.01280403
0.01283360
0.01308703
0.01294041
0.01278329
0.01294589
0.01297450
0.01242256
0.01277781
0.01286793
0.01258636
0.01278639
0.01288080
0.01297545
0.01290226
0.01296568
0.01282907
0.01278567
0.01299930
0.01298094
0.01290751
0.01294684
0.01296186
0.01275492
0.01280141
0.01279688
0.01273417
0.01275420
0.01288223
0.01296782
0.01295829
0.01278520
0.01292706
0.01289392
0.01292300
0.01283002
0.01279211
0.01293468
0.01289892
0.01280642
0.01288772
0.01302648
0.01273632
0.01279163
0.01289248
0.01292229
0.01279378
0.01290345
0.01290774
0.01292610
0.01297975
0.01291442
0.01290655
0.01275992
0.01283789
0.01293349
0.01272559
0.01259637
0.01277661
0.01284456
0.01287270
0.01292229
0.01291060
0.01277375
0.01269817
0.01289344
0.01286197
0.01272154
0.01277471
0.01282024
0.01284170
0.01302505
0.01276493
0.01298571
0.01283622
0.01277566
0.01283407
0.01298666
0.01277518
0.01272631
0.01271772
0.01298952
0.01292944
0.01291227
0.01294971
0.01261544
0.01290536
0.01296830
0.01274729
0.01283884
0.01294088
0.01299620
0.01297545
0.01281095
0.01283312
0.01317954
0.01298928
0.01282096
0.01296520
0.01300097
0.01295948
0.01297116
0.01280951
0.01289344
0.01257467
0.01294732
0.01267815
0.01279974
0.01290560
0.01316476
0.01292300
0.01266956
0.01283813
0.01292205
0.01285529
0.01298547
0.01282263
0.01283526
0.01282477
0.01320958
0.01280022
0.01296735
0.01297927
0.01285100
0.01282382
0.01280379
0.01294804
0.01292205
0.01294780
0.01285958
0.01283169
0.01292562
0.01280832
0.01296568
0.01279640
0.01285982
0.01259112
0.01282620
0.01296926
0.01282310
0.01308894
0.01294422
0.01282430
0.01264977
0.01287961
0.01301479
0.01286864
0.01286554
0.01283884
0.01281309
0.01284409
0.01280665
0.01280737
0.01299357
0.01288867
0.01284766
0.01303029
0.01276183
0.01273441
0.01286197
0.01285863
0.01288867
0.01305485
0.01246619
0.01297855
0.01292944
0.01282907
0.01277113
0.01277542
0.01290321
0.01295877
0.01291561
0.01295471
0.01287150
0.01279879
0.01279545
0.01299143
0.01303840
0.01303101
0.01283288
0.01284695
0.01281381
0.01277161
0.01294351
0.01279783
0.01271343
0.01282430
0.01305938
0.01297879
0.01297522
0.01281667
0.01280546
0.01308036
0.01287770
0.01288462
0.01297355
0.01319528
0.01281333
0.01259303
0.01296926
0.01310587
0.01295209
0.01302767
0.01294947
0.01297998
0.01286912
0.01282167
0.01273108
0.01298332
0.01282191
0.01296020
0.01282072
0.01284361
0.01293898
0.01285148
0.01293945
0.01285791
0.01278281
0.01303005
0.01275277
0.01294780
0.01293063
0.01282382
0.01282096
0.01300812
0.01308918
0.01296115
0.01282907
0.01285863
0.01279879
0.01274395
0.01301455
0.01284385
0.01283860
0.01283431
0.01284337
0.01274395
0.01285958
0.01284599
0.01298118
0.01295328
0.01294684
0.01274610
0.01285052
0.01296711
0.01295805
0.01285172
0.01300049
0.01293111
0.01293468
