0.00397062
0.01358390
0.01463509
0.01283836
0.01291490
0.01272655
0.01292086
0.01269698
0.01283765
0.01274037
0.01282835
0.01292467
0.01277542
0.01283669
0.01272655
0.01274490
0.01268721
0.01288390
0.01284862
0.01280713
0.01273537
0.01292062
0.01260042
0.01287174
0.01273918
0.01285982
0.01282430
0.01261330
0.01289129
0.01290655
0.01305223
0.01282787
0.01274180
0.01291585
0.01281524
0.01282549
0.01274467
0.01298761
0.01288080
0.01282859
0.01277065
0.01290607
0.01281953
0.01271987
0.01289725
0.01289725
0.01268077
0.01314187
0.01283693
0.01267934
0.01292515
0.01293302
0.01306486
0.01286483
0.01291037
0.01249170
0.01273894
0.01289535
0.01291299
0.01260257
0.01280165
0.01281309
0.01290417
0.01275206
0.01282835
0.01269889
0.01282215
0.01283646
0.01276135
0.01287007
0.01271391
0.01256466
0.01272511
0.01276326
0.01285791
0.01265454
0.01269794
0.01272273
0.01289344
0.01289487
0.01273394
0.01303768
0.01303697
0.01280570
