0.00365782
0.01382232
0.01531243
0.01333690
0.01289392
0.01284981
0.01285839
0.01285005
0.01284337
0.01275420
0.01283693
0.01307154
0.01271343
0.01278996
0.01285434
0.01293707
0.01282406
0.01278639
0.01271629
0.01288342
0.01290560
0.01295996
0.01291609
0.01273680
0.01276040
0.01273465
0.01315808
0.01269531
0.01280332
0.01279545
0.01276350
0.01288557
0.01284814
0.01269245
0.01269341
0.01266980
0.01244831
0.01276731
0.01277208
0.01268077
0.01280594
0.01269794
0.01294184
0.01284575
0.01268935
0.01294756
0.01281619
0.01289153
0.01276541
0.01280689
0.01277280
0.01279020
0.01288438
0.01282859
0.01274014
0.01288152
0.01277900
0.01265383
0.01275873
0.01287961
0.01269269
0.01283574
0.01291895
0.01291370
0.01289535
0.01309967
0.01282978
0.01288462
0.01279354
0.01279473
0.01290655
0.01292443
0.01273274
0.01289272
0.01291132
0.01278710
0.01273179
0.01292062
0.01284409
0.01287127
0.01272821
0.01291728
0.01297355
0.01278377
0.01279235
0.01267505
0.01275492
0.01278377
0.01280117
0.01309729
0.01276469
0.01289248
0.01276374
0.01290131
0.01291418
0.01268220
0.01286697
0.01272106
0.01277256
0.01277852
0.01291060
0.01278830
0.01266932
0.01268792
0.01285005
0.01285458
0.01270032
0.01289082
0.01280475
0.01269317
0.01305103
0.01297736
0.01254153
0.01269913
0.01270199
0.01277399
0.01276731
0.01276875
0.01266003
0.01296830
0.01269507
0.01263785
0.01285028
0.01277614
0.01272678
0.01285315
0.01273060
0.01278710
0.01276970
0.01251721
0.01270723
0.01294112
0.01274562
0.01268816
0.01279593
0.01274109
0.01284504
0.01288009
0.01297522
0.01299238
0.01276994
0.01271582
0.01315594
0.01282263
0.01286316
0.01290250
0.01273179
0.01275635
0.01265979
0.01279855
0.01289010
0.01288915
0.01276207
0.01270890
0.01278520
0.01290464
0.01282740
0.01270437
0.01290369
0.01280689
0.01278472
0.01283813
0.01284409
0.01283932
0.01275015
0.01280999
0.01267385
0.01285958
0.01297355
0.01294613
0.01281738
0.01292706
0.01283765
0.01242518
0.01308107
