32.000,60.000,68.000,78.000
37.457,62.011,68.000,78.000
41.191,66.894,68.000,78.000
46.649,72.925,68.000,78.000
56.702,78.383,68.000,78.000
63.795,81.153,66.550,76.337
75.071,83.321,65.131,74.709
83.986,83.322,63.742,73.116
95.825,89.033,62.382,71.556
102.839,93.605,61.052,70.030
112.897,96.442,61.052,70.030
120.376,94.121,61.052,70.030
127.854,91.800,61.052,70.030
133.786,89.995,61.052,70.030
139.717,85.611,61.052,70.030
144.617,82.258,61.052,70.030
152.095,79.422,61.052,70.030
157.966,76.440,59.750,68.537
169.324,73.664,59.750,68.537
181.186,72.402,59.750,68.537
196.076,74.673,59.750,68.537
214.501,74.926,59.750,68.537
228.887,72.654,59.750,68.537
245.796,73.411,59.750,68.537
260.687,71.645,59.750,68.537
275.578,72.907,59.750,68.537
287.440,69.626,59.750,68.537
294.759,70.383,59.750,68.537
298.545,67.102,59.750,68.537
297.788,64.830,59.750,68.537
292.488,65.587,59.750,68.537
280.626,66.849,59.750,68.537
265.735,65.083,59.750,68.537
250.844,62.811,59.750,68.537
233.429,61.549,59.750,68.537
222.072,63.821,59.750,68.537
204.153,63.063,59.750,68.537
191.281,67.354,59.750,68.537
180.428,72.149,59.750,68.537
174.119,74.421,59.750,68.537
168.314,84.264,59.750,68.537
157.966,96.631,59.750,68.537
150.142,102.940,59.750,68.537
141.309,102.183,59.750,68.537
132.475,90.321,59.750,68.537
121.118,91.078,59.750,68.537
116.323,90.321,59.750,68.537
112.032,90.574,59.750,68.537
108.751,88.807,59.750,68.537
105.975,89.564,59.750,68.537
104.713,91.331,59.750,68.537
107.994,90.574,59.750,68.537
112.284,92.340,59.750,68.537
129.194,89.059,59.750,68.537
149.637,84.769,59.750,68.537
176.138,81.992,59.750,68.537
194.057,83.254,59.750,68.537
213.491,81.488,59.750,68.537
231.915,82.245,59.750,68.537
246.418,80.300,58.476,67.075
262.473,78.571,58.476,67.075
275.565,76.842,58.476,67.075
290.632,73.631,58.476,67.075
301.253,69.432,58.476,67.075
309.404,66.220,58.476,67.075
312.615,63.503,58.476,67.075
313.850,61.774,58.476,67.075
309.651,62.515,58.476,67.075
299.524,64.244,58.476,67.075
287.421,67.455,58.476,67.075
269.884,74.619,58.476,67.075
253.334,80.300,58.476,67.075
233.821,84.499,58.476,67.075
203.704,87.601,59.770,68.559
184.768,90.378,59.770,68.559
174.417,87.096,59.770,68.559
156.492,85.328,59.770,68.559
113.825,81.541,59.770,68.559
110.038,76.240,59.770,68.559
93.122,70.433,59.770,68.559
73.177,66.141,59.770,68.559
52.223,67.908,59.770,68.559
16.724,76.841,61.092,70.076
5.112,79.680,61.092,70.076
0.208,83.035,61.092,70.076
-2.114,84.841,61.092,70.076
-0.308,83.035,61.092,70.076
0.467,80.196,61.092,70.076
2.273,76.325,61.092,70.076
4.079,80.196,61.092,70.076
6.918,82.002,61.092,70.076
9.240,78.648,61.092,70.076
12.045,74.392,62.444,71.627
14.419,78.348,62.444,71.627
8.880,78.612,62.444,71.627
13.364,81.514,62.444,71.627
31.036,85.470,62.444,71.627
42.905,89.427,62.444,71.627
55.302,90.218,62.444,71.627
66.117,89.427,62.444,71.627
75.876,89.690,62.444,71.627
97.768,93.647,62.444,71.627
116.495,97.076,62.444,71.627
137.333,98.394,62.444,71.627
160.808,101.823,62.444,71.627
180.062,104.725,62.444,71.627
199.896,100.922,63.825,73.211
234.674,114.133,63.825,73.211
254.355,112.785,63.825,73.211
277.271,110.358,63.825,73.211
299.648,112.785,63.825,73.211
320.407,110.358,63.825,73.211
337.391,109.010,63.825,73.211
350.602,105.505,63.825,73.211
357.342,99.844,63.825,73.211
360.307,94.182,63.825,73.211
356.803,89.599,63.825,73.211
349.523,83.398,63.825,73.211
336.790,75.596,65.238,74.831
320.532,70.360,65.238,74.831
302.069,71.738,65.238,74.831
288.566,68.155,65.238,74.831
281.126,68.982,65.238,74.831
284.157,65.400,65.238,74.831
273.410,68.431,65.238,74.831
265.970,70.911,65.238,74.831
269.552,73.391,65.238,74.831
252.743,87.996,65.238,74.831
247.507,91.027,65.238,74.831
244.212,88.770,66.681,76.487
221.398,83.982,66.681,76.487
199.147,82.573,66.681,76.487
186.472,80.038,66.681,76.487
172.107,84.827,66.681,76.487
159.432,90.742,66.681,76.487
163.657,95.530,66.681,76.487
176.895,86.235,66.681,76.487
188.443,87.643,66.681,76.487
211.144,91.445,65.259,74.856
238.434,93.926,65.259,74.856
251.941,96.958,65.259,74.856
258.281,97.234,65.259,74.856
261.313,97.510,65.259,74.856
261.589,99.439,65.259,74.856
258.006,101.920,65.259,74.856
253.871,104.401,65.259,74.856
244.223,104.677,65.259,74.856
238.434,102.196,65.259,74.856
234.299,100.266,65.259,74.856
228.511,92.823,65.259,74.856
223.824,85.932,65.259,74.856
229.613,80.695,65.259,74.856
242.569,77.662,65.259,74.856
257.730,77.938,65.259,74.856
277.853,79.868,65.259,74.856
291.360,76.284,65.259,74.856
302.110,72.149,65.259,74.856
306.796,67.463,65.259,74.856
310.946,63.213,63.867,73.259
309.597,59.167,63.867,73.259
306.630,58.357,63.867,73.259
302.583,61.864,63.867,73.259
297.458,66.990,63.867,73.259
292.332,79.670,63.867,73.259
287.746,93.428,63.867,73.259
271.829,105.568,63.867,73.259
262.926,108.536,63.867,73.259
264.275,105.568,63.867,73.259
259.689,96.665,63.867,73.259
247.549,85.065,63.867,73.259
234.330,79.400,63.867,73.259
224.348,73.195,63.867,73.259
220.302,68.069,63.867,73.259
223.269,65.641,63.867,73.259
235.409,62.134,63.867,73.259
232.442,64.562,63.867,73.259
220.259,65.151,65.280,74.880
191.306,74.802,65.280,74.880
179.449,81.696,65.280,74.880
167.041,95.759,65.280,74.880
173.383,98.241,65.280,74.880
177.519,95.207,65.280,74.880
176.140,92.726,65.280,74.880
173.107,94.656,65.280,74.880
185.516,97.689,65.280,74.880
197.373,94.656,65.280,74.880
204.266,89.968,65.280,74.880
207.851,84.729,65.280,74.880
210.333,80.593,65.280,74.880
219.984,77.008,65.280,74.880
224.120,72.321,65.280,74.880
219.766,67.006,63.888,73.284
215.718,65.657,63.888,73.284
217.607,67.546,63.888,73.284
220.576,68.355,63.888,73.284
225.163,68.625,63.888,73.284
229.211,71.054,63.888,73.284
230.561,74.562,63.888,73.284
227.592,76.451,63.888,73.284
230.561,74.023,63.888,73.284
233.529,74.832,63.888,73.284
238.657,75.102,63.888,73.284
249.721,76.991,63.888,73.284
271.040,78.340,63.888,73.284
281.025,75.912,63.888,73.284
261.325,72.403,63.888,73.284
258.357,70.514,63.888,73.284
249.451,73.483,63.888,73.284
243.784,76.991,63.888,73.284
248.372,82.658,63.888,73.284
241.625,85.627,63.888,73.284
242.975,91.294,63.888,73.284
229.751,94.802,63.888,73.284
210.591,92.913,63.888,73.284
190.351,92.643,63.888,73.284
174.969,97.771,63.888,73.284
160.126,106.136,63.888,73.284
150.141,112.883,63.888,73.284
151.490,119.630,63.888,73.284
157.158,118.820,63.888,73.284
163.904,113.153,63.888,73.284
175.508,103.168,63.888,73.284
184.954,94.262,63.888,73.284
190.621,85.897,63.888,73.284
197.907,74.832,63.888,73.284
217.607,64.847,63.888,73.284
230.831,59.180,63.888,73.284
235.958,54.592,63.888,73.284
240.006,58.100,63.888,73.284
241.895,62.688,63.888,73.284
237.307,66.736,63.888,73.284
227.322,69.705,63.888,73.284
214.016,73.654,65.302,74.905
195.535,86.618,65.302,74.905
183.674,96.824,65.302,74.905
180.640,100.961,65.302,74.905
183.123,102.341,65.302,74.905
187.260,100.961,65.302,74.905
189.743,96.824,65.302,74.905
193.329,92.686,65.302,74.905
204.638,88.549,65.302,74.905
219.809,81.101,65.302,74.905
229.463,69.792,65.302,74.905
231.394,69.516,65.302,74.905
236.083,82.480,65.302,74.905
238.566,94.341,65.302,74.905
242.703,99.031,65.302,74.905
241.876,98.755,65.302,74.905
237.186,98.479,65.302,74.905
234.152,94.893,65.302,74.905
211.810,94.066,65.302,74.905
225.877,96.548,65.302,74.905
223.946,101.789,65.302,74.905
225.326,94.341,65.302,74.905
222.843,95.721,65.302,74.905
220.361,97.651,65.302,74.905
221.740,106.754,65.302,74.905
223.671,107.581,65.302,74.905
226.705,102.892,65.302,74.905
229.187,95.445,65.302,74.905
231.745,85.875,63.909,73.308
230.605,81.713,62.546,71.744
225.057,77.221,62.546,71.744
213.696,74.315,62.546,71.744
194.410,82.505,62.546,71.744
190.975,79.071,62.546,71.744
188.069,65.597,62.546,71.744
192.032,54.236,62.546,71.744
193.807,49.331,63.930,73.332
195.697,44.200,63.930,73.332
191.107,46.630,63.930,73.332
185.976,44.200,63.930,73.332
189.000,43.160,62.567,71.768
190.321,45.539,62.567,71.768
194.286,47.389,62.567,71.768
190.321,50.296,62.567,71.768
178.957,54.260,62.567,71.768
166.536,58.753,62.567,71.768
153.058,63.246,62.567,71.768
142.750,66.153,62.567,71.768
138.786,61.660,62.567,71.768
144.401,56.753,63.951,73.356
154.936,53.241,63.951,73.356
167.632,47.569,63.951,73.356
188.972,43.517,63.951,73.356
216.255,49.189,63.951,73.356
227.331,59.724,63.951,73.356
248.131,70.800,63.951,73.356
260.827,75.932,63.951,73.356
269.741,82.145,63.951,73.356
266.229,80.254,63.951,73.356
264.879,70.800,63.951,73.356
261.907,64.047,63.951,73.356
257.315,64.857,63.951,73.356
253.803,63.506,63.951,73.356
250.292,74.041,63.951,73.356
248.401,78.093,63.951,73.356
246.510,78.363,63.951,73.356
240.297,73.771,63.951,73.356
228.681,74.041,63.951,73.356
219.227,78.093,63.951,73.356
215.715,82.686,63.951,73.356
220.307,88.899,63.951,73.356
227.060,94.571,63.951,73.356
240.837,106.727,63.951,73.356
252.993,104.836,63.951,73.356
257.610,99.260,65.366,74.979
255.678,93.462,65.366,74.979
250.984,89.320,65.366,74.979
250.156,87.388,65.366,74.979
251.536,85.455,65.366,74.979
248.499,82.418,65.366,74.979
234.970,79.381,65.366,74.979
205.314,67.379,66.812,76.638
185.841,70.484,66.812,76.638
174.835,74.717,66.812,76.638
170.037,73.870,66.812,76.638
175.399,70.766,66.812,76.638
185.841,73.870,66.812,76.638
237.513,56.333,68.290,78.333
271.773,59.357,69.801,80.066
300.962,59.652,69.801,80.066
304.795,55.229,69.801,80.066
275.016,49.037,69.801,80.066
252.903,48.153,69.801,80.066
195.999,73.214,69.801,80.066
182.731,84.713,69.801,80.066
171.822,97.391,69.801,80.066
176.244,100.635,69.801,80.066
183.026,97.981,69.801,80.066
215.163,96.507,69.801,80.066
228.127,84.572,68.313,78.359
242.844,71.587,68.313,78.359
246.018,66.682,68.313,78.359
232.456,70.433,68.313,78.359
220.048,78.801,68.313,78.359
215.720,89.478,68.313,78.359
217.740,100.154,68.313,78.359
227.262,117.756,68.313,78.359
240.824,120.930,68.313,78.359
272.853,115.448,68.313,78.359
303.152,103.617,68.313,78.359
334.604,90.055,68.313,78.359
341.241,75.339,68.313,78.359
317.868,62.931,68.313,78.359
286.415,66.105,68.313,78.359
263.620,71.010,68.313,78.359
224.665,75.916,68.313,78.359
185.133,81.975,68.313,78.359
171.571,85.727,68.313,78.359
149.929,94.095,68.313,78.359
140.407,101.308,68.313,78.359
145.890,107.945,68.313,78.359
165.223,113.428,68.313,78.359
178.785,109.677,68.313,78.359
191.770,95.537,68.313,78.359
204.755,96.980,68.313,78.359
191.770,91.498,68.313,78.359
188.596,84.284,68.313,78.359
165.800,88.035,68.313,78.359
145.312,92.363,68.313,78.359
126.556,97.269,68.313,78.359
123.382,101.020,68.313,78.359
142.715,96.114,68.313,78.359
158.009,88.324,68.313,78.359
