262.000,94.000,16.000,26.000
261.425,92.769,16.000,26.000
261.507,91.537,16.000,26.000
259.948,90.306,16.000,26.000
259.209,89.896,16.000,26.000
258.470,88.664,16.000,26.000
256.910,87.105,16.000,26.000
254.037,86.037,16.000,26.000
253.134,84.806,16.000,26.000
251.903,81.276,16.000,26.000
250.836,79.552,16.000,26.000
250.063,77.646,16.354,26.575
248.636,74.542,16.354,26.575
247.210,73.283,16.354,26.575
245.616,72.025,16.354,26.575
244.189,71.773,16.354,26.575
242.595,69.843,16.354,26.575
241.169,68.417,16.354,26.575
239.910,65.816,16.354,26.575
238.484,65.061,16.354,26.575
235.379,64.138,16.354,26.575
233.953,63.047,16.354,26.575
232.191,61.621,16.354,26.575
231.268,60.194,16.354,26.575
230.681,58.600,16.354,26.575
229.925,57.006,16.354,26.575
228.961,54.884,16.716,27.163
228.704,53.254,16.716,27.163
227.362,51.085,17.086,27.764
227.625,49.595,17.086,27.764
225.083,47.403,17.086,27.764
223.894,45.368,17.464,28.378
221.833,42.591,17.464,28.378
220.617,41.254,17.850,29.006
219.060,39.514,17.850,29.006
217.870,36.126,17.850,29.006
216.817,34.570,18.245,29.648
215.600,31.293,18.245,29.648
213.942,29.509,18.649,30.304
210.261,27.684,19.061,30.975
208.794,26.218,19.061,30.975
207.523,24.359,19.061,30.975
206.642,23.675,19.061,30.975
206.349,23.773,19.061,30.975
205.834,22.111,19.483,31.660
204.478,19.998,19.914,32.360
205.423,19.322,20.355,33.076
206.363,18.800,20.355,33.076
207.303,17.860,20.355,33.076
208.053,18.035,20.805,33.808
209.484,18.880,21.265,34.556
210.248,18.116,21.265,34.556
211.448,18.007,21.265,34.556
211.775,18.334,21.265,34.556
214.066,17.134,21.265,34.556
215.921,15.716,21.265,34.556
218.212,14.079,21.265,34.556
218.317,12.225,21.736,35.321
217.498,11.256,22.217,36.102
218.316,9.792,22.708,36.901
220.530,10.841,22.708,36.901
222.277,12.122,22.708,36.901
224.258,17.598,22.708,36.901
236.025,44.045,22.708,36.901
239.171,52.084,22.708,36.901
247.502,65.577,23.211,37.717
263.816,66.410,23.211,37.717
272.510,57.003,23.211,37.717
277.154,46.880,23.211,37.717
268.619,55.235,23.724,38.552
237.548,33.004,23.218,37.730
239.518,33.980,22.723,36.925
240.322,33.138,22.239,36.138
239.789,34.073,21.764,35.367
240.347,33.068,21.764,35.367
241.129,33.180,21.764,35.367
239.962,34.525,21.300,34.613
239.241,36.053,20.846,33.875
239.773,36.311,20.401,33.152
240.091,36.967,19.966,32.445
239.415,36.030,19.541,31.753
239.720,37.238,19.124,31.076
240.397,37.286,18.716,30.414
240.134,38.443,18.317,29.765
240.980,38.913,18.317,29.765
241.447,38.777,17.926,29.130
241.904,39.708,17.544,28.509
241.484,40.099,17.170,27.901
242.276,39.482,17.170,27.901
241.836,40.099,17.170,27.901
242.453,40.187,17.170,27.901
242.012,40.275,17.170,27.901
242.450,39.299,16.804,27.306
242.878,40.338,16.445,26.724
242.625,39.748,16.445,26.724
242.203,40.338,16.445,26.724
241.809,41.030,16.095,26.154
241.901,40.274,15.751,25.596
241.174,40.516,15.751,25.596
241.740,40.759,15.751,25.596
241.174,39.708,15.751,25.596
242.063,39.789,15.751,25.596
243.088,41.075,15.416,25.050
242.871,42.180,15.087,24.516
244.300,44.008,14.765,23.993
243.619,42.721,14.765,23.993
243.088,43.402,14.765,23.993
244.341,43.585,14.450,23.482
243.525,43.363,14.450,23.482
244.323,42.827,14.142,22.981
244.105,42.900,14.142,22.981
244.032,42.972,14.142,22.981
243.554,42.448,13.840,22.491
244.619,42.803,13.840,22.491
243.838,42.874,13.840,22.491
244.193,43.371,13.840,22.491
244.406,42.732,13.840,22.491
244.619,43.939,13.840,22.491
243.980,44.436,13.840,22.491
244.051,43.513,13.840,22.491
243.696,42.306,13.840,22.491
243.625,42.093,13.840,22.491
243.412,42.732,13.840,22.491
244.312,42.356,13.545,22.011
243.548,42.008,13.545,22.011
243.895,41.661,13.545,22.011
243.437,41.427,13.256,21.542
243.233,42.039,13.256,21.542
243.981,41.699,13.256,21.542
243.369,41.223,13.256,21.542
243.165,41.291,13.256,21.542
242.825,40.271,13.256,21.542
242.213,39.794,13.256,21.542
242.825,40.407,13.256,21.542
242.213,39.930,13.256,21.542
242.553,40.407,13.256,21.542
241.804,39.794,13.256,21.542
242.417,40.407,13.256,21.542
242.076,40.339,13.256,21.542
242.825,39.998,13.256,21.542
242.349,40.747,13.256,21.542
243.233,41.087,13.256,21.542
