227.000,207.000,122.000,99.000
240.468,210.910,122.000,99.000
255.674,214.820,122.000,99.000
259.584,224.812,122.000,99.000
259.149,233.936,122.000,99.000
256.108,241.322,122.000,99.000
247.854,249.576,122.000,99.000
243.075,252.617,122.000,99.000
250.460,254.789,122.000,99.000
262.190,263.913,122.000,99.000
259.149,272.167,122.000,99.000
250.895,271.733,122.000,99.000
252.198,271.299,122.000,99.000
259.584,280.422,122.000,99.000
266.969,294.759,122.000,99.000
273.282,304.932,124.699,101.190
279.055,311.593,124.699,101.190
262.625,311.149,124.699,101.190
241.435,298.512,127.458,103.429
239.165,283.534,127.458,103.429
245.974,269.463,127.458,103.429
262.767,258.116,127.458,103.429
274.115,264.924,127.458,103.429
261.860,285.349,127.458,103.429
231.449,303.051,127.458,103.429
217.379,303.505,127.458,103.429
235.988,278.541,127.458,103.429
261.860,258.116,127.458,103.429
279.561,255.846,127.458,103.429
287.098,265.533,130.278,105.718
278.437,267.733,133.161,108.057
250.460,264.414,133.161,108.057
216.792,259.197,133.161,108.057
203.041,253.033,133.161,108.057
207.308,250.662,133.161,108.057
214.421,252.085,133.161,108.057
218.689,252.559,133.161,108.057
220.112,257.775,133.161,108.057
211.102,262.043,133.161,108.057
205.886,256.826,133.161,108.057
204.463,243.075,133.161,108.057
206.834,226.478,133.161,108.057
222.483,208.933,133.161,108.057
230.544,211.304,133.161,108.057
221.534,231.694,133.161,108.057
214.421,252.085,133.161,108.057
221.534,264.888,133.161,108.057
235.286,274.846,133.161,108.057
228.173,285.752,133.161,108.057
218.215,289.072,133.161,108.057
216.792,279.114,133.161,108.057
205.886,258.723,133.161,108.057
199.721,233.591,133.161,108.057
209.679,222.685,133.161,108.057
219.637,225.056,133.161,108.057
228.647,227.426,133.161,108.057
236.708,222.210,133.161,108.057
242.873,211.304,133.161,108.057
235.760,211.778,133.161,108.057
215.370,226.478,133.161,108.057
195.928,246.868,133.161,108.057
192.608,253.033,133.161,108.057
213.947,245.920,133.161,108.057
235.286,236.910,133.161,108.057
247.141,225.055,133.161,108.057
246.666,214.149,133.161,108.057
242.399,207.036,133.161,108.057
222.957,212.252,133.161,108.057
196.876,222.210,133.161,108.057
181.228,219.839,133.161,108.057
176.960,205.139,133.161,108.057
177.434,177.162,133.161,108.057
175.063,169.101,133.161,108.057
176.486,183.801,133.161,108.057
202.566,184.275,133.161,108.057
237.182,179.059,133.161,108.057
232.915,206.088,133.161,108.057
218.215,260.620,133.161,108.057
231.018,315.152,133.161,108.057
278.912,339.336,133.161,108.057
304.497,324.857,136.107,110.447
283.656,293.353,136.107,110.447
243.427,257.001,136.107,110.447
203.198,227.436,136.107,110.447
187.203,222.104,136.107,110.447
192.535,237.129,136.107,110.447
197.866,254.093,136.107,110.447
196.412,254.578,136.107,110.447
204.652,235.675,136.107,110.447
209.014,211.926,136.107,110.447
208.529,195.931,136.107,110.447
202.498,196.218,139.118,112.891
199.030,212.566,139.118,112.891
210.425,226.933,139.118,112.891
237.672,222.475,139.118,112.891
255.011,212.071,139.118,112.891
268.387,216.530,139.118,112.891
299.598,231.887,139.118,112.891
333.781,241.300,139.118,112.891
355.084,240.805,139.118,112.891
355.579,228.419,139.118,112.891
338.240,212.071,139.118,112.891
310.002,205.631,139.118,112.891
292.662,209.098,139.118,112.891
291.176,211.576,139.118,112.891
290.681,212.071,139.118,112.891
285.231,220.493,139.118,112.891
275.818,234.860,139.118,112.891
267.397,243.282,139.118,112.891
275.818,244.768,139.118,112.891
280.277,246.254,139.118,112.891
257.665,255.799,142.196,115.389
224.751,266.433,142.196,115.389
212.091,254.786,142.196,115.389
229.814,234.025,142.196,115.389
256.652,213.264,142.196,115.389
267.286,203.643,142.196,115.389
257.665,215.289,142.196,115.389
240.954,232.000,142.196,115.389
237.410,242.633,142.196,115.389
241.967,247.191,142.196,115.389
262.728,246.684,142.196,115.389
276.400,243.140,142.196,115.389
267.792,235.544,142.196,115.389
258.171,230.987,142.196,115.389
266.779,233.519,142.196,115.389
283.490,235.038,142.196,115.389
285.009,224.404,142.196,115.389
270.324,209.719,142.196,115.389
254.626,201.111,142.196,115.389
257.158,195.541,142.196,115.389
263.741,197.060,142.196,115.389
249.056,197.567,142.196,115.389
220.193,194.022,142.196,115.389
204.496,187.439,142.196,115.389
212.091,186.933,142.196,115.389
223.652,183.029,145.342,117.942
204.502,182.512,145.342,117.942
159.473,187.170,145.342,117.942
142.393,194.934,145.342,117.942
185.352,197.522,145.342,117.942
247.978,199.074,145.342,117.942
281.621,199.592,145.342,117.942
286.279,200.109,145.342,117.942
280.585,201.662,145.342,117.942
262.470,195.969,145.342,117.942
222.617,189.240,145.342,117.942
194.151,187.688,145.342,117.942
195.703,189.240,145.342,117.942
207.608,190.793,145.342,117.942
211.231,187.170,145.342,117.942
200.362,183.547,145.342,117.942
197.774,179.924,145.342,117.942
203.467,179.406,145.342,117.942
220.547,176.819,145.342,117.942
250.049,165.950,145.342,117.942
266.093,150.940,145.342,117.942
252.119,149.387,145.342,117.942
242.285,158.186,145.342,117.942
256.259,155.598,145.342,117.942
282.656,147.835,145.342,117.942
295.595,150.422,145.342,117.942
284.726,181.994,145.342,117.942
266.611,222.883,145.342,117.942
260.918,242.033,145.342,117.942
261.435,232.199,145.342,117.942
255.742,212.014,145.342,117.942
246.943,194.934,145.342,117.942
231.934,193.381,145.342,117.942
222.100,198.039,145.342,117.942
215.371,197.522,145.342,117.942
220.029,193.899,145.342,117.942
239.180,186.135,145.342,117.942
261.435,176.301,145.342,117.942
270.234,176.819,145.342,117.942
267.646,181.477,145.342,117.942
271.269,191.311,145.342,117.942
272.822,204.250,145.342,117.942
268.164,222.365,145.342,117.942
259.365,234.269,145.342,117.942
256.777,230.646,145.342,117.942
263.506,217.707,145.342,117.942
271.269,203.732,145.342,117.942
268.681,189.758,145.342,117.942
251.601,176.819,145.342,117.942
240.732,176.301,145.342,117.942
232.969,186.135,145.342,117.942
221.065,200.109,145.342,117.942
219.512,221.330,145.342,117.942
242.803,234.269,145.342,117.942
279.550,223.400,145.342,117.942
304.911,206.320,145.342,117.942
302.324,192.346,145.342,117.942
300.771,184.582,145.342,117.942
316.816,180.959,145.342,117.942
334.931,177.336,145.342,117.942
344.765,172.678,145.342,117.942
344.247,165.950,145.342,117.942
320.956,172.678,145.342,117.942
304.911,184.582,145.342,117.942
325.097,188.205,145.342,117.942
368.055,184.582,145.342,117.942
399.627,180.959,145.342,117.942
408.426,183.547,145.342,117.942
414.119,192.346,145.342,117.942
426.024,195.969,145.342,117.942
438.963,189.240,145.342,117.942
434.305,177.336,145.342,117.942
409.979,176.819,145.342,117.942
372.196,187.688,145.342,117.942
334.413,195.451,145.342,117.942
314.228,198.039,145.342,117.942
320.956,194.416,145.342,117.942
332.860,188.723,145.342,117.942
346.835,175.783,145.342,117.942
355.634,171.125,145.342,117.942
347.870,176.819,145.342,117.942
339.071,190.793,145.342,117.942
332.343,201.662,145.342,117.942
309.052,198.039,145.342,117.942
267.128,186.135,145.342,117.942
226.275,185.896,142.243,115.427
201.454,188.429,142.243,115.427
207.026,190.961,142.243,115.427
217.664,189.442,142.243,115.427
222.222,183.870,142.243,115.427
202.467,185.389,142.243,115.427
192.843,200.079,142.243,115.427
207.533,215.781,142.243,115.427
244.510,226.419,142.243,115.427
262.239,228.951,142.243,115.427
241.471,227.432,142.243,115.427
205.507,221.860,142.243,115.427
180.686,216.288,142.243,115.427
176.128,211.729,142.243,115.427
205.000,209.196,142.243,115.427
256.804,208.963,139.209,112.965
283.078,212.433,139.209,112.965
279.608,216.894,139.209,112.965
245.402,219.373,139.209,112.965
190.376,215.903,139.209,112.965
145.264,213.424,139.209,112.965
127.913,208.963,139.209,112.965
144.273,197.561,139.209,112.965
171.538,188.142,139.209,112.965
185.914,183.680,139.209,112.965
193.350,184.176,139.209,112.965
210.603,187.769,136.241,110.556
233.405,188.255,136.241,110.556
251.356,191.651,136.241,110.556
254.752,198.928,136.241,110.556
244.564,202.324,136.241,110.556
234.376,210.572,136.241,110.556
227.098,221.731,136.241,110.556
226.613,233.860,136.241,110.556
230.979,235.315,136.241,110.556
238.257,216.394,136.241,110.556
244.564,190.680,136.241,110.556
242.138,194.077,136.241,110.556
237.772,212.998,136.241,110.556
229.524,230.949,136.241,110.556
218.365,240.167,136.241,110.556
205.266,237.741,136.241,110.556
203.810,223.671,136.241,110.556
210.117,202.809,136.241,110.556
212.038,192.298,133.335,108.198
221.059,197.521,133.335,108.198
239.577,216.038,133.335,108.198
249.548,233.607,133.335,108.198
246.224,236.930,133.335,108.198
238.153,226.959,133.335,108.198
240.527,211.290,133.335,108.198
247.649,201.319,133.335,108.198
253.190,202.015,130.492,105.891
258.301,206.197,130.492,105.891
261.932,205.087,127.709,103.633
262.387,200.994,127.709,103.633
269.208,196.901,127.709,103.633
279.668,194.627,127.709,103.633
286.490,187.805,127.709,103.633
286.035,172.797,127.709,103.633
276.485,168.704,127.709,103.633
265.116,179.164,127.709,103.633
271.028,204.177,127.709,103.633
294.221,225.552,127.709,103.633
309.229,219.640,127.709,103.633
297.860,191.898,127.709,103.633
275.575,177.800,127.709,103.633
259.842,187.234,124.986,101.423
263.848,199.251,124.986,101.423
279.425,208.598,124.986,101.423
284.321,214.384,124.986,101.423
279.425,209.488,124.986,101.423
278.980,190.349,124.986,101.423
269.634,168.540,124.986,101.423
275.420,164.534,124.986,101.423
299.009,177.442,124.986,101.423
306.575,186.789,124.986,101.423
286.547,180.112,124.986,101.423
250.495,170.766,124.986,101.423
223.345,171.211,124.986,101.423
227.351,171.656,124.986,101.423
244.709,165.870,124.986,101.423
261.177,159.193,124.986,101.423
264.293,155.188,124.986,101.423
244.264,153.852,124.986,101.423
214.443,156.968,124.986,101.423
197.085,169.875,124.986,101.423
192.189,180.112,124.986,101.423
179.282,186.789,124.986,101.423
158.363,197.025,124.986,101.423
151.687,206.372,124.986,101.423
166.374,202.366,124.986,101.423
185.513,186.789,124.986,101.423
193.970,181.002,124.986,101.423
185.513,181.448,124.986,101.423
170.825,193.465,124.986,101.423
174.831,201.921,124.986,101.423
192.189,196.135,124.986,101.423
199.756,176.997,124.986,101.423
208.212,158.748,124.986,101.423
229.131,150.292,124.986,101.423
245.599,155.188,124.986,101.423
246.044,173.436,124.986,101.423
240.942,192.106,122.320,99.260
237.022,190.799,122.320,99.260
232.230,169.456,122.320,99.260
221.340,142.013,122.320,99.260
206.095,137.222,122.320,99.260
211.757,151.596,122.320,99.260
228.745,173.811,122.320,99.260
238.764,182.088,122.320,99.260
248.783,173.811,122.320,99.260
264.899,158.566,122.320,99.260
274.918,152.903,122.320,99.260
280.581,162.922,122.320,99.260
274.918,176.425,122.320,99.260
249.218,180.345,122.320,99.260
201.739,171.198,122.320,99.260
167.327,161.179,122.320,99.260
157.309,158.130,122.320,99.260
155.131,165.535,122.320,99.260
160.793,172.069,122.320,99.260
170.914,173.547,119.712,97.143
194.361,168.005,119.712,97.143
226.334,160.758,119.712,97.143
242.959,156.922,119.712,97.143
248.501,154.790,119.712,97.143
246.370,153.511,119.712,97.143
239.123,160.758,119.712,97.143
231.023,174.826,119.712,97.143
223.776,188.042,119.712,97.143
202.034,196.994,119.712,97.143
170.914,200.831,119.712,97.143
139.794,199.552,119.712,97.143
118.053,194.010,119.712,97.143
113.364,189.320,119.712,97.143
128.284,188.894,119.712,97.143
151.731,185.057,119.712,97.143
175.177,176.958,119.712,97.143
192.656,170.563,119.712,97.143
211.839,167.579,119.712,97.143
231.023,166.300,119.712,97.143
236.565,159.053,119.712,97.143
226.760,142.427,119.712,97.143
206.724,144.559,119.712,97.143
194.361,150.953,119.712,97.143
205.871,153.937,119.712,97.143
226.760,154.364,119.712,97.143
239.123,149.674,119.712,97.143
251.485,138.164,119.712,97.143
258.733,135.180,119.712,97.143
258.306,138.164,119.712,97.143
249.354,147.969,119.712,97.143
241.254,166.300,119.712,97.143
236.565,181.221,119.712,97.143
239.549,182.500,119.712,97.143
244.238,178.663,119.712,97.143
252.338,173.974,119.712,97.143
258.733,163.316,119.712,97.143
276.211,154.364,119.712,97.143
297.952,160.758,119.712,97.143
319.694,178.237,119.712,97.143
323.530,199.978,119.712,97.143
299.231,219.162,119.712,97.143
266.406,227.261,119.712,97.143
249.192,216.381,117.159,95.072
253.782,190.097,117.159,95.072
247.523,170.488,117.159,95.072
236.259,172.574,117.159,95.072
247.523,193.018,117.159,95.072
267.967,211.792,117.159,95.072
263.377,217.216,117.159,95.072
258.788,200.945,117.159,95.072
265.046,176.329,117.159,95.072
264.629,174.243,117.159,95.072
271.106,201.395,114.661,93.044
278.047,218.953,114.661,93.044
285.173,211.680,112.215,91.060
294.364,189.702,112.215,91.060
294.764,189.302,112.215,91.060
288.770,205.686,112.215,91.060
290.768,214.877,112.215,91.060
287.970,208.084,112.215,91.060
267.591,190.901,112.215,91.060
244.813,180.910,112.215,91.060
242.815,190.101,112.215,91.060
258.400,209.682,112.215,91.060
268.390,218.873,112.215,91.060
276.781,211.281,112.215,91.060
281.177,192.499,112.215,91.060
287.171,184.107,112.215,91.060
305.953,194.897,112.215,91.060
315.144,200.891,112.215,91.060
296.362,198.094,112.215,91.060
258.400,184.907,112.215,91.060
230.028,170.920,112.215,91.060
229.298,176.128,109.822,89.118
221.868,187.469,109.822,89.118
204.269,194.118,109.822,89.118
211.699,196.855,109.822,89.118
244.942,192.554,109.822,89.118
260.976,190.598,109.822,89.118
242.595,196.464,109.822,89.118
214.046,203.113,109.822,89.118
216.784,206.633,109.822,89.118
256.283,201.549,109.822,89.118
279.357,190.207,109.822,89.118
273.491,181.994,109.822,89.118
258.238,183.168,109.822,89.118
242.204,187.469,109.822,89.118
247.288,194.900,109.822,89.118
294.609,198.420,109.822,89.118
342.713,194.900,109.822,89.118
349.361,187.469,109.822,89.118
334.109,180.821,109.822,89.118
306.255,177.625,107.480,87.218
259.177,181.070,107.480,87.218
236.595,195.997,107.480,87.218
254.584,209.393,107.480,87.218
287.883,216.665,107.480,87.218
305.107,212.455,107.480,87.218
291.711,198.293,107.480,87.218
259.943,193.317,107.480,87.218
236.595,205.182,107.480,87.218
243.868,218.579,107.480,87.218
263.387,218.196,107.480,87.218
272.956,200.972,107.480,87.218
267.980,186.811,107.480,87.218
256.881,193.317,107.480,87.218
253.436,208.244,107.480,87.218
270.660,211.689,107.480,87.218
289.414,202.120,107.480,87.218
305.872,185.662,107.480,87.218
321.565,179.156,107.480,87.218
343.381,200.972,107.480,87.218
354.481,219.727,107.480,87.218
357.160,220.109,107.480,87.218
355.246,201.355,107.480,87.218
351.036,181.070,107.480,87.218
352.184,172.266,107.480,87.218
358.691,177.242,107.480,87.218
356.777,181.452,107.480,87.218
343.381,185.662,107.480,87.218
310.027,193.037,109.858,89.147
278.339,197.340,109.858,89.147
263.082,195.384,109.858,89.147
247.824,186.386,109.858,89.147
220.831,169.564,109.858,89.147
189.142,160.566,109.858,89.147
166.843,173.476,109.858,89.147
175.059,189.516,109.858,89.147
214.571,189.125,109.858,89.147
256.431,171.520,109.858,89.147
277.948,149.221,109.858,89.147
276.774,147.265,109.858,89.147
271.906,165.355,112.289,91.120
286.701,186.548,112.289,91.120
304.695,185.349,112.289,91.120
302.696,172.153,112.289,91.120
273.505,174.152,112.289,91.120
226.721,200.144,112.289,91.120
199.930,224.536,112.289,91.120
211.526,230.534,112.289,91.120
231.119,224.536,112.289,91.120
226.721,212.939,112.289,91.120
204.728,207.741,112.289,91.120
195.531,222.536,112.289,91.120
203.831,249.324,114.773,93.136
219.771,271.803,114.773,93.136
233.258,271.395,114.773,93.136
241.841,257.907,114.773,93.136
256.964,231.341,114.773,93.136
273.721,216.218,114.773,93.136
275.765,224.801,114.773,93.136
285.096,238.612,117.313,95.196
317.263,239.030,117.313,95.196
345.253,225.244,117.313,95.196
337.454,197.752,119.908,97.303
296.889,181.953,119.908,97.303
242.844,197.268,122.561,99.455
222.331,233.493,122.561,99.455
234.115,247.896,122.561,99.455
254.628,229.129,122.561,99.455
270.776,199.887,122.561,99.455
270.340,200.323,122.561,99.455
281.251,207.743,122.561,99.455
315.668,206.190,125.273,101.656
357.156,202.175,125.273,101.656
367.416,204.405,125.273,101.656
333.958,214.666,125.273,101.656
277.495,221.409,128.045,103.905
233.029,216.948,130.878,106.204
208.327,202.500,130.878,106.204
203.201,186.188,130.878,106.204
218.581,179.197,130.878,106.204
236.757,179.663,130.878,106.204
254.168,181.873,133.773,108.554
275.604,183.302,133.773,108.554
298.947,183.779,133.773,108.554
301.915,177.141,136.733,110.955
282.925,172.759,136.733,110.955
262.962,172.272,136.733,110.955
246.894,176.654,136.733,110.955
237.642,180.063,136.733,110.955
242.025,180.550,136.733,110.955
253.224,177.141,136.733,110.955
250.789,177.628,136.733,110.955
240.564,182.010,136.733,110.955
254.684,197.105,136.733,110.955
298.020,212.199,136.733,110.955
333.385,213.498,139.758,113.410
323.929,207.028,139.758,113.410
293.570,200.558,139.758,113.410
257.428,195.689,142.850,115.920
224.363,196.197,142.850,115.920
205.541,196.706,142.850,115.920
209.766,195.951,146.011,118.484
224.845,196.471,146.011,118.484
230.564,190.752,146.011,118.484
242.523,181.913,146.011,118.484
250.323,176.193,146.011,118.484
246.010,172.185,149.241,121.106
236.088,171.397,152.543,123.785
238.346,170.591,155.918,126.524
232.238,167.815,155.918,126.524
208.363,166.149,155.918,126.524
181.157,174.478,155.918,126.524
171.943,184.023,159.368,129.323
188.401,189.131,159.368,129.323
193.509,186.293,159.368,129.323
175.916,177.780,159.368,129.323
156.053,186.293,159.368,129.323
144.135,209.562,159.368,129.323
135.895,225.206,162.894,132.185
132.994,229.267,162.894,132.185
131.254,222.886,162.894,132.185
138.795,213.025,162.894,132.185
154.457,205.484,162.894,132.185
165.479,204.903,162.894,132.185
173.908,207.654,166.498,135.109
180.430,209.433,166.498,135.109
185.766,205.282,166.498,135.109
178.058,197.575,166.498,135.109
164.529,197.925,170.182,138.098
153.014,210.652,170.182,138.098
149.245,211.010,173.947,141.154
144.107,198.524,177.796,144.277
132.287,192.329,181.729,147.469
125.169,198.154,181.729,147.469
131.887,213.308,185.750,150.732
139.163,221.907,185.750,150.732
131.887,221.245,185.750,150.732
118.165,214.774,189.860,154.067
112.080,205.985,189.860,154.067
113.487,200.773,194.061,157.475
114.925,206.918,198.354,160.960
111.394,217.513,198.354,160.960
109.932,217.931,202.743,164.521
106.322,215.765,202.743,164.521
110.821,208.701,207.228,168.161
100.107,199.951,211.813,171.881
82.895,192.571,216.500,175.684
50.904,197.827,221.290,179.571
37.507,204.919,221.290,179.571
