129.000,80.000,64.000,78.000
122.020,75.254,64.000,78.000
114.482,71.624,64.000,78.000
108.619,66.320,64.000,78.000
102.198,61.015,64.000,78.000
96.335,56.827,64.000,78.000
93.822,55.431,64.000,78.000
94.102,56.827,64.000,78.000
91.589,62.132,64.000,78.000
89.635,67.437,64.000,78.000
87.122,73.299,64.000,78.000
84.051,78.046,64.000,78.000
79.305,80.558,64.000,78.000
73.442,79.721,64.000,78.000
67.579,78.325,64.000,78.000
62.274,74.137,64.000,78.000
60.320,69.391,64.000,78.000
61.716,65.761,64.000,78.000
64.228,66.599,64.000,78.000
67.858,65.203,64.000,78.000
72.604,68.833,64.000,78.000
75.675,73.020,64.000,78.000
77.629,75.533,64.000,78.000
81.259,77.487,64.000,78.000
84.888,79.442,64.000,78.000
89.635,80.279,64.000,78.000
94.381,77.208,64.000,78.000
99.127,72.462,64.000,78.000
103.873,65.482,64.000,78.000
113.645,58.503,64.000,78.000
121.741,53.756,64.000,78.000
129.279,54.036,64.000,78.000
135.142,57.107,64.000,78.000
138.213,60.178,64.000,78.000
141.284,62.690,64.000,78.000
143.797,64.645,64.000,78.000
146.310,66.599,64.000,78.000
144.355,66.320,64.000,78.000
142.959,64.366,64.000,78.000
145.472,62.411,64.000,78.000
144.635,60.457,64.000,78.000
142.680,57.944,64.000,78.000
144.635,58.782,64.000,78.000
142.680,59.619,64.000,78.000
141.284,61.015,64.000,78.000
139.888,62.411,64.000,78.000
138.492,63.249,64.000,78.000
136.538,62.970,64.000,78.000
137.376,63.249,64.000,78.000
138.695,60.938,65.416,79.726
139.551,57.228,65.416,79.726
142.120,52.377,65.416,79.726
146.971,49.238,65.416,79.726
150.681,47.811,65.416,79.726
153.820,52.662,65.416,79.726
154.105,58.655,65.416,79.726
152.107,65.218,65.416,79.726
152.393,70.640,65.416,79.726
150.395,73.208,65.416,79.726
146.685,69.499,65.416,79.726
144.688,64.647,65.416,79.726
149.539,59.796,65.416,79.726
154.961,56.657,65.416,79.726
160.383,56.942,65.416,79.726
159.527,59.511,65.416,79.726
160.499,64.487,64.021,78.026
157.144,67.741,62.656,76.362
151.753,70.926,61.320,74.733
146.993,70.950,60.012,73.140
141.829,70.973,58.732,71.580
131.324,67.130,58.732,71.580
128.246,63.695,57.480,70.053
127.651,58.883,56.254,68.559
130.841,56.674,56.254,68.559
133.570,59.534,55.054,67.097
130.928,60.735,55.054,67.097
132.129,63.857,55.054,67.097
131.408,66.499,55.054,67.097
130.688,65.778,55.054,67.097
127.566,68.420,55.054,67.097
124.924,69.141,55.054,67.097
122.282,66.019,55.054,67.097
125.884,62.896,55.054,67.097
129.007,60.255,55.054,67.097
132.609,59.534,55.054,67.097
142.456,63.137,55.054,67.097
147.499,66.739,55.054,67.097
152.543,67.460,55.054,67.097
160.948,64.337,55.054,67.097
165.031,62.656,55.054,67.097
168.634,60.015,55.054,67.097
171.304,59.110,53.880,65.667
172.479,57.934,53.880,65.667
171.468,55.236,52.731,64.266
174.469,53.039,51.607,62.896
173.934,50.889,50.506,61.554
172.392,49.787,50.506,61.554
173.494,51.770,50.506,61.554
176.368,57.311,49.429,60.242
173.778,65.643,48.375,58.957
171.243,70.543,47.343,57.700
167.732,73.641,47.343,57.700
160.916,72.608,47.343,57.700
156.579,69.924,47.343,57.700
155.960,66.413,47.343,57.700
160.710,59.184,47.343,57.700
163.395,57.325,47.343,57.700
164.840,60.010,47.343,57.700
165.873,63.934,47.343,57.700
167.319,67.858,47.343,57.700
168.351,70.956,47.343,57.700
166.492,69.924,47.343,57.700
168.789,74.321,46.334,56.469
170.204,75.736,46.334,56.469
172.841,77.702,45.346,55.265
174.659,74.668,44.379,54.087
173.453,70.580,43.432,52.933
175.916,69.254,43.432,52.933
179.516,72.854,43.432,52.933
178.568,76.454,43.432,52.933
176.484,80.432,43.432,52.933
173.843,83.371,42.506,51.804
170.543,85.174,41.600,50.700
167.458,83.541,41.600,50.700
165.825,81.908,41.600,50.700
163.295,80.524,40.713,49.618
160.275,78.215,40.713,49.618
156.191,75.551,40.713,49.618
153.171,73.953,40.713,49.618
150.507,70.579,40.713,49.618
148.909,63.297,40.713,49.618
146.955,61.343,40.713,49.618
143.936,64.007,40.713,49.618
144.469,67.382,40.713,49.618
145.712,69.691,40.713,49.618
142.338,73.065,40.713,49.618
140.384,75.374,40.713,49.618
141.272,77.327,40.713,49.618
138.963,77.505,40.713,49.618
141.277,77.140,41.613,50.716
147.408,76.768,42.534,51.838
152.905,74.462,43.475,52.985
160.098,72.105,44.437,54.158
163.830,69.696,45.420,55.356
166.000,66.000,46.425,56.581
168.218,65.164,47.452,57.832
166.769,64.957,47.452,57.832
168.218,64.336,47.452,57.832
171.737,61.231,47.452,57.832
169.046,60.196,47.452,57.832
169.253,62.059,47.452,57.832
164.492,60.196,47.452,57.832
157.247,57.091,47.452,57.832
160.766,59.368,47.452,57.832
159.731,62.059,47.452,57.832
160.352,65.992,47.452,57.832
158.075,69.511,47.452,57.832
156.212,71.374,47.452,57.832
159.731,73.237,47.452,57.832
162.432,74.053,46.440,56.599
163.903,73.680,45.450,55.392
162.515,75.861,45.450,55.392
164.696,73.680,45.450,55.392
163.461,75.226,44.481,54.211
164.819,75.420,44.481,54.211
162.488,74.315,43.532,53.055
163.058,76.024,43.532,53.055
159.450,74.695,43.532,53.055
156.981,75.644,43.532,53.055
154.892,74.695,43.532,53.055
151.664,75.264,43.532,53.055
147.676,74.695,43.532,53.055
145.207,75.644,43.532,53.055
142.359,74.695,43.532,53.055
140.649,74.885,43.532,53.055
138.561,73.555,43.532,53.055
137.231,72.606,43.532,53.055
139.320,72.416,43.532,53.055
141.029,70.707,43.532,53.055
142.715,68.741,44.495,54.229
144.462,68.158,44.495,54.229
146.209,68.353,44.495,54.229
147.529,67.954,45.480,55.428
146.140,68.152,45.480,55.428
142.767,69.541,45.480,55.428
141.379,68.152,45.480,55.428
143.561,66.764,45.480,55.428
144.950,68.152,45.480,55.428
144.751,66.367,45.480,55.428
147.340,65.619,44.510,54.246
145.981,63.484,44.510,54.246
150.446,62.124,44.510,54.246
152.582,61.154,44.510,54.246
154.718,60.571,44.510,54.246
147.146,57.659,44.510,54.246
146.175,56.299,44.510,54.246
144.965,58.936,43.561,53.090
140.594,60.267,43.561,53.090
139.264,61.977,43.561,53.090
136.034,61.027,43.561,53.090
138.879,63.607,42.632,51.957
139.809,61.562,42.632,51.957
144.087,59.144,42.632,51.957
147.248,55.983,42.632,51.957
150.410,54.309,42.632,51.957
154.315,53.751,42.632,51.957
158.964,55.797,42.632,51.957
161.754,57.470,42.632,51.957
165.659,59.144,42.632,51.957
168.449,57.470,42.632,51.957
167.147,53.193,42.632,51.957
169.565,50.403,42.632,51.957
171.983,47.986,42.632,51.957
175.144,47.428,42.632,51.957
173.098,50.589,42.632,51.957
172.540,55.239,42.632,51.957
169.007,60.632,42.632,51.957
161.382,63.793,42.632,51.957
153.385,66.955,42.632,51.957
148.736,68.629,42.632,51.957
140.367,66.211,42.632,51.957
138.321,65.653,42.632,51.957
135.160,63.236,42.632,51.957
133.486,60.074,42.632,51.957
135.532,59.516,42.632,51.957
137.950,62.306,42.632,51.957
140.739,62.120,42.632,51.957
144.273,64.537,42.632,51.957
146.690,67.327,42.632,51.957
149.480,70.860,42.632,51.957
153.385,74.022,42.632,51.957
156.547,76.068,42.632,51.957
159.741,72.985,43.575,53.107
161.832,66.332,43.575,53.107
162.336,63.575,44.539,54.282
161.239,61.563,45.524,55.483
163.423,62.953,45.524,55.483
165.186,65.018,46.532,56.711
163.359,65.221,46.532,56.711
163.897,63.541,47.561,57.965
160.785,60.428,47.561,57.965
158.088,57.316,47.561,57.965
158.208,52.585,48.613,59.248
155.875,48.556,48.613,59.248
152.694,43.678,48.613,59.248
148.856,45.443,49.689,60.559
144.483,49.046,50.788,61.898
140.274,51.483,50.788,61.898
137.836,51.262,50.788,61.898
138.501,51.483,50.788,61.898
136.507,51.705,50.788,61.898
134.956,52.369,50.788,61.898
132.519,52.591,50.788,61.898
130.525,51.040,50.788,61.898
132.076,49.046,50.788,61.898
134.956,51.040,50.788,61.898
136.507,53.920,50.788,61.898
138.058,57.244,50.788,61.898
139.166,62.339,50.788,61.898
136.729,66.106,50.788,61.898
139.166,69.429,50.788,61.898
136.286,68.321,50.788,61.898
138.280,63.669,50.788,61.898
141.160,54.142,50.788,61.898
144.926,48.160,50.788,61.898
148.250,49.268,50.788,61.898
149.800,53.034,50.788,61.898
150.022,57.687,50.788,61.898
148.028,60.567,50.788,61.898
146.034,62.561,50.788,61.898
145.812,64.112,50.788,61.898
144.262,65.663,50.788,61.898
144.483,63.226,50.788,61.898
147.806,64.333,50.788,61.898
150.244,65.441,50.788,61.898
145.148,63.890,50.788,61.898
140.052,64.998,50.788,61.898
136.729,64.776,50.788,61.898
132.519,65.441,50.788,61.898
126.094,65.220,50.788,61.898
121.885,63.226,50.788,61.898
117.675,62.561,50.788,61.898
113.465,61.453,50.788,61.898
115.903,61.675,50.788,61.898
118.340,58.795,50.788,61.898
119.891,54.585,50.788,61.898
123.657,53.477,50.788,61.898
127.402,58.622,49.705,60.578
129.787,64.042,49.705,60.578
133.473,68.596,49.705,60.578
138.460,70.547,49.705,60.578
147.141,68.476,48.645,59.287
151.597,64.020,48.645,59.287
155.629,60.413,48.645,59.287
159.625,57.977,47.608,58.022
161.909,55.692,47.608,58.022
164.219,54.109,46.593,56.785
165.235,55.532,46.593,56.785
165.438,56.954,46.593,56.785
164.828,57.971,46.593,56.785
165.913,61.123,45.599,55.574
162.133,63.709,45.599,55.574
159.547,63.908,45.599,55.574
158.951,63.311,45.599,55.574
153.110,60.644,44.627,54.389
152.915,58.892,44.627,54.389
150.774,57.140,44.627,54.389
150.968,58.113,44.627,54.389
150.384,59.476,44.627,54.389
150.968,59.671,44.627,54.389
149.995,61.423,44.627,54.389
152.915,61.618,44.627,54.389
155.446,64.148,44.627,54.389
156.419,63.175,44.627,54.389
155.057,64.148,44.627,54.389
157.198,65.900,44.627,54.389
155.446,67.653,44.627,54.389
151.358,71.351,44.627,54.389
150.384,75.440,44.627,54.389
152.137,79.138,44.627,54.389
151.552,82.837,44.627,54.389
148.433,85.265,45.614,55.592
145.448,83.474,45.614,55.592
144.851,80.888,45.614,55.592
146.244,78.699,45.614,55.592
142.862,76.112,45.614,55.592
145.050,73.127,45.614,55.592
148.035,71.336,45.614,55.592
151.020,69.943,45.614,55.592
154.403,72.132,45.614,55.592
157.785,71.535,45.614,55.592
159.974,71.336,45.614,55.592
162.561,71.137,45.614,55.592
164.352,70.540,45.614,55.592
163.755,67.556,45.614,55.592
163.556,65.367,45.614,55.592
159.775,63.178,45.614,55.592
156.392,61.387,45.614,55.592
152.214,61.188,45.614,55.592
147.637,65.765,45.614,55.592
143.459,68.750,45.614,55.592
139.678,71.336,45.614,55.592
136.295,73.127,45.614,55.592
131.719,75.316,45.614,55.592
126.744,73.923,45.614,55.592
124.953,74.918,45.614,55.592
121.570,72.331,45.614,55.592
122.565,67.755,45.614,55.592
124.754,65.566,45.614,55.592
126.943,67.357,45.614,55.592
129.132,70.341,45.614,55.592
132.117,74.520,45.614,55.592
136.693,79.495,45.614,55.592
141.270,83.673,45.614,55.592
147.040,83.872,45.614,55.592
151.554,82.739,44.641,54.407
159.539,80.207,44.641,54.407
167.133,78.455,44.641,54.407
170.444,79.818,44.641,54.407
174.533,81.570,44.641,54.407
177.455,85.660,44.641,54.407
177.649,88.581,44.641,54.407
175.118,89.944,44.641,54.407
171.418,87.802,44.641,54.407
166.939,85.660,44.641,54.407
164.407,83.907,44.641,54.407
162.443,83.174,43.689,53.246
159.786,84.660,42.758,52.111
157.734,82.981,42.758,52.111
159.413,82.048,42.758,52.111
156.988,81.862,42.758,52.111
156.055,83.914,42.758,52.111
153.258,84.846,42.758,52.111
150.460,83.914,42.758,52.111
148.781,82.608,42.758,52.111
147.848,82.422,42.758,52.111
147.289,83.354,42.758,52.111
145.983,81.675,42.758,52.111
148.035,78.878,42.758,52.111
150.087,77.199,42.758,52.111
152.885,76.266,42.758,52.111
159.413,79.064,42.758,52.111
163.703,81.116,42.758,52.111
167.247,83.914,42.758,52.111
169.671,85.965,42.758,52.111
172.096,84.660,42.758,52.111
173.775,83.354,42.758,52.111
175.827,80.556,42.758,52.111
176.759,78.505,42.758,52.111
175.827,76.453,42.758,52.111
176.759,72.909,42.758,52.111
176.946,69.738,42.758,52.111
178.998,68.805,42.758,52.111
179.930,65.635,42.758,52.111
183.101,59.479,42.758,52.111
185.899,57.428,42.758,52.111
187.254,61.399,41.846,51.000
188.932,63.526,40.953,49.912
191.254,61.204,40.953,49.912
190.003,59.953,40.953,49.912
189.825,60.489,40.953,49.912
187.502,61.740,40.953,49.912
184.465,62.633,40.953,49.912
181.428,64.956,40.953,49.912
184.823,83.357,40.953,49.912
183.929,86.036,40.953,49.912
185.537,86.572,40.953,49.912
182.500,84.965,40.953,49.912
178.391,84.786,40.953,49.912
174.997,83.893,40.953,49.912
171.602,81.927,40.953,49.912
167.851,79.248,40.953,49.912
166.471,74.432,41.860,51.016
167.749,72.059,41.860,51.016
163.914,70.050,41.860,51.016
168.114,68.041,41.860,51.016
171.219,67.859,41.860,51.016
175.053,71.328,41.860,51.016
178.888,74.798,41.860,51.016
179.801,77.172,41.860,51.016
182.180,76.797,42.786,52.145
183.859,76.237,42.786,52.145
182.926,76.050,42.786,52.145
180.500,75.863,42.786,52.145
178.073,74.184,42.786,52.145
179.007,71.757,42.786,52.145
176.580,71.571,42.786,52.145
173.034,73.997,42.786,52.145
172.101,77.170,42.786,52.145
170.421,80.716,42.786,52.145
167.995,82.769,42.786,52.145
164.075,80.716,42.786,52.145
159.036,78.663,42.786,52.145
156.236,76.237,42.786,52.145
152.690,74.557,42.786,52.145
149.890,72.877,42.786,52.145
148.210,71.571,42.786,52.145
145.411,72.504,42.786,52.145
143.731,71.944,42.786,52.145
145.087,75.198,41.873,51.033
146.731,77.208,41.873,51.033
149.105,76.294,41.873,51.033
152.941,75.016,41.873,51.033
158.238,76.660,41.873,51.033
163.536,76.477,41.873,51.033
168.102,75.198,41.873,51.033
170.477,75.016,41.873,51.033
173.582,73.372,41.873,51.033
175.226,75.016,41.873,51.033
177.601,77.390,41.873,51.033
176.322,81.226,41.873,51.033
177.236,84.697,41.873,51.033
174.861,87.802,41.873,51.033
173.217,90.542,41.873,51.033
171.573,91.090,41.873,51.033
169.198,90.542,41.873,51.033
165.362,87.802,41.873,51.033
164.084,84.332,41.873,51.033
160.613,81.592,41.873,51.033
157.142,82.505,41.873,51.033
152.211,85.610,41.873,51.033
149.836,87.985,41.873,51.033
147.827,86.706,41.873,51.033
146.183,85.793,41.873,51.033
144.173,85.610,41.873,51.033
142.895,84.697,41.873,51.033
140.885,83.418,41.873,51.033
138.511,82.505,41.873,51.033
137.597,81.592,41.873,51.033
134.857,81.409,41.873,51.033
132.117,79.765,41.873,51.033
