288.000,143.000,35.000,42.000
289.666,141.637,35.000,42.000
291.634,140.880,35.000,42.000
293.602,140.729,35.000,42.000
295.268,139.972,35.000,42.000
296.025,139.215,35.000,42.000
296.479,138.760,35.000,42.000
297.539,138.609,35.000,42.000
297.994,138.760,35.000,42.000
298.751,139.820,35.000,42.000
298.902,140.577,35.000,42.000
299.659,140.426,35.000,42.000
298.902,142.091,35.000,42.000
297.842,141.334,35.000,42.000
296.782,140.274,35.000,42.000
297.236,141.032,35.000,42.000
297.691,141.789,35.000,42.000
298.145,141.032,35.000,42.000
296.782,142.091,35.000,42.000
296.934,143.151,35.000,42.000
297.388,144.211,35.000,42.000
296.631,145.271,35.000,42.000
295.874,146.331,35.000,42.000
295.117,147.391,35.000,42.000
293.451,147.845,35.000,42.000
292.391,147.391,35.000,42.000
292.240,148.451,35.000,42.000
292.088,148.300,35.000,42.000
291.634,149.057,35.000,42.000
291.483,149.511,35.000,42.000
290.423,147.845,35.000,42.000
290.574,149.511,35.000,42.000
291.634,148.754,35.000,42.000
292.088,149.208,35.000,42.000
291.634,148.451,35.000,42.000
292.391,147.694,35.000,42.000
292.845,146.634,35.000,42.000
293.905,146.483,35.000,42.000
294.360,147.543,35.000,42.000
293.602,146.180,35.000,42.000
294.360,147.543,35.000,42.000
294.208,146.180,35.000,42.000
294.057,146.937,35.000,42.000
293.602,146.785,35.000,42.000
294.662,146.634,35.000,42.000
294.511,145.271,35.000,42.000
293.754,146.937,35.000,42.000
292.997,147.694,35.000,42.000
291.634,147.543,35.000,42.000
290.877,148.602,35.000,42.000
290.726,149.360,35.000,42.000
290.574,150.117,35.000,42.000
290.120,149.662,35.000,42.000
289.363,149.511,35.000,42.000
289.211,150.571,35.000,42.000
289.363,151.025,35.000,42.000
289.211,152.085,35.000,42.000
288.757,153.145,35.000,42.000
289.514,154.205,35.000,42.000
289.363,154.659,35.000,42.000
289.514,153.599,35.000,42.000
290.271,154.054,35.000,42.000
289.514,153.599,35.000,42.000
289.968,152.842,35.000,42.000
291.331,152.994,35.000,42.000
292.088,152.236,35.000,42.000
292.543,152.994,35.000,42.000
293.602,153.448,35.000,42.000
294.360,153.902,35.000,42.000
295.419,153.145,35.000,42.000
296.782,154.205,35.000,42.000
298.751,154.962,35.000,42.000
301.022,155.416,35.000,42.000
302.990,156.476,35.000,42.000
306.776,158.142,35.000,42.000
309.956,160.413,35.000,42.000
313.438,166.318,35.000,42.000
315.104,172.224,35.000,42.000
315.861,178.129,35.000,42.000
317.829,184.640,35.000,42.000
318.889,189.637,35.000,42.000
318.132,194.028,35.000,42.000
315.558,197.813,35.000,42.000
313.287,200.387,35.000,42.000
309.804,202.659,35.000,42.000
305.716,201.902,35.000,42.000
300.416,200.539,35.000,42.000
296.328,197.056,35.000,42.000
291.937,190.848,35.000,42.000
288.151,183.126,35.000,42.000
283.760,172.375,35.000,42.000
282.095,161.019,35.000,42.000
281.035,150.571,35.000,42.000
281.489,142.849,35.000,42.000
282.852,136.338,35.000,42.000
284.820,132.855,35.000,42.000
286.183,129.372,35.000,42.000
286.940,128.918,35.000,42.000
289.817,130.887,35.000,42.000
291.786,134.369,35.000,42.000
293.451,141.183,35.000,42.000
295.117,149.208,35.000,42.000
297.085,160.262,35.000,42.000
299.356,172.224,35.000,42.000
301.325,184.186,35.000,42.000
301.173,192.211,35.000,42.000
300.113,197.208,35.000,42.000
297.842,197.965,35.000,42.000
293.754,194.785,35.000,42.000
286.637,187.971,35.000,42.000
279.218,179.946,35.000,42.000
271.798,171.315,35.000,42.000
264.984,163.593,35.000,42.000
255.445,157.990,35.000,42.000
248.026,157.233,35.000,42.000
244.543,158.596,35.000,42.000
241.666,159.353,35.000,42.000
238.608,161.559,35.774,42.929
237.215,164.809,35.774,42.929
238.299,172.083,35.774,42.929
240.311,175.334,35.774,42.929
243.870,177.346,35.774,42.929
247.430,174.405,35.774,42.929
254.395,168.679,35.774,42.929
262.288,160.785,35.774,42.929
271.729,152.583,35.774,42.929
280.860,145.308,35.774,42.929
288.975,141.783,36.566,43.879
296.093,139.410,36.566,43.879
302.263,138.619,36.566,43.879
308.259,140.267,37.375,44.850
314.888,143.016,37.375,44.850
318.669,148.727,38.202,45.842
322.801,156.164,38.202,45.842
325.941,166.245,38.202,45.842
327.098,177.318,38.202,45.842
326.602,184.425,38.202,45.842
325.445,188.557,38.202,45.842
323.296,190.375,38.202,45.842
319.826,188.557,38.202,45.842
316.355,184.756,38.202,45.842
310.240,176.988,38.202,45.842
305.447,168.890,38.202,45.842
301.316,159.469,38.202,45.842
296.523,150.379,38.202,45.842
291.730,143.273,38.202,45.842
287.929,139.472,38.202,45.842
282.805,137.654,38.202,45.842
279.996,139.141,38.202,45.842
276.195,141.290,38.202,45.842
273.715,146.743,38.202,45.842
272.559,153.519,38.202,45.842
271.402,160.957,38.202,45.842
270.245,166.741,38.202,45.842
268.427,168.890,38.202,45.842
266.609,169.716,38.202,45.842
265.452,168.229,38.202,45.842
263.965,166.080,38.202,45.842
261.486,162.940,38.202,45.842
259.007,159.800,38.202,45.842
255.205,155.668,38.202,45.842
253.718,152.528,38.202,45.842
254.544,150.710,38.202,45.842
257.022,150.402,37.387,44.865
260.419,153.799,37.387,44.865
261.875,157.196,37.387,44.865
263.007,163.504,37.387,44.865
264.139,169.812,37.387,44.865
264.948,175.796,37.387,44.865
265.757,182.428,37.387,44.865
265.595,187.765,37.387,44.865
266.404,188.574,37.387,44.865
265.595,186.148,37.387,44.865
265.433,181.457,37.387,44.865
265.271,174.502,37.387,44.865
267.374,167.547,37.387,44.865
268.506,163.504,37.387,44.865
271.580,160.430,37.387,44.865
275.947,158.004,37.387,44.865
282.255,157.519,37.387,44.865
289.533,158.975,37.387,44.865
296.165,161.401,37.387,44.865
303.443,165.445,37.387,44.865
308.457,168.841,37.387,44.865
311.531,170.297,37.387,44.865
312.986,169.812,37.387,44.865
312.178,168.356,37.387,44.865
309.428,168.841,37.387,44.865
304.737,169.326,37.387,44.865
300.694,173.047,37.387,44.865
297.944,178.708,37.387,44.865
295.841,185.663,37.387,44.865
293.739,192.618,37.387,44.865
289.372,198.926,37.387,44.865
282.416,202.970,37.387,44.865
274.814,204.102,37.387,44.865
268.830,201.029,37.387,44.865
265.110,194.074,37.387,44.865
264.624,185.824,37.387,44.865
266.404,177.575,37.387,44.865
269.800,170.297,37.387,44.865
276.432,167.224,37.387,44.865
283.710,166.415,37.387,44.865
292.283,168.518,37.387,44.865
301.179,174.826,37.387,44.865
309.428,181.457,37.387,44.865
313.148,189.383,37.387,44.865
314.916,195.431,38.214,45.857
312.106,198.242,38.214,45.857
308.964,200.060,38.214,45.857
305.162,199.895,38.214,45.857
298.384,195.101,38.214,45.857
290.283,187.992,38.214,45.857
280.859,184.189,38.214,45.857
273.089,180.717,38.214,45.857
266.641,180.221,38.214,45.857
263.170,181.379,38.214,45.857
260.690,183.528,38.214,45.857
260.524,186.338,38.214,45.857
261.682,187.496,38.214,45.857
264.823,185.346,38.214,45.857
268.625,181.213,38.214,45.857
275.073,175.758,38.214,45.857
279.537,172.616,38.214,45.857
282.347,173.443,38.214,45.857
282.182,175.262,38.214,45.857
282.017,177.080,38.214,45.857
282.513,179.891,38.214,45.857
284.331,182.701,38.214,45.857
283.505,183.528,38.214,45.857
281.355,181.379,38.214,45.857
277.222,177.246,38.214,45.857
273.089,168.483,38.214,45.857
267.303,161.044,38.214,45.857
262.508,156.249,38.214,45.857
258.375,151.455,38.214,45.857
254.242,150.298,38.214,45.857
250.770,151.124,38.214,45.857
248.290,153.274,38.214,45.857
244.819,155.423,38.214,45.857
242.008,160.548,38.214,45.857
238.536,166.995,38.214,45.857
238.371,172.782,38.214,45.857
239.859,173.939,38.214,45.857
242.339,173.112,38.214,45.857
245.149,168.979,38.214,45.857
248.290,164.185,38.214,45.857
252.424,157.076,38.214,45.857
258.541,152.612,38.214,45.857
264.327,149.802,38.214,45.857
269.783,148.644,38.214,45.857
275.569,148.149,38.214,45.857
279.371,147.322,38.214,45.857
282.182,148.149,38.214,45.857
281.355,149.967,38.214,45.857
280.198,152.778,38.214,45.857
276.726,154.266,38.214,45.857
272.593,151.124,38.214,45.857
266.145,145.669,38.214,45.857
260.359,138.890,38.214,45.857
256.226,133.104,38.214,45.857
248.456,128.310,38.214,45.857
240.024,125.499,38.214,45.857
227.294,129.632,38.214,45.857
210.597,139.056,38.214,45.857
192.907,148.810,38.214,45.857
177.862,160.878,38.214,45.857
167.447,175.262,38.214,45.857
161.330,187.992,38.214,45.857
163.149,195.101,38.214,45.857
164.306,201.548,38.214,45.857
165.463,204.689,38.214,45.857
167.282,202.210,38.214,45.857
169.100,196.093,38.214,45.857
169.927,191.298,38.214,45.857
172.407,183.528,38.214,45.857
179.185,178.072,38.214,45.857
182.657,175.262,38.214,45.857
188.113,176.419,38.214,45.857
192.576,179.560,38.214,45.857
197.371,185.346,38.214,45.857
198.859,189.480,38.214,45.857
200.677,195.927,38.214,45.857
203.488,201.383,38.214,45.857
209.605,206.508,38.214,45.857
211.093,212.625,38.214,45.857
204.645,218.081,38.214,45.857
200.512,220.560,38.214,45.857
198.363,219.073,38.214,45.857
199.520,213.948,38.214,45.857
201.008,208.822,38.214,45.857
200.181,205.351,38.214,45.857
201.338,203.532,38.214,45.857
203.818,205.020,38.214,45.857
204.645,207.831,38.214,45.857
202.826,212.294,38.214,45.857
202.000,216.758,38.214,45.857
201.173,219.899,38.214,45.857
201.008,220.726,38.214,45.857
199.851,216.923,38.214,45.857
200.346,210.145,38.214,45.857
200.842,202.044,38.214,45.857
202.000,196.919,38.214,45.857
200.512,193.117,38.214,45.857
199.355,190.637,38.214,45.857
197.536,191.463,38.214,45.857
197.701,192.290,38.214,45.857
197.867,194.439,38.214,45.857
197.371,198.242,38.214,45.857
196.213,203.036,38.214,45.857
196.048,208.492,38.214,45.857
195.552,206.343,38.214,45.857
197.371,202.210,38.214,45.857
198.859,197.084,38.214,45.857
199.685,193.282,38.214,45.857
199.520,191.463,38.214,45.857
199.355,192.290,38.214,45.857
199.189,193.778,38.214,45.857
198.032,196.919,38.214,45.857
198.859,201.714,38.214,45.857
200.677,206.839,38.214,45.857
199.850,213.617,38.214,45.857
197.371,219.734,38.214,45.857
194.560,222.875,38.214,45.857
196.379,223.040,38.214,45.857
198.528,218.907,38.214,45.857
197.701,211.137,38.214,45.857
195.883,202.705,38.214,45.857
194.064,195.927,38.214,45.857
190.262,191.133,38.214,45.857
183.817,186.363,37.399,44.879
179.449,186.201,37.399,44.879
177.669,184.422,37.399,44.879
177.831,185.878,37.399,44.879
174.109,188.952,37.399,44.879
169.417,196.557,37.399,44.879
166.990,204.161,37.399,44.879
169.094,209.824,37.399,44.879
169.579,212.898,37.399,44.879
170.757,214.468,36.602,43.922
173.133,211.776,36.602,43.922
175.191,207.818,36.602,43.922
175.350,205.443,36.602,43.922
176.458,205.918,36.602,43.922
180.733,205.759,36.602,43.922
187.226,207.818,36.602,43.922
190.868,213.360,36.602,43.922
197.677,218.585,36.602,43.922
207.969,221.277,36.602,43.922
219.529,226.820,36.602,43.922
228.238,228.878,36.602,43.922
239.164,225.869,36.602,43.922
251.673,217.160,36.602,43.922
258.482,205.601,36.602,43.922
265.608,196.892,36.602,43.922
274.634,190.399,36.602,43.922
283.343,187.391,36.602,43.922
290.785,185.332,36.602,43.922
294.427,187.391,36.602,43.922
294.586,191.350,36.602,43.922
292.527,197.842,36.602,43.922
289.519,205.284,36.602,43.922
285.243,216.527,36.602,43.922
277.484,223.969,36.602,43.922
267.192,227.295,36.602,43.922
254.365,229.987,36.602,43.922
238.055,231.412,36.602,43.922
221.746,232.837,36.602,43.922
207.653,235.529,36.602,43.922
197.993,238.537,36.602,43.922
192.134,240.913,36.602,43.922
186.909,242.021,36.602,43.922
176.616,243.129,36.602,43.922
163.790,239.487,36.602,43.922
156.981,231.095,36.602,43.922
156.506,219.536,36.602,43.922
159.831,206.393,36.602,43.922
168.541,196.417,36.602,43.922
178.517,193.091,36.602,43.922
186.592,195.150,36.602,43.922
197.518,200.375,36.602,43.922
209.078,208.134,36.602,43.922
221.904,219.694,36.602,43.922
234.413,231.253,36.602,43.922
248.190,243.446,36.602,43.922
263.549,250.255,36.602,43.922
275.426,252.630,36.602,43.922
286.985,252.155,36.602,43.922
302.661,248.830,36.602,43.922
316.754,242.971,36.602,43.922
331.164,237.112,36.602,43.922
346.841,233.787,36.602,43.922
358.400,230.778,36.602,43.922
367.426,229.670,36.602,43.922
372.651,230.145,36.602,43.922
372.810,231.570,36.602,43.922
369.168,233.312,36.602,43.922
360.775,235.687,36.602,43.922
346.366,241.546,36.602,43.922
327.839,248.988,36.602,43.922
306.462,255.481,36.602,43.922
287.302,258.806,36.602,43.922
268.142,256.431,36.602,43.922
252.148,251.205,36.602,43.922
237.739,243.129,36.602,43.922
221.493,237.340,35.821,42.986
208.630,231.916,35.821,42.986
199.797,227.732,35.821,42.986
195.923,222.308,35.821,42.986
195.458,218.124,35.821,42.986
197.162,216.419,35.821,42.986
200.417,217.194,35.821,42.986
207.081,217.349,35.821,42.986
212.814,219.054,35.821,42.986
220.098,220.138,35.821,42.986
232.961,218.124,35.821,42.986
248.613,213.630,35.821,42.986
258.376,207.586,35.821,42.986
266.589,201.542,35.821,42.986
274.183,197.048,35.821,42.986
285.186,190.694,35.821,42.986
292.160,188.989,35.821,42.986
298.514,191.004,35.821,42.986
305.797,193.638,35.821,42.986
312.771,199.682,35.821,42.986
319.435,207.276,35.821,42.986
327.028,218.279,35.821,42.986
333.692,228.042,35.821,42.986
339.426,234.706,35.821,42.986
343.920,237.650,35.821,42.986
346.245,235.635,35.821,42.986
351.669,229.592,35.821,42.986
353.363,222.202,36.614,43.937
351.937,215.391,36.614,43.937
350.195,211.748,36.614,43.937
347.502,208.422,36.614,43.937
341.007,206.362,36.614,43.937
334.830,207.471,36.614,43.937
326.751,210.481,36.614,43.937
315.822,216.975,36.614,43.937
304.575,224.737,36.614,43.937
293.646,235.983,36.614,43.937
282.083,242.161,36.614,43.937
269.886,241.686,36.614,43.937
257.689,235.191,36.614,43.937
245.809,228.697,36.614,43.937
235.513,221.252,36.614,43.937
225.851,215.391,36.614,43.937
214.287,210.481,36.614,43.937
205.259,207.471,36.614,43.937
196.863,205.412,36.614,43.937
190.369,204.620,36.614,43.937
186.092,205.412,36.614,43.937
184.033,206.204,36.614,43.937
186.726,202.561,36.614,43.937
191.319,195.433,36.614,43.937
197.981,186.894,37.424,44.909
210.448,175.399,37.424,44.909
224.857,170.380,37.424,44.909
240.886,166.980,37.424,44.909
255.422,169.003,38.252,45.902
267.875,174.847,39.098,46.918
276.164,178.738,39.098,46.918
283.437,184.658,39.098,46.918
289.357,192.270,39.098,46.918
291.218,199.205,39.098,46.918
292.064,201.742,39.098,46.918
291.218,199.543,39.098,46.918
288.681,194.976,39.098,46.918
284.114,187.026,39.098,46.918
281.576,177.385,39.098,46.918
279.716,168.758,39.098,46.918
275.487,162.838,39.098,46.918
270.243,162.669,39.098,46.918
267.706,166.559,39.098,46.918
266.184,170.788,39.098,46.918
267.706,177.385,39.098,46.918
270.582,184.320,39.098,46.918
275.487,192.946,39.098,46.918
277.686,202.926,39.098,46.918
279.208,210.876,39.098,46.918
279.716,213.413,39.098,46.918
280.561,212.229,39.098,46.918
283.099,204.956,39.098,46.918
287.666,192.270,39.098,46.918
290.880,179.245,39.098,46.918
291.387,169.604,39.098,46.918
289.865,160.639,39.098,46.918
287.666,152.012,39.098,46.918
288.850,143.724,39.098,46.918
287.327,137.127,39.098,46.918
284.114,135.943,39.098,46.918
277.517,136.451,39.098,46.918
270.243,137.635,39.098,46.918
263.985,139.495,39.098,46.918
256.373,143.386,39.098,46.918
252.145,147.276,39.098,46.918
247.916,149.813,39.098,46.918
241.657,154.380,39.098,46.918
235.399,161.654,39.098,46.918
228.802,168.589,39.098,46.918
222.205,177.215,39.098,46.918
217.977,185.842,39.098,46.918
215.439,193.115,39.098,46.918
213.737,196.713,38.264,45.917
212.909,199.196,38.264,45.917
214.399,195.058,38.264,45.917
221.848,185.953,38.264,45.917
231.946,174.531,38.264,45.917
237.078,161.122,38.264,45.917
238.568,148.375,38.264,45.917
236.747,138.608,38.264,45.917
235.257,129.504,38.264,45.917
235.423,123.379,38.264,45.917
235.588,121.558,38.264,45.917
234.430,124.372,38.264,45.917
231.284,130.166,38.264,45.917
227.146,137.615,38.264,45.917
226.318,148.375,38.264,45.917
227.808,159.136,38.264,45.917
229.960,171.220,38.264,45.917
231.781,182.642,38.264,45.917
234.264,189.430,38.264,45.917
234.430,191.582,38.264,45.917
231.615,192.409,38.264,45.917
225.821,189.595,38.264,45.917
219.365,182.808,38.264,45.917
215.558,175.028,38.264,45.917
211.750,171.551,38.264,45.917
203.639,169.730,38.264,45.917
197.183,171.220,38.264,45.917
194.369,173.041,38.264,45.917
195.196,176.517,38.264,45.917
193.706,180.987,38.264,45.917
193.541,186.450,38.264,45.917
194.038,190.919,38.264,45.917
194.534,195.389,38.264,45.917
195.693,194.561,38.264,45.917
196.521,190.423,38.264,45.917
198.011,182.642,38.264,45.917
201.487,174.200,38.264,45.917
205.294,166.750,38.264,45.917
209.102,163.936,38.264,45.917
212.247,164.764,38.264,45.917
215.368,164.456,37.448,44.938
221.038,168.182,37.448,44.938
224.440,173.852,37.448,44.938
224.602,180.171,37.448,44.938
226.384,186.813,37.448,44.938
227.842,194.104,37.448,44.938
225.736,202.366,37.448,44.938
221.686,209.009,37.448,44.938
218.181,212.143,36.650,43.980
214.852,213.570,36.650,43.980
212.156,209.606,36.650,43.980
211.046,200.885,36.650,43.980
209.619,188.676,36.650,43.980
208.510,177.102,36.650,43.980
210.571,167.747,36.650,43.980
208.827,158.709,36.650,43.980
204.863,152.843,36.650,43.980
201.850,148.879,36.650,43.980
198.203,145.866,36.650,43.980
196.142,146.025,36.650,43.980
197.569,148.086,36.650,43.980
195.825,153.635,36.650,43.980
196.618,159.819,36.650,43.980
198.996,166.637,36.650,43.980
202.643,174.406,36.650,43.980
205.656,183.761,36.650,43.980
210.888,192.164,36.650,43.980
213.583,197.714,36.650,43.980
215.010,195.970,36.650,43.980
219.291,190.103,36.650,43.980
223.572,177.894,36.650,43.980
227.279,165.070,37.461,44.953
231.007,152.591,37.461,44.953
238.624,141.409,37.461,44.953
246.889,133.468,37.461,44.953
251.351,124.395,38.290,45.948
252.818,116.153,39.137,46.964
257.051,113.614,39.137,46.964
268.733,110.058,39.137,46.964
271.638,105.498,40.003,48.003
271.465,110.517,40.003,48.003
269.047,117.707,40.888,49.065
269.513,126.156,41.792,50.151
267.162,140.440,41.792,50.151
263.004,153.277,41.792,50.151
261.377,167.199,41.792,50.151
259.026,174.973,41.792,50.151
254.249,177.232,42.717,51.260
250.738,176.678,42.717,51.260
251.991,167.866,43.662,52.395
248.780,153.321,43.662,52.395
245.569,145.199,43.662,52.395
246.891,136.699,43.662,52.395
249.740,131.220,44.628,53.554
252.651,125.620,45.616,54.739
257.190,123.054,45.616,54.739
262.623,124.291,46.625,55.950
265.665,127.230,47.656,57.188
