144.000,63.000,57.000,89.000
144.286,63.857,57.000,89.000
144.571,64.143,57.000,89.000
143.252,66.468,55.784,87.102
144.090,63.952,55.784,87.102
145.488,65.909,55.784,87.102
144.581,64.075,57.019,89.029
143.812,66.402,55.803,87.131
145.210,65.563,55.803,87.131
144.303,63.729,57.037,89.058
144.017,64.586,57.037,89.058
143.731,63.729,57.037,89.058
144.589,64.014,57.037,89.058
144.303,63.157,57.037,89.058
144.017,64.014,57.037,89.058
143.731,63.157,57.037,89.058
144.589,63.443,57.037,89.058
144.303,64.300,57.037,89.058
144.017,63.443,57.037,89.058
143.731,64.300,57.037,89.058
144.589,63.443,57.037,89.058
144.303,63.729,57.037,89.058
144.017,64.586,57.037,89.058
143.731,63.729,57.037,89.058
144.589,64.014,57.037,89.058
144.303,63.157,57.037,89.058
144.017,64.014,57.037,89.058
143.731,63.729,57.037,89.058
144.589,64.586,57.037,89.058
144.303,64.300,57.037,89.058
144.017,64.014,57.037,89.058
145.452,65.791,55.821,87.159
145.124,63.375,57.056,89.088
144.906,66.254,55.839,87.188
145.232,65.835,54.649,85.328
144.410,64.466,54.649,85.328
145.232,63.096,54.649,85.328
146.053,61.727,54.649,85.328
144.136,62.001,54.649,85.328
145.505,61.727,54.649,85.328
145.779,60.905,54.649,85.328
144.410,61.179,54.649,85.328
146.327,60.905,54.649,85.328
144.958,59.536,54.649,85.328
145.232,57.619,54.649,85.328
144.958,57.345,54.649,85.328
144.684,56.523,54.649,85.328
143.862,55.702,54.649,85.328
146.821,53.180,53.483,83.509
145.481,54.520,53.483,83.509
146.836,56.099,54.666,85.356
147.109,58.017,54.666,85.356
148.494,59.631,55.876,87.245
146.661,54.893,54.684,85.384
146.935,56.263,54.684,85.384
145.141,57.966,53.518,83.564
147.555,59.843,53.518,83.564
146.316,57.891,52.377,81.782
147.103,58.153,52.377,81.782
148.416,58.941,52.377,81.782
146.578,60.778,52.377,81.782
146.271,62.325,53.536,83.591
147.613,57.227,53.536,83.591
148.954,59.105,53.536,83.591
145.857,62.912,54.720,85.440
145.034,67.575,54.720,85.440
144.211,73.882,54.720,85.440
146.645,76.644,53.553,83.618
148.002,72.655,54.738,85.468
147.179,71.832,54.738,85.468
146.356,71.009,54.738,85.468
148.276,71.832,54.738,85.468
146.356,71.009,54.738,85.468
147.727,72.381,54.738,85.468
145.807,72.655,54.738,85.468
147.727,72.381,54.738,85.468
145.807,72.107,54.738,85.468
147.727,71.832,54.738,85.468
146.356,72.655,54.738,85.468
147.179,72.930,54.738,85.468
144.710,72.655,54.738,85.468
147.727,72.930,54.738,85.468
145.258,72.655,54.738,85.468
147.179,72.930,54.738,85.468
145.258,72.655,54.738,85.468
147.727,72.381,54.738,85.468
146.904,73.753,54.738,85.468
144.984,75.673,54.738,85.468
144.663,72.166,55.949,87.359
143.171,67.418,57.187,89.292
144.031,67.131,57.187,89.292
144.318,65.698,57.187,89.292
145.751,69.424,57.187,89.292
146.084,69.547,55.968,87.388
147.487,68.706,55.968,87.388
146.191,74.774,54.774,85.524
148.149,69.556,55.986,87.417
146.746,67.592,55.986,87.417
147.026,72.362,55.986,87.417
145.730,70.319,54.792,85.553
146.548,67.948,56.004,87.445
145.252,74.021,54.810,85.581
144.512,58.783,53.641,83.756
146.932,62.277,53.641,83.756
145.172,57.211,52.497,81.969
147.540,59.053,52.497,81.969
145.817,55.615,51.378,80.221
148.650,56.903,51.378,80.221
145.817,58.705,51.378,80.221
146.590,72.867,51.378,80.221
143.415,59.576,50.282,78.511
144.171,61.844,50.282,78.511
146.407,58.552,49.210,76.836
144.792,78.151,48.160,75.198
146.965,80.323,48.160,75.198
147.206,79.599,48.160,75.198
145.421,77.515,49.226,76.862
147.135,80.950,48.176,75.223
148.342,81.192,48.176,75.223
147.618,80.950,48.176,75.223
146.894,80.709,48.176,75.223
147.618,80.467,48.176,75.223
146.503,81.968,47.149,73.618
145.321,79.841,47.149,73.618
143.667,79.132,47.149,73.618
141.429,80.034,48.192,75.247
137.639,75.944,49.258,76.912
135.910,77.672,49.258,76.912
128.962,80.663,50.348,78.614
157.988,78.484,51.462,80.353
164.436,79.774,51.462,80.353
166.241,81.579,51.462,80.353
169.594,80.806,51.462,80.353
171.916,81.064,51.462,80.353
173.721,79.774,51.462,80.353
171.916,80.032,51.462,80.353
173.205,79.258,51.462,80.353
173.979,79.516,51.462,80.353
172.174,80.290,51.462,80.353
172.947,79.516,51.462,80.353
172.689,80.806,51.462,80.353
170.884,80.548,51.462,80.353
172.174,79.774,51.462,80.353
173.463,81.579,51.462,80.353
170.110,81.321,51.462,80.353
173.020,82.306,52.601,82.131
172.229,83.624,52.601,82.131
173.552,85.770,51.479,80.379
171.746,86.028,51.479,80.379
174.584,84.738,51.479,80.379
172.778,84.480,51.479,80.379
174.068,85.254,51.479,80.379
172.262,84.996,51.479,80.379
172.004,84.738,51.479,80.379
174.842,85.512,51.479,80.379
173.153,85.126,50.381,78.665
174.920,87.398,50.381,78.665
173.267,86.047,49.307,76.988
174.008,87.776,49.307,76.988
173.267,87.529,49.307,76.988
174.503,87.282,49.307,76.988
173.361,90.723,48.255,75.346
175.054,88.546,48.255,75.346
174.403,91.448,47.226,73.739
172.746,88.371,47.226,73.739
175.823,90.974,47.226,73.739
173.693,88.844,47.226,73.739
175.823,90.974,47.226,73.739
173.693,88.844,47.226,73.739
175.350,90.974,47.226,73.739
174.256,90.164,46.219,72.167
176.341,90.859,46.219,72.167
173.793,89.700,46.219,72.167
175.878,90.395,46.219,72.167
173.793,90.164,46.219,72.167
175.878,90.859,46.219,72.167
173.793,89.700,46.219,72.167
175.878,89.932,46.219,72.167
173.793,89.700,46.219,72.167
175.878,89.932,46.219,72.167
174.256,89.700,46.219,72.167
176.341,89.932,46.219,72.167
174.720,89.700,46.219,72.167
175.878,89.932,46.219,72.167
174.256,89.700,46.219,72.167
176.341,89.932,46.219,72.167
174.256,89.700,46.219,72.167
175.427,90.104,47.242,73.763
176.611,90.340,47.242,73.763
177.321,92.471,47.242,73.763
178.518,88.462,48.287,75.395
178.235,89.888,49.355,77.063
179.967,91.124,49.355,77.063
179.719,88.403,49.355,77.063
181.483,89.347,50.447,78.768
182.747,88.083,50.447,78.768
184.011,88.842,50.447,78.768
185.275,92.634,50.447,78.768
187.045,89.347,50.447,78.768
185.275,89.095,50.447,78.768
187.045,91.370,50.447,78.768
185.275,88.083,50.447,78.768
187.045,88.336,50.447,78.768
185.275,91.117,50.447,78.768
187.551,88.336,50.447,78.768
185.157,88.252,51.563,80.511
186.999,86.557,52.704,82.293
188.848,89.990,52.704,82.293
190.697,87.613,52.704,82.293
192.581,89.169,53.870,84.113
196.090,89.979,53.870,84.113
199.600,91.329,53.870,84.113
203.650,93.219,53.870,84.113
206.080,91.869,53.870,84.113
208.565,93.460,55.062,85.974
209.393,93.184,55.062,85.974
212.429,96.771,55.062,85.974
214.360,94.839,55.062,85.974
215.188,97.875,55.062,85.974
213.808,94.839,55.062,85.974
214.636,97.875,55.062,85.974
213.361,98.526,53.888,84.141
215.792,101.496,53.888,84.141
217.157,96.923,55.080,86.002
217.433,98.855,55.080,86.002
217.157,97.475,55.080,86.002
219.075,97.062,53.906,84.168
220.426,93.550,53.906,84.168
221.777,90.578,53.906,84.168
220.529,89.653,52.756,82.374
221.865,87.370,53.923,84.196
221.595,89.261,53.923,84.196
221.325,88.451,53.923,84.196
222.681,91.693,52.773,82.401
219.930,93.336,51.648,80.643
217.083,91.524,51.648,80.643
213.718,94.372,51.648,80.643
209.835,91.524,51.648,80.643
206.144,96.625,50.547,78.924
201.838,93.839,50.547,78.924
197.024,93.586,50.547,78.924
192.211,91.812,50.547,78.924
187.905,94.599,50.547,78.924
183.598,92.319,50.547,78.924
179.798,89.532,50.547,78.924
177.012,91.812,50.547,78.924
175.745,89.026,50.547,78.924
172.621,92.065,49.469,77.241
169.894,88.346,49.469,77.241
170.119,89.806,50.563,78.949
167.838,88.033,50.563,78.949
169.105,87.272,50.563,78.949
167.331,90.060,50.563,78.949
169.105,87.272,50.563,78.949
167.331,90.060,50.563,78.949
169.105,87.272,50.563,78.949
166.824,90.060,50.563,78.949
169.562,90.169,49.485,77.266
172.290,92.401,49.485,77.266
175.925,95.854,48.430,75.618
179.015,98.766,47.397,74.006
182.103,95.678,47.397,74.006
185.191,96.866,47.397,74.006
189.130,100.631,46.386,72.427
195.872,102.259,46.386,72.427
199.459,101.216,47.412,74.030
203.024,102.404,47.412,74.030
206.588,103.592,47.412,74.030
210.254,104.992,48.461,75.668
210.978,101.383,49.534,77.342
212.220,103.121,49.534,77.342
209.985,100.887,49.534,77.342
211.240,102.349,50.629,79.053
207.784,99.105,51.750,80.802
205.450,100.921,51.750,80.802
201.380,97.605,52.895,82.590
196.343,96.280,52.895,82.590
191.306,95.484,52.895,82.590
187.526,100.198,51.767,80.829
183.116,95.268,51.767,80.829
179.743,93.971,51.767,80.829
175.851,92.674,51.767,80.829
170.922,91.377,51.767,80.829
168.068,92.674,51.767,80.829
169.884,90.858,51.767,80.829
170.144,92.674,51.767,80.829
167.809,90.858,51.767,80.829
169.625,92.155,51.767,80.829
168.426,95.267,50.663,79.105
170.204,92.982,50.663,79.105
171.981,94.760,50.663,79.105
176.192,97.316,49.582,77.418
178.926,95.577,49.582,77.418
181.213,97.556,50.679,79.131
184.007,96.794,50.679,79.131
187.309,99.588,50.679,79.131
191.627,98.318,50.679,79.131
195.019,101.396,51.801,80.882
198.913,98.540,51.801,80.882
200.764,101.147,52.947,82.671
202.622,97.697,52.947,82.671
204.479,100.085,52.947,82.671
206.337,99.289,52.947,82.671
205.540,99.555,52.947,82.671
204.744,99.820,52.947,82.671
206.071,98.493,52.947,82.671
206.867,99.820,52.947,82.671
205.540,96.370,52.947,82.671
205.230,96.832,54.118,84.500
204.416,94.934,54.118,84.500
204.099,91.466,55.315,86.370
204.350,91.949,56.539,88.281
204.633,91.099,56.539,88.281
204.302,91.004,57.790,90.234
203.433,88.398,57.790,90.234
204.302,91.004,57.790,90.234
203.433,88.398,57.790,90.234
204.302,91.004,57.790,90.234
203.433,88.398,57.790,90.234
204.302,91.004,57.790,90.234
203.433,88.398,57.790,90.234
204.302,91.004,57.790,90.234
203.433,88.398,57.790,90.234
204.302,91.004,57.790,90.234
203.433,88.398,57.790,90.234
204.302,91.004,57.790,90.234
203.433,88.398,57.790,90.234
