110.000,101.000,30.000,91.000
111.613,103.074,30.000,91.000
111.844,101.461,30.000,91.000
111.613,101.230,30.000,91.000
110.564,99.506,30.664,93.013
110.800,102.569,30.664,93.013
110.564,105.632,30.664,93.013
111.447,103.381,31.342,95.071
110.725,103.140,31.342,95.071
110.002,102.899,31.342,95.071
110.725,104.103,31.342,95.071
112.627,101.303,32.036,97.175
110.904,102.041,32.036,97.175
114.103,100.810,32.036,97.175
111.888,99.580,32.036,97.175
115.875,95.185,32.744,99.325
120.152,91.914,32.744,99.325
124.429,88.644,32.744,99.325
104.554,96.443,32.744,99.325
99.774,97.198,32.744,99.325
99.522,97.952,32.744,99.325
99.774,97.198,32.744,99.325
98.516,95.940,32.744,99.325
99.270,97.198,32.744,99.325
97.437,99.954,32.046,97.207
94.236,99.708,32.046,97.207
95.765,101.931,31.363,95.134
94.009,102.248,30.694,93.105
94.245,102.484,30.694,93.105
94.009,101.777,30.694,93.105
94.109,103.906,30.039,91.119
93.416,102.752,30.039,91.119
94.570,102.521,30.039,91.119
94.801,101.829,30.039,91.119
94.109,100.213,30.039,91.119
92.955,100.906,30.039,91.119
93.186,99.290,30.039,91.119
89.262,99.059,30.039,91.119
86.261,98.367,30.039,91.119
85.569,99.059,30.039,91.119
84.415,99.752,30.039,91.119
84.184,100.906,30.039,91.119
83.492,102.060,30.039,91.119
82.338,103.214,30.039,91.119
80.261,103.906,30.039,91.119
79.568,103.675,30.039,91.119
79.338,102.983,30.039,91.119
78.645,103.214,30.039,91.119
79.338,103.445,30.039,91.119
80.030,101.829,30.039,91.119
80.895,102.497,30.704,93.135
83.269,104.627,30.049,91.149
84.423,105.320,30.049,91.149
84.192,103.704,30.049,91.149
82.576,101.626,30.049,91.149
82.807,100.010,30.049,91.149
82.114,101.164,30.049,91.149
80.498,101.857,30.049,91.149
80.729,102.087,30.049,91.149
79.575,101.395,30.049,91.149
78.882,101.626,30.049,91.149
79.575,101.395,30.049,91.149
80.267,102.549,30.049,91.149
79.113,101.857,30.049,91.149
80.457,102.525,30.714,93.166
79.277,101.345,30.714,93.166
79.041,102.525,30.714,93.166
77.861,99.929,30.714,93.166
76.681,99.693,30.714,93.166
75.502,98.985,30.714,93.166
74.794,98.277,30.714,93.166
76.445,100.401,30.714,93.166
76.545,101.622,30.059,91.179
75.853,100.929,30.059,91.179
76.545,100.698,30.059,91.179
77.238,101.391,30.059,91.179
78.393,99.312,30.059,91.179
77.700,99.543,30.059,91.179
77.931,100.698,30.059,91.179
77.238,100.929,30.059,91.179
77.469,98.389,30.059,91.179
77.700,100.005,30.059,91.179
76.545,100.236,30.059,91.179
77.238,100.929,30.059,91.179
78.393,101.160,30.059,91.179
80.010,101.853,30.059,91.179
79.779,103.470,30.059,91.179
78.162,102.315,30.059,91.179
77.931,102.084,30.059,91.179
77.700,100.467,30.059,91.179
75.622,100.698,30.059,91.179
75.391,100.929,30.059,91.179
76.084,101.160,30.059,91.179
76.776,100.467,30.059,91.179
75.622,100.698,30.059,91.179
74.929,100.929,30.059,91.179
76.084,101.160,30.059,91.179
75.391,100.467,30.059,91.179
75.160,100.698,30.059,91.179
74.467,101.391,30.059,91.179
73.312,98.851,30.059,91.179
74.929,100.467,30.059,91.179
73.774,100.698,30.059,91.179
74.467,101.391,30.059,91.179
76.084,100.236,30.059,91.179
76.315,100.929,30.059,91.179
76.545,100.698,30.059,91.179
77.238,101.853,30.059,91.179
77.931,103.008,30.059,91.179
77.700,101.853,30.059,91.179
75.622,102.084,30.059,91.179
75.391,100.467,30.059,91.179
73.312,100.698,30.059,91.179
73.081,99.543,30.059,91.179
71.003,98.851,30.059,91.179
69.848,99.082,30.059,91.179
70.079,97.465,30.059,91.179
69.848,95.848,30.059,91.179
69.155,96.079,30.059,91.179
69.848,94.463,30.059,91.179
68.231,93.770,30.059,91.179
68.924,94.924,30.059,91.179
67.769,94.232,30.059,91.179
69.848,95.848,30.059,91.179
70.079,96.079,30.059,91.179
71.234,95.386,30.059,91.179
73.312,96.541,30.059,91.179
74.929,97.234,30.059,91.179
