0.00646114
0.01518154
0.01337361
0.01338315
0.01326513
0.01321769
0.01316738
0.01319861
0.01331639
0.01331663
0.01310182
0.01337075
0.01328158
0.01315188
0.01320434
0.01316237
0.01325226
0.01324821
0.01332378
0.01335645
0.01322031
0.01335073
0.01321888
0.01332355
0.01319933
0.01323915
0.01322603
0.01321483
0.01318789
0.01326132
0.01334262
0.01325130
0.01331353
0.01353884
0.01317477
0.01339865
0.01327300
0.01338863
0.01320434
0.01328659
0.01301527
0.01336002
0.01312113
0.01319647
0.01316023
0.01333022
0.01323652
0.01325011
0.01331186
0.01315832
0.01333404
0.01297283
0.01328254
0.01341248
0.01318836
0.01314020
0.01316094
0.01334691
0.01337528
0.01502466
0.01358151
0.01317883
0.01330495
0.01332116
0.01315022
0.01316118
0.01301336
0.01325440
0.01329613
0.01328659
0.01333809
0.01320601
0.01333451
0.01307344
0.01335287
0.01316833
0.01345110
0.01330161
0.01315808
0.01330662
0.01308417
0.01335692
0.01304626
0.01331258
0.01317835
0.01317430
0.01324010
0.01330638
0.01317549
0.01322675
0.01315045
0.01329350
0.01328278
0.01330662
0.01327348
0.01321602
0.01322079
0.01325130
0.01330709
0.01318121
0.01326871
0.01329279
0.01316929
0.01314688
0.01318574
0.01311183
0.01308560
0.01319480
0.01341724
0.01319695
0.01328111
0.01319337
0.01329279
0.01334810
0.01296854
0.01323915
0.01319861
0.01328611
0.01324582
0.01314330
0.01278448
0.01340461
0.01318717
0.01322269
0.01343012
0.01315045
0.01317596
0.01312947
0.01313686
0.01332712
0.01329422
0.01332831
0.01327443
0.01331878
0.01332664
0.01329446
0.01304388
0.01319194
0.01314902
0.01314378
0.01313472
0.01324320
0.01297498
0.01315689
0.01327801
0.01328897
0.01325488
0.01342726
0.01336908
0.01331878
0.01296163
0.01329517
0.01333785
0.01341629
0.01329899
0.01320720
0.01312637
0.01325917
0.01314664
0.01334643
0.01320601
0.01330662
0.01343203
0.01317477
0.01313519
0.01315665
0.01305795
0.01319098
0.01313949
0.01323748
0.01318049
0.01309085
0.01315928
0.01320457
0.01324725
0.01329565
0.01322150
0.01307535
0.01329470
0.01329041
0.01326227
0.01325345
0.01324630
0.01332974
0.01317859
0.01326776
0.01320887
0.01337171
0.01309609
0.01321197
0.01310730
0.01314235
0.01328158
0.01319671
0.01326180
0.01322603
0.01324749
0.01318264
0.01315761
0.01314878
0.01332855
0.01316953
0.01348472
0.01314378
0.01332760
0.01328230
0.01321292
0.01329470
0.01317167
0.01335597
0.01319957
0.01321626
0.01330376
0.01326823
0.01324916
0.01332450
0.01330614
0.01315427
0.01310110
0.01309204
0.01315475
0.01312947
0.01319146
0.01341081
0.01315260
0.01314712
0.01352406
0.01329970
0.01321697
0.01324987
0.01315045
0.01314211
0.01317525
0.01334858
0.01316667
0.01323175
0.01327395
0.01323342
0.01313496
0.01351070
0.01319814
0.01314330
0.01315999
0.01312852
0.01329756
0.01342702
0.01324105
0.01329255
0.01331306
0.01311469
0.01316619
0.01322126
0.01328826
0.01298904
0.01319313
0.01328301
0.01316953
0.01279855
0.01313376
0.01327729
0.01310039
0.01323605
0.01315403
0.01315999
0.01328897
0.01299787
0.01318884
0.01327062
0.01312280
0.01324821
0.01323819
0.01326776
0.01317930
0.01298642
0.01315689
0.01333141
0.01316404
0.01342249
0.01319933
0.01329184
0.01312828
0.01326060
0.01313186
0.01325512
0.01314759
0.01320243
0.01275992
0.01332784
0.01328135
0.01316953
0.01311088
0.01322031
0.01328969
0.01329422
0.01329947
0.01320314
0.01318097
0.01315475
0.01332211
0.01304412
0.01337719
0.01308084
0.01331329
0.01314664
0.01319432
0.01312280
0.01319456
0.01313567
0.01329589
0.01309872
0.01322603
0.01314569
0.01317239
0.01309037
0.01309800
0.01344585
0.01329136
0.01311278
0.01318812
0.01310062
0.01334620
0.01331520
0.01320267
0.01333928
0.01330566
0.01305366
0.01325154
0.01316619
0.01317024
0.01359534
0.01319242
0.01329565
0.01325035
0.01319504
0.01317620
0.01328802
0.01325846
0.01319623
0.01336861
0.01326013
0.01332903
0.01344299
0.01329327
0.01323915
0.01315928
0.01334238
0.01331949
0.01323819
0.01314902
0.01335883
0.01318789
0.01324558
0.01318645
0.01342487
0.01309228
0.01333880
0.01315570
0.01317072
0.01321244
0.01321959
0.01330662
0.01325440
0.01336575
0.01325178
0.01323247
0.01322579
0.01323223
0.01323628
0.01325846
0.01319838
0.01332641
0.01322818
0.01336145
0.01320100
0.01312399
0.01326513
0.01335573
0.01334405
0.01312590
0.01327300
0.01346350
0.01327300
0.01290941
0.01320744
0.01326704
0.01335788
0.01326942
0.01332617
0.01326036
0.01322985
0.01337099
0.01326132
0.01323175
0.01324224
0.01297355
0.01316357
0.01306963
0.01315260
0.01320148
0.01334429
0.01324344
0.01323509
0.01321554
0.01321769
0.01324081
0.01363730
0.01311398
0.01336575
0.01332808
0.01334429
0.01332974
0.01338792
0.01344252
0.01332402
0.01317906
0.01336217
0.01313138
0.01333117
0.01318741
0.01357222
0.01319742
0.01335144
0.01325178
0.01312232
0.01324987
0.01322174
0.01334906
0.01329637
0.01332545
0.01317167
0.01346946
0.01327038
0.01326275
0.01328444
0.01333547
0.01327252
0.01326871
0.01338482
0.01315975
0.01324821
0.01341271
0.01328826
0.01311731
0.01330304
0.01329684
0.01322603
0.01322365
0.01332331
0.01321316
0.01321316
0.01283121
0.01325846
0.01319027
0.01321292
0.01337385
0.01325607
0.01327419
0.01324868
0.01326036
0.01351309
0.01317549
0.01322794
0.01322007
0.01334667
0.01278520
0.01335788
0.01338720
0.01330137
0.01325512
0.01350307
0.01321292
0.01339340
0.01329422
0.01341677
0.01327109
0.01320148
0.01324344
0.01324105
0.01315331
0.01326036
0.01318979
0.01321459
0.01336884
0.01329613
0.01324320
0.01328492
0.01328349
0.01321054
0.01333833
0.01343489
0.01328778
0.01329446
0.01319122
0.01334429
0.01336670
0.01314831
0.01339197
0.01330686
0.01318550
0.01328325
0.01328444
0.01330209
0.01325893
0.01311231
0.01315451
0.01313806
0.01334739
0.01333046
0.01314402
0.01327372
0.01319385
0.01317310
0.01332736
0.01323676
0.01325607
0.01332712
0.01332045
0.01312160
0.01317286
0.01324105
0.01330829
0.01332164
0.01315069
0.01324296
0.01324582
0.01324439
0.01330018
0.01326084
0.01315880
0.01313090
0.01315737
0.01325202
0.01326776
0.01316571
0.01332641
0.01319098
0.01330400
0.01332045
0.01323915
0.01325870
0.01318812
0.01320076
0.01313949
0.01316428
0.01324844
0.01317358
0.01331162
0.01336551
0.01318717
0.01329970
0.01342344
0.01314235
0.01325941
0.01310110
0.01313901
0.01316261
0.01313853
0.01312780
0.01321292
0.01336527
0.01327682
0.01318812
0.01330090
0.01334929
0.01326370
0.01325083
0.01325822
0.01302004
0.01328945
0.01333046
0.01328778
0.01324010
0.01332617
0.01327276
0.01292658
0.01328897
0.01325440
0.01334143
0.01309156
0.01322579
0.01312661
0.01318407
0.01320577
0.01323605
0.01312900
0.01313186
0.01291513
0.01321173
0.01300621
0.01320648
0.01304841
0.01323724
0.01318026
0.01305699
0.01319337
0.01322508
0.01313663
0.01314783
0.01321125
0.01325917
0.01334929
0.01282287
0.01322031
0.01324630
0.01323652
0.01311707
0.01349545
0.01313710
0.01310611
0.01321435
0.01330209
0.01353240
0.01325345
0.01323962
0.01302457
0.01306844
0.01323891
0.01318884
0.01316094
0.01329255
0.01339698
0.01331925
0.01305985
0.01332974
0.01334596
0.01315904
0.01315498
0.01326275
0.01315880
0.01310873
0.01309204
0.01317286
0.01323199
0.01316714
0.01317120
0.01321673
0.01325107
0.01320601
0.01302981
0.01315928
0.01339030
0.01325798
0.01335144
0.01331162
0.01310015
0.01318336
0.01329112
0.01315832
0.01332450
0.01324987
0.01310468
0.01338458
0.01328969
0.01335669
0.01293826
0.01306510
0.01315188
0.01318121
0.01323152
0.01320648
0.01313519
0.01330876
0.01328564
0.01316714
0.01311588
0.01326394
0.01309371
0.01332092
0.01319075
0.01326728
0.01282907
0.01324010
0.01315498
0.01321483
0.01315999
0.01349425
0.01316285
0.01306558
0.01314688
0.01315856
0.01329231
0.01329350
0.01328349
0.01300550
0.01309872
0.01319647
0.01343536
0.01335764
0.01316500
0.01318073
0.01293468
0.01327038
0.01325345
0.01317525
0.01325846
0.01313734
0.01326680
0.01312065
0.01330853
0.01321340
0.01319218
0.01323771
0.01339865
0.01294446
0.01323557
0.01313090
0.01311946
0.01313162
0.01318812
0.01301527
0.01298332
0.01315880
0.01331449
0.01345205
0.01320338
0.01322293
0.01319909
0.01323652
0.01326036
0.01322865
0.01318479
0.01313353
0.01328111
0.01285267
0.01310778
0.01319480
0.01332402
0.01325369
0.01354480
0.01336122
0.01335120
0.01302052
0.01330495
0.01303267
0.01318860
0.01321554
0.01308131
0.01318002
0.01296616
0.01308799
0.01308441
0.01303959
0.01313972
0.01317167
0.01301146
0.01310992
0.01319051
0.01305556
0.01306772
0.01300645
0.01305866
0.01321602
0.01329517
0.01317334
0.01327944
0.01307130
0.01311421
0.01307869
0.01311851
0.01324201
0.01311135
0.01307368
0.01331544
0.01342320
0.01311207
0.01305842
0.01334381
0.01311135
0.01309490
0.01313305
0.01321912
0.01312256
0.01330042
0.01324773
0.01328111
0.01335526
0.01331615
0.01317310
0.01307416
0.01312399
0.01296592
0.01304746
0.01300049
0.01325941
0.01306701
0.01317763
0.01297140
0.01311970
0.01315117
0.01319194
0.01326180
0.01296997
0.01296806
0.01309562
0.01321220
0.01330805
0.01328182
0.01320195
0.01328659
0.01316309
0.01334691
0.01311111
0.01338792
0.01325727
0.01319528
0.01311564
0.01303840
0.01314163
0.01312017
0.01330972
0.01312160
0.01332235
0.01311898
0.01325464
0.01322365
0.01309586
0.01303959
0.01347637
0.01321054
0.01338315
0.01293278
0.01316929
0.01305532
0.01326156
0.01329446
0.01314211
0.01316833
0.01315117
0.01306891
0.01317286
0.01313615
0.01327753
0.01326466
0.01325083
0.01325393
0.01330495
0.01305079
0.01326561
0.01312184
0.01330733
0.01326823
0.01351881
0.01342702
0.01329184
0.01344895
0.01310205
0.01322222
0.01302242
0.01296496
0.01314449
0.01314878
0.01329350
0.01317501
0.01319170
0.01333022
0.01325822
0.01328754
0.01327491
0.01326275
0.01311135
0.01303720
0.01300311
0.01322365
0.01326537
0.01313543
0.01336551
0.01325989
0.01328540
0.01352525
0.01336932
0.01316285
0.01327443
0.01314402
0.01325750
0.01325774
0.01312852
0.01353025
0.01318312
0.01327920
0.01325130
0.01333356
0.01326585
0.01305127
0.01321936
0.01319385
0.01315713
0.01302791
0.01334047
0.01304269
0.01326036
0.01311135
0.01333451
0.01320505
0.01322484
0.01325965
0.01334286
0.01323247
0.01318717
0.01308918
0.01317906
0.01316333
0.01317692
0.01314497
0.01317477
0.01313329
0.01321411
0.01324177
0.01310134
0.01319480
0.01324201
0.01311231
0.01324081
0.01312137
0.01314783
0.01307273
0.01332068
0.01346779
0.01322985
0.01320863
0.01327896
0.01329589
0.01332116
0.01337218
0.01320505
0.01313376
0.01329422
0.01322913
0.01332998
0.01298761
0.01318693
0.01325202
0.01325679
0.01338077
0.01326847
0.01322889
0.01328063
0.01343465
0.01324558
0.01320291
0.01354432
0.01332903
0.01335621
0.01313972
0.01315522
0.01324248
0.01335549
0.01323509
0.01340842
0.01333189
0.01313066
0.01307678
0.01315188
0.01315427
0.01332712
0.01317644
0.01337743
0.01315355
0.01340437
0.01334381
0.01364422
0.01355243
0.01348424
0.01333690
0.01360059
0.01333594
0.01357651
0.01319146
0.01359391
0.01346731
0.01337337
0.01328564
0.01368117
0.01336932
0.01367188
0.01359177
0.01351571
0.01341271
0.01337314
0.01345396
0.01352954
0.01344895
0.01344705
0.01284432
0.01343131
0.01318264
0.01379848
0.01347232
0.01355767
0.01333189
0.01353765
0.01340246
0.01354909
0.01341581
0.01368380
0.01352334
0.01349235
0.01334286
0.01348805
0.01349044
0.01355028
0.01345706
0.01359653
0.01343036
0.01346612
0.01332569
0.01349306
0.01355219
0.01354337
0.01339984
0.01367259
0.01351523
0.01364660
0.01331067
0.01356292
0.01327562
0.01367211
0.01358151
0.01361752
0.01323438
0.01351333
0.01345468
0.01364040
0.01331735
0.01354575
0.01343465
0.01363206
0.01343966
0.01358700
0.01345897
0.01349759
0.01332140
0.01350427
0.01331687
0.01371861
0.01338625
0.01363587
0.01344109
0.01352525
0.01343966
0.01363349
0.01340413
0.01361895
0.01334310
0.01352930
0.01320124
0.01357889
0.01334763
0.01355648
0.01305103
0.01354647
0.01326084
0.01357985
0.01342511
0.01348758
0.01344299
0.01366377
0.01345301
0.01354480
0.01332998
0.01356292
0.01351452
0.01365328
0.01349092
0.01347780
0.01347804
0.01341081
0.01347470
0.01348877
0.01344419
0.01347947
0.01325941
0.01360798
0.01341200
0.01355386
0.01329350
0.01364994
0.01335907
0.01359415
0.01325870
0.01346064
0.01331592
0.01348448
0.01332545
0.01365137
0.01336026
0.01357293
0.01337576
0.01338077
0.01338339
0.01341391
0.01323581
0.01343799
0.01320529
0.01329446
0.01340866
0.01340795
0.01354384
0.01341057
0.01332355
0.01317692
0.01326251
0.01316500
0.01317692
0.01333904
0.01319838
0.01340652
0.01314306
0.01335549
0.01351118
0.01314354
0.01335669
0.01308537
0.01316500
0.01310205
0.01315117
0.01330376
0.01276445
0.01324773
0.01311946
0.01321650
0.01322246
0.01326036
0.01340008
0.01323271
0.01330090
0.01306629
0.01312447
0.01323104
0.01313233
0.01317811
0.01317549
0.01327443
0.01323152
0.01337051
0.01314330
0.01334786
0.01307464
0.01331067
0.01315188
0.01314640
0.01330376
0.01315975
0.01325178
0.01320505
0.01320076
0.01331973
0.01321435
0.01331425
0.01331329
0.01317596
0.01325274
0.01329327
0.01311541
0.01314902
0.01312900
0.01329660
0.01328897
0.01329136
0.01334357
0.01314807
0.01302886
0.01335669
0.01345587
0.01332092
0.01322722
0.01337576
0.01310873
0.01330948
0.01327515
0.01325607
0.01321340
0.01323891
0.01335645
0.01339030
0.01324201
0.01338840
0.01334405
0.01334763
0.01325607
0.01307917
0.01307106
0.01327133
0.01331949
0.01335454
0.01311994
0.01338530
0.01324034
0.01318908
0.01310754
0.01334643
0.01337242
0.01315999
0.01313448
0.01331830
0.01329565
0.01314449
0.01323628
0.01327729
0.01315451
0.01321268
0.01331973
0.01332045
0.01321626
0.01309180
0.01312542
0.01326013
0.01332402
0.01310372
0.01328635
0.01328182
0.01328826
0.01335502
0.01333427
0.01330733
0.01324224
0.01310563
0.01318073
0.01324415
0.01327920
0.01332831
0.01320982
0.01293230
0.01327109
0.01313281
0.01332211
0.01323915
0.01308870
0.01331210
0.01315188
0.01351810
0.01318383
0.01326895
0.01325297
0.01329207
0.01295233
0.01327348
0.01314497
0.01336861
0.01322889
0.01314187
0.01344895
0.01325846
0.01328802
0.01323891
0.01317167
0.01310802
0.01318789
0.01323152
0.01298881
0.01304841
0.01318645
0.01331663
0.01302266
0.01320910
0.01331973
0.01313591
0.01312637
0.01316810
0.01320028
0.01349497
0.01321459
0.01316524
0.01302886
0.01319504
0.01318789
0.01322293
0.01306033
0.01335311
0.01315069
0.01312852
0.01329589
0.01326942
0.01313353
0.01325822
0.01317215
0.01327252
0.01322246
0.01326132
0.01325655
0.01306701
0.01336718
0.01325822
0.01310182
0.01314902
0.01321793
0.01310873
0.01315856
0.01329136
0.01328397
0.01331401
0.01310420
0.01313615
0.01319313
0.01320791
0.01299572
0.01320362
0.01289010
0.01318192
0.01298904
0.01320553
0.01303554
0.01314545
0.01315475
0.01318121
0.01312137
0.01318598
0.01314306
0.01318002
0.01309466
0.01310611
0.01314306
0.01302195
0.01309252
0.01313424
0.01304054
0.01304841
0.01319838
0.01298761
0.01305962
0.01294017
0.01297927
0.01289582
0.01299214
0.01317406
0.01311088
0.01306486
0.01301479
0.01308441
0.01294470
0.01306415
0.01308250
0.01299191
0.01300311
0.01303577
0.01308608
0.01311469
0.01315117
0.01333141
0.01317167
0.01321363
0.01312709
0.01313543
0.01297975
0.01306915
0.01298594
0.01321316
0.01307130
0.01324844
0.01304579
0.01338339
0.01300859
0.01319122
0.01315045
0.01299858
0.01292491
0.01297688
0.01321912
0.01329756
0.01329446
0.01310682
0.01295018
0.01325703
0.01318884
0.01306295
0.01315570
0.01298189
0.01317263
0.01310134
0.01310158
0.01306796
0.01309872
0.01324272
0.01295781
0.01313543
0.01322508
0.01338840
0.01296663
0.01311255
0.01313114
0.01300502
0.01306796
0.01317644
0.01299953
0.01321864
0.01323533
0.01297832
0.01317954
0.01299286
0.01300263
0.01314545
0.01273012
0.01302385
0.01295400
0.01313305
0.01293659
0.01302290
0.01334858
0.01304317
0.01296902
0.01300240
0.01298547
0.01308703
0.01291966
0.01297069
0.01310015
0.01294875
0.01300097
0.01308346
0.01294327
0.01310992
0.01291299
0.01292086
0.01291156
0.01305628
0.01286983
0.01304722
0.01295805
0.01327538
0.01315355
0.01291490
0.01283741
0.01280570
0.01306748
0.01311851
0.01302671
0.01309609
0.01289749
0.01299453
0.01294374
0.01314783
0.01306796
0.01292229
0.01310229
0.01292491
0.01303077
0.01281762
0.01298809
0.01298809
0.01308393
0.01313066
0.01308870
0.01316166
0.01329970
0.01302552
0.01282501
0.01304340
0.01301241
0.01285887
0.01282644
0.01310396
0.01292872
0.01312304
0.01300097
0.01290107
0.01290560
0.01281095
0.01294303
0.01304150
0.01286030
0.01290822
0.01297784
0.01290607
0.01290154
0.01292181
0.01290941
0.01290512
0.01292610
0.01299787
0.01281929
0.01304078
0.01307940
0.01305723
0.01307368
0.01298523
0.01293063
0.01298356
0.01301193
0.01270723
0.01283741
0.01288414
0.01288629
0.01286316
0.01293492
0.01313782
0.01295233
0.01297784
0.01287460
0.01305556
0.01306105
0.01304865
0.01303649
0.01293159
0.01300120
0.01292491
0.01291943
0.01306868
0.01307797
0.01279974
0.01304460
0.01290989
0.01310086
0.01311064
0.01300335
0.01296830
0.01298833
0.01297164
0.01286101
0.01292109
0.01301527
0.01286793
0.01298308
0.01299310
0.01312327
0.01298833
0.01318121
0.01312709
0.01287675
0.01291227
0.01293921
0.01299286
0.01307130
0.01305318
0.01306033
0.01297498
0.01299334
0.01289392
0.01294661
0.01296735
0.01332331
0.01289845
0.01286077
0.01291203
0.01273513
0.01311278
0.01303363
0.01286101
0.01302624
0.01313472
0.01312208
0.01294827
0.01288486
0.01292419
0.01289463
0.01294708
0.01307058
0.01290274
0.01329327
0.01303577
0.01310134
0.01310205
0.01318121
0.01287532
0.01308632
0.01321554
0.01305509
0.01279187
0.01309180
0.01291418
0.01295471
0.01293182
0.01307058
0.01315784
0.01282024
0.01290727
0.01295614
0.01302624
0.01289248
0.01289129
0.01307034
0.01309538
0.01306200
0.01315498
0.01300430
0.01286554
0.01289225
0.01304698
0.01300406
0.01330304
0.01289415
0.01310492
0.01296163
0.01287127
0.01299882
0.01288176
0.01293778
0.01295638
0.01300955
0.01284194
0.01284790
0.01304889
0.01295853
0.01287961
0.01279879
0.01297903
0.01324558
0.01292133
0.01291990
0.01289392
0.01303649
0.01309085
0.01296663
0.01294494
0.01308227
0.01301122
0.01291633
0.01304531
0.01291060
0.01294374
0.01290679
0.01306081
0.01295924
0.01310730
0.01310468
0.01295209
0.01307535
0.01306534
0.01289749
0.01299310
0.01289773
0.01326799
0.01324224
0.01298785
0.01305652
0.01297069
0.01306701
0.01289988
0.01305962
0.01291537
0.01290703
0.01288795
0.01269126
0.01295209
0.01294446
0.01310539
0.01303267
0.01323509
0.01309752
0.01330304
0.01300216
0.01291347
0.01291084
0.01308036
0.01293731
0.01276588
0.01288629
0.01302743
0.01315880
0.01314354
0.01293349
0.01295018
0.01289487
0.01302958
0.01288581
0.01306486
0.01288915
0.01309323
0.01270676
0.01326823
0.01288939
0.01305223
0.01303053
0.01284432
0.01304317
0.01283193
0.01306510
0.01307130
0.01286936
0.01315570
0.01302886
0.01307297
0.01283121
0.01305461
0.01295257
0.01301789
0.01278210
0.01320982
0.01302767
0.01299429
0.01286840
0.01305866
0.01308131
0.01288891
0.01283169
0.01305962
0.01293969
0.01319051
0.01300287
0.01291513
0.01295614
0.01288366
0.01305509
0.01306558
0.01296902
0.01290894
0.01289606
0.01303601
0.01301575
0.01310301
0.01308346
0.01292825
0.01292372
0.01287079
0.01303267
0.01312733
0.01306820
0.01287651
0.01289940
0.01291466
0.01296735
0.01313567
0.01310492
0.01304293
0.01293898
0.01310277
0.01295352
0.01286626
0.01289964
0.01286840
0.01289034
0.01308346
0.01295900
0.01312947
0.01304007
0.01294923
0.01290655
0.01318812
0.01272202
0.01282907
0.01288629
0.01299477
0.01306415
0.01302552
0.01316047
0.01293397
0.01286244
0.01329732
0.01302099
0.01307297
0.01299715
0.01287913
0.01304197
