0.00406361
0.01134276
0.01105738
0.01067281
0.01070213
0.01063585
0.01058841
0.01069856
0.01065087
0.01061487
0.01058388
0.01065469
0.01061463
0.01054716
0.01052427
0.01050901
0.01058245
0.01063251
0.01059842
0.01056695
0.01055837
0.01060557
0.01058388
0.01063156
0.01047397
0.01053977
0.01058578
0.01061583
0.01064658
0.01052403
0.01057053
0.01061320
0.01058698
0.01051426
0.01055408
0.01064944
0.01063824
0.01062298
0.01064467
0.01060891
0.01055431
0.01061893
0.01056886
0.01063228
0.01055288
0.01053166
0.01056314
0.01060534
0.01062346
0.01062870
0.01054072
0.01052833
0.01062393
0.01067591
0.01069784
0.01054597
0.01056862
0.01053429
0.01054502
0.01061392
0.01060009
0.01051617
0.01066399
0.01078248
0.01062083
0.01064420
0.01057124
0.01051998
0.01060963
0.01057506
0.01050973
0.01040792
0.01056123
0.01049089
0.01064277
0.01054335
0.01051211
0.01055169
0.01056004
0.01052284
0.01049733
0.01049304
0.01056147
0.01056933
0.01067972
0.01052880
0.01052117
0.01060200
0.01051831
0.01055837
0.01053381
0.01050854
0.01061463
0.01056147
0.01061296
0.01037931
0.01045871
0.01052880
0.01053309
0.01060724
0.01055455
0.01045823
0.01058936
0.01054859
0.01048732
0.01049948
0.01051617
0.01043153
0.01061368
0.01044989
0.01045394
0.01053905
0.01053548
0.01037216
0.01050568
0.01052237
0.01047945
0.01050425
0.01050329
0.01042032
0.01046348
0.01038480
0.01045561
0.01070571
0.01040483
0.01052499
0.01055479
0.01037550
0.01040196
0.01051331
0.01047635
0.01052880
0.01046681
0.01046228
0.01042533
0.01047826
0.01031995
0.01032782
0.01040363
0.01044536
0.01050186
0.01047134
0.01032686
0.01049590
0.01050019
0.01037812
0.01040745
0.01050615
0.01046181
0.01051879
0.01037812
0.01045609
0.01044106
0.01060510
0.01047730
0.01044083
0.01051378
0.01043963
0.01048660
0.01046300
0.01037741
0.01038098
0.01043677
0.01037836
0.01039433
0.01048541
0.01047373
0.01049232
0.01040483
0.01027489
0.01042986
0.01050282
0.01042581
0.01033115
0.01042128
0.01046419
0.01038766
0.01049447
0.01047707
0.01044059
0.01057982
0.01040220
0.01038742
0.01045823
0.01045847
0.01040125
0.01045537
0.01045847
0.01043940
0.01049018
0.01048541
0.01041722
0.01054835
0.01049519
0.01048470
0.01048279
0.01046324
0.01048326
0.01051354
0.01042056
0.01040745
0.01054907
0.01049709
0.01053238
0.01047969
0.01041698
0.01047826
0.01053691
0.01059389
0.01042414
0.01048326
0.01048374
0.01045942
0.01049447
0.01047277
0.01058912
0.01055169
0.01041722
0.01046014
0.01046348
0.01053524
0.01052117
0.01056147
0.01049662
0.01048470
0.01055384
0.01053166
0.01055932
0.01055288
0.01042747
0.01045251
0.01046395
0.01052094
0.01062942
0.01048183
0.01044130
0.01039839
0.01050138
0.01043773
0.01068950
0.01054382
0.01056290
0.01059914
0.01060891
0.01048326
0.01053476
0.01055741
0.01055074
0.01050353
0.01042962
0.01058340
0.01055861
0.01052427
0.01045847
0.01057935
0.01047683
0.01054263
0.01043987
0.01047230
0.01049447
0.01048541
0.01054835
0.01046419
0.01052475
0.01057410
0.01053309
0.01056099
0.01038504
0.01052094
0.01058865
0.01050377
0.01060677
0.01049662
0.01046586
0.01053572
0.01051235
0.01054049
0.01047492
0.01036358
0.01057005
0.01053047
0.01051116
0.01046562
0.01047444
0.01053023
0.01049304
0.01055074
0.01056409
0.01054621
0.01055574
0.01052141
0.01057553
0.01056004
0.01050210
0.01060414
0.01061249
0.01051283
0.01045465
0.01050329
0.01052499
0.01049614
0.01062155
0.01051974
0.01045418
0.01047158
0.01062512
0.01053214
0.01047826
0.01050186
0.01051474
0.01046300
0.01053643
0.01045370
0.01048493
0.01043987
0.01051426
0.01052284
0.01043892
0.01056790
0.01052403
0.01051855
0.01045203
0.01044059
0.01053548
0.01050901
0.01048493
0.01049256
0.01044321
0.01053190
0.01057267
0.01049423
0.01042414
0.01063275
0.01056719
0.01058173
0.01061535
0.01042199
0.01046658
0.01057220
0.01038289
0.01054668
0.01043153
0.01041937
0.01055169
0.01046824
0.01044059
0.01050234
0.01044703
0.01046562
0.01052547
0.01051164
0.01048374
0.01045227
0.01049376
0.01046753
0.01038146
0.01055956
0.01044297
0.01047754
0.01053286
0.01043105
0.01044917
0.01050353
0.01049566
0.01040363
0.01042175
0.01047444
0.01038337
0.01042175
0.01045465
0.01048517
0.01054335
0.01050639
0.01039195
0.01042867
0.01049066
0.01045728
0.01048446
0.01038790
0.01043105
0.01048470
0.01049876
0.01037121
0.01043534
0.01039481
0.01044130
0.01049304
0.01039577
0.01049614
0.01049042
0.01050568
0.01057291
0.01043916
0.01051426
0.01049209
0.01062727
0.01053548
0.01042986
0.01049781
0.01043391
0.01052928
0.01052403
0.01050305
0.01045346
0.01041365
0.01033473
0.01042867
0.01050353
0.01042962
0.01052284
0.01070762
0.01045084
0.01046062
0.01049352
0.01051068
0.01043320
0.01045322
0.01050711
0.01050520
0.01052022
0.01036716
0.01051736
0.01067233
0.01051402
0.01042080
0.01049137
0.01045632
0.01036406
0.01054406
0.01032543
0.01042628
0.01048374
0.01040530
0.01049471
0.01034236
0.01046968
0.01042390
0.01053667
0.01045132
0.01047921
0.01053476
0.01050711
0.01049972
0.01047969
0.01049280
0.01044774
0.01055121
0.01042700
0.01038265
0.01043963
0.01040101
0.01046848
0.01047421
0.01041150
0.01034188
0.01050591
0.01041365
0.01039267
0.01045966
0.01048517
0.01044965
0.01045704
0.01041126
0.01049662
0.01048946
0.01044011
0.01041198
0.01053143
0.01039815
0.01040888
0.01041889
