0.00445366
0.01153994
0.01102901
0.01080298
0.01074147
0.01070881
0.01075983
0.01078320
0.01081753
0.01084471
0.01082277
0.01081991
0.01077223
0.01073217
0.01086140
0.01081681
0.01080012
0.01072717
0.01072073
0.01067233
0.01079726
0.01068139
0.01059961
0.01063943
0.01075220
0.01071095
0.01078367
0.01067805
0.01072049
0.01071095
0.01076865
0.01067114
0.01066947
0.01066303
0.01073217
0.01072097
0.01073503
0.01075459
0.01074767
0.01068234
0.01067734
0.01067901
0.01069546
0.01075530
0.01072693
0.01067495
0.01070118
0.01067352
0.01081514
0.01067853
0.01062536
0.01066399
0.01062727
0.01074600
0.01071072
0.01074934
0.01072955
0.01070309
0.01096916
0.01081991
0.01086831
0.01078129
0.01066232
0.01069021
0.01066613
0.01068687
0.01070380
0.01069140
0.01071644
0.01078987
0.01066637
0.01067019
0.01073074
0.01073790
0.01074481
0.01071739
0.01067591
0.01071405
0.01057744
0.01069570
0.01068282
0.01067686
0.01076674
0.01080990
0.01072550
0.01069307
0.01069689
0.01118279
0.01075459
0.01099896
0.01071405
0.01072192
0.01078749
0.01079607
0.01077867
0.01083350
0.01074791
0.01081562
0.01094913
0.01082206
0.01074123
0.01078153
0.01076651
0.01076174
0.01085949
0.01082969
0.01083779
0.01080060
0.01077962
0.01083159
0.01079988
0.01084495
0.01087642
0.01080227
0.01073265
0.01080871
0.01072717
0.01081991
0.01104999
0.01075840
0.01071525
0.01077247
