0.00489974
0.01138616
0.01189756
0.01126289
0.01071167
0.01062250
0.01062465
0.01058149
0.01050711
0.01047945
0.01061940
0.01055264
0.01058769
0.01058722
0.01065898
0.01074338
0.01103544
0.01092100
0.01065135
0.01054645
0.01062346
0.01052403
0.01057529
0.01058197
0.01061368
0.01057339
0.01058960
0.01063442
0.01055861
0.01061559
0.01067114
0.01064944
0.01063585
0.01053762
0.01061106
0.01057339
0.01061964
0.01054382
0.01056170
0.01058149
0.01066518
0.01055145
0.01056290
0.01064634
0.01056433
0.01050401
0.01053858
0.01052451
0.01037192
0.01049209
0.01053858
0.01050758
0.01056838
0.01062298
0.01050258
0.01049137
0.01056910
0.01061177
0.01077604
0.01054740
0.01051426
0.01051426
0.01055956
0.01061082
0.01057887
0.01049733
0.01052284
0.01043224
0.01050186
0.01063991
0.01054883
0.01052594
0.01062989
0.01062536
0.01064992
0.01055479
0.01059437
0.01054716
0.01055598
0.01045322
0.01059055
0.01050925
0.01061130
0.01057100
0.01062679
0.01082134
0.01046157
0.01049328
0.01047945
0.01054192
0.01057053
0.01050234
0.01060557
0.01061583
0.01061034
0.01053166
0.01049829
0.01059723
0.01060081
0.01068592
0.01067805
0.01083565
0.01068878
0.01068306
0.01069069
0.01072693
0.01068854
0.01071072
0.01066351
0.01063585
0.01083803
0.01060987
0.01059604
0.01063085
0.01063991
0.01066709
0.01071739
0.01070237
0.01076579
0.01072073
0.01070857
0.01072907
0.01076531
0.01073909
0.01067567
0.01065135
0.01068521
0.01064634
0.01068735
0.01073694
0.01068592
0.01065445
0.01061678
0.01069427
0.01068187
0.01067472
0.01067567
0.01062942
0.01059008
0.01064110
0.01055002
0.01079464
0.01062250
0.01116800
0.01113319
0.01061797
0.01062608
0.01060224
0.01070309
0.01071405
0.01067352
0.01065564
0.01065779
0.01069546
0.01065993
0.01060915
0.01064563
0.01060843
0.01060104
0.01056767
0.01059341
0.01063728
0.01059461
0.01058912
0.01062155
0.01071906
0.01061726
0.01053023
0.01057196
0.01061416
0.01056576
0.01054335
0.01058006
0.01054072
0.01054955
0.01056552
0.01055717
0.01054978
0.01048708
0.01053834
0.01056743
0.01048541
0.01049995
0.01061940
0.01056623
0.01063991
0.01142550
0.01082563
0.01058316
0.01055598
0.01050615
0.01047206
0.01056957
0.01060629
0.01050735
0.01049113
0.01057053
0.01052451
0.01053786
0.01054835
0.01061296
0.01051044
0.01038742
0.01053429
0.01043248
0.01055193
0.01055694
0.01056862
0.01050138
0.01059127
0.01060963
0.01050091
0.01056290
0.01058674
0.01056767
0.01054358
0.01058912
0.01060796
0.01066208
0.01052737
0.01050186
0.01047659
0.01055717
0.01051736
0.01052523
0.01058388
0.01060224
0.01058388
0.01057982
0.01118922
0.01100612
0.01052976
0.01058340
0.01058006
0.01059318
0.01058006
0.01054096
0.01054430
0.01052833
0.01055264
0.01068664
0.01055169
0.01056480
0.01052165
0.01048636
0.01050138
0.01057649
0.01047754
0.01049662
0.01062489
0.01055098
0.01046371
0.01049376
0.01047945
0.01047421
0.01057696
0.01054811
0.01053286
0.01053762
0.01046824
0.01049733
0.01055026
0.01055312
0.01055026
0.01058388
0.01051354
0.01060915
0.01054382
0.01058674
0.01049304
0.01046062
0.01053762
0.01099277
0.01088524
0.01061749
0.01062441
0.01051402
0.01060820
0.01060939
0.01053667
0.01054835
0.01057649
0.01062059
0.01055503
0.01063824
0.01057887
0.01053667
0.01060104
0.01055789
0.01054573
0.01048565
0.01052761
0.01048160
