197.000,203.000,170.000,149.000
190.096,206.138,170.000,149.000
197.000,209.276,170.000,149.000
212.690,209.904,170.000,149.000
227.125,210.531,170.000,149.000
239.050,207.393,170.000,149.000
252.230,208.021,170.000,149.000
266.628,203.117,173.761,152.297
262.138,196.060,173.761,152.297
233.270,182.589,173.761,152.297
189.007,175.532,173.761,152.297
160.139,180.023,173.761,152.297
150.517,171.683,173.761,152.297
165.271,167.193,173.761,152.297
196.705,172.966,173.761,152.297
244.817,180.023,173.761,152.297
294.212,187.079,173.761,152.297
308.967,192.853,173.761,152.297
285.231,198.626,173.761,152.297
234.553,196.702,173.761,152.297
186.441,199.909,173.761,152.297
161.422,192.853,173.761,152.297
155.649,181.947,173.761,152.297
163.988,172.325,173.761,152.297
177.460,169.117,173.761,152.297
190.931,173.608,173.761,152.297
200.554,171.683,173.761,152.297
212.742,178.740,173.761,152.297
221.082,193.494,173.761,152.297
219.157,222.362,173.761,152.297
231.346,251.229,173.761,152.297
240.968,262.135,173.761,152.297
232.629,248.663,173.761,152.297
219.157,236.475,173.761,152.297
203.120,223.003,173.761,152.297
190.931,195.419,173.761,152.297
195.422,176.815,173.761,152.297
206.327,182.589,173.761,152.297
227.497,210.173,173.761,152.297
249.949,235.192,173.761,152.297
259.571,242.248,173.761,152.297
253.798,232.626,173.761,152.297
242.892,202.475,173.761,152.297
211.459,174.891,173.761,152.297
167.196,167.834,173.761,152.297
134.479,173.608,173.761,152.297
124.857,185.796,173.761,152.297
131.913,199.268,173.761,152.297
142.819,198.626,173.761,152.297
161.422,195.419,173.761,152.297
191.573,198.626,173.761,152.297
211.459,201.834,173.761,152.297
236.478,214.022,173.761,152.297
261.496,235.192,173.761,152.297
277.533,243.531,173.761,152.297
288.439,240.324,173.761,152.297
269.835,231.984,173.761,152.297
216.591,205.683,173.761,152.297
167.196,181.947,173.761,152.297
176.818,187.721,173.761,152.297
212.101,181.947,173.761,152.297
238.402,182.589,173.761,152.297
255.713,194.724,170.056,149.049
268.897,202.886,170.056,149.049
274.547,218.581,170.056,149.049
267.641,243.066,170.056,149.049
255.713,256.250,170.056,149.049
248.807,261.901,170.056,149.049
253.201,252.483,170.056,149.049
236.250,241.811,170.056,149.049
211.765,236.160,170.056,149.049
203.604,230.510,170.056,149.049
209.254,222.348,170.056,149.049
219.927,214.187,170.056,149.049
228.088,202.258,170.056,149.049
222.438,171.495,170.056,149.049
236.959,155.535,166.429,145.870
249.862,154.921,166.429,145.870
262.765,178.884,166.429,145.870
270.753,210.220,166.429,145.870
266.452,241.556,166.429,145.870
256.006,267.976,166.429,145.870
227.128,261.217,166.429,145.870
197.021,234.797,166.429,145.870
171.829,209.605,166.429,145.870
162.613,183.185,166.429,145.870
170.601,171.511,166.429,145.870
182.275,177.041,166.429,145.870
192.720,203.461,166.429,145.870
197.021,236.026,166.429,145.870
192.720,262.446,166.429,145.870
190.877,260.603,166.429,145.870
198.864,250.158,166.429,145.870
212.996,227.424,166.429,145.870
225.899,205.919,166.429,145.870
225.285,211.449,166.429,145.870
217.297,218.207,166.429,145.870
212.996,207.762,166.429,145.870
202.551,197.317,166.429,145.870
178.588,183.185,166.429,145.870
164.456,173.968,166.429,145.870
174.902,181.956,166.429,145.870
207.466,196.088,166.429,145.870
237.573,207.762,166.429,145.870
233.272,220.665,166.429,145.870
216.683,237.255,166.429,145.870
170.601,247.700,166.429,145.870
131.892,238.483,166.429,145.870
122.675,210.834,166.429,145.870
133.120,188.100,166.429,145.870
160.770,181.341,166.429,145.870
205.776,194.149,162.880,142.760
234.039,204.372,162.880,142.760
241.856,200.162,162.880,142.760
235.242,189.940,162.880,142.760
214.195,172.501,162.880,142.760
185.933,162.279,162.880,142.760
164.886,170.096,162.880,142.760
160.677,164.684,162.880,142.760
176.913,150.853,162.880,142.760
226.823,141.834,162.880,142.760
275.530,134.016,162.880,142.760
290.564,129.807,162.880,142.760
282.746,131.611,162.880,142.760
255.687,138.226,162.880,142.760
215.398,162.880,162.880,142.760
190.743,191.142,162.880,142.760
184.129,208.581,162.880,142.760
190.743,213.993,162.880,142.760
198.561,198.960,162.880,142.760
209.986,177.913,162.880,142.760
228.627,164.083,162.880,142.760
235.241,162.279,162.880,142.760
231.032,170.096,162.880,142.760
218.404,179.116,162.880,142.760
192.547,170.096,162.880,142.760
169.096,149.050,162.880,142.760
155.265,138.827,162.880,142.760
129.408,139.428,162.880,142.760
122.793,160.475,162.880,142.760
146.245,171.900,162.880,142.760
176.913,167.691,162.880,142.760
211.188,159.873,162.880,142.760
251.477,165.285,162.880,142.760
274.929,179.116,162.880,142.760
269.517,191.744,162.880,142.760
256.889,199.561,162.880,142.760
232.235,201.365,162.880,142.760
205.175,197.156,162.880,142.760
168.494,202.568,162.880,142.760
149.853,198.358,162.880,142.760
162.481,191.744,162.880,142.760
190.743,181.521,162.880,142.760
205.776,153.259,162.880,142.760
213.594,124.996,162.880,142.760
227.424,114.774,162.880,142.760
250.876,122.591,162.880,142.760
258.693,147.246,162.880,142.760
267.713,163.481,162.880,142.760
274.328,168.893,162.880,142.760
271.321,167.089,162.880,142.760
269.517,171.299,162.880,142.760
261.700,177.913,162.880,142.760
238.248,192.946,162.880,142.760
218.404,213.993,162.880,142.760
216.600,223.013,162.880,142.760
224.418,212.790,162.880,142.760
233.437,189.338,162.880,142.760
241.255,174.305,162.880,142.760
250.275,165.285,162.880,142.760
260.497,170.697,162.880,142.760
265.132,183.232,159.407,139.715
251.596,194.413,159.407,139.715
226.291,209.126,159.407,139.715
215.109,220.307,159.407,139.715
205.105,226.781,159.407,139.715
195.100,228.547,159.407,139.715
199.220,219.719,159.407,139.715
212.755,199.121,159.407,139.715
246.300,178.524,159.407,139.715
290.438,169.696,159.407,139.715
312.212,164.400,159.407,139.715
298.677,170.873,159.407,139.715
266.309,178.524,159.407,139.715
218.640,184.997,159.407,139.715
173.325,190.294,159.407,139.715
160.967,197.944,159.407,139.715
165.086,204.418,159.407,139.715
189.215,196.767,159.407,139.715
215.698,180.878,159.407,139.715
241.003,163.811,159.407,139.715
268.663,159.692,159.407,139.715
299.854,167.342,159.407,139.715
325.159,173.816,159.407,139.715
315.155,181.466,159.407,139.715
265.132,176.170,159.407,139.715
203.339,168.519,159.407,139.715
172.148,167.931,159.407,139.715
179.799,164.988,159.407,139.715
207.459,159.692,159.407,139.715
217.463,152.041,159.407,139.715
209.813,154.984,159.407,139.715
217.463,182.643,159.407,139.715
228.645,230.312,159.407,139.715
245.711,273.273,159.407,139.715
252.185,296.224,159.407,139.715
245.711,294.459,159.407,139.715
236.884,267.976,159.407,139.715
223.348,237.963,159.407,139.715
210.990,210.303,159.407,139.715
215.109,193.236,159.407,139.715
239.238,189.117,159.407,139.715
269.251,190.882,159.407,139.715
294.557,197.356,159.407,139.715
299.854,205.006,159.407,139.715
289.849,212.657,159.407,139.715
266.897,222.662,159.407,139.715
255.716,231.489,159.407,139.715
248.065,223.839,159.407,139.715
238.061,212.657,159.407,139.715
225.702,200.298,159.407,139.715
213.344,179.701,159.407,139.715
203.339,159.103,159.407,139.715
213.344,156.161,159.407,139.715
242.180,166.165,159.407,139.715
255.716,180.878,159.407,139.715
265.720,207.360,159.407,139.715
274.337,232.069,162.934,142.806
268.923,253.123,162.934,142.806
251.479,263.349,162.934,142.806
226.816,269.965,162.934,142.806
211.778,259.740,162.934,142.806
200.349,242.295,162.934,142.806
194.936,214.024,162.934,142.806
206.364,185.752,162.934,142.806
217.793,152.668,162.934,142.806
247.268,123.194,162.934,142.806
274.337,120.186,162.934,142.806
284.563,129.209,162.934,142.806
294.788,138.232,162.934,142.806
298.999,153.270,162.934,142.806
288.773,173.120,162.934,142.806
276.141,194.173,162.934,142.806
256.291,212.821,162.934,142.806
234.035,227.859,162.934,142.806
217.878,233.144,166.538,145.966
191.440,223.921,166.538,145.966
161.314,207.321,166.538,145.966
152.091,189.491,166.538,145.966
179.759,176.579,166.538,145.966
209.885,159.979,166.538,145.966
228.945,153.216,166.538,145.966
240.627,162.438,166.538,145.966
244.931,176.579,166.538,145.966
229.560,188.261,166.538,145.966
209.271,196.254,166.538,145.966
206.196,195.639,166.538,145.966
236.323,199.943,166.538,145.966
265.220,190.720,166.538,145.966
276.902,177.809,166.538,145.966
288.584,166.127,166.538,145.966
308.873,155.675,166.538,145.966
315.637,152.601,166.538,145.966
302.725,160.594,166.538,145.966
268.909,175.964,166.538,145.966
238.783,195.024,166.538,145.966
243.086,201.787,166.538,145.966
233.864,203.632,166.538,145.966
216.034,200.558,166.538,145.966
203.122,206.091,166.538,145.966
212.345,206.706,166.538,145.966
253.241,196.799,170.223,149.196
309.172,188.629,170.223,149.196
361.332,184.230,170.223,149.196
403.437,187.372,170.223,149.196
396.524,189.257,170.223,149.196
349.653,181.739,173.989,152.496
292.415,183.384,177.839,155.870
243.173,195.859,177.839,155.870
214.942,204.394,177.839,155.870
207.720,206.364,177.839,155.870
214.046,203.596,174.046,152.546
205.693,196.528,174.046,152.546
210.190,192.030,174.046,152.546
224.969,188.817,174.046,152.546
256.454,192.030,174.046,152.546
287.939,197.813,174.046,152.546
300.323,196.343,170.335,149.293
292.148,193.199,170.335,149.293
266.366,192.570,170.335,149.293
224.233,184.395,170.335,149.293
174.554,166.158,170.335,149.293
144.998,144.148,170.335,149.293
154.431,120.881,170.335,149.293
163.863,105.160,170.335,149.293
151.915,117.108,170.335,149.293
138.709,161.756,170.335,149.293
128.019,207.662,170.335,149.293
133.679,237.218,170.335,149.293
141.854,254.197,170.335,149.293
144.998,247.280,170.335,149.293
148.142,247.908,170.335,149.293
156.317,246.022,170.335,149.293
172.038,221.497,170.335,149.293
183.986,190.683,170.335,149.293
190.904,163.643,170.335,149.293
201.594,163.014,170.335,149.293
217.315,179.993,170.335,149.293
225.490,200.745,170.335,149.293
218.573,203.889,170.335,149.293
209.140,183.137,170.335,149.293
209.769,156.097,170.335,149.293
222.975,142.891,170.335,149.293
233.665,129.685,170.335,149.293
224.233,117.737,170.335,149.293
216.058,117.108,170.335,149.293
222.975,106.418,170.335,149.293
226.963,93.675,174.103,152.596
217.321,118.742,174.103,152.596
210.251,186.232,174.103,152.596
214.750,224.155,174.103,152.596
216.678,235.082,174.103,152.596
209.608,226.726,174.103,152.596
205.109,214.514,174.103,152.596
209.608,197.159,174.103,152.596
203.823,170.806,174.103,152.596
207.037,141.882,174.103,152.596
215.114,130.191,177.955,155.973
231.538,133.476,177.955,155.973
259.789,132.819,177.955,155.973
284.097,128.220,177.955,155.973
286.068,128.877,177.955,155.973
277.527,136.104,177.955,155.973
272.928,147.272,177.955,155.973
263.074,150.557,177.955,155.973
237.451,157.784,177.955,155.973
205.259,180.778,177.955,155.973
184.893,206.401,177.955,155.973
177.666,220.197,177.955,155.973
182.265,223.482,177.955,155.973
175.930,218.180,174.160,152.646
174.001,203.391,174.160,152.646
177.216,198.891,174.160,152.646
188.147,204.677,174.160,152.646
210.651,207.892,174.160,152.646
238.299,202.105,174.160,152.646
281.378,192.461,174.160,152.646
318.809,183.434,178.014,156.024
339.182,174.891,178.014,156.024
329.324,166.347,178.014,156.024
302.379,160.432,178.014,156.024
266.233,162.404,178.014,156.024
228.773,155.175,178.014,156.024
201.828,157.146,178.014,156.024
193.284,161.747,178.014,156.024
182.112,161.089,178.014,156.024
172.254,168.319,178.014,156.024
173.694,172.729,181.952,159.476
186.457,170.714,181.952,159.476
213.018,159.890,185.978,163.004
239.795,152.337,185.978,163.004
266.573,146.158,185.978,163.004
291.977,134.486,185.978,163.004
295.410,118.694,185.978,163.004
279.618,115.261,185.978,163.004
265.200,124.187,185.978,163.004
270.006,149.591,185.978,163.004
265.200,180.488,185.978,163.004
254.901,216.878,185.978,163.004
240.733,240.007,190.093,166.611
228.803,235.094,190.093,166.611
221.083,223.164,190.093,166.611
216.171,211.233,190.093,166.611
215.469,197.899,190.093,166.611
214.767,185.969,190.093,166.611
208.451,175.442,190.093,166.611
202.135,163.511,190.093,166.611
197.222,161.406,190.093,166.611
203.538,184.565,190.093,166.611
215.469,204.917,190.093,166.611
