69.000,48.000,26.000,39.000
69.127,48.382,26.000,39.000
70.018,49.018,26.000,39.000
69.637,48.127,26.000,39.000
70.018,49.018,26.000,39.000
70.400,48.382,26.000,39.000
71.037,49.273,26.000,39.000
70.400,48.637,26.000,39.000
71.292,49.782,26.000,39.000
71.419,49.655,26.000,39.000
71.801,49.782,26.000,39.000
70.655,49.655,26.000,39.000
71.546,50.037,26.000,39.000
72.183,49.146,26.000,39.000
73.583,50.037,26.000,39.000
74.474,49.400,26.000,39.000
76.384,50.292,26.000,39.000
76.766,49.655,26.000,39.000
77.912,50.801,26.000,39.000
79.821,50.674,26.000,39.000
81.986,51.310,26.000,39.000
84.914,51.183,26.000,39.000
88.606,52.583,26.000,39.000
88.988,52.201,26.000,39.000
93.189,53.602,26.000,39.000
97.645,55.257,26.000,39.000
100.828,55.384,26.000,39.000
106.812,55.766,26.000,39.000
112.286,57.166,26.000,39.000
113.432,56.021,26.000,39.000
117.633,57.166,26.000,39.000
119.797,56.785,26.000,39.000
123.999,57.166,26.000,39.000
126.672,56.021,26.000,39.000
128.836,55.384,26.000,39.000
129.728,56.021,26.000,39.000
131.637,54.875,26.000,39.000
133.547,56.021,26.000,39.000
135.457,54.620,26.000,39.000
137.875,56.021,26.000,39.000
138.512,54.875,26.000,39.000
137.875,56.530,26.000,39.000
139.021,55.639,26.000,39.000
139.658,56.530,26.000,39.000
138.767,55.639,26.000,39.000
139.403,56.530,26.000,39.000
139.785,55.639,26.000,39.000
138.894,56.275,26.000,39.000
139.276,55.639,26.000,39.000
139.658,56.530,26.000,39.000
138.767,55.639,26.000,39.000
139.658,56.784,26.000,39.000
139.276,56.403,26.000,39.000
140.167,56.275,26.000,39.000
140.040,56.148,26.000,39.000
140.167,56.275,26.000,39.000
140.549,56.403,26.000,39.000
139.403,56.021,26.000,39.000
140.804,55.639,26.000,39.000
139.912,56.784,26.000,39.000
140.804,57.166,26.000,39.000
140.167,56.021,26.000,39.000
141.313,56.912,26.000,39.000
140.931,56.784,26.000,39.000
140.804,57.166,26.000,39.000
141.186,56.275,26.000,39.000
141.313,56.912,26.000,39.000
141.695,57.803,26.000,39.000
140.549,57.166,26.000,39.000
141.440,56.784,26.000,39.000
142.331,57.930,26.000,39.000
141.440,57.294,26.000,39.000
142.586,57.421,26.000,39.000
141.186,57.294,26.000,39.000
142.586,57.421,26.000,39.000
141.440,57.803,26.000,39.000
143.095,57.676,26.000,39.000
142.204,57.548,26.000,39.000
143.095,58.185,26.000,39.000
142.713,57.039,26.000,39.000
141.822,57.166,26.000,39.000
142.459,57.548,26.000,39.000
142.331,57.930,26.000,39.000
142.204,58.312,26.000,39.000
141.313,56.912,26.000,39.000
140.931,57.803,26.000,39.000
139.531,56.657,26.000,39.000
137.366,56.530,26.000,39.000
135.711,56.148,26.000,39.000
134.820,56.021,26.000,39.000
132.910,55.639,26.000,39.000
131.001,56.530,26.000,39.000
128.836,56.912,26.000,39.000
126.417,56.530,26.000,39.000
123.999,55.893,26.000,39.000
122.598,56.530,26.000,39.000
119.161,57.166,26.000,39.000
116.487,57.039,26.000,39.000
114.068,55.893,26.000,39.000
109.103,55.002,26.000,39.000
103.883,55.129,26.000,39.000
102.992,55.511,26.000,39.000
98.027,56.148,26.000,39.000
95.353,54.748,26.000,39.000
90.643,55.384,26.000,39.000
86.187,53.220,26.000,39.000
83.259,52.074,26.000,39.000
82.368,51.183,26.000,39.000
80.458,52.074,26.000,39.000
78.039,52.965,26.000,39.000
75.875,53.602,26.000,39.000
73.456,52.965,26.000,39.000
71.037,52.074,26.000,39.000
69.891,50.928,26.000,39.000
68.491,52.583,26.000,39.000
67.854,51.692,26.000,39.000
66.963,52.583,26.000,39.000
67.600,51.437,26.000,39.000
67.218,52.329,26.000,39.000
68.363,51.437,26.000,39.000
68.745,51.819,26.000,39.000
68.363,52.201,26.000,39.000
69.764,51.310,26.000,39.000
69.382,52.201,26.000,39.000
70.528,51.819,26.000,39.000
69.637,52.965,26.000,39.000
70.019,53.092,26.000,39.000
70.910,51.947,26.000,39.000
71.546,53.347,26.000,39.000
70.910,52.456,26.000,39.000
71.801,52.583,26.000,39.000
71.419,53.220,26.000,39.000
72.565,52.329,26.000,39.000
71.674,52.711,26.000,39.000
