0.00758505
0.01224566
0.01092052
0.01082492
0.01066685
0.01070428
0.01076221
0.01075315
0.01076198
0.01070213
0.01090646
0.01098013
0.01088452
0.01072216
0.01074100
0.01069117
0.01081681
0.01080251
0.01082301
0.01077056
0.01092196
0.01078534
0.01090646
0.01071286
0.01093912
0.01102209
0.01089573
0.01091695
0.01095438
0.01097059
0.01088643
0.01097035
0.01080155
0.01071763
0.01079202
0.01121879
0.01098275
0.01108479
0.01095533
0.01085567
0.01084566
0.01079106
0.01084638
0.01096916
0.01097512
0.01096225
0.01096773
0.01097345
0.01065135
0.01081991
0.01081061
0.01080513
0.01069617
0.01075268
0.01072073
0.01075768
0.01076269
0.01076150
0.01078343
0.01095295
0.01082993
0.01081204
0.01094151
0.01086259
0.01081038
0.01101661
0.01089549
0.01097345
0.01074648
0.01076198
0.01154351
0.01120782
0.01074147
0.01081085
0.01096630
0.01089239
0.01092172
0.01096177
0.01087308
0.01100206
0.01097751
0.01088476
0.01095939
0.01103854
0.01091528
0.01089382
0.01072431
0.01075292
0.01085949
0.01103163
0.01089215
0.01084042
0.01071453
0.01078749
0.01095223
0.01106095
0.01100922
0.01097775
0.01087642
0.01068664
0.01080322
0.01080585
0.01084805
0.01073837
0.01074576
0.01087165
0.01111341
0.01099181
0.01074958
0.01076341
0.01101804
0.01083851
0.01100183
0.01110959
0.01076698
0.01081133
0.01085210
0.01074100
0.01096296
0.01085329
0.01081681
0.01092720
0.01085091
0.01089954
0.01092958
0.01103282
0.01080966
0.01078773
0.01101255
0.01092935
0.01095939
0.01093364
0.01093698
0.01075840
0.01077032
0.01078320
0.01105213
0.01092553
0.01083612
0.01105237
0.01107907
0.01184916
0.01136065
0.01099515
0.01098108
0.01106119
0.01098299
0.01088142
0.01100588
0.01116323
0.01088071
0.01094770
0.01084948
0.01085758
0.01091933
0.01103520
0.01089668
0.01102877
0.01106596
0.01091814
0.01095080
0.01098132
0.01086450
0.01095128
0.01105380
0.01098037
0.01090288
0.01084471
0.01088309
0.01081395
0.01094747
0.01094747
0.01097107
0.01100993
0.01099277
0.01092267
0.01186061
0.01121807
0.01099896
0.01104236
0.01087594
0.01096034
0.01096988
0.01077247
0.01092911
0.01079965
0.01078820
0.01076841
0.01085901
0.01083064
0.01078987
0.01075625
0.01075411
0.01077318
0.01086307
0.01071620
0.01076722
0.01076722
0.01082873
0.01084042
0.01084352
0.01088691
0.01086903
0.01090574
0.01076198
0.01087308
0.01080108
0.01072168
0.01080012
0.01084924
0.01076245
0.01133728
0.01142883
0.01092887
0.01112437
0.01105428
0.01101470
0.01101136
0.01077604
0.01080656
0.01094198
0.01079226
0.01078820
0.01078200
0.01083755
0.01066875
0.01088095
0.01088881
0.01094437
0.01087785
0.01083565
0.01077557
0.01081228
0.01081753
0.01080275
0.01088357
0.01115966
0.01094174
0.01098609
0.01107574
0.01093149
0.01124430
0.01100922
0.01096058
0.01109648
0.01103330
0.01082444
0.01118708
0.01090598
0.01067734
0.01080775
0.01082325
0.01072574
0.01085329
0.01091433
0.01083493
0.01099086
0.01079416
0.01077342
0.01084709
0.01080346
0.01075435
0.01078224
0.01087093
0.01081157
0.01095533
0.01081491
0.01071954
0.01076627
0.01078129
0.01070666
0.01078773
0.01074934
0.01084781
0.01077914
0.01075101
0.01068068
0.01076555
0.01079106
0.01083875
0.01076102
0.01077104
0.01083565
0.01116371
0.01101518
0.01092362
0.01084518
0.01086974
0.01081705
0.01084828
0.01082397
0.01071477
0.01071405
0.01087999
0.01085830
0.01085329
0.01092362
0.01093602
0.01089835
0.01099515
0.01088572
0.01093936
0.01081634
0.01078081
0.01071382
0.01080084
0.01072335
0.01073885
0.01078153
0.01117802
0.01085973
0.01125312
0.01072574
0.01083803
0.01068401
0.01074004
0.01070404
0.01083040
0.01132703
0.01116252
0.01086569
0.01073980
0.01087737
0.01084805
0.01074958
0.01084471
0.01099896
0.01074338
0.01075077
0.01077795
0.01073170
0.01082921
0.01068878
0.01079035
0.01070809
0.01080441
0.01075006
0.01091838
0.01096320
0.01071000
0.01067996
0.01080179
0.01069927
0.01070857
0.01075459
0.01081824
0.01072836
0.01075935
0.01079869
0.01098704
0.01103568
0.01089334
0.01091242
0.01096320
0.01118302
0.01096606
0.01094723
0.01088619
0.01081729
0.01079941
0.01066685
0.01072550
0.01081419
0.01082039
0.01073647
0.01105046
0.01072812
0.01080680
0.01077199
0.01070333
0.01071501
0.01077557
0.01063442
0.01079607
0.01075530
0.01085925
0.01090407
0.01109099
0.01086521
0.01092792
0.01070881
0.01091671
0.01088262
0.01097631
0.01074934
0.01083279
0.01074171
0.01075435
0.01081300
0.01078701
0.01096511
0.01070619
0.01071453
0.01076365
0.01088977
0.01093721
0.01083708
0.01074600
0.01099491
0.01085138
0.01097035
0.01070428
0.01075220
0.01064730
0.01070571
0.01066113
0.01070428
0.01068115
0.01067281
0.01080990
0.01079988
0.01086330
0.01069689
0.01069880
0.01087141
0.01076221
0.01082110
0.01078200
0.01072860
0.01073909
0.01067734
0.01073527
0.01074910
0.01082110
0.01067543
0.01079488
0.01097298
0.01072574
0.01066399
0.01080489
0.01073146
0.01078510
0.01063752
0.01076555
0.01073837
0.01070881
0.01071310
0.01073909
0.01076317
0.01073909
0.01074457
0.01070285
0.01078176
0.01071358
0.01072717
0.01068950
0.01072335
0.01079202
0.01088786
0.01085973
0.01076555
0.01067162
0.01081657
0.01076269
0.01079893
0.01075816
0.01072049
0.01066470
0.01066232
0.01091528
0.01102972
0.01101780
0.01100206
0.01069069
0.01070642
0.01072812
0.01068497
0.01073575
0.01065421
0.01063395
0.01070261
0.01069760
0.01073575
0.01079082
0.01070714
0.01076126
0.01077294
0.01070428
0.01069593
0.01102519
0.01084924
0.01097989
0.01115155
0.01083183
0.01075149
0.01080227
0.01071811
0.01073790
0.01074767
0.01083493
0.01071525
0.01098537
0.01075673
0.01094031
0.01098490
0.01085711
0.01089358
0.01148653
0.01117277
0.01078343
0.01079226
0.01066542
0.01071787
0.01082683
0.01074243
0.01076388
0.01074696
0.01073718
0.01071453
0.01078463
0.01064301
0.01074219
0.01072550
0.01068139
0.01068926
0.01079035
0.01060271
0.01086664
0.01102901
0.01076674
0.01067042
0.01076078
0.01070547
0.01077771
0.01067066
0.01114130
0.01070428
0.01070952
0.01065993
0.01074123
0.01074958
0.01084280
0.01081562
0.01169205
0.01119137
0.01091719
0.01088977
0.01085234
0.01086283
0.01075244
0.01068783
0.01073670
0.01066303
0.01076126
0.01075029
0.01076198
0.01066351
0.01093984
0.01073885
0.01064754
0.01071692
0.01075983
0.01069283
0.01074028
0.01075697
0.01074076
0.01070881
0.01075482
0.01067162
0.01087904
0.01094079
0.01076651
0.01068854
0.01079392
0.01069689
0.01078629
0.01078343
0.01072335
0.01066470
0.01104236
0.01070571
0.01075411
0.01073670
0.01067686
0.01072860
0.01075625
0.01069260
0.01066256
0.01072359
0.01063991
0.01066542
0.01069498
0.01074100
0.01070547
0.01071692
0.01070023
0.01070046
0.01066899
0.01066947
0.01069474
0.01069236
0.01064014
0.01068711
0.01068282
0.01072383
0.01068234
0.01085424
0.01069212
0.01071739
0.01073503
0.01064563
0.01069975
0.01072860
0.01066113
0.01063919
0.01097560
0.01063466
0.01079249
0.01056361
0.01057148
0.01069927
0.01092148
0.01082134
0.01087332
0.01074886
0.01070333
0.01068044
0.01071978
0.01069140
0.01069593
0.01070786
0.01067400
0.01070666
0.01078796
0.01065874
0.01075721
0.01076198
0.01071453
0.01065731
0.01078892
0.01070213
0.01070237
0.01073670
0.01080465
0.01064801
0.01071000
0.01064777
0.01075435
0.01079535
0.01081300
0.01076555
0.01099682
0.01070499
0.01084495
0.01089263
0.01083851
0.01072598
0.01078653
0.01069593
0.01077294
0.01091385
0.01066947
0.01073122
0.01076126
0.01068115
0.01080728
0.01089168
0.01089168
0.01077557
0.01076436
0.01076269
0.01092339
0.01100183
0.01084113
0.01094174
0.01093674
0.01085043
0.01087642
0.01103759
0.01085258
0.01087308
0.01096582
0.01076388
0.01070189
0.01069570
0.01080751
0.01153660
0.01089382
0.01075053
0.01078343
0.01074433
0.01089787
0.01100230
0.01092148
0.01072478
0.01079679
0.01073456
0.01068306
0.01065779
0.01073480
0.01070333
0.01071954
0.01076794
0.01073813
0.01071501
0.01064849
0.01067519
0.01073551
0.01069021
0.01067424
0.01073003
0.01067948
0.01070380
0.01075792
0.01070619
0.01083755
0.01085854
0.01091695
0.01074362
0.01078463
0.01068568
0.01076365
0.01096535
0.01082611
0.01072431
0.01075244
0.01079726
0.01068211
0.01073766
0.01074743
0.01071215
0.01074338
0.01076603
0.01067996
0.01069951
0.01065969
0.01070833
0.01071668
0.01082063
0.01079679
0.01078606
0.01072550
0.01078892
0.01079202
0.01083946
0.01075363
0.01082349
0.01077056
0.01080513
0.01077056
0.01076937
0.01077437
