0.00734448
0.01099443
0.01085663
0.01077008
0.01082087
0.01057601
0.01062727
0.01061130
0.01058316
0.01075101
0.01072812
0.01072168
0.01067066
0.01065397
0.01068139
0.01064730
0.01064849
0.01069212
0.01053143
0.01071334
0.01064277
0.01063442
0.01069236
0.01071835
0.01075959
0.01066399
0.01065087
0.01070070
0.01064634
0.01073647
0.01074553
0.01054406
0.01056623
0.01066947
0.01065183
0.01063681
0.01060963
0.01068091
0.01060867
0.01058936
0.01066160
0.01060867
0.01062155
0.01063418
0.01071239
0.01065254
0.01063991
0.01062632
0.01069117
0.01084614
0.01067567
0.01072407
0.01057720
0.01061177
0.01060414
0.01056051
0.01071000
0.01062584
0.01061487
0.01066136
0.01060486
0.01068759
0.01062298
0.01067996
0.01067567
0.01059008
0.01072168
0.01059675
0.01075268
0.01056218
0.01060057
0.01059771
0.01059341
0.01075697
0.01058412
0.01073194
0.01067877
0.01065731
0.01070976
0.01064777
0.01072335
0.01061201
0.01068664
0.01064038
0.01065731
0.01068544
0.01054931
0.01068163
0.01055121
0.01065826
0.01064396
0.01060867
0.01070571
0.01060128
0.01063633
0.01069498
0.01051021
0.01066756
0.01047778
0.01065898
0.01060343
0.01055574
0.01064563
0.01062584
0.01065230
0.01059890
0.01070213
0.01074719
0.01065493
0.01065969
0.01058340
0.01076221
0.01065111
0.01067543
0.01064229
0.01055837
0.01064897
0.01059484
0.01076579
0.01061583
0.01062322
0.01065135
0.01064038
0.01074409
0.01076126
0.01067066
0.01066089
0.01069117
0.01061082
0.01059556
0.01062489
0.01057935
0.01070094
0.01065540
0.01065993
0.01068854
0.01058125
0.01065969
0.01060390
0.01066589
0.01059866
0.01061106
0.01057076
0.01061869
0.01070023
0.01063251
0.01074409
0.01064444
0.01086330
0.01070833
0.01073027
0.01068044
0.01074147
0.01073503
0.01069713
0.01072884
0.01071596
0.01072335
0.01073456
0.01070285
0.01069236
0.01073527
0.01070976
0.01072025
0.01076269
0.01077271
0.01070881
0.01074052
0.01057076
0.01063371
0.01066852
0.01074600
0.01067662
0.01065469
0.01067567
0.01061988
0.01092339
0.01085258
0.01095581
0.01096177
0.01107478
0.01094055
0.01106477
0.01090789
0.01091552
0.01079988
0.01075268
0.01084590
0.01092815
0.01081181
0.01081395
0.01059270
0.01060343
0.01071978
0.01069355
0.01060653
0.01077771
0.01063991
0.01074719
0.01071239
0.01070046
0.01059794
0.01067996
0.01067829
0.01077867
0.01058865
0.01069474
0.01060843
0.01067019
0.01064324
0.01059985
0.01066852
0.01059532
0.01067686
0.01062512
0.01064205
0.01064277
0.01061797
0.01070786
0.01060772
0.01077819
0.01082969
0.01074409
0.01065111
0.01067662
0.01066804
0.01065254
0.01066995
0.01074123
0.01072550
0.01062536
0.01059175
0.01071906
0.01068926
0.01077151
0.01060820
0.01067781
0.01061320
0.01064849
0.01064038
0.01084495
0.01090503
0.01080394
0.01085186
0.01065159
0.01068330
0.01063156
0.01068568
0.01067829
0.01067948
0.01078749
0.01082540
0.01091075
0.01073480
0.01067853
0.01061797
0.01070881
0.01077652
0.01070905
0.01083159
0.01108193
0.01094747
0.01053810
0.01076984
0.01073098
0.01063251
0.01064086
0.01091647
0.01087403
0.01108837
0.01065040
0.01071620
0.01059151
0.01056814
0.01066709
0.01086426
0.01081181
0.01074243
0.01083922
0.01069117
0.01061654
0.01070356
0.01053834
0.01079345
0.01076055
0.01081371
0.01079845
0.01062322
0.01066232
0.01054287
0.01059985
0.01063609
0.01085472
0.01073289
0.01100302
0.01071954
0.01057935
0.01066041
0.01059341
0.01068211
0.01068115
0.01082611
0.01089668
0.01103520
0.01091266
0.01074266
0.01057529
0.01059008
0.01067758
0.01057386
0.01067233
0.01064301
0.01079559
0.01075029
0.01065063
0.01071262
0.01065850
0.01063800
0.01063418
0.01071906
0.01062655
0.01064229
0.01086068
0.01081514
0.01070714
0.01059818
0.01063561
0.01062989
0.01072621
0.01092863
0.01070714
0.01068163
0.01075530
0.01080251
0.01061606
0.01066899
0.01056814
0.01061130
0.01074553
0.01060581
0.01062560
0.01069975
0.01080108
0.01072574
0.01081252
0.01056337
0.01056075
0.01065183
0.01063371
0.01071954
0.01064062
0.01064920
0.01064277
0.01060128
0.01063132
0.01060534
0.01066136
0.01061797
0.01053882
0.01073194
0.01062560
0.01055694
0.01064634
0.01071119
0.01057124
0.01056361
0.01071405
0.01076078
0.01065254
0.01055264
0.01063013
0.01060390
0.01055050
0.01065731
0.01065421
0.01071405
0.01060414
0.01059389
0.01060414
0.01059628
0.01069736
0.01072311
0.01076865
0.01071715
0.01068521
0.01064301
0.01068830
0.01067805
0.01060104
0.01069498
0.01056433
0.01061249
0.01072073
0.01066327
0.01086950
0.01068306
0.01078463
0.01080298
0.01076508
0.01086736
0.01096892
0.01083517
0.01079917
0.01062799
0.01060057
0.01068568
0.01064181
0.01070356
0.01058316
0.01067233
0.01072574
0.01061964
0.01068234
0.01065850
0.01073694
0.01076961
0.01083851
0.01078844
0.01097655
0.01089072
0.01093292
0.01087618
0.01083112
0.01071358
0.01063681
0.01071787
0.01063299
0.01064515
0.01060152
0.01098847
0.01084709
0.01081777
0.01071548
0.01073337
0.01067638
0.01071286
0.01076102
0.01066065
0.01065445
0.01063514
0.01078176
0.01073289
0.01084256
0.01062250
0.01059413
0.01062584
0.01062250
0.01073098
0.01061630
0.01063037
0.01079059
0.01083207
0.01087499
0.01076865
0.01068330
0.01059914
0.01069355
0.01066875
0.01067948
0.01063752
0.01058960
0.01072955
0.01079226
0.01096177
0.01077151
0.01064682
0.01074958
0.01065874
0.01073790
0.01100707
0.01125336
0.01084876
0.01085305
0.01095009
0.01093197
0.01089263
0.01076412
0.01069283
0.01099730
0.01071048
0.01062369
0.01063132
0.01081610
0.01076746
0.01067996
0.01067877
0.01067209
0.01088142
0.01061320
0.01073980
0.01062942
0.01069808
0.01082468
0.01077271
0.01066947
0.01083851
0.01066089
0.01066303
0.01072192
0.01065683
0.01080704
0.01077318
0.01056838
0.01059175
0.01064944
0.01075864
0.01059461
0.01062155
0.01059556
0.01065779
0.01075029
0.01061058
0.01087070
0.01057315
0.01061344
0.01065063
0.01062059
0.01070285
0.01072693
0.01060224
0.01067066
0.01064754
0.01069498
0.01059580
0.01062250
0.01085639
0.01077223
0.01072168
0.01057601
0.01062942
0.01067209
0.01056790
0.01082778
0.01072502
0.01064301
0.01049232
0.01072741
0.01063156
0.01066089
0.01081467
0.01077366
0.01057959
0.01061606
0.01073766
0.01055026
0.01076627
0.01088595
0.01089859
0.01092052
0.01073742
0.01081252
0.01062703
0.01086688
0.01087523
0.01080060
0.01065516
0.01080704
0.01059675
0.01062131
0.01079059
0.01095653
0.01069522
0.01063991
0.01066446
0.01057053
0.01063681
0.01074147
0.01075816
0.01060486
0.01061273
0.01085663
0.01062083
0.01065850
0.01063156
0.01061130
0.01065302
0.01060772
0.01074076
0.01062942
0.01059890
0.01068449
0.01064754
0.01060939
0.01062250
0.01070976
0.01079488
0.01058578
0.01067352
0.01065421
0.01068425
0.01057172
0.01074219
0.01061058
0.01063395
0.01063251
0.01067114
0.01065683
0.01061559
0.01064205
0.01062393
0.01054740
0.01069403
0.01055765
0.01069951
0.01063991
0.01065397
0.01056814
0.01065755
0.01062036
0.01063800
0.01067853
0.01060104
0.01066589
0.01062202
0.01058817
0.01071477
0.01057601
0.01080108
0.01067162
0.01071286
0.01074004
0.01070523
0.01070189
0.01081014
0.01067448
0.01062870
0.01071811
0.01063180
0.01071095
0.01060009
0.01072335
