118.000,57.000,82.000,98.000
119.062,55.938,82.000,98.000
119.416,54.876,82.000,98.000
119.062,54.522,82.000,98.000
118.000,54.168,82.000,98.000
118.354,53.814,82.000,98.000
119.416,54.876,82.000,98.000
119.770,53.814,82.000,98.000
119.230,53.832,83.814,100.168
118.868,53.470,83.814,100.168
119.230,54.555,83.814,100.168
118.145,54.917,83.814,100.168
118.506,53.108,83.814,100.168
118.145,54.194,83.814,100.168
117.059,54.555,83.814,100.168
118.868,54.917,83.814,100.168
117.059,52.385,83.814,100.168
117.421,53.470,83.814,100.168
115.612,53.108,83.814,100.168
116.697,51.299,83.814,100.168
115.612,52.385,83.814,100.168
114.526,51.299,83.814,100.168
114.888,51.661,83.814,100.168
113.803,52.023,83.814,100.168
113.441,50.214,83.814,100.168
112.356,51.299,83.814,100.168
112.717,50.937,83.814,100.168
113.079,50.575,83.814,100.168
113.441,51.661,83.814,100.168
111.632,52.746,83.814,100.168
112.717,52.385,83.814,100.168
111.632,52.023,83.814,100.168
110.547,50.937,83.814,100.168
108.737,51.299,83.814,100.168
108.376,50.214,83.814,100.168
106.567,51.299,83.814,100.168
105.481,50.214,83.814,100.168
106.724,52.328,82.027,98.032
105.209,53.715,80.278,95.942
106.249,54.754,80.278,95.942
106.595,53.715,80.278,95.942
106.249,54.754,80.278,95.942
104.516,55.794,80.278,95.942
104.169,54.754,80.278,95.942
101.744,55.794,80.278,95.942
103.476,54.061,80.278,95.942
101.051,54.408,80.278,95.942
99.568,55.097,78.566,93.896
101.264,54.079,78.566,93.896
99.568,55.097,78.566,93.896
101.264,54.757,78.566,93.896
102.282,53.740,78.566,93.896
103.299,55.436,78.566,93.896
103.638,53.740,78.566,93.896
104.656,55.436,78.566,93.896
105.673,55.097,78.566,93.896
106.012,53.401,78.566,93.896
106.352,54.418,78.566,93.896
103.977,52.044,78.566,93.896
105.673,51.705,78.566,93.896
105.334,51.366,78.566,93.896
107.030,53.740,78.566,93.896
110.082,53.401,78.566,93.896
113.135,55.097,78.566,93.896
116.865,52.722,78.566,93.896
119.239,53.062,78.566,93.896
120.130,50.967,80.304,95.973
121.863,50.621,80.304,95.973
122.210,48.194,80.304,95.973
123.943,51.314,80.304,95.973
125.676,48.887,80.304,95.973
125.330,51.314,80.304,95.973
127.756,53.047,80.304,95.973
126.023,50.621,80.304,95.973
127.756,51.661,80.304,95.973
126.716,50.621,80.304,95.973
127.756,50.967,80.304,95.973
126.023,50.621,80.304,95.973
126.370,49.581,80.304,95.973
123.943,49.234,80.304,95.973
124.983,50.274,80.304,95.973
122.556,48.541,80.304,95.973
122.210,46.807,80.304,95.973
121.863,46.461,80.304,95.973
120.823,46.114,80.304,95.973
119.783,45.767,80.304,95.973
120.823,45.421,80.304,95.973
119.783,48.541,80.304,95.973
120.130,48.887,80.304,95.973
121.170,50.621,80.304,95.973
120.130,51.661,80.304,95.973
120.476,52.007,80.304,95.973
119.436,53.741,80.304,95.973
120.476,53.394,80.304,95.973
119.436,53.741,80.304,95.973
120.476,52.701,80.304,95.973
118.743,53.741,80.304,95.973
119.783,53.394,80.304,95.973
118.050,54.434,80.304,95.973
119.783,54.781,80.304,95.973
118.743,53.047,80.304,95.973
119.090,53.394,80.304,95.973
120.823,53.047,80.304,95.973
119.783,52.007,80.304,95.973
121.516,53.741,80.304,95.973
122.556,52.701,80.304,95.973
122.903,53.741,80.304,95.973
124.636,54.087,80.304,95.973
123.596,53.741,80.304,95.973
124.636,53.394,80.304,95.973
123.596,54.434,80.304,95.973
123.943,54.087,80.304,95.973
124.983,53.047,80.304,95.973
123.943,54.087,80.304,95.973
124.983,53.047,80.304,95.973
123.250,53.394,80.304,95.973
124.983,53.741,80.304,95.973
123.250,52.007,80.304,95.973
123.596,50.967,80.304,95.973
121.170,51.314,80.304,95.973
122.210,51.661,80.304,95.973
121.863,52.701,80.304,95.973
120.823,53.047,80.304,95.973
121.863,52.007,80.304,95.973
120.823,52.354,80.304,95.973
121.863,52.007,80.304,95.973
121.516,50.274,80.304,95.973
121.863,49.927,80.304,95.973
121.049,51.953,78.591,93.926
121.388,49.578,78.591,93.926
119.692,47.882,78.591,93.926
121.388,50.935,78.591,93.926
120.870,51.656,80.330,96.005
121.911,49.229,80.330,96.005
120.177,50.269,80.330,96.005
121.911,47.842,80.330,96.005
120.177,48.882,80.330,96.005
121.911,47.842,80.330,96.005
120.870,48.882,80.330,96.005
122.604,48.535,80.330,96.005
120.870,46.801,80.330,96.005
122.604,48.535,80.330,96.005
120.870,46.801,80.330,96.005
123.298,48.535,80.330,96.005
121.815,47.888,78.617,93.957
123.512,49.585,78.617,93.957
121.136,47.209,78.617,93.957
123.512,49.585,78.617,93.957
122.493,47.888,78.617,93.957
121.475,50.263,78.617,93.957
121.136,49.924,78.617,93.957
121.475,48.906,78.617,93.957
119.778,49.245,78.617,93.957
120.118,48.227,78.617,93.957
119.778,50.603,78.617,93.957
119.439,48.227,78.617,93.957
117.742,50.603,78.617,93.957
118.760,48.227,78.617,93.957
118.421,49.924,78.617,93.957
117.403,48.227,78.617,93.957
118.421,49.245,78.617,93.957
116.724,49.585,78.617,93.957
118.421,47.209,78.617,93.957
117.403,48.906,78.617,93.957
117.063,49.245,78.617,93.957
118.760,49.585,78.617,93.957
117.063,47.888,78.617,93.957
118.760,49.585,78.617,93.957
117.063,48.566,78.617,93.957
118.760,49.585,78.617,93.957
119.271,49.605,76.941,91.954
120.268,50.601,76.941,91.954
118.383,51.307,78.643,93.988
118.043,48.931,78.643,93.988
119.741,50.628,78.643,93.988
119.401,48.931,78.643,93.988
118.383,51.986,78.643,93.988
120.759,48.931,78.643,93.988
118.128,51.765,80.383,96.067
121.251,48.642,80.383,96.067
119.516,50.377,80.383,96.067
120.557,50.724,80.383,96.067
120.210,48.989,80.383,96.067
122.639,51.418,80.383,96.067
122.292,51.071,80.383,96.067
122.639,52.112,80.383,96.067
121.598,53.153,80.383,96.067
120.557,53.500,80.383,96.067
121.598,53.153,80.383,96.067
120.557,54.888,80.383,96.067
120.904,55.235,80.383,96.067
121.251,56.276,80.383,96.067
122.292,55.929,80.383,96.067
121.251,55.582,80.383,96.067
121.598,55.235,80.383,96.067
120.557,56.276,80.383,96.067
120.904,55.235,80.383,96.067
121.251,55.582,80.383,96.067
121.598,54.541,80.383,96.067
120.557,54.888,80.383,96.067
121.598,55.235,80.383,96.067
120.557,55.582,80.383,96.067
121.598,54.541,80.383,96.067
120.557,54.888,80.383,96.067
120.210,54.541,80.383,96.067
120.557,54.194,80.383,96.067
118.822,55.235,80.383,96.067
119.169,54.194,80.383,96.067
118.822,55.235,80.383,96.067
118.475,54.194,80.383,96.067
119.516,54.541,80.383,96.067
121.251,53.500,80.383,96.067
122.986,53.847,80.383,96.067
124.027,53.500,80.383,96.067
125.068,53.847,80.383,96.067
126.109,54.888,80.383,96.067
127.150,53.847,80.383,96.067
128.191,54.888,80.383,96.067
128.538,53.847,80.383,96.067
127.497,54.888,80.383,96.067
127.844,53.847,80.383,96.067
127.497,54.888,80.383,96.067
127.844,53.847,80.383,96.067
127.497,54.194,80.383,96.067
127.844,54.541,80.383,96.067
128.191,52.112,80.383,96.067
127.844,53.847,80.383,96.067
128.191,52.806,80.383,96.067
127.844,53.847,80.383,96.067
127.497,52.112,80.383,96.067
126.248,52.850,82.161,98.193
126.603,51.076,82.161,98.193
124.829,52.140,82.161,98.193
125.893,51.076,82.161,98.193
124.829,51.431,82.161,98.193
125.893,48.948,82.161,98.193
124.120,50.722,82.161,98.193
125.893,48.239,82.161,98.193
123.411,50.012,82.161,98.193
125.184,48.239,82.161,98.193
123.411,50.012,82.161,98.193
123.765,47.530,82.161,98.193
121.283,48.594,82.161,98.193
121.637,46.820,82.161,98.193
119.154,48.594,82.161,98.193
118.800,45.402,82.161,98.193
118.445,47.884,82.161,98.193
116.672,46.111,82.161,98.193
114.898,48.594,82.161,98.193
118.167,48.615,80.409,96.099
116.432,48.962,80.409,96.099
115.390,48.615,80.409,96.099
115.043,47.574,80.409,96.099
114.897,50.271,78.695,94.050
113.878,49.252,78.695,94.050
114.897,48.233,78.695,94.050
113.878,51.290,78.695,94.050
114.897,48.912,78.695,94.050
114.754,51.552,77.016,92.044
113.092,50.555,77.016,92.044
115.419,48.893,77.016,92.044
113.997,48.913,75.374,90.081
113.671,49.238,75.374,90.081
115.949,47.611,75.374,90.081
114.322,46.635,75.374,90.081
113.558,51.045,73.767,88.160
116.424,48.179,73.767,88.160
114.448,50.654,72.194,86.280
115.383,50.342,72.194,86.280
115.695,53.147,72.194,86.280
115.383,51.589,72.194,86.280
115.695,53.147,72.194,86.280
115.383,52.212,72.194,86.280
116.941,53.771,72.194,86.280
116.006,50.966,72.194,86.280
116.941,53.771,72.194,86.280
117.876,51.589,72.194,86.280
118.188,53.147,72.194,86.280
120.993,52.212,72.194,86.280
121.304,52.524,72.194,86.280
120.829,52.539,73.791,88.189
121.004,52.555,75.423,90.140
121.330,51.579,75.423,90.140
120.157,51.595,77.092,92.135
120.340,50.921,78.798,94.173
118.410,52.349,80.541,96.257
120.148,49.916,80.541,96.257
119.801,50.959,80.541,96.257
121.539,52.002,80.541,96.257
121.191,52.349,80.541,96.257
122.234,53.393,80.541,96.257
121.887,51.654,80.541,96.257
122.234,54.088,80.541,96.257
121.887,52.349,80.541,96.257
121.539,53.393,80.541,96.257
122.582,54.436,80.541,96.257
120.844,54.783,80.541,96.257
119.801,54.436,80.541,96.257
118.062,54.088,80.541,96.257
116.324,54.436,80.541,96.257
115.281,54.783,80.541,96.257
113.542,55.131,80.541,96.257
113.890,53.393,80.541,96.257
112.152,54.436,80.541,96.257
113.195,54.088,80.541,96.257
113.542,53.740,80.541,96.257
113.195,54.088,80.541,96.257
113.542,53.045,80.541,96.257
113.890,53.393,80.541,96.257
112.152,54.436,80.541,96.257
112.499,54.783,80.541,96.257
111.456,55.826,80.541,96.257
109.718,54.783,80.541,96.257
109.370,56.522,80.541,96.257
106.936,55.479,80.541,96.257
105.198,55.826,80.541,96.257
103.460,56.869,80.541,96.257
102.417,56.522,80.541,96.257
100.678,55.479,80.541,96.257
100.330,57.217,80.541,96.257
97.897,55.479,80.541,96.257
97.080,56.170,78.824,94.204
95.379,55.830,78.824,94.204
95.038,58.211,78.824,94.204
91.695,55.404,80.568,96.288
89.721,55.422,82.350,98.419
87.944,53.644,82.350,98.419
86.166,54.711,82.350,98.419
85.624,55.466,84.172,100.596
85.261,55.103,84.172,100.596
84.897,54.739,84.172,100.596
86.605,54.757,86.035,102.822
84.748,53.643,86.035,102.822
87.348,54.757,86.035,102.822
84.748,55.129,86.035,102.822
82.891,54.757,86.035,102.822
80.291,53.643,86.035,102.822
79.177,54.757,86.035,102.822
77.320,52.900,86.035,102.822
80.663,53.272,86.035,102.822
77.014,54.061,87.938,105.097
75.116,50.644,87.938,105.097
72.174,53.026,89.884,107.422
77.218,49.534,89.884,107.422
73.726,53.026,89.884,107.422
73.338,49.534,89.884,107.422
72.174,52.250,89.884,107.422
76.498,50.778,87.967,105.131
71.979,53.161,89.913,107.457
76.249,48.891,89.913,107.457
72.435,51.327,91.902,109.835
77.592,48.549,91.902,109.835
75.609,51.327,91.902,109.835
78.386,48.549,91.902,109.835
79.427,51.039,93.936,112.265
78.211,46.578,93.936,112.265
77.805,50.228,93.936,112.265
79.711,47.724,96.014,114.749
75.981,48.967,96.014,114.749
78.882,46.895,96.014,114.749
77.639,48.967,96.014,114.749
82.198,49.382,96.014,114.749
79.846,50.262,98.138,117.287
81.964,45.602,98.138,117.287
84.930,47.721,98.138,117.287
87.895,44.755,98.138,117.287
92.555,46.873,98.138,117.287
96.368,46.450,98.138,117.287
99.456,45.659,96.046,114.786
101.679,44.085,93.997,112.338
104.637,47.238,91.993,109.943
105.828,44.459,91.993,109.943
103.843,44.856,91.993,109.943
105.828,48.430,91.993,109.943
108.608,51.210,91.993,109.943
109.206,55.061,90.031,107.598
109.595,50.009,90.031,107.598
109.206,55.061,90.031,107.598
115.036,62.446,90.031,107.598
117.669,69.723,92.023,109.979
122.833,67.737,92.023,109.979
127.203,72.901,92.023,109.979
125.217,70.120,92.023,109.979
122.138,65.194,94.059,112.412
120.108,61.540,94.059,112.412
119.488,66.615,96.140,114.899
112.433,64.540,96.140,114.899
108.698,63.295,96.140,114.899
104.963,54.580,96.140,114.899
97.440,51.156,98.267,117.441
92.774,46.489,98.267,117.441
88.108,48.610,98.267,117.441
81.745,47.338,98.267,117.441
77.927,45.217,98.267,117.441
76.931,43.607,96.172,114.937
77.346,44.022,96.172,114.937
74.440,41.946,96.172,114.937
73.194,44.852,96.172,114.937
71.949,41.946,96.172,114.937
72.574,45.173,94.121,112.486
74.605,46.392,94.121,112.486
72.084,44.066,92.114,110.087
74.073,45.259,92.114,110.087
71.289,42.476,92.114,110.087
73.277,42.873,92.114,110.087
69.277,41.364,90.149,107.739
74.336,44.867,90.149,107.739
70.421,41.890,88.227,105.442
74.611,43.794,88.227,105.442
78.800,42.651,88.227,105.442
73.500,41.206,86.345,103.193
79.837,43.815,86.345,103.193
75.368,42.401,84.504,100.993
81.625,44.690,86.374,103.227
77.523,42.080,86.374,103.227
82.370,44.690,86.374,103.227
77.900,42.556,84.532,101.026
82.644,45.840,84.532,101.026
77.566,43.752,82.729,98.871
82.209,46.252,82.729,98.871
77.566,43.037,82.729,98.871
81.495,46.252,82.729,98.871
78.590,46.273,80.965,96.763
81.037,48.021,80.965,96.763
75.095,45.574,80.965,96.763
72.253,48.964,79.238,94.699
69.471,48.325,77.548,92.680
68.039,50.927,75.895,90.703
68.367,53.220,75.895,90.703
66.334,53.240,74.276,88.769
64.963,55.114,72.692,86.876
65.904,56.683,72.692,86.876
70.611,54.282,71.142,85.023
73.990,55.818,71.142,85.023
74.911,56.125,71.142,85.023
75.832,56.432,71.142,85.023
76.139,57.967,71.142,85.023
76.446,55.203,71.142,85.023
74.911,55.510,71.142,85.023
73.990,57.046,71.142,85.023
70.611,59.196,71.142,85.023
66.319,59.211,72.716,86.905
65.378,55.758,72.716,86.905
66.947,56.072,72.716,86.905
67.261,56.386,72.716,86.905
66.524,56.405,71.165,85.051
68.674,54.869,71.165,85.051
68.367,55.790,71.165,85.051
69.903,53.640,71.165,85.051
71.550,56.027,69.648,83.238
70.648,55.727,69.648,83.238
73.419,55.165,68.163,81.463
73.295,55.750,66.709,79.725
74.735,54.886,66.709,79.725
75.599,54.598,66.709,79.725
77.039,56.038,66.709,79.725
79.055,54.022,66.709,79.725
78.933,56.260,65.286,78.025
80.343,54.851,65.286,78.025
80.061,56.824,65.286,78.025
80.906,55.415,65.286,78.025
81.752,56.824,65.286,78.025
82.597,56.542,65.286,78.025
83.443,56.260,65.286,78.025
83.724,54.851,65.286,78.025
85.236,57.585,63.894,76.361
85.511,56.206,63.894,76.361
85.787,55.930,63.894,76.361
87.798,58.073,62.532,74.733
86.643,58.610,61.198,73.139
87.436,59.402,61.198,73.139
87.172,59.667,61.198,73.139
88.492,58.874,61.198,73.139
87.872,60.927,59.893,71.579
88.130,60.669,59.893,71.579
88.906,61.444,59.893,71.579
87.613,61.703,59.893,71.579
88.906,62.995,59.893,71.579
88.299,63.509,58.616,70.053
90.070,64.269,58.616,70.053
88.500,64.284,57.366,68.559
89.664,64.810,58.635,70.076
88.904,64.051,58.635,70.076
88.798,65.042,57.385,68.582
90.532,65.785,57.385,68.582
90.284,65.042,57.385,68.582
92.018,65.785,57.385,68.582
90.779,65.537,57.385,68.582
92.513,66.776,57.385,68.582
91.454,66.791,56.161,67.119
93.151,67.518,56.161,67.119
91.454,66.306,56.161,67.119
93.151,67.518,56.161,67.119
91.939,66.791,56.161,67.119
92.304,68.675,54.963,65.688
91.592,67.489,54.963,65.688
90.577,67.960,53.791,64.287
91.822,69.317,52.644,62.916
89.974,68.893,51.521,61.574
89.452,69.764,50.423,60.261
87.928,68.240,50.423,60.261
89.016,70.199,50.423,60.261
86.622,67.805,50.423,60.261
85.098,67.587,50.423,60.261
83.139,65.628,50.423,60.261
85.098,66.716,50.423,60.261
81.398,64.757,50.423,60.261
79.439,66.281,50.423,60.261
80.527,68.240,50.423,60.261
80.196,68.703,51.538,61.594
81.703,66.867,52.678,62.957
84.659,66.185,52.678,62.957
83.840,67.612,53.844,64.350
86.862,66.914,53.844,64.350
87.472,67.408,55.035,65.774
90.561,65.270,55.035,65.774
91.677,63.803,56.253,67.229
94.348,65.017,56.253,67.229
91.963,65.029,57.498,68.717
96.182,64.285,57.498,68.717
99.427,63.821,56.271,67.251
99.184,64.550,56.271,67.251
100.884,63.821,56.271,67.251
102.585,65.036,56.271,67.251
101.710,65.048,57.516,68.739
99.271,65.575,58.789,70.260
103.077,65.322,58.789,70.260
98.763,68.113,58.789,70.260
94.690,70.759,60.090,71.814
95.909,71.848,61.419,73.403
97.705,72.962,62.778,75.027
99.541,70.726,64.167,76.687
101.993,71.315,65.587,78.384
104.498,72.504,67.038,80.118
106.524,69.899,67.038,80.118
107.884,71.115,68.521,81.891
107.433,68.674,70.037,83.703
108.945,69.581,70.037,83.703
109.111,70.224,71.587,85.555
110.656,66.824,71.587,85.555
110.185,68.763,73.170,87.448
110.501,69.079,73.170,87.448
112.080,67.500,73.170,87.448
111.764,69.079,73.170,87.448
111.938,66.473,74.789,89.382
110.969,66.151,74.789,89.382
111.292,67.765,74.789,89.382
111.615,68.088,74.789,89.382
111.292,69.056,74.789,89.382
113.552,68.088,74.789,89.382
115.166,69.702,74.789,89.382
114.198,66.796,74.789,89.382
117.103,69.702,74.789,89.382
116.780,67.442,74.789,89.382
117.267,71.818,73.194,87.476
119.479,72.766,73.194,87.476
121.690,71.186,73.194,87.476
122.006,73.398,73.194,87.476
122.954,73.082,73.194,87.476
124.534,72.134,73.194,87.476
127.378,72.450,73.194,87.476
126.430,74.030,73.194,87.476
126.114,73.082,73.194,87.476
124.534,75.926,73.194,87.476
125.482,74.978,73.194,87.476
124.534,77.189,73.194,87.476
125.482,76.242,73.194,87.476
126.430,79.717,73.194,87.476
127.378,81.929,73.194,87.476
128.326,80.981,73.194,87.476
128.642,83.193,73.194,87.476
130.221,84.773,73.194,87.476
131.801,86.984,73.194,87.476
133.381,91.092,73.194,87.476
131.169,88.880,73.194,87.476
129.589,86.037,73.194,87.476
128.642,83.193,73.194,87.476
127.694,82.877,73.194,87.476
126.114,81.297,73.194,87.476
125.166,79.085,73.194,87.476
125.482,77.505,73.194,87.476
126.430,76.558,73.194,87.476
124.850,76.242,73.194,87.476
125.798,72.766,73.194,87.476
126.627,72.126,74.814,89.412
126.135,72.812,76.469,91.390
124.484,73.803,76.469,91.390
123.494,71.492,76.469,91.390
123.824,71.822,76.469,91.390
123.494,70.171,76.469,91.390
126.415,69.503,78.161,93.412
128.701,66.019,79.890,95.479
124.908,67.743,79.890,95.479
127.244,64.898,81.658,97.591
126.891,67.366,81.658,97.591
127.244,67.013,81.658,97.591
126.186,68.776,81.658,97.591
125.129,67.013,81.658,97.591
126.891,70.186,81.658,97.591
125.834,67.718,81.658,97.591
124.776,70.186,81.658,97.591
125.834,67.718,81.658,97.591
122.661,70.891,81.658,97.591
125.834,67.013,81.658,97.591
124.326,72.471,79.917,95.510
125.361,70.746,79.917,95.510
122.688,72.195,81.685,97.623
123.040,69.021,81.685,97.623
122.688,72.195,81.685,97.623
123.040,69.021,81.685,97.623
123.393,66.553,81.685,97.623
122.335,65.495,81.685,97.623
123.393,63.027,81.685,97.623
124.451,66.200,81.685,97.623
126.214,67.963,81.685,97.623
125.156,64.790,81.685,97.623
127.624,63.732,81.685,97.623
126.566,66.200,81.685,97.623
124.803,70.079,81.685,97.623
125.861,66.905,81.685,97.623
124.803,66.553,81.685,97.623
124.451,70.432,81.685,97.623
126.214,67.963,81.685,97.623
123.346,72.743,79.943,95.541
126.452,68.947,79.943,95.541
126.107,71.362,79.943,95.541
127.832,68.947,79.943,95.541
126.797,71.362,79.943,95.541
129.903,69.637,79.943,95.541
131.629,72.053,79.943,95.541
134.044,68.256,79.943,95.541
133.233,72.269,78.238,93.504
134.247,69.229,78.238,93.504
129.856,72.269,78.238,93.504
128.843,70.580,78.238,93.504
127.154,73.620,78.238,93.504
129.518,70.580,78.238,93.504
125.803,72.944,78.238,93.504
126.141,69.229,78.238,93.504
127.154,65.514,78.238,93.504
124.114,67.878,78.238,93.504
123.777,66.190,78.238,93.504
122.764,63.825,78.238,93.504
125.128,68.891,78.238,93.504
122.510,64.003,79.969,95.573
124.133,56.857,81.738,97.687
121.663,60.738,81.738,97.687
121.857,54.898,83.547,99.848
120.053,55.980,83.547,99.848
119.503,57.495,85.395,102.058
118.397,55.652,85.395,102.058
120.241,58.232,85.395,102.058
119.872,54.914,85.395,102.058
118.029,56.758,85.395,102.058
120.609,58.601,85.395,102.058
120.978,59.707,85.395,102.058
121.347,60.075,85.395,102.058
123.190,61.181,85.395,102.058
121.347,61.550,85.395,102.058
124.664,61.919,85.395,102.058
122.821,62.287,85.395,102.058
123.927,63.393,85.395,102.058
122.084,63.762,85.395,102.058
123.927,63.393,85.395,102.058
121.347,63.762,85.395,102.058
123.927,64.130,85.395,102.058
121.347,64.499,85.395,102.058
123.927,61.919,85.395,102.058
121.347,62.287,85.395,102.058
123.927,61.919,85.395,102.058
121.347,60.075,85.395,102.058
122.452,60.444,85.395,102.058
121.347,61.550,85.395,102.058
124.034,59.440,83.574,99.881
120.787,61.244,83.574,99.881
124.034,58.719,83.574,99.881
121.508,59.801,83.574,99.881
124.755,57.997,83.574,99.881
120.787,59.801,83.574,99.881
123.312,60.162,83.574,99.881
122.230,61.244,83.574,99.881
124.034,57.997,83.574,99.881
120.787,59.801,83.574,99.881
124.034,55.833,83.574,99.881
120.787,57.636,83.574,99.881
122.591,57.997,83.574,99.881
124.394,58.358,83.574,99.881
122.591,58.719,83.574,99.881
123.538,55.742,85.423,102.091
122.431,56.849,85.423,102.091
123.538,54.267,85.423,102.091
123.169,56.111,85.423,102.091
122.800,56.480,85.423,102.091
121.694,52.424,85.423,102.091
125.013,55.742,85.423,102.091
120.956,56.849,85.423,102.091
122.062,53.530,85.423,102.091
124.750,57.106,83.602,99.914
121.502,58.189,83.602,99.914
124.133,55.428,81.819,97.783
123.780,57.900,81.819,97.783
120.601,55.428,81.819,97.783
123.780,57.900,81.819,97.783
122.269,55.879,80.074,95.698
123.998,57.608,80.074,95.698
121.578,59.336,80.074,95.698
125.380,54.151,80.074,95.698
124.136,57.037,81.846,97.815
121.944,59.102,80.100,95.729
125.747,55.298,80.100,95.729
122.635,57.027,80.100,95.729
125.056,58.064,80.100,95.729
123.327,60.485,80.100,95.729
125.056,55.990,80.100,95.729
122.635,57.719,80.100,95.729
123.673,58.756,80.100,95.729
121.944,59.102,80.100,95.729
124.364,55.298,80.100,95.729
122.635,57.719,80.100,95.729
123.673,58.756,80.100,95.729
123.327,56.335,80.100,95.729
124.364,57.373,80.100,95.729
123.327,58.410,80.100,95.729
127.847,55.098,78.392,93.688
125.478,56.790,78.392,93.688
126.493,57.129,78.392,93.688
125.478,58.821,78.392,93.688
125.816,57.129,78.392,93.688
124.801,59.497,78.392,93.688
124.987,59.514,80.126,95.761
126.175,58.868,78.418,93.719
124.483,59.884,78.418,93.719
126.175,60.223,78.418,93.719
123.805,58.530,78.418,93.719
125.498,59.546,78.418,93.719
123.805,60.561,78.418,93.719
123.992,60.578,80.153,95.792
122.262,60.924,80.153,95.792
123.992,61.962,80.153,95.792
123.646,63.692,80.153,95.792
124.684,60.578,80.153,95.792
122.954,61.616,80.153,95.792
124.684,61.962,80.153,95.792
124.338,62.308,80.153,95.792
123.300,62.654,80.153,95.792
124.338,63.692,80.153,95.792
123.810,57.966,81.926,97.912
121.334,60.441,81.926,97.912
122.263,61.193,83.739,100.078
121.178,56.493,83.739,100.078
122.986,58.301,83.739,100.078
121.901,58.662,83.739,100.078
120.600,56.430,85.591,102.292
120.969,55.322,85.591,102.292
121.339,56.430,85.591,102.292
120.230,53.844,85.591,102.292
119.122,55.691,85.591,102.292
120.969,57.538,85.591,102.292
121.339,57.908,85.591,102.292
120.969,54.583,85.591,102.292
122.078,57.169,85.591,102.292
121.708,53.844,85.591,102.292
121.339,57.169,85.591,102.292
120.969,52.366,85.591,102.292
121.339,57.169,85.591,102.292
119.491,53.105,85.591,102.292
119.861,58.647,85.591,102.292
120.230,64.189,85.591,102.292
119.861,61.603,85.591,102.292
120.230,65.667,85.591,102.292
118.383,60.864,85.591,102.292
119.491,65.667,85.591,102.292
119.122,62.342,85.591,102.292
120.230,67.145,85.591,102.292
119.122,63.081,85.591,102.292
120.969,67.884,85.591,102.292
119.861,64.559,85.591,102.292
119.491,61.972,85.591,102.292
119.861,66.037,85.591,102.292
119.297,61.455,87.485,104.555
118.164,66.364,87.485,104.555
118.733,64.931,85.619,102.326
119.842,67.518,85.619,102.326
118.511,62.168,87.514,104.590
118.133,64.813,87.514,104.590
118.702,63.379,85.648,102.359
119.972,69.816,83.821,100.176
118.163,66.559,83.821,100.176
117.801,65.474,83.821,100.176
118.163,70.178,83.821,100.176
116.354,66.921,83.821,100.176
116.715,65.836,83.821,100.176
117.077,71.263,83.821,100.176
116.715,68.007,83.821,100.176
116.354,66.198,83.821,100.176
116.715,70.902,83.821,100.176
115.630,67.645,83.821,100.176
117.439,71.625,83.821,100.176
115.630,67.645,83.821,100.176
117.439,71.625,83.821,100.176
114.906,67.645,83.821,100.176
117.439,72.349,83.821,100.176
114.906,69.092,83.821,100.176
116.846,73.299,82.034,98.040
115.784,70.820,82.034,98.040
117.555,72.591,82.034,98.040
115.076,70.820,82.034,98.040
116.846,73.299,82.034,98.040
115.784,71.529,82.034,98.040
116.138,73.299,82.034,98.040
115.989,75.369,80.284,95.949
116.335,72.943,80.284,95.949
