150.000,53.000,40.000,148.000
148.228,61.153,40.000,148.000
145.746,67.888,40.000,148.000
143.265,66.825,40.000,148.000
141.492,72.142,40.000,148.000
139.720,70.370,40.000,148.000
135.967,71.307,40.885,151.275
132.884,65.498,41.790,154.621
130.291,66.609,41.790,154.621
128.440,66.980,41.790,154.621
126.588,68.091,41.790,154.621
124.736,70.683,41.790,154.621
122.885,69.572,41.790,154.621
122.514,68.461,41.790,154.621
122.144,68.831,41.790,154.621
120.292,67.720,41.790,154.621
119.922,66.609,41.790,154.621
118.811,64.758,41.790,154.621
117.700,60.684,41.790,154.621
116.589,58.832,41.790,154.621
116.959,57.721,41.790,154.621
115.107,56.610,41.790,154.621
116.218,58.462,41.790,154.621
115.107,59.573,41.790,154.621
116.959,62.906,41.790,154.621
115.848,62.536,41.790,154.621
118.440,65.869,41.790,154.621
119.551,68.461,41.790,154.621
121.403,70.313,41.790,154.621
123.255,69.202,41.790,154.621
125.107,66.609,41.790,154.621
126.218,67.720,41.790,154.621
128.810,65.128,41.790,154.621
129.500,60.728,42.714,158.042
131.777,60.158,43.659,161.539
132.164,58.223,43.659,161.539
134.099,54.741,43.659,161.539
136.033,55.128,43.659,161.539
138.741,57.062,43.659,161.539
139.902,55.128,43.659,161.539
141.063,57.062,43.659,161.539
142.997,58.223,43.659,161.539
144.932,57.836,43.659,161.539
146.867,55.128,43.659,161.539
149.575,57.062,43.659,161.539
151.510,58.223,43.659,161.539
154.218,60.932,43.659,161.539
156.152,62.866,43.659,161.539
159.635,64.027,43.659,161.539
162.343,65.188,43.659,161.539
163.504,63.253,43.659,161.539
165.438,62.092,43.659,161.539
166.599,64.027,43.659,161.539
169.675,61.647,42.728,158.094
170.496,66.618,41.817,154.723
171.607,64.023,41.817,154.723
170.496,66.618,41.817,154.723
173.090,64.023,41.817,154.723
174.202,62.912,41.817,154.723
173.831,62.541,41.817,154.723
173.460,64.394,41.817,154.723
174.572,64.023,41.817,154.723
174.943,65.135,41.817,154.723
173.090,65.506,41.817,154.723
174.202,65.135,41.817,154.723
173.090,68.471,41.817,154.723
174.202,68.100,41.817,154.723
173.090,71.435,41.817,154.723
173.460,68.841,41.817,154.723
173.831,66.247,41.817,154.723
171.237,68.841,41.817,154.723
170.125,69.953,41.817,154.723
169.013,65.876,41.817,154.723
166.419,68.471,41.817,154.723
164.566,64.394,41.817,154.723
162.713,66.988,41.817,154.723
160.328,58.740,42.742,158.146
158.434,53.816,42.742,158.146
156.783,48.530,43.688,161.645
154.847,43.497,43.688,161.645
152.911,50.078,43.688,161.645
150.201,52.014,43.688,161.645
146.716,53.176,43.688,161.645
143.421,51.789,44.654,165.222
139.860,55.351,44.654,165.222
137.090,58.912,44.654,165.222
134.543,58.316,45.642,168.877
131.711,61.148,45.642,168.877
128.880,62.361,45.642,168.877
127.666,63.575,45.642,168.877
125.644,63.979,45.642,168.877
124.431,63.575,45.642,168.877
123.217,61.552,45.642,168.877
121.195,63.575,45.642,168.877
119.981,59.934,45.642,168.877
122.004,58.721,45.642,168.877
119.172,58.316,45.642,168.877
119.577,57.912,45.642,168.877
116.745,56.698,45.642,168.877
116.341,55.485,45.642,168.877
115.127,57.507,45.642,168.877
117.150,55.485,45.642,168.877
115.936,57.507,45.642,168.877
117.959,57.103,45.642,168.877
118.363,59.125,45.642,168.877
120.386,58.721,45.642,168.877
121.599,61.552,45.642,168.877
123.622,60.339,45.642,168.877
125.644,62.361,45.642,168.877
127.666,59.530,45.642,168.877
128.880,60.743,45.642,168.877
130.902,58.721,45.642,168.877
132.925,56.698,45.642,168.877
135.756,57.103,45.642,168.877
136.970,54.271,45.642,168.877
138.992,55.485,45.642,168.877
140.205,57.507,45.642,168.877
139.801,60.339,45.642,168.877
141.014,59.934,45.642,168.877
142.228,62.766,45.642,168.877
141.823,65.597,45.642,168.877
144.655,68.429,45.642,168.877
144.250,72.878,45.642,168.877
145.464,68.429,45.642,168.877
147.120,68.280,44.669,165.276
148.308,70.259,44.669,165.276
146.328,73.822,44.669,165.276
149.099,69.467,44.669,165.276
151.483,75.427,43.717,161.751
153.421,70.390,43.717,161.751
153.808,72.327,43.717,161.751
156.888,69.945,42.784,158.302
155.751,71.840,42.784,158.302
156.888,68.428,42.784,158.302
157.267,65.015,42.784,158.302
158.405,61.603,42.784,158.302
158.784,59.707,42.784,158.302
157.646,59.328,42.784,158.302
159.542,57.432,42.784,158.302
160.680,54.778,42.784,158.302
161.059,54.399,42.784,158.302
161.438,52.503,42.784,158.302
161.817,52.124,42.784,158.302
160.680,49.470,42.784,158.302
160.300,49.849,42.784,158.302
161.438,50.987,42.784,158.302
162.575,50.607,42.784,158.302
162.495,47.676,43.731,161.804
160.558,48.839,43.731,161.804
160.945,49.226,43.731,161.804
