405.000,256.000,122.000,148.000
407.654,254.407,122.000,148.000
407.124,251.753,122.000,148.000
411.901,250.160,122.000,148.000
415.618,243.259,122.000,148.000
419.334,239.543,122.000,148.000
421.988,235.827,122.000,148.000
423.581,229.987,122.000,148.000
420.926,224.147,122.000,148.000
416.148,218.307,122.000,148.000
408.185,214.591,122.000,148.000
399.160,208.752,122.000,148.000
392.259,199.727,122.000,148.000
385.357,190.702,122.000,148.000
375.271,183.800,122.000,148.000
363.456,180.511,124.699,151.275
354.232,177.798,124.699,151.275
346.092,178.340,124.699,151.275
339.038,179.968,124.699,151.275
334.154,181.596,124.699,151.275
329.271,179.968,124.699,151.275
323.302,181.596,124.699,151.275
319.503,182.139,124.699,151.275
316.790,182.681,124.699,151.275
309.736,178.883,124.699,151.275
302.682,179.425,124.699,151.275
296.713,174.542,124.699,151.275
289.659,169.658,124.699,151.275
280.434,164.775,124.699,151.275
273.380,159.891,124.699,151.275
268.497,153.922,124.699,151.275
266.869,144.697,124.699,151.275
265.241,132.217,124.699,151.275
267.954,121.907,124.699,151.275
271.752,108.342,124.699,151.275
276.636,96.946,124.699,151.275
283.690,87.722,124.699,151.275
287.489,79.582,124.699,151.275
294.543,67.102,124.699,151.275
301.597,57.877,124.699,151.275
306.480,54.079,124.699,151.275
307.023,57.877,124.699,151.275
302.139,57.335,124.699,151.275
301.597,61.133,124.699,151.275
297.798,62.761,124.699,151.275
292.915,67.645,124.699,151.275
290.202,72.528,124.699,151.275
285.318,76.327,124.699,151.275
280.895,82.647,122.040,148.049
276.565,86.785,119.437,144.891
268.769,91.462,119.437,144.891
260.973,94.061,119.437,144.891
255.735,99.112,116.890,141.802
252.174,101.656,116.890,141.802
251.666,105.216,116.890,141.802
252.174,106.742,116.890,141.802
251.666,108.268,116.890,141.802
250.140,105.725,116.890,141.802
249.631,106.233,116.890,141.802
247.088,104.707,116.890,141.802
247.596,108.268,116.890,141.802
246.071,108.777,116.890,141.802
244.545,109.285,116.890,141.802
246.071,106.742,116.890,141.802
245.562,106.233,116.890,141.802
248.105,102.673,116.890,141.802
250.648,98.095,116.890,141.802
251.157,96.569,116.890,141.802
251.666,94.026,116.890,141.802
249.122,91.483,116.890,141.802
250.648,87.922,116.890,141.802
250.140,86.396,116.890,141.802
252.683,83.853,116.890,141.802
250.140,87.414,116.890,141.802
252.683,83.853,116.890,141.802
251.157,85.379,116.890,141.802
255.735,83.853,116.890,141.802
254.209,84.362,116.890,141.802
257.769,81.818,116.890,141.802
256.243,85.379,116.890,141.802
260.922,83.459,114.398,138.778
263.411,85.948,114.398,138.778
266.895,82.464,114.398,138.778
271.375,83.957,114.398,138.778
276.851,84.455,114.398,138.778
284.318,81.966,114.398,138.778
289.794,85.450,114.398,138.778
295.270,81.966,114.398,138.778
300.745,85.450,114.398,138.778
305.226,79.975,114.398,138.778
308.710,80.472,114.398,138.778
311.199,76.988,114.398,138.778
314.684,73.503,114.398,138.778
315.182,70.019,114.398,138.778
315.679,66.534,114.398,138.778
315.182,64.045,114.398,138.778
318.666,66.534,114.398,138.778
319.164,63.049,114.398,138.778
323.644,67.530,114.398,138.778
325.138,70.019,114.398,138.778
326.631,72.508,114.398,138.778
322.151,76.988,114.398,138.778
319.662,82.464,114.398,138.778
317.173,88.935,114.398,138.778
313.688,95.406,114.398,138.778
306.742,103.684,116.929,141.848
297.530,114.256,119.516,144.986
290.769,127.258,119.516,144.986
283.511,135.906,122.160,148.194
277.664,144.943,122.160,148.194
271.817,153.980,122.160,148.194
267.032,163.016,122.160,148.194
262.248,172.053,122.160,148.194
254.275,181.090,122.160,148.194
245.238,189.064,122.160,148.194
237.264,197.037,122.160,148.194
230.354,203.948,122.160,148.194
223.443,210.858,122.160,148.194
216.533,217.769,122.160,148.194
212.812,223.616,122.160,148.194
209.091,228.400,122.160,148.194
207.496,232.121,122.160,148.194
208.027,231.590,122.160,148.194
212.812,228.932,122.160,148.194
218.659,230.526,122.160,148.194
223.443,231.058,122.160,148.194
226.101,233.716,122.160,148.194
233.012,234.248,122.160,148.194
240.985,235.842,122.160,148.194
248.959,238.500,122.160,148.194
257.996,241.158,122.160,148.194
268.096,244.879,122.160,148.194
276.069,247.537,122.160,148.194
285.106,250.195,122.160,148.194
294.143,252.853,122.160,148.194
303.180,248.068,122.160,148.194
310.090,242.221,122.160,148.194
317.001,236.374,122.160,148.194
322.848,231.590,122.160,148.194
325.506,224.679,122.160,148.194
320.722,216.705,122.160,148.194
318.064,210.858,122.160,148.194
315.406,207.137,122.160,148.194
305.306,202.353,122.160,148.194
294.143,199.695,122.160,148.194
282.980,195.974,122.160,148.194
271.817,192.253,122.160,148.194
258.527,189.595,122.160,148.194
239.922,184.811,122.160,148.194
227.696,185.342,122.160,148.194
216.533,181.621,122.160,148.194
204.307,175.774,122.160,148.194
184.638,169.927,122.160,148.194
173.475,168.332,122.160,148.194
164.438,163.548,122.160,148.194
160.717,157.701,122.160,148.194
165.501,149.727,122.160,148.194
164.970,143.880,122.160,148.194
165.501,140.158,122.160,148.194
167.096,141.753,122.160,148.194
171.880,136.969,122.160,148.194
176.665,134.311,122.160,148.194
179.322,131.653,122.160,148.194
185.170,127.932,122.160,148.194
187.828,127.401,122.160,148.194
189.422,125.806,122.160,148.194
191.017,123.148,122.160,148.194
191.549,123.680,122.160,148.194
193.143,121.022,122.160,148.194
194.738,123.680,122.160,148.194
195.270,123.148,122.160,148.194
201.117,125.806,122.160,148.194
209.091,131.653,122.160,148.194
214.938,136.437,122.160,148.194
219.722,141.222,122.160,148.194
225.570,144.943,122.160,148.194
231.417,147.601,122.160,148.194
237.264,147.069,122.160,148.194
240.985,144.411,122.160,148.194
241.517,140.690,122.160,148.194
242.307,139.708,119.555,145.034
240.746,135.026,119.555,145.034
239.186,130.344,119.555,145.034
238.956,123.366,117.005,141.941
238.447,115.729,117.005,141.941
238.956,105.037,117.005,141.941
239.465,92.308,117.005,141.941
240.993,81.616,117.005,141.941
238.447,71.942,117.005,141.941
240.185,62.169,114.510,138.914
240.684,50.708,114.510,138.914
241.182,42.237,114.510,138.914
248.646,34.593,112.068,135.952
259.863,29.229,112.068,135.952
275.956,32.642,112.068,135.952
289.122,38.007,112.068,135.952
301.314,44.346,112.068,135.952
314.481,51.661,112.068,135.952
326.672,58.976,112.068,135.952
338.864,64.341,112.068,135.952
349.105,70.680,112.068,135.952
358.370,77.995,112.068,135.952
366.661,84.335,112.068,135.952
373.976,89.699,112.068,135.952
378.365,97.014,112.068,135.952
382.754,104.329,112.068,135.952
382.266,110.668,112.068,135.952
380.171,119.169,109.678,133.053
374.921,127.282,109.678,133.053
367.762,133.486,109.678,133.053
358.694,138.736,109.678,133.053
349.626,143.032,109.678,133.053
339.603,146.373,109.678,133.053
330.535,149.713,109.678,133.053
322.422,150.191,109.678,133.053
314.308,152.577,109.678,133.053
305.240,154.009,109.678,133.053
295.218,157.350,109.678,133.053
284.241,160.690,109.678,133.053
273.264,161.168,109.678,133.053
263.241,161.645,109.678,133.053
253.219,159.259,109.678,133.053
243.196,161.645,109.678,133.053
233.174,164.986,109.678,133.053
223.151,169.281,109.678,133.053
212.174,175.486,109.678,133.053
200.242,181.690,109.678,133.053
190.220,187.894,109.678,133.053
182.107,194.099,109.678,133.053
173.039,200.303,109.678,133.053
163.016,207.462,109.678,133.053
152.993,214.621,109.678,133.053
145.423,219.260,107.339,130.215
137.482,222.529,107.339,130.215
130.476,223.931,107.339,130.215
125.338,224.398,107.339,130.215
122.068,222.062,107.339,130.215
119.733,222.529,107.339,130.215
120.200,217.391,107.339,130.215
121.601,214.122,107.339,130.215
123.937,209.918,107.339,130.215
126.272,210.385,107.339,130.215
129.542,210.852,107.339,130.215
133.838,209.990,105.050,127.438
139.780,210.447,105.050,127.438
147.551,210.904,105.050,127.438
151.666,210.447,105.050,127.438
155.780,210.904,105.050,127.438
161.722,211.361,105.050,127.438
165.836,213.647,105.050,127.438
167.208,215.932,105.050,127.438
168.579,219.132,105.050,127.438
168.840,220.094,107.375,130.258
167.438,216.823,107.375,130.258
166.735,219.745,109.750,133.140
166.016,219.758,112.179,136.085
165.282,218.759,114.661,139.096
165.566,219.809,117.197,142.174
165.056,215.219,117.197,142.174
163.231,217.350,119.790,145.320
163.752,213.701,119.790,145.320
166.213,215.879,122.441,148.535
166.745,210.018,122.441,148.535
168.155,210.034,125.150,151.821
169.789,205.132,125.150,151.821
170.333,200.231,125.150,151.821
174.145,195.330,125.150,151.821
171.066,191.955,127.919,155.180
173.849,186.946,127.919,155.180
176.632,181.936,127.919,155.180
179.260,177.332,130.749,158.613
183.242,169.935,130.749,158.613
180.397,163.677,130.749,158.613
184.380,158.556,130.749,158.613
188.246,152.670,133.642,162.123
196.969,146.273,133.642,162.123
204.529,143.365,133.642,162.123
212.089,143.947,133.642,162.123
219.649,143.365,133.642,162.123
226.046,143.947,133.642,162.123
227.791,139.876,133.642,162.123
233.025,141.620,133.642,162.123
235.932,142.202,133.642,162.123
237.677,143.947,133.642,162.123
236.299,141.752,130.792,158.665
236.869,144.597,130.792,158.665
238.576,139.475,130.792,158.665
242.560,143.459,130.792,158.665
239.714,142.890,130.792,158.665
241.422,143.459,130.792,158.665
241.991,145.166,130.792,158.665
240.283,141.182,130.792,158.665
244.267,144.028,130.792,158.665
236.869,144.597,130.792,158.665
231.746,146.305,130.792,158.665
224.348,143.459,130.792,158.665
226.055,144.028,130.792,158.665
225.486,140.044,130.792,158.665
228.332,146.305,130.792,158.665
224.348,152.565,130.792,158.665
226.055,157.687,130.792,158.665
227.762,162.810,130.792,158.665
229.470,166.794,130.792,158.665
233.454,168.501,130.792,158.665
236.299,171.347,130.792,158.665
237.805,174.906,133.686,162.176
239.344,177.336,136.643,165.764
242.150,181.055,139.667,169.432
243.974,181.663,139.667,169.432
244.581,181.055,139.667,169.432
246.189,179.811,142.757,173.180
246.543,175.962,145.915,177.012
247.178,179.136,145.915,177.012
247.813,172.152,145.915,177.012
245.908,168.977,145.915,177.012
251.623,163.263,145.915,177.012
261.147,162.628,145.915,177.012
266.779,165.281,149.144,180.928
272.620,162.036,149.144,180.928
275.684,164.748,152.443,184.931
284.307,160.104,152.443,184.931
291.568,164.253,155.816,189.023
297.582,172.713,159.264,193.205
297.977,178.485,162.787,197.480
298.381,184.385,166.389,201.849
298.794,190.415,170.070,206.315
296.145,190.436,173.833,210.880
286.311,183.628,173.833,210.880
286.743,189.928,177.679,215.545
275.953,191.554,181.610,220.314
272.002,186.022,181.610,220.314
275.953,193.135,181.610,220.314
268.205,186.598,185.628,225.189
263.637,188.297,189.735,230.171
266.114,180.867,189.735,230.171
266.585,177.464,193.933,235.263
270.804,168.181,193.933,235.263
276.712,163.961,193.933,235.263
272.492,156.366,193.933,235.263
276.712,155.522,193.933,235.263
277.556,147.927,193.933,235.263
278.400,142.020,193.933,235.263
275.868,139.488,193.933,235.263
269.961,131.893,193.933,235.263
265.741,129.362,193.933,235.263
260.488,122.923,189.798,230.246
260.124,118.213,185.750,225.336
262.884,113.604,181.789,220.531
265.257,108.067,181.789,220.531
267.630,107.276,181.789,220.531
271.856,107.340,177.912,215.828
277.484,108.895,174.118,211.225
278.241,112.684,174.118,211.225
280.514,114.957,174.118,211.225
283.101,122.321,170.405,206.721
280.877,128.994,170.405,206.721
281.618,138.634,170.405,206.721
276.428,146.791,170.405,206.721
269.754,154.947,170.405,206.721
258.631,161.621,170.405,206.721
247.509,168.295,170.405,206.721
228.971,169.036,170.405,206.721
205.984,165.329,170.405,206.721
194.221,171.106,166.771,202.313
183.336,173.283,166.771,202.313
176.021,167.746,163.215,197.998
162.527,167.036,163.215,197.998
151.260,164.356,159.734,193.776
142.224,159.490,159.734,193.776
140.139,153.234,159.734,193.776
132.493,148.369,159.734,193.776
134.866,149.765,156.328,189.644
137.189,151.131,152.994,185.599
136.523,147.803,152.994,185.599
129.200,143.142,152.994,185.599
123.208,135.819,152.994,185.599
125.481,133.306,149.731,181.641
120.920,128.745,149.731,181.641
121.572,129.397,149.731,181.641
123.527,124.836,149.731,181.641
117.663,122.881,149.731,181.641
119.617,114.411,149.731,181.641
121.572,112.457,149.731,181.641
127.436,110.502,149.731,181.641
130.694,105.941,149.731,181.641
133.951,109.199,149.731,181.641
139.815,102.032,149.731,181.641
148.286,106.593,149.731,181.641
159.362,111.154,149.731,181.641
162.437,111.172,153.044,185.660
173.759,113.170,153.044,185.660
182.416,115.168,153.044,185.660
189.742,115.834,153.044,185.660
195.736,115.168,153.044,185.660
203.061,114.502,153.044,185.660
209.187,114.556,149.781,181.701
216.438,113.352,146.586,177.826
223.454,111.439,146.586,177.826
231.746,113.352,146.586,177.826
238.763,112.714,146.586,177.826
248.331,113.352,146.586,177.826
260.450,113.990,146.586,177.826
270.018,113.352,146.586,177.826
280.862,115.266,146.586,177.826
294.257,115.904,146.586,177.826
305.101,113.990,146.586,177.826
312.118,112.076,146.586,177.826
314.295,109.669,143.460,174.034
316.168,105.299,143.460,174.034
308.672,98.129,140.401,170.323
304.396,93.853,140.401,170.323
308.672,95.685,140.401,170.323
301.952,96.296,140.401,170.323
419.865,120.123,140.401,170.323
425.364,117.069,140.401,170.323
427.197,121.345,140.401,170.323
425.364,124.400,140.401,170.323
429.641,121.345,140.401,170.323
420.476,124.400,140.401,170.323
417.422,125.011,140.401,170.323
411.923,119.513,140.401,170.323
405.933,125.869,143.507,174.091
402.046,122.308,140.447,170.378
392.879,127.808,140.447,170.378
385.540,131.392,137.452,166.745
379.511,129.134,134.521,163.189
368.389,133.232,134.521,163.189
359.104,134.408,131.652,159.709
351.656,138.418,131.652,159.709
345.355,136.699,131.652,159.709
336.172,137.904,134.565,163.243
332.527,142.467,131.695,159.762
327.369,144.186,131.695,159.762
321.066,148.198,131.695,159.762
314.762,151.063,131.695,159.762
309.604,155.074,131.695,159.762
303.300,148.771,131.695,159.762
295.851,155.074,131.695,159.762
291.839,145.332,131.695,159.762
285.535,148.198,131.695,159.762
281.524,140.748,131.695,159.762
279.472,131.251,134.609,163.296
273.029,138.866,134.609,163.296
266.071,127.944,137.587,166.909
262.344,122.221,134.653,163.350
265.274,114.604,134.653,163.350
258.313,120.700,137.632,166.964
254.121,111.716,137.632,166.964
259.511,107.524,137.632,166.964
251.153,112.512,140.678,170.658
255.438,105.778,140.678,170.658
259.723,111.288,140.678,170.658
262.784,103.330,140.678,170.658
258.499,111.288,140.678,170.658
260.118,113.846,143.790,174.434
267.001,121.980,143.790,174.434
260.118,110.091,143.790,174.434
264.370,115.303,146.971,178.293
268.847,106.989,146.971,178.293
272.263,113.205,143.837,174.491
277.896,108.823,143.837,174.491
273.058,114.036,147.020,178.352
272.419,106.999,147.020,178.352
267.473,113.654,150.272,182.298
272.051,116.924,150.272,182.298
262.242,105.808,150.272,182.298
258.545,112.610,153.597,186.331
253.096,119.107,150.322,182.357
247.764,114.116,147.116,178.469
242.002,122.438,147.116,178.469
236.783,117.554,143.979,174.663
233.240,124.072,147.164,178.527
236.442,115.747,147.164,178.527
223.520,117.094,150.420,182.477
228.102,125.603,150.420,182.477
216.974,117.094,150.420,182.477
220.247,128.221,150.420,182.477
222.211,119.712,150.420,182.477
218.938,128.221,150.420,182.477
220.669,132.314,153.748,186.514
222.439,122.616,157.150,190.641
225.667,132.568,160.627,194.859
231.867,122.435,164.181,199.170
236.868,131.723,164.181,199.170
234.725,123.864,164.181,199.170
239.579,132.779,167.813,203.577
246.151,127.667,167.813,203.577
249.598,129.203,171.526,208.081
245.378,121.481,175.321,212.685
248.979,126.252,179.200,217.390
242.951,118.184,183.165,222.200
243.406,121.514,187.218,227.116
238.799,116.466,191.360,232.141
234.635,122.295,191.360,232.141
228.807,123.127,191.360,232.141
226.834,136.036,187.279,227.191
219.500,138.481,187.279,227.191
212.165,142.556,187.279,227.191
204.831,146.631,187.279,227.191
197.496,149.076,187.279,227.191
193.422,153.150,187.279,227.191
189.347,157.225,187.279,227.191
186.902,161.300,187.279,227.191
184.457,165.374,187.279,227.191
182.012,167.819,187.279,227.191
176.308,163.744,187.279,227.191
190.162,174.339,187.279,227.191
177.938,170.264,187.279,227.191
188.575,182.898,183.285,222.346
179.802,174.125,183.285,222.346
186.980,182.898,183.285,222.346
178.207,177.315,183.285,222.346
188.575,186.088,183.285,222.346
179.100,179.491,187.340,227.265
169.312,174.843,183.345,222.419
173.301,185.214,183.345,222.419
164.525,178.034,183.345,222.419
174.896,188.405,183.345,222.419
166.120,182.821,183.345,222.419
176.534,192.113,179.435,217.676
164.018,182.414,183.405,222.492
177.512,196.325,179.494,217.747
166.612,186.623,183.465,222.565
178.588,197.002,183.465,222.565
169.806,191.413,183.465,222.565
181.765,200.712,179.553,217.818
176.296,195.243,179.553,217.818
188.016,205.400,179.553,217.818
177.113,194.073,183.526,222.638
190.616,203.375,179.612,217.890
183.582,194.778,179.612,217.890
193.783,200.867,175.782,213.243
186.284,194.541,179.671,217.961
174.556,189.068,179.671,217.961
184.720,200.795,179.671,217.961
177.684,196.886,179.671,217.961
189.396,207.499,175.839,213.313
180.306,199.583,179.730,218.033
171.703,200.365,179.730,218.033
180.306,205.839,179.730,218.033
169.392,199.370,183.706,222.857
156.578,191.099,187.771,227.787
160.663,188.648,187.771,227.787
154.944,192.733,187.771,227.787
150.858,188.648,187.771,227.787
158.212,194.368,187.771,227.787
152.493,188.648,187.771,227.787
134.309,181.890,191.925,232.827
138.484,184.395,191.925,232.827
130.968,176.879,191.925,232.827
131.803,184.395,191.925,232.827
135.979,176.879,191.925,232.827
130.133,181.054,191.925,232.827
128.876,175.879,196.171,237.979
133.144,176.733,196.171,237.979
130.583,169.050,196.171,237.979
122.901,164.782,196.171,237.979
127.169,169.050,196.171,237.979
129.730,166.489,196.171,237.979
127.169,162.221,196.171,237.979
136.559,173.318,196.171,237.979
128.876,163.928,196.171,237.979
136.559,173.318,196.171,237.979
122.047,160.514,196.171,237.979
128.023,171.611,196.171,237.979
137.413,181.001,196.171,237.979
138.266,173.318,196.171,237.979
142.534,182.708,196.171,237.979
133.144,176.733,196.171,237.979
140.827,184.416,196.171,237.979
150.217,188.684,196.171,237.979
142.534,179.294,196.171,237.979
146.803,186.977,196.171,237.979
147.656,181.001,196.171,237.979
141.058,186.339,200.512,243.244
138.440,178.487,200.512,243.244
137.127,183.943,204.948,248.626
126.533,180.267,209.483,254.126
119.487,182.185,214.117,259.749
120.418,181.253,214.117,259.749
117.623,185.912,214.117,259.749
114.828,181.253,214.117,259.749
115.760,191.502,214.117,259.749
109.238,181.253,214.117,259.749
112.033,187.775,214.117,259.749
105.511,179.389,214.117,259.749
115.876,186.649,209.551,254.210
109.493,189.385,209.551,254.210
110.405,184.826,209.551,254.210
111.317,189.385,209.551,254.210
110.405,186.649,209.551,254.210
109.493,189.385,209.551,254.210
106.758,188.473,209.551,254.210
102.198,191.209,209.551,254.210
103.110,190.297,209.551,254.210
88.493,177.078,214.188,259.834
95.018,187.330,214.188,259.834
88.493,178.942,214.188,259.834
81.289,182.836,218.926,265.583
76.526,174.263,218.926,265.583
73.115,180.220,223.770,271.459
59.527,170.145,228.721,277.465
51.834,174.304,233.782,283.604
56.921,181.425,233.782,283.604
55.903,174.304,233.782,283.604
50.151,165.889,238.954,289.879
71.987,177.327,238.954,289.879
54.310,167.969,238.954,289.879
37.642,174.471,244.241,296.292
45.082,164.906,244.241,296.292
52.304,169.347,249.645,302.848
57.735,161.743,249.645,302.848
67.371,166.282,255.168,309.548
84.133,159.401,260.814,316.397
85.267,167.346,260.814,316.397
69.430,157.958,266.584,323.397
55.649,143.549,272.482,330.552
46.484,133.741,278.511,337.866
44.660,121.202,284.673,345.341
45.899,132.351,284.673,345.341
31.183,119.534,290.972,352.982
55.032,131.840,284.766,345.454
73.737,121.591,291.067,353.098
97.802,127.924,291.067,353.098
119.334,131.723,291.067,353.098
133.266,140.589,291.067,353.098
149.798,155.341,284.860,345.568
146.080,164.018,284.860,345.568
167.152,172.695,284.860,345.568
123.594,170.406,278.785,338.198
106.689,168.166,272.840,330.986
92.433,175.128,267.022,323.928
109.839,177.462,261.327,317.020
157.564,192.899,255.754,310.259
147.548,176.205,255.754,310.259
135.306,159.512,255.754,310.259
123.064,142.818,255.754,310.259
111.846,132.181,250.300,303.643
104.222,131.092,250.300,303.643
110.040,122.782,244.963,297.168
107.515,122.868,239.739,290.831
106.472,115.566,239.739,290.831
109.601,120.782,239.739,290.831
121.207,118.855,234.626,284.629
126.312,126.002,234.626,284.629
129.375,135.191,234.626,284.629
144.690,130.086,234.626,284.629
151.836,139.275,234.626,284.629
167.131,131.485,229.623,278.559
178.067,133.587,234.703,284.722
185.217,126.438,234.703,284.722
192.157,120.109,239.896,291.021
203.639,116.977,239.896,291.021
213.034,109.670,239.896,291.021
226.626,98.869,245.204,297.460
231.663,85.616,250.629,304.042
243.659,77.981,250.629,304.042
253.333,82.538,256.174,310.768
272.284,70.276,256.174,310.768
284.485,77.247,261.842,317.644
296.956,65.458,267.635,324.672
305.108,66.623,267.635,324.672
291.124,80.188,261.928,317.748
276.307,90.445,261.928,317.748
279.322,83.383,267.723,324.779
257.187,91.538,267.723,324.779
214.004,109.598,262.014,317.853
198.116,118.482,256.426,311.074
195.472,116.421,250.958,304.440
192.886,124.930,245.606,297.948
204.775,137.378,240.368,291.594
214.395,153.593,235.242,285.376
211.970,165.516,230.226,279.290
220.987,172.529,230.226,279.290
216.682,180.335,225.316,273.334
214.360,184.194,220.511,267.505
223.185,187.971,215.809,261.801
228.202,186.237,211.207,256.218
233.111,191.627,206.702,250.754
237.916,189.966,202.294,245.407
235.831,190.037,197.980,240.173
235.451,181.803,193.758,235.051
231.828,173.745,189.627,230.039
236.236,165.858,185.583,225.133
237.043,155.360,185.583,225.133
239.466,148.092,185.583,225.133
235.996,141.931,181.625,220.332
232.045,131.656,181.625,220.332
237.577,121.382,181.625,220.332
246.271,111.108,181.625,220.332
250.222,103.994,181.625,220.332
246.271,109.527,181.625,220.332
251.803,116.640,181.625,220.332
251.013,123.753,181.625,220.332
248.642,129.285,181.625,220.332
255.911,135.443,177.752,215.634
263.025,139.979,173.961,211.035
271.351,142.250,173.961,211.035
279.773,137.934,170.251,206.535
284.959,143.120,170.251,206.535
288.663,139.415,170.251,206.535
282.624,135.191,166.621,202.130
278.111,142.238,163.068,197.820
274.563,138.690,163.068,197.820
275.272,140.819,163.068,197.820
274.563,133.014,163.068,197.820
268.177,128.046,163.068,197.820
