51.000,47.000,25.000,62.000
47.820,39.804,25.000,62.000
35.270,37.294,25.000,62.000
32.760,41.478,25.000,62.000
39.621,38.633,25.000,62.000
31.756,39.135,25.000,62.000
32.592,38.633,25.000,62.000
35.772,40.808,25.000,62.000
42.298,39.637,25.000,62.000
42.890,33.569,25.553,63.372
45.113,31.345,25.553,63.372
47.337,31.516,25.553,63.372
61.534,35.108,25.553,63.372
67.520,31.858,25.553,63.372
65.639,28.951,25.553,63.372
85.651,28.095,25.553,63.372
100.190,31.687,25.553,63.372
93.177,26.043,25.553,63.372
85.480,25.872,25.553,63.372
91.467,23.990,25.553,63.372
88.559,23.477,25.553,63.372
85.309,26.385,25.553,63.372
86.848,31.687,25.553,63.372
92.835,39.042,25.553,63.372
78.638,42.976,25.553,63.372
77.441,40.411,25.553,63.372
83.085,28.609,25.553,63.372
80.520,21.938,25.553,63.372
73.507,14.925,25.553,63.372
65.126,13.385,25.553,63.372
66.665,16.635,25.553,63.372
76.073,20.911,25.553,63.372
83.770,23.135,25.553,63.372
91.467,25.701,25.553,63.372
108.400,23.819,25.553,63.372
120.886,26.385,25.553,63.372
117.295,24.161,25.553,63.372
114.705,20.443,26.118,64.774
133.062,24.465,26.118,64.774
141.978,27.437,26.118,64.774
149.146,29.709,26.118,64.774
152.468,29.185,26.118,64.774
152.993,30.758,26.118,64.774
150.720,28.486,26.118,64.774
154.042,25.514,26.118,64.774
155.265,30.234,26.118,64.774
127.118,33.556,26.118,64.774
108.411,32.332,26.118,64.774
106.488,30.758,26.118,64.774
105.264,33.731,26.118,64.774
108.935,25.164,26.118,64.774
110.509,12.751,26.118,64.774
109.984,13.625,26.118,64.774
117.502,17.996,26.118,64.774
121.873,20.968,26.118,64.774
123.796,29.185,26.118,64.774
113.831,31.807,26.118,64.774
113.656,30.933,26.118,64.774
105.439,27.961,26.118,64.774
105.264,23.940,26.118,64.774
127.817,19.919,26.118,64.774
136.733,16.597,26.118,64.774
133.062,23.416,26.118,64.774
133.237,30.584,26.118,64.774
131.663,36.703,26.118,64.774
130.789,39.325,26.118,64.774
137.574,47.859,26.696,66.207
146.331,55.901,26.696,66.207
144.007,62.512,26.696,66.207
129.176,60.189,26.696,66.207
131.290,44.810,27.287,67.672
125.872,48.799,27.891,69.169
112.617,48.986,27.891,69.169
104.589,27.516,27.891,69.169
100.600,30.044,28.508,70.699
109.951,38.249,28.508,70.699
118.538,68.972,28.508,70.699
126.735,72.347,29.139,72.264
139.023,71.762,29.139,72.264
152.481,77.029,29.139,72.264
142.144,68.252,29.139,72.264
147.020,61.035,29.139,72.264
160.868,57.719,29.139,72.264
168.475,57.134,29.139,72.264
175.302,58.499,29.139,72.264
186.419,57.134,29.139,72.264
183.062,53.704,29.783,73.862
180.043,53.921,30.442,75.497
181.470,56.977,30.442,75.497
182.613,51.280,31.116,77.167
139.499,56.070,31.116,77.167
125.961,40.449,31.116,77.167
134.084,31.910,31.116,77.167
135.018,26.509,30.452,75.521
137.667,25.082,30.452,75.521
136.648,32.624,30.452,75.521
139.484,41.306,31.126,77.192
150.943,38.180,31.126,77.192
154.689,34.385,30.462,75.546
152.446,37.851,30.462,75.546
148.571,33.161,30.462,75.546
151.630,36.220,30.462,75.546
148.164,25.821,30.462,75.546
141.843,10.528,30.462,75.546
175.895,12.363,30.462,75.546
190.372,13.790,30.462,75.546
192.785,13.589,31.136,77.218
190.493,22.551,31.136,77.218
196.954,32.347,31.136,77.218
180.905,34.222,31.136,77.218
178.196,31.513,31.136,77.218
172.878,32.605,31.825,78.926
168.327,33.721,32.529,80.672
157.658,23.923,32.529,80.672
147.859,22.398,32.529,80.672
137.190,31.761,32.529,80.672
130.004,33.721,32.529,80.672
127.160,33.054,33.249,82.457
119.172,35.144,33.985,84.282
124.696,37.752,34.736,86.146
136.090,35.194,34.736,86.146
144.149,38.825,35.505,88.052
139.158,34.784,35.505,88.052
133.094,31.098,36.290,90.000
127.904,12.208,37.093,91.992
148.512,8.484,37.093,91.992
142.801,0.290,37.093,91.992
172.015,9.834,37.914,94.027
176.089,18.909,37.106,92.022
172.363,24.622,37.106,92.022
167.644,22.386,37.106,92.022
166.402,25.119,37.106,92.022
171.618,27.851,37.106,92.022
166.402,23.132,37.106,92.022
145.290,21.393,37.106,92.022
125.816,18.783,36.314,90.059
127.843,8.263,35.540,88.139
119.517,10.404,35.540,88.139
123.561,7.312,35.540,88.139
155.007,20.405,36.326,90.089
