134.000,55.000,60.000,88.000
134.870,55.290,60.000,88.000
134.000,55.580,60.000,88.000
134.870,53.550,60.000,88.000
134.000,55.000,60.000,88.000
134.870,55.290,60.000,88.000
134.580,55.580,60.000,88.000
133.710,53.550,60.000,88.000
134.580,55.000,60.000,88.000
133.710,55.290,60.000,88.000
134.580,55.000,60.000,88.000
134.290,56.450,60.000,88.000
136.900,57.900,60.000,88.000
138.931,56.450,60.000,88.000
138.641,57.900,60.000,88.000
137.770,55.870,60.000,88.000
135.160,57.320,60.000,88.000
131.390,55.290,60.000,88.000
127.619,56.160,60.000,88.000
120.368,55.290,60.000,88.000
116.598,55.580,60.000,88.000
105.867,54.130,60.000,88.000
98.282,54.661,61.327,89.947
92.057,56.736,61.327,89.947
86.424,59.997,61.327,89.947
84.208,64.846,62.684,91.937
83.299,68.179,62.684,91.937
84.208,72.724,62.684,91.937
85.117,76.663,62.684,91.937
87.238,81.208,62.684,91.937
89.965,85.147,62.684,91.937
93.987,83.816,64.071,93.971
97.456,83.098,65.489,96.050
104.104,83.414,65.489,96.050
111.590,83.337,66.938,98.175
122.599,83.929,68.419,100.348
131.298,82.130,66.960,98.208
136.938,82.051,68.441,100.380
139.915,82.382,68.441,100.380
144.993,84.361,69.955,102.601
150.742,87.404,69.955,102.601
156.490,89.771,69.955,102.601
160.979,91.092,71.503,104.871
164.781,92.129,71.503,104.871
161.670,93.166,71.503,104.871
164.765,90.620,69.978,102.635
161.720,92.311,69.978,102.635
158.228,91.123,68.486,100.446
159.883,88.144,68.486,100.446
158.228,87.150,68.486,100.446
155.753,82.948,70.001,102.669
153.384,79.226,70.001,102.669
153.723,77.534,70.001,102.669
157.445,76.519,70.001,102.669
156.430,76.857,70.001,102.669
154.738,74.489,70.001,102.669
151.693,76.857,70.001,102.669
146.617,73.812,70.001,102.669
138.834,69.413,70.001,102.669
130.375,67.044,70.001,102.669
123.946,69.413,70.001,102.669
120.452,69.529,68.509,100.479
105.550,67.873,68.509,100.479
101.907,68.867,68.509,100.479
98.927,69.198,68.509,100.479
99.976,71.227,67.048,98.336
100.949,72.199,67.048,98.336
101.273,72.523,67.048,98.336
107.592,73.789,68.531,100.512
113.112,72.626,67.070,98.369
121.218,71.653,67.070,98.369
125.432,72.626,67.070,98.369
131.592,71.005,67.070,98.369
133.862,70.032,67.070,98.369
136.779,67.115,67.070,98.369
140.932,69.726,65.639,96.271
143.788,68.139,65.639,96.271
147.278,70.995,65.639,96.271
148.230,68.139,65.639,96.271
149.181,70.360,65.639,96.271
150.760,73.575,67.092,98.401
145.246,77.791,67.092,98.401
148.814,82.656,67.092,98.401
151.100,85.941,68.576,100.578
150.105,86.936,68.576,100.578
145.133,87.267,68.576,100.578
140.161,88.262,68.576,100.578
134.243,86.805,70.093,102.803
127.806,90.532,70.093,102.803
119.335,88.838,70.093,102.803
119.674,87.144,70.093,102.803
115.947,77.996,70.093,102.803
118.319,72.913,70.093,102.803
119.335,70.542,70.093,102.803
121.029,68.848,70.093,102.803
124.716,69.617,68.598,100.611
127.685,70.370,67.136,98.466
131.254,68.099,67.136,98.466
136.662,66.959,65.704,96.366
141.426,69.182,65.704,96.366
146.190,66.324,65.704,96.366
151.590,63.465,65.704,96.366
157.624,65.689,65.704,96.366
159.863,66.270,67.158,98.498
161.477,70.232,68.643,100.677
157.164,71.892,68.643,100.677
152.850,72.223,68.643,100.677
149.200,72.555,68.643,100.677
142.896,68.905,68.643,100.677
138.582,72.555,68.643,100.677
131.614,74.878,68.643,100.677
125.973,78.528,68.643,100.677
123.651,82.178,68.643,100.677
119.793,84.162,70.162,102.905
121.480,86.191,71.715,105.181
124.600,87.231,71.715,105.181
129.800,86.191,71.715,105.181
134.306,87.231,71.715,105.181
138.746,90.691,70.185,102.938
141.800,90.352,70.185,102.938
145.532,87.977,70.185,102.938
145.107,82.262,71.738,105.216
144.067,77.061,71.738,105.216
143.720,72.553,71.738,105.216
143.374,67.351,71.738,105.216
141.799,65.465,70.208,102.972
143.496,61.053,70.208,102.972
145.193,58.677,70.208,102.972
148.247,60.374,70.208,102.972
148.014,59.837,68.711,100.776
148.977,60.445,70.231,103.006
144.564,58.068,70.231,103.006
139.471,57.729,70.231,103.006
135.058,58.747,70.231,103.006
128.998,60.073,71.785,105.285
115.465,54.174,71.785,105.285
108.178,51.051,71.785,105.285
100.891,52.786,71.785,105.285
95.686,58.685,71.785,105.285
98.115,64.584,71.785,105.285
95.870,68.048,70.254,103.040
101.643,70.425,70.254,103.040
103.341,71.444,70.254,103.040
109.794,70.425,70.254,103.040
119.381,71.197,68.756,100.842
126.360,72.194,68.756,100.842
131.345,72.526,68.756,100.842
136.996,71.529,68.756,100.842
141.252,72.925,67.290,98.692
141.578,71.298,67.290,98.692
141.903,68.371,67.290,98.692
140.927,66.094,67.290,98.692
143.204,64.468,67.290,98.692
142.879,66.094,67.290,98.692
143.204,65.769,67.290,98.692
141.578,64.793,67.290,98.692
136.965,64.278,65.855,96.587
130.917,64.596,65.855,96.587
124.232,63.004,65.855,96.587
115.637,61.413,65.855,96.587
110.225,62.368,65.855,96.587
100.994,59.503,65.855,96.587
93.035,60.458,65.855,96.587
86.350,65.869,65.855,96.587
81.575,71.918,65.855,96.587
81.894,76.693,65.855,96.587
82.849,82.104,65.855,96.587
86.350,86.243,65.855,96.587
93.035,89.108,65.855,96.587
104.814,88.789,65.855,96.587
112.135,87.834,65.855,96.587
117.547,90.063,65.855,96.587
124.232,88.471,65.855,96.587
130.917,90.063,65.855,96.587
138.239,88.471,65.855,96.587
143.651,86.243,65.855,96.587
148.426,82.741,65.855,96.587
150.017,80.513,65.855,96.587
150.972,81.468,65.855,96.587
151.291,78.603,65.855,96.587
150.336,74.464,65.855,96.587
151.291,69.053,65.855,96.587
153.519,66.188,65.855,96.587
155.747,67.143,65.855,96.587
157.339,67.461,65.855,96.587
153.201,65.869,65.855,96.587
149.699,63.641,65.855,96.587
146.658,64.224,67.312,98.724
143.730,61.296,67.312,98.724
140.371,63.289,65.876,96.619
137.697,62.171,64.472,94.558
133.646,64.976,64.472,94.558
127.101,62.794,64.472,94.558
122.426,61.236,64.472,94.558
117.128,60.924,64.472,94.558
111.207,62.482,64.472,94.558
105.286,60.301,64.472,94.558
95.842,62.165,65.898,96.650
93.613,67.580,65.898,96.650
93.294,71.721,65.898,96.650
91.064,73.314,65.898,96.650
90.109,76.818,65.898,96.650
93.015,78.062,67.356,98.789
98.688,78.658,68.846,100.975
105.677,75.663,68.846,100.975
110.669,73.333,68.846,100.975
115.661,74.997,68.846,100.975
121.318,73.999,68.846,100.975
127.641,74.997,68.846,100.975
132.545,74.470,67.378,98.821
137.973,75.210,65.941,96.714
140.841,78.079,65.941,96.714
142.435,79.673,65.941,96.714
142.754,78.079,65.941,96.714
142.435,75.210,65.941,96.714
140.841,71.704,65.941,96.714
143.695,69.970,64.535,94.651
145.879,72.778,64.535,94.651
144.943,71.218,64.535,94.651
145.255,71.530,64.535,94.651
138.704,69.970,64.535,94.651
132.777,71.530,64.535,94.651
127.473,69.346,64.535,94.651
123.418,69.658,64.535,94.651
118.739,69.346,64.535,94.651
111.564,67.786,64.535,94.651
105.013,67.474,64.535,94.651
100.333,66.538,64.535,94.651
100.021,68.098,64.535,94.651
102.205,68.410,64.535,94.651
97.526,65.603,64.535,94.651
102.205,68.410,64.535,94.651
105.637,66.226,64.535,94.651
109.068,67.786,64.535,94.651
116.867,68.722,64.535,94.651
121.464,68.829,63.159,92.633
126.043,69.745,63.159,92.633
130.012,66.387,63.159,92.633
133.923,65.315,61.812,90.658
137.807,67.406,61.812,90.658
140.496,67.107,61.812,90.658
141.990,67.406,61.812,90.658
145.874,71.888,61.812,90.658
144.881,77.395,63.180,92.663
150.683,85.641,63.180,92.663
152.821,90.833,63.180,92.663
148.637,90.125,64.577,94.713
145.203,90.437,64.577,94.713
141.145,91.998,64.577,94.713
129.095,93.865,66.006,96.809
118.566,92.269,66.006,96.809
112.208,89.543,67.467,98.951
107.317,89.869,67.467,98.951
105.034,84.325,67.467,98.951
106.664,80.086,67.467,98.951
108.295,75.846,67.467,98.951
106.533,71.706,68.959,101.140
103.092,69.893,67.489,98.983
104.071,66.957,67.489,98.983
105.702,65.978,67.489,98.983
104.723,64.999,67.489,98.983
110.159,66.998,66.049,96.873
116.864,66.040,66.049,96.873
122.184,64.919,64.641,94.807
126.246,62.732,64.641,94.807
129.646,61.032,63.262,92.785
133.010,60.726,63.262,92.785
135.151,58.586,63.262,92.785
136.680,60.726,63.262,92.785
139.417,60.242,61.913,90.806
142.111,62.935,61.913,90.806
143.607,60.841,61.913,90.806
145.104,60.541,61.913,90.806
146.002,59.643,61.913,90.806
148.097,58.746,61.913,90.806
148.994,59.045,61.913,90.806
149.862,60.214,63.283,92.815
150.780,56.849,63.283,92.815
147.415,57.767,63.283,92.815
142.214,58.073,63.283,92.815
137.626,56.543,63.283,92.815
136.096,57.461,63.283,92.815
131.759,58.156,61.934,90.836
126.071,57.856,61.934,90.836
118.586,58.156,61.934,90.836
111.102,61.449,61.934,90.836
104.216,58.754,61.934,90.836
99.725,57.257,61.934,90.836
94.636,59.353,61.934,90.836
90.145,57.257,61.934,90.836
94.636,58.754,61.934,90.836
97.929,56.060,61.934,90.836
92.585,58.472,63.304,92.846
91.055,56.330,63.304,92.846
95.033,58.472,63.304,92.846
98.399,57.554,63.304,92.846
109.721,60.308,63.304,92.846
122.037,60.868,64.705,94.900
128.605,57.427,64.705,94.900
132.671,55.864,64.705,94.900
136.112,53.049,64.705,94.900
139.552,54.612,64.705,94.900
145.970,57.132,63.325,92.876
148.128,61.503,64.726,94.931
152.281,71.814,66.158,97.031
157.078,78.530,66.158,97.031
159.956,89.723,66.158,97.031
155.159,94.520,66.158,97.031
157.398,99.957,66.158,97.031
149.403,102.835,66.158,97.031
143.327,105.073,66.158,97.031
129.575,106.672,66.158,97.031
119.662,109.550,66.158,97.031
111.667,120.743,66.158,97.031
105.591,128.738,66.158,97.031
101.209,122.688,67.622,99.178
103.497,119.746,67.622,99.178
90.201,83.719,69.118,101.373
91.872,76.034,69.118,101.373
90.760,71.100,70.647,103.615
96.566,65.977,70.647,103.615
101.598,64.120,69.140,101.406
107.280,66.459,69.140,101.406
121.651,64.788,69.140,101.406
127.865,63.614,67.666,99.243
136.042,65.904,67.666,99.243
144.014,65.386,66.223,97.127
148.816,66.986,66.223,97.127
152.299,67.096,64.811,95.056
151.359,69.916,64.811,95.056
153.552,77.122,64.811,95.056
155.119,83.701,64.811,95.056
152.926,87.147,64.811,95.056
146.973,89.966,64.811,95.056
143.527,91.533,64.811,95.056
137.273,89.829,63.429,93.029
127.768,91.975,63.429,93.029
120.716,92.895,63.429,93.029
113.051,93.815,63.429,93.029
111.659,92.738,62.076,91.045
107.158,88.237,62.076,91.045
109.273,81.937,63.449,93.059
112.019,80.269,62.096,91.075
114.720,76.367,62.096,91.075
119.223,73.065,62.096,91.075
124.326,73.365,62.096,91.075
130.629,71.264,62.096,91.075
135.859,66.208,63.470,93.090
142.302,66.515,63.470,93.090
148.131,63.753,63.470,93.090
154.574,65.901,63.470,93.090
158.563,65.594,63.470,93.090
161.362,69.339,64.874,95.149
155.113,72.516,66.310,97.254
148.097,75.716,64.896,95.180
143.391,76.657,64.896,95.180
138.059,74.461,64.896,95.180
133.980,76.657,64.896,95.180
126.138,75.088,64.896,95.180
114.029,73.059,66.332,97.286
107.937,70.815,66.332,97.286
101.845,71.777,66.332,97.286
97.035,69.532,66.332,97.286
93.508,73.059,66.332,97.286
91.776,76.973,67.799,99.439
96.037,78.611,67.799,99.439
96.307,79.892,69.299,101.639
99.992,77.547,69.299,101.639
104.928,79.599,67.821,99.471
110.501,79.271,67.821,99.471
123.287,78.288,67.821,99.471
128.205,79.271,67.821,99.471
134.434,80.255,67.821,99.471
140.007,80.583,67.821,99.471
141.646,80.255,67.821,99.471
142.630,77.304,67.821,99.471
142.302,73.698,67.821,99.471
141.974,69.436,67.821,99.471
144.909,68.285,66.375,97.350
142.663,71.172,66.375,97.350
141.059,68.285,66.375,97.350
139.455,66.039,66.375,97.350
134.000,65.076,66.375,97.350
130.471,67.322,66.375,97.350
121.808,67.001,66.375,97.350
115.712,67.322,66.375,97.350
112.182,65.718,66.375,97.350
108.011,65.397,66.375,97.350
100.952,67.982,67.844,99.504
93.410,70.277,67.844,99.504
92.319,71.558,69.345,101.705
90.643,69.882,69.345,101.705
88.967,72.899,69.345,101.705
93.325,75.246,69.345,101.705
101.252,75.859,70.879,103.956
112.558,77.572,70.879,103.956
125.235,79.286,70.879,103.956
130.284,76.761,69.367,101.739
136.822,73.897,70.902,103.990
142.649,74.239,70.902,103.990
149.160,75.267,70.902,103.990
152.999,73.050,72.471,106.291
156.195,74.419,74.074,108.642
160.850,75.493,74.074,108.642
163.365,74.926,72.495,106.325
158.810,73.874,72.495,106.325
155.867,69.266,70.949,104.058
151.004,66.739,69.436,101.839
145.298,62.376,69.436,101.839
140.700,62.991,70.972,104.092
135.554,59.903,70.972,104.092
129.035,62.991,70.972,104.092
121.831,62.648,70.972,104.092
115.313,60.246,70.972,104.092
108.464,58.380,69.458,101.872
102.085,60.059,69.458,101.872
97.720,61.066,69.458,101.872
100.726,63.770,67.977,99.700
99.083,66.728,67.977,99.700
102.040,70.999,67.977,99.700
103.683,71.328,67.977,99.700
108.612,71.657,67.977,99.700
119.155,76.837,66.528,97.574
125.265,75.229,66.528,97.574
130.732,76.837,66.528,97.574
136.842,73.299,66.528,97.574
140.380,75.551,66.528,97.574
147.133,73.943,66.528,97.574
159.032,75.551,66.528,97.574
159.996,73.299,66.528,97.574
163.495,75.890,65.109,95.493
158.145,73.057,65.109,95.493
162.236,70.225,65.109,95.493
165.661,69.119,63.720,93.457
168.433,65.731,63.720,93.457
162.581,64.191,63.720,93.457
157.344,60.803,63.720,93.457
155.804,58.647,63.720,93.457
154.264,60.187,63.720,93.457
155.804,58.031,63.720,93.457
154.880,60.187,63.720,93.457
155.188,58.647,63.720,93.457
150.568,56.491,63.720,93.457
151.492,54.951,63.720,93.457
151.184,55.875,63.720,93.457
152.108,54.951,63.720,93.457
150.568,55.875,63.720,93.457
151.492,54.335,63.720,93.457
148.720,55.875,63.720,93.457
149.028,52.486,63.720,93.457
149.952,51.562,63.720,93.457
150.876,52.486,63.720,93.457
152.408,51.772,65.130,95.524
154.612,52.717,65.130,95.524
156.186,50.513,65.130,95.524
153.832,51.089,66.571,97.638
156.101,51.678,68.044,99.798
148.901,49.255,66.593,97.670
149.222,51.509,66.593,97.670
146.969,50.543,66.593,97.670
149.222,52.796,66.593,97.670
148.257,50.543,66.593,97.670
148.579,52.152,66.593,97.670
147.613,51.187,66.593,97.670
147.935,50.865,66.593,97.670
148.901,50.543,66.593,97.670
148.579,52.152,66.593,97.670
147.613,51.187,66.593,97.670
146.647,50.221,66.593,97.670
148.257,49.899,66.593,97.670
150.510,48.933,66.593,97.670
152.763,50.543,66.593,97.670
154.373,50.865,66.593,97.670
157.914,49.255,66.593,97.670
152.442,50.221,66.593,97.670
154.695,50.543,66.593,97.670
