405.000,256.000,122.000,148.000
405.531,254.407,122.000,148.000
407.124,251.753,122.000,148.000
410.840,249.099,122.000,148.000
414.556,243.259,122.000,148.000
418.272,238.481,122.000,148.000
420.926,235.827,122.000,148.000
422.519,228.925,122.000,148.000
419.865,222.024,122.000,148.000
414.025,218.308,122.000,148.000
406.062,214.591,122.000,148.000
398.099,207.690,122.000,148.000
391.197,198.665,122.000,148.000
384.296,189.640,122.000,148.000
375.271,182.739,122.000,148.000
365.184,181.146,122.000,148.000
356.159,178.492,122.000,148.000
347.134,177.961,122.000,148.000
339.171,179.553,122.000,148.000
333.331,181.146,122.000,148.000
328.553,180.615,122.000,148.000
322.714,182.208,122.000,148.000
318.997,180.615,122.000,148.000
316.343,182.208,122.000,148.000
310.503,178.492,122.000,148.000
303.602,179.022,122.000,148.000
297.762,174.245,122.000,148.000
290.861,170.528,122.000,148.000
281.836,166.812,122.000,148.000
273.873,160.973,122.000,148.000
269.095,156.195,122.000,148.000
266.440,145.046,122.000,148.000
265.909,132.836,122.000,148.000
268.564,121.687,122.000,148.000
271.218,108.415,122.000,148.000
277.058,97.267,122.000,148.000
282.898,88.242,122.000,148.000
288.737,80.279,122.000,148.000
294.577,68.069,122.000,148.000
301.478,59.044,122.000,148.000
306.256,54.266,122.000,148.000
303.602,54.797,122.000,148.000
302.009,57.451,122.000,148.000
299.355,60.105,122.000,148.000
295.639,62.760,122.000,148.000
292.984,68.600,122.000,148.000
290.330,72.316,122.000,148.000
284.490,77.094,122.000,148.000
278.651,81.872,122.000,148.000
273.873,86.649,122.000,148.000
266.971,89.304,122.000,148.000
259.008,93.020,122.000,148.000
252.107,95.674,122.000,148.000
247.329,100.452,122.000,148.000
248.921,102.045,122.000,148.000
248.391,104.699,122.000,148.000
245.736,106.292,122.000,148.000
246.267,103.638,122.000,148.000
242.551,103.107,122.000,148.000
243.082,102.576,122.000,148.000
241.489,104.168,122.000,148.000
243.082,105.761,122.000,148.000
238.304,106.292,122.000,148.000
239.896,104.699,122.000,148.000
240.427,103.107,122.000,148.000
244.143,99.391,122.000,148.000
245.736,95.674,122.000,148.000
245.205,94.082,122.000,148.000
246.798,91.427,122.000,148.000
245.205,87.711,122.000,148.000
245.736,86.119,122.000,148.000
247.329,83.464,122.000,148.000
245.736,83.995,122.000,148.000
247.329,83.464,122.000,148.000
246.798,81.872,122.000,148.000
249.452,83.464,122.000,148.000
248.921,81.872,122.000,148.000
251.576,82.402,122.000,148.000
252.107,79.748,122.000,148.000
252.638,83.464,122.000,148.000
256.354,80.810,122.000,148.000
256.885,83.464,122.000,148.000
262.724,79.748,122.000,148.000
266.440,83.464,122.000,148.000
272.280,79.748,122.000,148.000
278.120,82.402,122.000,148.000
283.960,79.748,122.000,148.000
289.799,82.402,122.000,148.000
295.639,78.686,122.000,148.000
299.355,80.279,122.000,148.000
303.071,76.563,122.000,148.000
306.787,74.970,122.000,148.000
309.442,71.254,122.000,148.000
309.973,67.538,122.000,148.000
311.565,64.883,122.000,148.000
308.911,61.167,122.000,148.000
312.627,62.760,122.000,148.000
315.281,64.352,122.000,148.000
316.874,63.822,122.000,148.000
321.652,68.600,122.000,148.000
320.059,73.377,122.000,148.000
315.281,76.032,122.000,148.000
315.812,81.872,122.000,148.000
312.096,88.773,122.000,148.000
308.380,95.674,122.000,148.000
302.540,103.638,122.000,148.000
295.639,115.848,122.000,148.000
288.737,129.120,122.000,148.000
282.898,138.145,122.000,148.000
277.058,147.170,122.000,148.000
271.218,156.195,122.000,148.000
266.440,165.220,122.000,148.000
260.601,173.183,122.000,148.000
253.699,181.146,122.000,148.000
245.736,190.171,122.000,148.000
237.773,198.134,122.000,148.000
229.810,205.036,122.000,148.000
222.908,211.937,122.000,148.000
217.069,218.838,122.000,148.000
212.291,224.678,122.000,148.000
209.636,229.456,122.000,148.000
209.105,232.110,122.000,148.000
208.575,231.580,122.000,148.000
213.353,228.925,122.000,148.000
219.192,230.518,122.000,148.000
223.970,231.049,122.000,148.000
227.686,232.641,122.000,148.000
232.464,235.296,122.000,148.000
240.427,235.827,122.000,148.000
249.452,238.481,122.000,148.000
258.477,242.197,122.000,148.000
268.564,245.913,122.000,148.000
277.589,250.691,122.000,148.000
286.614,253.346,122.000,148.000
295.639,253.877,122.000,148.000
303.602,250.160,122.000,148.000
311.565,243.259,122.000,148.000
318.467,237.419,122.000,148.000
324.306,232.641,122.000,148.000
323.776,226.802,122.000,148.000
322.183,219.900,122.000,148.000
319.529,212.999,122.000,148.000
315.812,208.221,122.000,148.000
306.787,203.443,122.000,148.000
293.515,200.789,122.000,148.000
282.367,198.134,122.000,148.000
272.280,193.356,122.000,148.000
257.946,189.640,122.000,148.000
243.613,186.986,122.000,148.000
227.155,186.455,122.000,148.000
216.007,181.677,122.000,148.000
203.797,176.899,122.000,148.000
187.339,172.121,122.000,148.000
173.006,167.343,122.000,148.000
165.043,163.627,122.000,148.000
161.326,157.787,122.000,148.000
163.981,150.886,122.000,148.000
166.635,143.984,122.000,148.000
163.981,141.330,122.000,148.000
167.697,139.737,122.000,148.000
171.413,137.083,122.000,148.000
175.129,134.429,122.000,148.000
178.845,131.774,122.000,148.000
184.685,129.120,122.000,148.000
187.339,126.465,122.000,148.000
188.932,125.934,122.000,148.000
190.525,124.342,122.000,148.000
191.056,121.687,122.000,148.000
192.648,122.218,122.000,148.000
194.241,122.749,122.000,148.000
196.895,124.342,122.000,148.000
202.735,125.934,122.000,148.000
209.636,131.774,122.000,148.000
215.476,136.552,122.000,148.000
220.254,142.392,122.000,148.000
226.094,145.046,122.000,148.000
233.023,147.136,119.398,144.844
239.805,149.181,116.852,141.755
242.347,146.639,116.852,141.755
244.890,145.113,116.852,141.755
242.347,142.571,116.852,141.755
242.856,136.978,116.852,141.755
239.296,131.384,116.852,141.755
237.771,123.757,116.852,141.755
235.229,116.130,116.852,141.755
238.788,105.452,116.852,141.755
237.262,93.757,116.852,141.755
239.805,83.079,116.852,141.755
236.246,73.418,116.852,141.755
236.754,61.723,116.852,141.755
236.246,51.045,116.852,141.755
239.805,43.418,116.852,141.755
246.415,35.790,116.852,141.755
257.093,30.197,116.852,141.755
270.822,30.706,116.852,141.755
285.568,37.316,116.852,141.755
299.297,43.926,116.852,141.755
312.009,51.553,116.852,141.755
323.704,58.163,116.852,141.755
334.382,63.757,116.852,141.755
345.060,70.367,116.852,141.755
353.704,75.960,116.852,141.755
361.331,82.570,116.852,141.755
368.958,88.164,116.852,141.755
374.552,94.774,116.852,141.755
377.094,102.401,116.852,141.755
375.569,109.011,116.852,141.755
373.026,117.655,116.852,141.755
368.450,123.249,116.852,141.755
360.823,130.876,116.852,141.755
352.179,136.469,116.852,141.755
343.534,140.029,116.852,141.755
333.873,143.588,116.852,141.755
324.212,146.130,116.852,141.755
318.107,146.171,114.360,138.732
309.647,147.664,114.360,138.732
301.187,151.148,114.360,138.732
291.732,154.631,114.360,138.732
282.879,158.509,111.921,135.774
272.651,159.970,111.921,135.774
262.424,161.431,111.921,135.774
252.821,160.531,109.535,132.878
241.858,161.961,109.535,132.878
232.802,166.251,109.535,132.878
221.839,170.541,109.535,132.878
211.522,177.011,107.199,130.044
199.860,184.008,107.199,130.044
191.930,191.005,107.199,130.044
182.134,197.069,107.199,130.044
173.271,203.134,107.199,130.044
162.542,210.131,107.199,130.044
151.813,217.128,107.199,130.044
142.950,221.326,107.199,130.044
134.087,224.591,107.199,130.044
128.023,222.259,107.199,130.044
123.825,224.591,107.199,130.044
120.560,222.259,107.199,130.044
119.160,223.658,107.199,130.044
117.761,218.527,107.199,130.044
121.026,214.329,107.199,130.044
121.493,211.064,107.199,130.044
124.758,210.597,107.199,130.044
128.023,210.131,107.199,130.044
132.222,211.530,107.199,130.044
137.353,210.131,107.199,130.044
145.283,210.597,107.199,130.044
150.414,211.997,107.199,130.044
155.545,211.530,107.199,130.044
160.676,211.064,107.199,130.044
165.808,214.329,107.199,130.044
168.140,217.594,107.199,130.044
168.606,219.927,107.199,130.044
170.939,222.259,107.199,130.044
169.539,223.659,107.199,130.044
170.006,225.058,107.199,130.044
168.606,224.591,107.199,130.044
171.872,226.924,107.199,130.044
170.472,223.659,107.199,130.044
168.802,225.608,109.571,132.922
167.372,224.177,109.571,132.922
168.633,224.191,111.995,135.863
172.045,221.754,111.995,135.863
170.300,218.734,114.473,138.869
171.618,216.681,117.005,141.941
171.908,212.470,119.594,145.081
175.551,207.786,119.594,145.081
173.688,202.402,122.240,148.291
176.199,195.794,124.945,151.572
173.124,189.041,127.709,154.926
178.126,185.151,127.709,154.926
183.127,181.261,127.709,154.926
185.906,175.148,127.709,154.926
185.350,167.923,127.709,154.926
188.129,162.922,127.709,154.926
194.242,156.809,127.709,154.926
201.466,150.696,127.709,154.926
209.802,147.917,127.709,154.926
215.915,148.473,127.709,154.926
222.028,146.806,127.709,154.926
228.141,145.139,127.709,154.926
232.031,147.917,127.709,154.926
234.810,144.027,127.709,154.926
238.700,147.917,127.709,154.926
238.144,147.362,127.709,154.926
238.700,151.252,127.709,154.926
235.921,147.362,127.709,154.926
238.700,147.917,127.709,154.926
239.256,145.139,127.709,154.926
239.811,149.029,127.709,154.926
240.128,150.198,130.535,158.354
239.560,147.358,130.535,158.354
242.400,149.062,130.535,158.354
239.560,146.222,130.535,158.354
237.856,147.926,130.535,158.354
231.608,145.086,130.535,158.354
227.632,149.062,130.535,158.354
225.928,146.222,130.535,158.354
226.496,149.062,130.535,158.354
228.200,151.902,130.535,158.354
224.224,155.878,130.535,158.354
225.928,162.126,130.535,158.354
226.496,167.238,130.535,158.354
229.336,170.078,130.535,158.354
232.176,170.646,130.535,158.354
236.152,174.623,130.535,158.354
237.655,176.996,133.423,161.857
239.190,180.627,136.375,165.438
242.158,184.781,136.375,165.438
243.938,186.561,136.375,165.438
244.531,182.407,136.375,165.438
246.101,184.887,139.392,169.099
246.447,178.611,142.476,172.840
248.307,182.951,142.476,172.840
245.207,178.611,142.476,172.840
245.561,172.196,145.628,176.664
248.552,165.640,148.850,180.573
256.985,165.658,152.144,184.568
265.592,168.968,152.144,184.568
268.902,163.010,152.144,184.568
273.401,165.776,155.510,188.651
280.807,162.987,158.951,192.825
291.183,169.212,158.951,192.825
296.024,176.820,158.951,192.825
295.332,184.429,158.951,192.825
298.791,190.654,158.951,192.825
302.249,195.496,158.951,192.825
298.338,196.950,162.467,197.092
291.975,192.002,162.467,197.092
287.977,194.956,166.062,201.452
282.919,195.678,166.062,201.452
280.332,198.698,169.736,205.909
278.117,195.005,169.736,205.909
275.473,199.624,173.492,210.465
269.637,191.813,177.330,215.122
268.865,186.411,177.330,215.122
272.724,187.183,177.330,215.122
275.039,175.608,177.330,215.122
280.440,173.293,177.330,215.122
276.582,164.805,177.330,215.122
280.440,168.663,177.330,215.122
281.212,157.088,177.330,215.122
283.527,151.687,177.330,215.122
279.668,146.285,177.330,215.122
275.810,142.427,177.330,215.122
270.409,137.026,177.330,215.122
263.464,130.081,177.330,215.122
262.692,121.593,177.330,215.122
263.464,114.648,177.330,215.122
264.236,110.790,177.330,215.122
268.094,111.561,177.330,215.122
268.865,109.246,177.330,215.122
271.180,113.105,177.330,215.122
271.952,112.333,177.330,215.122
275.810,117.734,177.330,215.122
276.957,123.747,173.548,210.534
279.223,133.565,173.548,210.534
275.447,141.872,173.548,210.534
274.692,151.689,173.548,210.534
269.405,158.486,173.548,210.534
262.609,162.262,173.548,210.534
249.770,161.507,173.548,210.534
227.870,165.283,173.548,210.534
207.156,162.432,169.847,206.044
194.007,169.616,166.225,201.650
181.710,170.339,166.225,201.650
170.860,166.722,166.225,201.650
157.117,163.106,166.225,201.650
144.821,160.936,166.225,201.650
136.864,157.319,166.225,201.650
131.801,152.256,166.225,201.650
129.631,154.426,166.225,201.650
124.568,152.256,166.225,201.650
126.737,151.533,166.225,201.650
126.418,147.408,162.681,197.350
120.047,142.453,162.681,197.350
117.006,139.781,159.211,193.142
116.700,134.495,155.816,189.023
113.310,129.749,155.816,189.023
113.988,131.783,155.816,189.023
113.310,127.037,155.816,189.023
116.700,120.934,155.816,189.023
114.666,112.120,155.816,189.023
118.056,111.442,155.816,189.023
122.802,108.052,155.816,189.023
128.905,104.662,155.816,189.023
135.007,105.340,155.816,189.023
142.465,104.662,155.816,189.023
151.280,108.052,155.816,189.023
160.094,112.798,155.816,189.023
168.908,116.188,155.816,189.023
180.435,119.578,155.816,189.023
191.961,124.324,155.816,189.023
200.776,127.715,155.816,189.023
210.946,127.037,155.816,189.023
221.117,127.715,155.816,189.023
228.575,122.968,155.816,189.023
237.389,126.359,155.816,189.023
243.492,118.900,155.816,189.023
252.342,126.797,152.493,184.992
260.968,123.480,152.493,184.992
270.922,126.797,152.493,184.992
280.875,127.461,152.493,184.992
293.646,128.857,155.867,189.085
303.820,129.535,155.867,189.085
315.350,126.144,155.867,189.085
326.880,125.465,155.867,189.085
339.767,126.144,155.867,189.085
363.506,120.039,155.867,189.085
376.392,118.005,155.867,189.085
401.488,118.683,155.867,189.085
411.662,120.718,155.867,189.085
420.479,124.109,155.867,189.085
426.495,117.091,159.316,193.268
425.802,117.785,159.316,193.268
430.655,119.864,159.316,193.268
424.415,117.785,159.316,193.268
419.562,118.478,159.316,193.268
418.869,119.171,159.316,193.268
411.243,121.251,159.316,193.268
403.618,120.558,159.316,193.268
395.992,118.478,159.316,193.268
393.912,124.717,159.316,193.268
387.673,124.024,159.316,193.268
380.047,127.490,159.316,193.268
376.580,128.184,159.316,193.268
368.955,127.490,159.316,193.268
359.942,129.570,159.316,193.268
350.930,134.423,159.316,193.268
344.691,136.503,159.316,193.268
337.065,135.809,159.316,193.268
332.212,140.662,159.316,193.268
327.359,142.742,159.316,193.268
322.506,143.435,159.316,193.268
319.040,145.515,159.316,193.268
314.187,143.435,159.316,193.268
309.334,146.902,159.316,193.268
301.708,144.822,159.316,193.268
295.469,142.742,159.316,193.268
290.616,137.889,159.316,193.268
285.764,134.423,159.316,193.268
282.297,129.570,159.316,193.268
280.217,124.717,159.316,193.268
276.751,119.864,159.316,193.268
274.671,116.398,159.316,193.268
271.205,110.159,159.316,193.268
270.512,110.852,159.316,193.268
268.432,104.613,159.316,193.268
264.966,110.852,159.316,193.268
261.500,104.613,159.316,193.268
260.806,110.852,159.316,193.268
267.046,112.932,159.316,193.268
262.193,109.466,159.316,193.268
269.819,115.705,159.316,193.268
267.739,119.171,159.316,193.268
273.978,126.797,159.316,193.268
271.898,131.650,159.316,193.268
273.732,123.038,162.841,197.544
268.772,123.747,162.841,197.544
277.984,118.787,162.841,197.544
279.858,117.337,166.443,201.915
283.277,117.357,170.126,206.382
276.019,112.770,173.890,210.949
279.802,115.040,173.890,210.949
269.965,117.310,173.890,210.949
267.695,115.040,173.890,210.949
271.479,118.824,173.890,210.949
260.128,122.607,173.890,210.949
254.832,120.337,173.890,210.949
252.562,119.580,173.890,210.949
245.752,124.877,173.890,210.949
240.455,124.120,173.890,210.949
236.671,121.850,173.890,210.949
231.375,122.607,173.890,210.949
229.105,126.390,173.890,210.949
225.321,124.120,173.890,210.949
217.902,117.861,177.737,215.616
215.582,126.369,177.737,215.616
217.628,121.576,181.670,220.386
223.162,120.786,181.670,220.386
215.411,127.370,185.689,225.262
224.299,129.794,185.689,225.262
229.955,125.754,185.689,225.262
237.227,126.562,185.689,225.262
238.035,130.602,185.689,225.262
245.307,129.794,185.689,225.262
241.267,130.602,185.689,225.262
248.539,133.026,185.689,225.262
257.428,127.370,185.689,225.262
251.772,131.410,185.689,225.262
251.415,134.591,181.729,220.459
256.951,138.545,181.729,220.459
252.997,139.335,181.729,220.459
250.624,144.871,181.729,220.459
248.252,145.662,181.729,220.459
242.716,149.616,181.729,220.459
237.181,153.570,181.729,220.459
230.064,155.942,181.729,220.459
224.528,159.896,181.729,220.459
215.134,161.559,185.750,225.336
209.476,167.217,185.750,225.336
202.201,166.409,185.750,225.336
198.160,172.067,185.750,225.336
194.118,172.875,185.750,225.336
191.693,176.917,185.750,225.336
190.885,176.109,185.750,225.336
186.844,180.150,185.750,225.336
195.735,182.575,185.750,225.336
184.455,175.889,189.860,230.322
191.784,175.913,194.061,235.418
185.873,178.446,194.061,235.418
177.593,167.957,198.354,240.626
171.551,172.272,198.354,240.626
184.498,167.957,198.354,240.626
175.004,173.999,198.354,240.626
168.962,167.957,198.354,240.626
164.646,172.272,198.354,240.626
172.414,169.683,198.354,240.626
162.920,175.725,198.354,240.626
158.604,169.683,198.354,240.626
166.372,173.999,198.354,240.626
160.330,176.588,198.354,240.626
166.372,175.725,198.354,240.626
160.330,176.588,198.354,240.626
171.551,179.177,198.354,240.626
163.783,180.040,198.354,240.626
175.004,180.904,198.354,240.626
167.235,181.767,198.354,240.626
178.456,180.904,198.354,240.626
170.688,183.493,198.354,240.626
180.182,182.630,198.354,240.626
174.141,180.040,198.354,240.626
183.635,182.630,198.354,240.626
177.593,183.493,198.354,240.626
171.551,177.451,198.354,240.626
179.319,181.767,198.354,240.626
169.825,182.630,198.354,240.626
179.319,185.219,198.354,240.626
165.483,178.080,202.743,245.950
161.072,180.727,202.743,245.950
167.248,183.373,202.743,245.950
156.767,177.906,207.228,251.392
152.259,175.201,207.228,251.392
162.178,177.906,207.228,251.392
152.259,178.808,207.228,251.392
147.750,174.299,207.228,251.392
154.062,177.005,207.228,251.392
142.339,174.299,207.228,251.392
137.831,169.791,207.228,251.392
131.518,172.496,207.228,251.392
143.241,173.398,207.228,251.392
138.732,167.085,207.228,251.392
141.438,171.594,207.228,251.392
136.929,165.282,207.228,251.392
145.045,169.791,207.228,251.392
140.536,165.282,207.228,251.392
137.831,166.184,207.228,251.392
131.518,159.871,207.228,251.392
143.241,158.970,207.228,251.392
147.750,159.871,207.228,251.392
156.044,163.421,202.809,246.031
146.336,164.304,202.809,246.031
138.393,158.126,202.809,246.031
148.101,164.304,202.809,246.031
154.278,165.186,202.809,246.031
165.798,172.063,198.484,240.784
152.842,172.926,198.484,240.784
160.504,174.743,202.876,246.112
170.325,178.218,198.549,240.863
157.365,175.626,198.549,240.863
165.141,176.490,198.549,240.863
171.189,179.082,198.549,240.863
161.685,178.218,198.549,240.863
166.005,180.810,198.549,240.863
154.773,179.946,198.549,240.863
162.549,179.082,198.549,240.863
154.773,181.674,198.549,240.863
155.637,182.538,198.549,240.863
153.045,183.402,198.549,240.863
148.725,185.994,198.549,240.863
142.047,187.811,202.942,246.192
134.099,183.396,202.942,246.192
134.982,186.045,202.942,246.192
137.631,188.694,202.942,246.192
136.748,189.578,202.942,246.192
135.865,190.461,202.942,246.192
129.684,189.578,202.942,246.192
130.567,186.928,202.942,246.192
127.917,186.045,202.942,246.192
130.567,183.396,202.942,246.192
122.619,186.045,202.942,246.192
128.800,186.928,202.942,246.192
117.320,182.513,202.942,246.192
125.268,186.928,202.942,246.192
119.086,182.513,202.942,246.192
127.034,186.928,202.942,246.192
112.022,184.279,202.942,246.192
119.969,188.694,202.942,246.192
108.489,184.279,202.942,246.192
116.437,188.694,202.942,246.192
119.086,189.578,202.942,246.192
109.372,193.993,202.942,246.192
113.788,194.876,202.942,246.192
109.372,197.525,202.942,246.192
115.554,200.175,202.942,246.192
119.722,205.697,207.432,251.639
125.856,190.739,212.022,257.207
136.005,204.578,212.022,257.207
146.153,194.429,212.022,257.207
156.302,210.114,212.022,257.207
166.451,216.572,212.022,257.207
174.635,208.941,216.713,262.898
183.122,219.314,216.713,262.898
185.951,212.713,216.713,262.898
186.894,221.200,216.713,262.898
197.267,207.055,216.713,262.898
188.780,192.909,216.713,262.898
185.951,205.169,216.713,262.898
183.122,191.023,216.713,262.898
187.837,180.650,216.713,262.898
189.239,191.634,212.091,257.291
195.699,183.327,212.091,257.291
205.851,189.788,212.091,257.291
219.695,181.482,212.091,257.291
233.538,187.942,212.091,257.291
245.555,187.968,216.784,262.984
257.818,194.572,216.784,262.984
279.223,189.193,212.161,257.376
289.379,195.655,212.161,257.376
303.227,183.653,212.161,257.376
311.536,191.962,212.161,257.376
317.998,192.885,212.161,257.376
328.154,193.809,212.161,257.376
324.849,186.172,216.855,263.070
320.130,179.567,216.855,263.070
312.836,158.055,221.653,268.890
207.704,201.458,221.653,268.890
191.307,194.707,221.653,268.890
171.053,180.239,221.653,268.890
162.372,173.487,221.653,268.890
157.549,166.736,221.653,268.890
148.869,159.984,221.653,268.890
137.411,146.002,226.557,274.840
129.790,133.756,231.569,280.920
124.752,136.779,231.569,280.920
131.599,132.626,236.693,287.136
140.869,141.896,236.693,287.136
135.719,144.986,236.693,287.136
149.109,154.255,236.693,287.136
160.438,140.866,236.693,287.136
173.828,135.716,236.693,287.136
178.977,132.626,236.693,287.136
184.127,131.596,236.693,287.136
197.517,124.386,236.693,287.136
208.846,121.296,236.693,287.136
218.116,116.147,236.693,287.136
217.086,110.997,236.693,287.136
230.476,105.847,236.693,287.136
241.805,108.937,236.693,287.136
255.195,120.266,236.693,287.136
266.524,113.057,236.693,287.136
263.434,120.266,236.693,287.136
272.704,119.236,236.693,287.136
261.375,130.566,236.693,287.136
254.165,131.596,236.693,287.136
239.812,143.592,231.645,281.013
212.164,155.333,226.705,275.020
204.121,149.707,221.871,269.155
199.973,147.925,217.139,263.415
194.092,153.465,212.509,257.798
202.597,151.758,207.977,252.300
209.176,164.043,203.542,246.920
220.737,176.067,199.201,241.654
230.380,187.834,194.953,236.501
226.139,195.469,194.953,236.501
233.941,202.079,190.796,231.457
230.374,200.546,186.727,226.521
232.812,204.608,186.727,226.521
240.285,204.674,182.745,221.691
246.066,209.337,178.848,216.963
250.223,212.401,175.034,212.336
244.891,210.116,175.034,212.336
247.492,202.836,171.301,207.808
242.274,191.655,171.301,207.808
243.019,180.474,171.301,207.808
245.256,172.274,171.301,207.808
243.019,164.075,171.301,207.808
237.801,155.875,171.301,207.808
235.565,146.185,171.301,207.808
240.783,135.004,171.301,207.808
248.983,123.822,171.301,207.808
252.710,115.623,171.301,207.808
252.381,117.120,167.648,203.377
256.028,125.145,167.648,203.377
261.332,135.048,164.073,199.040
256.334,141.474,164.073,199.040
261.332,145.043,164.073,199.040
266.329,147.185,164.073,199.040
275.611,143.616,164.073,199.040
282.037,148.613,164.073,199.040
287.034,146.471,164.073,199.040
293.601,143.777,160.574,194.795
285.915,145.873,160.574,194.795
278.229,142.379,160.574,194.795
277.920,146.477,157.150,190.641
277.237,143.057,157.150,190.641
273.817,139.638,157.150,190.641
269.031,134.851,157.150,190.641
