0.00618625
0.01058888
0.01176476
0.01091552
0.01063275
0.01061487
0.01056004
0.01050472
0.01052666
0.01056242
0.01057267
0.01052928
0.01067376
0.01049328
0.01051688
0.01049638
0.01053476
0.01060724
0.01052618
0.01057148
0.01056457
0.01045275
0.01054072
0.01057196
0.01054311
0.01050806
0.01058197
0.01055360
0.01054096
0.01048160
0.01057005
0.01059604
0.01049376
0.01049280
0.01059556
0.01069689
0.01047468
0.01059985
0.01049304
0.01054478
0.01076412
0.01062083
0.01060963
0.01071954
0.01070237
0.01067758
0.01059532
0.01071119
0.01063466
0.01063490
0.01068854
0.01058125
0.01062775
0.01069331
0.01066875
0.01069283
0.01076102
0.01094031
0.01063776
0.01072669
0.01065731
0.01072049
0.01069832
0.01067972
0.01062918
0.01060128
0.01054144
0.01051521
0.01061249
0.01070762
0.01070786
0.01089334
0.01096106
0.01076627
0.01074195
0.01075840
0.01068854
0.01075697
0.01059389
0.01062059
0.01055908
0.01055002
0.01052451
0.01064682
0.01064587
0.01057053
0.01061344
0.01061249
0.01054788
0.01052642
0.01061726
0.01056767
0.01059508
0.01067710
0.01054502
0.01054239
0.01060629
0.01060176
0.01055980
0.01040983
0.01058149
0.01047301
0.01061606
0.01059079
0.01061964
0.01046824
0.01055217
0.01060176
0.01059151
0.01058841
0.01062751
0.01052427
0.01052952
0.01057577
0.01054883
0.01058912
0.01062751
0.01054740
0.01055217
0.01053500
0.01058865
0.01049113
0.01063728
0.01061869
0.01060247
0.01053548
0.01062942
0.01057911
0.01054597
0.01053333
0.01064467
0.01049614
0.01057053
0.01071167
0.01054263
0.01054931
0.01063514
0.01060271
0.01057720
0.01068258
0.01054049
0.01054597
