0.00409651
0.01124954
0.01220345
0.01073289
0.01079345
0.01069808
0.01071024
0.01054907
0.01072502
0.01071787
0.01057434
0.01056480
0.01062465
0.01060343
0.01061058
0.01061678
0.01061320
0.01067996
0.01060271
0.01070333
0.01053524
0.01053309
0.01059055
0.01068211
0.01051998
0.01084185
0.01059628
0.01061177
0.01056504
0.01073194
0.01065540
0.01058221
0.01068735
0.01058602
0.01065135
0.01074004
0.01065540
0.01059389
0.01063442
0.01058531
0.01061606
0.01063800
0.01054597
0.01055980
0.01062083
0.01053047
0.01054430
0.01055765
0.01044893
0.01057410
0.01057148
0.01057148
0.01058435
0.01066542
0.01047826
0.01056600
0.01060414
0.01062155
0.01049280
0.01063347
0.01055837
0.01057482
0.01065898
0.01059055
0.01053095
0.01072502
0.01061320
0.01062655
0.01063657
0.01056600
0.01061893
0.01063681
0.01065111
0.01062036
0.01070476
0.01046109
0.01054978
0.01064229
0.01061583
0.01054835
0.01064157
0.01044512
0.01062322
0.01060891
0.01059508
0.01052022
0.01059461
0.01076221
0.01051474
0.01066804
0.01056314
0.01050019
0.01058602
0.01053166
0.01057434
0.01051497
0.01046324
0.01063776
0.01070023
0.01050949
0.01059318
0.01058745
0.01059842
0.01068187
0.01059270
0.01057625
0.01076245
0.01061797
0.01065040
0.01065946
0.01064849
0.01070499
0.01065755
0.01057863
0.01055765
0.01077390
0.01054764
0.01066399
0.01074219
0.01055312
0.01064658
0.01070094
0.01062393
0.01064205
0.01075935
0.01064038
0.01062083
0.01076245
0.01063037
0.01067424
0.01069570
0.01061583
0.01059794
0.01065731
0.01062894
0.01061153
0.01072574
0.01062489
0.01061296
0.01057100
0.01061296
0.01061869
0.01070404
0.01059937
0.01065183
0.01068091
0.01058602
0.01045179
0.01060820
0.01056027
0.01053429
0.01053977
0.01048398
0.01055217
0.01062632
0.01042628
0.01050138
0.01058316
0.01057982
0.01072264
0.01061106
0.01051235
0.01052690
0.01054096
0.01052618
0.01056719
0.01061678
0.01045036
0.01055551
0.01061368
0.01060224
0.01048541
0.01063299
0.01055098
0.01065254
0.01057482
0.01058769
0.01053357
0.01063418
0.01052761
0.01065445
0.01058078
0.01057911
0.01057553
0.01052952
0.01057887
0.01062179
0.01055264
0.01040673
0.01060987
0.01057887
0.01049590
0.01056933
0.01049376
0.01060438
0.01058102
0.01051474
0.01051784
0.01066518
0.01046801
0.01057339
0.01078439
0.01063728
0.01065063
0.01069188
0.01065254
0.01063013
0.01076508
0.01067686
0.01066113
0.01057124
0.01065278
0.01050949
0.01055717
0.01054978
0.01053071
0.01058435
0.01051998
0.01055193
0.01070333
0.01047850
0.01055002
0.01058626
0.01055169
0.01050067
0.01056433
0.01052570
0.01055336
0.01055574
0.01048899
0.01052761
0.01071548
0.01051450
0.01056552
0.01066542
0.01066470
0.01053548
0.01064634
0.01055908
0.01054168
0.01065660
0.01054049
0.01061344
0.01056337
0.01052928
0.01058745
0.01059103
0.01059508
0.01062179
0.01044726
0.01058626
0.01059532
0.01055288
0.01053047
0.01062298
0.01055098
0.01065588
0.01059270
0.01059484
0.01058483
0.01072764
0.01057482
0.01061249
0.01065302
0.01065946
0.01060343
0.01055598
0.01062179
0.01063490
0.01060343
0.01055646
0.01061773
0.01064610
0.01060462
0.01060677
0.01063323
0.01057339
0.01065207
0.01063466
0.01053834
0.01058221
0.01067162
0.01052976
0.01057744
0.01062846
0.01063585
0.01055574
0.01061320
0.01060796
0.01064706
0.01056385
0.01060367
0.01065850
0.01066017
0.01055837
0.01055384
0.01070070
0.01055431
0.01062584
0.01069021
0.01056623
0.01062775
0.01075935
0.01051760
0.01061273
0.01055479
0.01061416
0.01056933
0.01075983
0.01052928
0.01068926
0.01066756
0.01051068
0.01059508
0.01065707
0.01060319
0.01057434
0.01067448
0.01055455
0.01070547
0.01062346
0.01057577
0.01066065
0.01069617
0.01055360
0.01063442
0.01064873
0.01066375
0.01064944
0.01061320
0.01052141
0.01058316
0.01054335
0.01044011
0.01068521
0.01059294
0.01055312
0.01067591
0.01060462
0.01062298
0.01065302
0.01064634
0.01058888
0.01059723
0.01070547
0.01064563
0.01064205
0.01063704
0.01061225
0.01066518
0.01063442
0.01062584
0.01069689
0.01070857
0.01055551
0.01069832
0.01063061
0.01057315
0.01060867
0.01047516
0.01058674
0.01071358
0.01054478
0.01051378
0.01071477
0.01058078
0.01060581
0.01066327
0.01059484
0.01051188
0.01065373
0.01056409
0.01065779
0.01068878
0.01056457
0.01050663
0.01062441
0.01059103
0.01063228
0.01061153
0.01058269
0.01063561
0.01063871
0.01059318
0.01054120
0.01058245
0.01054144
0.01052833
0.01063967
0.01067328
0.01060843
0.01070285
0.01056409
0.01056457
0.01064658
0.01066279
0.01059270
0.01060486
0.01063228
0.01070404
0.01062322
0.01063776
0.01063704
0.01070237
0.01057315
0.01058960
0.01054168
0.01064801
0.01054430
0.01057363
0.01061797
0.01062870
0.01062918
0.01053452
0.01067185
0.01056623
0.01055336
0.01058102
0.01056981
0.01062512
0.01066041
0.01054621
0.01056099
0.01070619
0.01067448
0.01053333
0.01068544
0.01057124
0.01073170
0.01075506
0.01065946
0.01066256
0.01071048
0.01064038
0.01066923
0.01076937
0.01057792
0.01067519
0.01070476
0.01066375
0.01065135
0.01069140
0.01068711
0.01060867
0.01070118
0.01065063
0.01060510
0.01064515
0.01055479
0.01046371
0.01054096
0.01054120
0.01054573
0.01061130
0.01061463
0.01050711
0.01061130
0.01059771
0.01054907
0.01067162
0.01055789
0.01067567
0.01065063
0.01063514
0.01062822
0.01059365
0.01059580
0.01067352
0.01059008
0.01061940
0.01056910
0.01061416
0.01059365
0.01071477
0.01075792
0.01070237
