180.000,79.000,37.000,114.000
179.138,82.736,37.000,114.000
179.425,88.197,37.000,114.000
180.287,91.934,37.000,114.000
178.275,93.946,37.000,114.000
179.713,95.383,37.000,114.000
176.551,95.096,37.000,114.000
175.114,95.958,37.000,114.000
172.527,95.670,37.000,114.000
169.940,97.682,37.000,114.000
166.779,101.419,37.000,114.000
163.042,104.006,37.000,114.000
160.455,102.568,37.000,114.000
157.869,100.557,37.000,114.000
156.432,97.970,37.000,114.000
159.018,95.383,37.000,114.000
157.006,92.796,37.000,114.000
157.869,91.934,37.000,114.000
159.306,92.796,37.000,114.000
161.318,95.383,37.000,114.000
162.755,96.820,37.000,114.000
163.617,98.257,37.000,114.000
166.204,99.119,37.000,114.000
165.916,95.383,37.000,114.000
167.928,95.670,37.000,114.000
168.791,94.233,37.000,114.000
169.653,94.521,37.000,114.000
169.365,92.509,37.000,114.000
171.952,91.646,37.000,114.000
171.665,91.934,37.000,114.000
170.228,91.646,37.000,114.000
169.940,91.934,37.000,114.000
167.928,90.497,37.000,114.000
169.365,87.910,37.000,114.000
169.653,87.623,37.000,114.000
168.791,85.036,37.000,114.000
167.354,85.323,37.000,114.000
169.365,85.036,37.000,114.000
166.779,87.048,37.000,114.000
167.860,88.470,37.819,116.522
165.216,89.939,37.819,116.522
163.747,90.233,37.819,116.522
161.602,88.361,37.012,114.037
162.684,88.591,37.831,116.560
160.627,86.534,37.831,116.560
162.343,81.890,38.668,119.139
157.864,82.754,39.524,121.775
153.873,83.675,39.524,121.775
149.881,84.596,39.524,121.775
147.732,87.973,39.524,121.775
146.811,91.350,39.524,121.775
144.048,92.272,39.524,121.775
144.355,88.280,39.524,121.775
145.276,86.131,39.524,121.775
142.513,84.596,39.524,121.775
145.276,86.745,39.524,121.775
148.039,90.122,39.524,121.775
152.644,90.429,39.524,121.775
154.437,85.578,40.398,124.470
156.269,82.573,41.292,127.223
160.439,80.328,41.292,127.223
164.609,79.366,41.292,127.223
166.213,77.121,41.292,127.223
171.024,75.517,41.292,127.223
172.392,74.091,40.411,124.510
175.217,76.288,40.411,124.510
175.531,77.858,40.411,124.510
175.217,80.683,40.411,124.510
176.159,82.253,40.411,124.510
175.217,79.427,40.411,124.510
177.415,79.741,40.411,124.510
175.217,77.544,40.411,124.510
177.415,78.486,40.411,124.510
175.845,77.544,40.411,124.510
178.042,79.741,40.411,124.510
177.728,81.939,40.411,124.510
176.787,85.392,40.411,124.510
173.961,87.589,40.411,124.510
162.592,90.430,39.549,121.855
161.056,88.894,39.549,121.855
162.592,86.129,39.549,121.855
159.827,83.364,39.549,121.855
161.363,81.213,39.549,121.855
161.056,79.063,39.549,121.855
164.435,81.213,39.549,121.855
165.357,80.291,39.549,121.855
168.122,79.370,39.549,121.855
170.273,77.834,39.549,121.855
172.423,79.984,39.549,121.855
172.730,76.605,39.549,121.855
176.110,74.454,39.549,121.855
180.104,74.147,39.549,121.855
182.869,73.225,39.549,121.855
184.405,75.376,39.549,121.855
183.483,78.141,39.549,121.855
186.248,80.906,39.549,121.855
184.098,83.671,39.549,121.855
183.176,83.364,39.549,121.855
184.098,79.984,39.549,121.855
181.947,81.520,39.549,121.855
182.869,78.141,39.549,121.855
180.104,78.448,39.549,121.855
180.411,75.683,39.549,121.855
178.260,75.990,39.549,121.855
179.182,78.141,39.549,121.855
178.260,75.990,39.549,121.855
179.182,77.526,39.549,121.855
175.803,71.075,39.549,121.855
172.423,65.852,39.549,121.855
170.887,61.858,39.549,121.855
168.736,60.322,39.549,121.855
165.357,56.328,39.549,121.855
161.978,56.635,39.549,121.855
159.827,58.786,39.549,121.855
155.833,62.165,39.549,121.855
155.526,64.930,39.549,121.855
154.604,67.081,39.549,121.855
153.068,68.002,39.549,121.855
150.917,73.225,39.549,121.855
149.381,76.605,39.549,121.855
152.146,77.526,39.549,121.855
156.755,77.834,39.549,121.855
158.291,78.141,39.549,121.855
161.056,78.448,39.549,121.855
165.050,78.755,39.549,121.855
167.815,76.605,39.549,121.855
170.580,78.755,39.549,121.855
171.502,81.520,39.549,121.855
173.038,78.141,39.549,121.855
175.188,77.219,39.549,121.855
177.339,80.599,39.549,121.855
178.260,85.207,39.549,121.855
178.568,87.972,39.549,121.855
180.104,89.508,39.549,121.855
182.254,91.659,39.549,121.855
180.718,95.038,39.549,121.855
183.483,99.647,39.549,121.855
184.405,101.183,39.549,121.855
182.254,99.647,39.549,121.855
180.104,101.797,39.549,121.855
181.026,104.562,39.549,121.855
180.104,102.412,39.549,121.855
182.254,104.562,39.549,121.855
180.718,101.183,39.549,121.855
182.254,100.261,39.549,121.855
180.718,100.568,39.549,121.855
179.182,97.803,39.549,121.855
181.947,94.424,39.549,121.855
182.869,96.574,39.549,121.855
181.947,96.882,39.549,121.855
182.254,94.731,39.549,121.855
183.791,89.508,39.549,121.855
184.712,86.129,39.549,121.855
183.176,86.436,39.549,121.855
181.640,82.442,39.549,121.855
179.609,82.688,40.425,124.551
177.411,77.977,40.425,124.551
175.986,76.274,41.319,127.307
174.381,77.879,41.319,127.307
172.776,78.841,41.319,127.307
176.307,79.804,41.319,127.307
181.122,77.558,41.319,127.307
184.652,78.520,41.319,127.307
184.331,74.990,41.319,127.307
186.578,77.237,41.319,127.307
184.973,78.200,41.319,127.307
187.220,79.804,41.319,127.307
186.899,82.051,41.319,127.307
187.862,81.730,41.319,127.307
189.467,84.619,41.319,127.307
187.862,86.224,41.319,127.307
187.541,88.471,41.319,127.307
186.578,85.582,41.319,127.307
184.331,83.977,41.319,127.307
182.084,87.508,41.319,127.307
180.480,88.471,41.319,127.307
183.368,90.075,41.319,127.307
181.763,91.038,41.319,127.307
180.159,90.075,41.319,127.307
181.122,87.829,41.319,127.307
181.443,88.791,41.319,127.307
181.763,85.261,41.319,127.307
183.368,86.866,41.319,127.307
180.480,88.471,41.319,127.307
173.739,90.075,41.319,127.307
174.060,87.187,41.319,127.307
169.246,83.656,41.319,127.307
168.283,80.125,41.319,127.307
167.962,81.730,41.319,127.307
166.357,80.767,41.319,127.307
168.604,79.162,41.319,127.307
172.776,75.632,41.319,127.307
176.949,77.237,41.319,127.307
176.628,78.199,41.319,127.307
179.517,80.446,41.319,127.307
183.689,79.483,41.319,127.307
186.578,76.595,41.319,127.307
188.825,75.632,41.319,127.307
187.862,73.385,41.319,127.307
186.899,72.422,41.319,127.307
185.936,75.953,41.319,127.307
188.183,80.125,41.319,127.307
192.356,83.014,41.319,127.307
196.528,85.261,41.319,127.307
195.565,84.298,41.319,127.307
198.454,85.903,41.319,127.307
198.133,87.508,41.319,127.307
196.677,87.098,42.233,130.124
198.973,90.051,42.233,130.124
199.301,92.347,42.233,130.124
202.254,95.300,42.233,130.124
204.551,94.972,42.233,130.124
201.598,97.268,42.233,130.124
200.614,98.253,42.233,130.124
198.317,99.893,42.233,130.124
194.052,103.502,42.233,130.124
191.100,105.798,42.233,130.124
188.803,107.439,42.233,130.124
184.538,107.767,42.233,130.124
184.866,112.032,42.233,130.124
185.194,114.984,42.233,130.124
184.210,110.719,42.233,130.124
182.570,107.767,42.233,130.124
182.242,104.814,42.233,130.124
179.945,101.205,42.233,130.124
178.961,98.909,42.233,130.124
177.321,94.644,42.233,130.124
172.400,91.691,42.233,130.124
172.072,92.675,42.233,130.124
170.431,93.660,42.233,130.124
170.759,91.363,42.233,130.124
166.494,89.723,42.233,130.124
166.822,90.051,42.233,130.124
167.807,86.442,42.233,130.124
168.135,84.802,42.233,130.124
164.526,80.537,42.233,130.124
159.605,74.960,42.233,130.124
155.996,70.039,42.233,130.124
158.293,67.742,42.233,130.124
166.494,71.351,42.233,130.124
170.103,74.960,42.233,130.124
175.680,78.568,42.233,130.124
180.601,79.553,42.233,130.124
180.273,75.288,42.233,130.124
178.633,74.960,42.233,130.124
177.649,72.007,42.233,130.124
177.321,74.960,42.233,130.124
179.617,77.256,42.233,130.124
180.601,80.209,42.233,130.124
183.554,83.161,42.233,130.124
183.882,85.458,42.233,130.124
185.798,84.359,43.168,133.003
188.451,84.627,44.123,135.945
188.794,82.228,44.123,135.945
189.137,85.998,44.123,135.945
186.052,87.026,44.123,135.945
187.766,88.054,44.123,135.945
186.737,89.083,44.123,135.945
189.822,91.482,44.123,135.945
192.221,94.567,44.123,135.945
192.564,96.966,44.123,135.945
192.221,99.365,44.123,135.945
193.935,99.708,44.123,135.945
189.479,97.309,44.123,135.945
179.540,102.450,44.123,135.945
175.084,106.906,44.123,135.945
174.056,109.305,44.123,135.945
172.874,106.460,43.182,133.046
173.881,103.441,43.182,133.046
172.203,101.093,43.182,133.046
171.197,96.732,43.182,133.046
171.533,95.055,43.182,133.046
171.868,92.707,43.182,133.046
171.533,93.042,43.182,133.046
167.843,94.719,43.182,133.046
163.482,93.042,43.182,133.046
162.476,97.403,43.182,133.046
160.799,100.422,43.182,133.046
156.493,101.386,44.137,135.990
152.721,98.300,44.137,135.990
149.635,93.843,44.137,135.990
147.921,91.443,44.137,135.990
152.378,92.472,44.137,135.990
158.207,96.929,44.137,135.990
160.607,100.700,44.137,135.990
160.950,101.729,44.137,135.990
164.036,99.329,44.137,135.990
162.321,100.357,44.137,135.990
158.550,97.957,44.137,135.990
157.521,97.615,44.137,135.990
156.493,99.329,44.137,135.990
159.206,101.026,45.114,138.999
160.958,99.274,45.114,138.999
159.206,103.830,45.114,138.999
160.958,103.479,45.114,138.999
157.914,105.214,46.112,142.074
156.839,104.139,46.112,142.074
160.063,105.930,46.112,142.074
159.925,99.527,47.132,145.217
157.362,97.697,47.132,145.217
155.531,101.724,47.132,145.217
152.968,100.626,47.132,145.217
151.138,97.330,47.132,145.217
149.170,99.938,46.127,142.121
150.007,96.963,45.143,139.090
146.150,93.106,45.143,139.090
141.591,92.054,45.143,139.090
