450.000,91.000,31.000,37.000
446.122,97.285,31.000,37.000
440.372,102.233,31.000,37.000
434.621,107.449,31.000,37.000
429.673,113.199,31.000,37.000
424.725,116.007,31.000,37.000
419.510,117.211,31.000,37.000
414.027,116.007,31.000,37.000
411.393,114.210,30.339,36.211
411.338,113.714,29.692,35.439
410.544,116.437,29.059,34.683
406.625,117.653,28.439,33.943
404.785,119.002,28.439,33.943
402.208,118.634,28.439,33.943
401.349,120.474,28.439,33.943
399.642,124.975,27.833,33.220
398.322,126.296,27.833,33.220
399.892,130.469,27.239,32.511
397.189,131.761,27.239,32.511
394.956,137.284,27.239,32.511
394.134,142.807,27.239,32.511
395.896,148.799,27.239,32.511
386.614,152.912,27.239,32.511
384.146,151.384,27.239,32.511
383.088,153.147,27.239,32.511
383.206,152.089,27.239,32.511
383.794,146.332,27.239,32.511
389.634,143.847,26.658,31.818
388.599,143.502,26.658,31.818
386.184,140.397,26.658,31.818
383.769,139.132,26.658,31.818
381.814,138.557,26.658,31.818
382.593,138.086,27.248,32.522
382.005,139.379,27.248,32.522
380.477,140.907,27.248,32.522
381.770,140.789,27.248,32.522
379.772,142.787,27.248,32.522
376.128,146.431,27.248,32.522
371.073,148.900,27.248,32.522
370.956,152.073,27.248,32.522
371.586,151.627,26.667,31.828
372.852,152.662,26.667,31.828
371.473,150.895,26.098,31.149
370.774,150.685,25.542,30.485
376.614,150.795,25.542,30.485
377.826,151.786,25.542,30.485
377.055,150.795,25.542,30.485
377.826,150.244,25.542,30.485
377.496,151.456,25.542,30.485
378.013,150.318,26.107,31.160
378.351,151.782,26.107,31.160
378.238,153.472,26.107,31.160
379.252,155.611,26.107,31.160
372.833,160.454,26.107,31.160
373.171,163.044,26.107,31.160
372.607,167.211,26.107,31.160
373.396,169.126,26.107,31.160
375.085,170.365,26.107,31.160
373.952,168.634,25.550,30.495
374.724,167.863,25.550,30.495
379.684,168.414,25.550,30.495
381.778,166.981,25.550,30.495
383.431,167.753,25.550,30.495
385.746,166.981,25.550,30.495
386.738,167.312,25.550,30.495
387.255,166.631,26.115,31.170
387.143,168.547,26.115,31.170
388.157,169.786,26.115,31.170
389.171,171.926,26.115,31.170
391.762,177.672,26.115,31.170
382.411,180.038,26.115,31.170
381.061,182.433,25.558,30.505
380.289,184.969,25.558,30.505
382.156,186.251,25.013,29.855
380.654,183.969,24.480,29.218
382.450,183.018,24.480,29.218
387.202,183.758,24.480,29.218
387.941,184.708,24.480,29.218
388.469,184.180,24.480,29.218
388.786,183.018,24.480,29.218
389.736,182.068,24.480,29.218
389.794,180.759,25.022,29.864
389.470,182.162,25.022,29.864
388.067,183.565,25.022,29.864
387.311,184.968,25.022,29.864
385.476,186.372,25.022,29.864
382.130,187.775,25.022,29.864
379.432,188.530,25.022,29.864
377.597,189.718,25.022,29.864
377.921,189.394,25.022,29.864
379.108,190.149,25.022,29.864
377.489,190.689,25.022,29.864
375.654,189.718,25.022,29.864
377.057,190.473,25.022,29.864
375.654,191.229,25.022,29.864
376.410,190.905,25.022,29.864
375.006,190.581,25.022,29.864
373.603,190.689,25.022,29.864
372.200,191.229,25.022,29.864
369.502,192.200,25.022,29.864
368.098,192.956,25.022,29.864
367.127,192.416,25.022,29.864
367.634,192.198,25.575,30.525
366.200,191.205,25.575,30.525
368.296,192.418,25.575,30.525
365.609,193.111,26.141,31.201
363.016,194.577,26.141,31.201
360.422,194.013,26.141,31.201
363.918,191.870,26.141,31.201
365.609,190.179,26.141,31.201
366.850,189.841,26.141,31.201
365.384,188.826,26.141,31.201
364.594,188.262,26.141,31.201
366.060,189.277,26.141,31.201
364.594,188.487,26.141,31.201
362.903,187.698,26.141,31.201
362.113,189.615,26.141,31.201
357.716,190.630,26.141,31.201
352.867,191.194,26.141,31.201
357.384,189.027,25.584,30.535
358.819,185.164,25.584,30.535
360.474,184.391,25.584,30.535
360.364,183.177,25.584,30.535
361.137,181.522,25.584,30.535
362.571,180.970,25.584,30.535
360.474,179.535,25.584,30.535
360.364,177.880,25.584,30.535
357.826,177.770,25.584,30.535
358.598,177.218,25.584,30.535
354.515,172.914,25.584,30.535
348.666,178.321,25.584,30.535
360.033,173.134,25.584,30.535
352.859,169.272,25.584,30.535
357.164,172.914,25.584,30.535
359.040,170.155,25.584,30.535
357.605,168.499,25.584,30.535
356.391,167.506,25.584,30.535
357.605,168.278,25.584,30.535
357.495,166.181,25.584,30.535
358.709,167.395,25.584,30.535
357.274,166.402,25.584,30.535
365.993,166.071,25.584,30.535
352.639,136.604,25.584,30.535
350.983,135.611,25.584,30.535
359.923,143.668,25.584,30.535
389.389,114.201,25.584,30.535
387.734,113.207,25.584,30.535
391.817,114.421,25.584,30.535
399.653,112.987,25.584,30.535
391.817,112.435,25.584,30.535
392.811,124.244,25.584,30.535
387.182,136.052,25.584,30.535
398.550,139.915,25.584,30.535
403.074,140.026,25.584,30.535
395.018,127.775,25.584,30.535
390.714,123.250,25.584,30.535
386.851,118.946,25.584,30.535
382.106,89.479,25.584,30.535
386.189,88.266,25.584,30.535
385.416,86.831,25.584,30.535
414.883,69.504,25.584,30.535
413.007,64.317,25.584,30.535
425.699,63.324,25.584,30.535
396.232,40.258,25.584,30.535
425.699,10.791,25.584,30.535
417.863,-5.432,25.584,30.535
420.622,-4.880,25.584,30.535
422.719,-5.432,25.584,30.535
427.685,-4.660,25.584,30.535
429.120,-5.212,25.584,30.535
433.645,-5.322,25.584,30.535
437.949,-4.549,25.584,30.535
437.176,-4.880,25.584,30.535
436.404,-4.991,25.584,30.535
436.294,-5.322,25.584,30.535
435.962,-4.549,25.584,30.535
435.631,-4.660,25.584,30.535
436.625,-4.770,25.584,30.535
436.294,-4.660,25.584,30.535
437.507,-4.549,25.584,30.535
436.294,-4.660,25.584,30.535
435.962,-5.212,25.584,30.535
438.059,-5.763,25.584,30.535
442.363,-4.991,25.584,30.535
434.969,-4.439,25.584,30.535
438.611,-5.212,25.584,30.535
438.942,-20.993,25.584,30.535
438.170,-22.428,25.584,30.535
437.618,-22.318,25.584,30.535
437.949,-22.649,25.584,30.535
437.397,-22.980,25.584,30.535
437.066,-23.311,25.584,30.535
437.839,-22.318,25.584,30.535
438.611,-22.649,25.584,30.535
439.384,-22.980,25.584,30.535
439.936,-23.311,25.584,30.535
440.708,-22.318,25.584,30.535
441.481,-22.649,25.584,30.535
442.032,-22.980,25.584,30.535
443.026,-23.311,25.584,30.535
444.240,-22.318,25.584,30.535
445.233,-22.649,25.584,30.535
445.564,-22.980,25.584,30.535
445.895,-23.311,25.584,30.535
445.564,-22.318,25.584,30.535
445.233,-22.649,25.584,30.535
444.681,-22.980,25.584,30.535
443.909,-23.311,25.584,30.535
442.695,-22.318,25.584,30.535
441.701,-22.649,25.584,30.535
439.825,-22.980,25.584,30.535
438.170,-23.311,25.584,30.535
439.384,-22.318,25.584,30.535
440.156,-22.649,25.584,30.535
439.604,-22.980,25.584,30.535
439.053,-23.532,25.584,30.535
438.942,-22.538,25.584,30.535
437.508,-23.090,25.584,30.535
436.294,-23.642,25.584,30.535
436.183,-22.649,25.584,30.535
435.631,-23.201,25.584,30.535
436.404,-23.752,25.584,30.535
437.397,-22.980,25.584,30.535
437.728,-23.532,25.584,30.535
438.280,-22.759,25.584,30.535
437.949,-23.311,25.584,30.535
438.501,-22.318,25.584,30.535
439.273,-22.649,25.584,30.535
439.384,-22.980,25.584,30.535
440.818,-23.311,25.584,30.535
441.591,-22.318,25.584,30.535
440.818,-22.428,25.584,30.535
439.825,-22.318,25.584,30.535
439.053,-22.428,25.584,30.535
437.839,-22.538,25.584,30.535
436.625,-22.649,25.584,30.535
434.969,-22.980,25.584,30.535
432.872,-23.311,25.584,30.535
430.555,-22.318,25.584,30.535
428.458,-22.428,25.584,30.535
426.802,-22.538,25.584,30.535
425.147,-22.649,25.584,30.535
423.271,-22.759,25.584,30.535
422.057,-22.870,25.584,30.535
420.401,-22.759,25.584,30.535
418.305,-22.649,25.584,30.535
414.663,-22.538,25.584,30.535
413.669,-22.428,25.584,30.535
412.235,-22.097,25.584,30.535
410.800,-23.090,25.584,30.535
409.586,-22.759,25.584,30.535
409.696,-22.428,25.584,30.535
409.586,-22.097,25.584,30.535
410.358,-22.870,25.584,30.535
411.793,-22.538,25.584,30.535
413.669,-22.428,25.584,30.535
417.532,-22.538,25.584,30.535
421.395,-22.870,25.584,30.535
421.947,-23.201,25.584,30.535
423.381,-23.532,25.584,30.535
424.154,-22.538,25.584,30.535
425.147,-22.870,25.584,30.535
425.699,-23.201,25.584,30.535
426.471,-23.532,25.584,30.535
426.582,-22.538,25.584,30.535
426.913,-22.870,25.584,30.535
427.465,-23.201,25.584,30.535
427.575,-23.752,25.584,30.535
427.244,-23.863,25.584,30.535
427.575,-23.973,25.584,30.535
427.465,-22.980,25.584,30.535
427.354,-23.532,25.584,30.535
427.244,-22.759,25.584,30.535
426.913,-23.311,25.584,30.535
426.803,-22.538,25.584,30.535
426.030,-23.311,25.584,30.535
425.037,-22.538,25.584,30.535
424.043,-23.311,25.584,30.535
423.050,-22.538,25.584,30.535
422.498,-23.311,25.584,30.535
421.947,-22.538,25.584,30.535
421.615,-23.311,25.584,30.535
421.064,-22.538,25.584,30.535
420.070,-23.090,25.584,30.535
420.402,-23.863,25.584,30.535
420.291,-23.090,25.584,30.535
419.960,-23.863,25.584,30.535
418.967,-22.870,25.584,30.535
419.960,-23.642,25.584,30.535
420.512,-22.870,25.584,30.535
421.064,-23.642,25.584,30.535
421.616,-22.870,25.584,30.535
422.830,-23.642,25.584,30.535
424.044,-22.870,25.584,30.535
425.257,-23.642,25.584,30.535
426.030,-22.870,25.584,30.535
426.803,-23.642,25.584,30.535
427.354,-22.870,25.584,30.535
427.023,-23.642,25.584,30.535
428.017,-22.870,25.584,30.535
429.231,-23.642,25.584,30.535
430.003,-22.870,25.584,30.535
430.776,-23.642,25.584,30.535
430.886,-22.649,25.584,30.535
431.438,-23.201,25.584,30.535
431.990,-23.752,25.584,30.535
431.659,-22.759,25.584,30.535
432.210,-23.090,25.584,30.535
432.762,-23.421,25.584,30.535
432.652,-22.428,25.584,30.535
432.542,-22.538,25.584,30.535
433.314,-22.649,25.584,30.535
434.970,-22.980,25.584,30.535
436.404,-23.311,25.584,30.535
436.956,-22.318,25.584,30.535
436.625,-22.428,25.584,30.535
437.398,-22.097,25.584,30.535
438.170,-23.090,25.584,30.535
438.280,-22.980,25.584,30.535
438.391,-22.649,25.584,30.535
440.046,-22.538,25.584,30.535
442.143,-22.428,25.584,30.535
443.578,-22.097,25.584,30.535
444.792,-23.090,25.584,30.535
444.902,-22.538,25.584,30.535
443.026,-21.987,25.584,30.535
442.033,-22.759,25.584,30.535
440.598,-22.207,25.584,30.535
439.384,-22.980,25.584,30.535
437.949,-22.428,25.584,30.535
436.735,-21.876,25.584,30.535
435.080,-22.649,25.584,30.535
433.866,-22.318,25.584,30.535
432.652,-21.987,25.584,30.535
428.127,-22.980,25.584,30.535
426.472,-22.870,25.584,30.535
424.816,-22.980,25.584,30.535
423.602,-23.090,25.584,30.535
421.064,-23.201,25.584,30.535
419.850,-23.090,25.584,30.535
419.960,-22.980,25.584,30.535
419.629,-22.870,25.584,30.535
420.181,-22.759,25.584,30.535
419.188,-22.207,25.584,30.535
416.870,-22.980,25.584,30.535
418.305,-22.207,25.584,30.535
420.181,-22.759,25.584,30.535
423.823,-21.987,25.584,30.535
425.258,-21.656,25.584,30.535
426.913,-21.545,25.584,30.535
427.686,-20.993,25.584,30.535
429.562,-21.987,25.584,30.535
431.659,-21.214,25.584,30.535
432.652,-21.987,25.584,30.535
437.177,-20.993,25.584,30.535
441.260,-21.545,25.584,30.535
442.916,-20.331,25.584,30.535
443.688,-20.442,25.584,30.535
444.461,-20.993,25.584,30.535
440.377,-21.766,25.584,30.535
439.163,-20.993,25.584,30.535
437.287,-21.987,25.584,30.535
436.294,-21.656,25.584,30.535
436.625,-21.324,25.584,30.535
435.411,-21.214,25.584,30.535
435.521,-22.207,25.584,30.535
436.515,-21.656,25.584,30.535
437.287,-21.324,25.584,30.535
441.371,-20.993,25.584,30.535
445.454,-21.987,25.584,30.535
449.317,-21.214,25.584,30.535
453.179,-22.207,25.584,30.535
454.393,-21.435,25.584,30.535
456.711,-20.662,25.584,30.535
457.484,-21.435,25.584,30.535
455.828,-20.662,25.584,30.535
447.772,-21.876,25.584,30.535
443.468,-22.649,25.584,30.535
441.812,-22.097,25.584,30.535
440.157,-22.870,25.584,30.535
440.709,-22.538,25.584,30.535
440.377,-22.207,25.584,30.535
439.605,-23.421,25.584,30.535
435.742,-22.428,25.584,30.535
434.749,-22.759,25.584,30.535
433.535,-23.090,25.584,30.535
432.762,-23.421,25.584,30.535
437.508,-22.207,25.584,30.535
445.564,-23.201,25.584,30.535
453.400,-22.649,25.584,30.535
461.015,-22.097,25.584,30.535
460.022,-23.090,25.584,30.535
461.015,-22.980,25.584,30.535
461.567,-22.870,25.584,30.535
462.781,-22.538,25.584,30.535
433.535,-23.752,25.584,30.535
432.542,-23.421,25.584,30.535
435.301,-23.090,25.584,30.535
434.970,-24.084,25.584,30.535
430.886,-23.973,25.584,30.535
430.114,-23.642,25.584,30.535
431.990,-23.090,25.584,30.535
431.217,-24.084,25.584,30.535
429.562,-23.973,25.584,30.535
433.645,-23.642,25.584,30.535
438.170,-23.090,25.584,30.535
442.916,-23.642,25.584,30.535
450.751,-22.649,25.584,30.535
