167.000,69.000,24.000,127.000
168.956,66.485,24.000,127.000
170.912,67.323,24.000,127.000
172.309,67.044,24.000,127.000
171.471,67.882,24.000,127.000
173.427,68.721,24.000,127.000
174.824,66.206,24.000,127.000
175.662,68.721,24.000,127.000
176.500,69.559,24.000,127.000
177.339,68.162,24.000,127.000
177.059,71.235,24.000,127.000
177.897,68.721,24.000,127.000
179.853,70.677,24.000,127.000
179.574,71.515,24.000,127.000
180.971,69.559,24.000,127.000
181.251,70.956,24.000,127.000
180.971,71.235,24.000,127.000
181.809,73.191,24.000,127.000
182.648,70.118,24.000,127.000
179.574,74.309,24.000,127.000
177.618,77.942,24.000,127.000
179.382,72.768,24.531,129.810
181.381,68.484,24.531,129.810
181.667,71.054,24.531,129.810
182.284,68.137,25.074,132.682
183.744,70.180,25.074,132.682
186.371,68.137,25.074,132.682
185.791,68.789,25.629,135.618
186.089,65.507,25.629,135.618
184.001,64.015,25.629,135.618
183.105,60.733,25.629,135.618
184.001,56.854,25.629,135.618
183.702,57.749,25.629,135.618
183.404,56.854,25.629,135.618
184.896,57.152,25.629,135.618
185.194,58.047,25.629,135.618
186.089,58.942,25.629,135.618
186.984,56.257,25.629,135.618
186.686,58.346,25.629,135.618
188.178,58.644,25.629,135.618
188.476,60.733,25.629,135.618
190.565,58.644,25.629,135.618
189.073,60.733,25.629,135.618
191.162,58.047,25.629,135.618
190.267,60.136,25.629,135.618
191.759,61.628,25.629,135.618
190.863,60.136,25.629,135.618
192.952,57.450,25.629,135.618
191.460,60.136,25.629,135.618
193.549,59.838,25.629,135.618
193.250,57.152,25.629,135.618
192.952,59.241,25.629,135.618
192.057,60.733,25.629,135.618
191.759,58.644,25.629,135.618
191.460,61.329,25.629,135.618
192.952,58.644,25.629,135.618
193.250,61.329,25.629,135.618
194.146,59.241,25.629,135.618
195.637,61.926,25.629,135.618
196.533,62.225,25.629,135.618
198.025,64.313,25.629,135.618
195.339,67.595,25.629,135.618
196.831,69.684,25.629,135.618
193.549,72.370,25.629,135.618
191.460,73.861,25.629,135.618
188.775,71.773,25.629,135.618
187.880,69.087,25.629,135.618
185.429,70.373,26.196,138.618
184.514,71.898,26.196,138.618
183.599,69.763,26.196,138.618
183.294,72.508,26.196,138.618
182.989,68.543,26.196,138.618
181.117,71.123,26.775,141.685
181.429,68.941,26.775,141.685
181.456,70.931,27.368,144.820
181.138,68.701,27.368,144.820
182.094,65.196,27.368,144.820
181.138,67.427,27.368,144.820
183.368,69.657,27.368,144.820
183.687,67.427,27.368,144.820
185.280,70.294,27.368,144.820
187.510,67.427,27.368,144.820
185.280,65.196,27.368,144.820
187.510,64.240,27.368,144.820
184.643,62.647,27.368,144.820
186.873,61.054,27.368,144.820
188.466,58.186,27.368,144.820
188.147,54.044,27.368,144.820
189.103,56.912,27.368,144.820
190.696,52.132,27.368,144.820
189.103,53.726,27.368,144.820
189.422,57.868,27.368,144.820
189.741,53.726,27.368,144.820
189.422,57.868,27.368,144.820
190.378,55.000,27.368,144.820
190.059,59.779,27.368,144.820
191.015,55.637,27.368,144.820
192.842,53.803,26.784,141.731
191.907,55.362,26.784,141.731
192.219,56.922,26.784,141.731
191.283,54.115,26.784,141.731
190.971,55.051,26.784,141.731
190.036,55.362,26.784,141.731
189.100,56.298,26.784,141.731
189.085,55.104,26.213,138.709
190.611,58.461,26.213,138.709
191.527,56.325,26.213,138.709
191.222,57.851,26.213,138.709
190.917,58.766,26.213,138.709
190.611,55.409,26.213,138.709
189.085,55.104,26.213,138.709
187.560,56.020,26.213,138.709
189.085,57.546,26.213,138.709
188.780,59.071,26.213,138.709
190.531,58.491,25.654,135.751
189.635,59.985,25.654,135.751
189.336,57.894,25.654,135.751
188.440,58.790,25.654,135.751
188.738,56.699,25.654,135.751
189.037,56.998,25.654,135.751
189.336,57.297,25.654,135.751
190.232,57.595,25.654,135.751
190.531,57.894,25.654,135.751
190.829,58.790,25.654,135.751
191.128,56.699,25.654,135.751
191.427,58.790,25.654,135.751
190.531,57.894,25.654,135.751
190.232,59.387,25.654,135.751
190.531,57.297,25.654,135.751
189.635,59.387,25.654,135.751
188.738,57.297,25.654,135.751
187.842,58.790,25.654,135.751
188.141,59.089,25.654,135.751
188.440,61.179,25.654,135.751
188.141,59.686,25.654,135.751
187.842,57.595,25.654,135.751
188.141,60.283,25.654,135.751
189.037,58.193,25.654,135.751
189.933,59.686,25.654,135.751
189.037,56.998,25.654,135.751
191.725,59.089,25.654,135.751
192.024,59.387,25.654,135.751
195.149,61.914,26.221,138.754
197.286,62.830,26.221,138.754
198.202,61.303,26.221,138.754
196.328,61.352,26.801,141.824
197.003,62.049,27.394,144.962
193.721,62.100,28.001,148.170
190.787,58.514,28.001,148.170
193.522,58.566,28.620,151.448
192.522,62.232,28.620,151.448
196.854,64.564,28.620,151.448
198.520,64.231,28.620,151.448
198.187,61.898,28.620,151.448
199.853,59.566,28.620,151.448
197.520,61.898,28.620,151.448
199.186,59.566,28.620,151.448
197.520,58.566,28.620,151.448
195.854,57.567,28.620,151.448
199.340,58.311,29.253,154.799
197.637,56.608,29.253,154.799
199.787,58.076,29.901,158.224
200.832,58.424,29.901,158.224
202.572,60.165,29.901,158.224
198.743,58.424,29.901,158.224
198.395,60.165,29.901,158.224
195.262,58.424,29.901,158.224
195.610,61.557,29.901,158.224
196.654,59.120,29.901,158.224
197.699,58.772,29.901,158.224
202.224,61.905,29.901,158.224
204.661,61.557,29.901,158.224
208.490,62.602,29.901,158.224
209.535,63.646,29.901,158.224
209.883,63.298,29.901,158.224
210.927,62.253,29.901,158.224
211.275,63.298,29.901,158.224
213.016,61.557,29.901,158.224
215.453,63.298,29.901,158.224
216.497,60.861,29.901,158.224
218.934,61.905,29.901,158.224
221.371,59.469,29.901,158.224
222.415,61.209,29.901,158.224
223.459,59.469,29.901,158.224
223.111,61.209,29.901,158.224
224.156,61.557,29.901,158.224
224.504,59.120,29.901,158.224
224.156,56.684,29.901,158.224
223.111,55.639,29.901,158.224
224.156,58.772,29.901,158.224
223.111,58.424,29.901,158.224
222.763,59.469,29.901,158.224
221.349,56.635,30.562,161.724
222.416,58.414,30.562,161.724
219.926,56.635,30.562,161.724
219.570,59.125,30.562,161.724
217.791,58.770,30.562,161.724
216.723,59.125,30.562,161.724
216.367,59.481,30.562,161.724
216.012,60.549,30.562,161.724
214.232,58.770,30.562,161.724
213.165,59.125,30.562,161.724
212.809,59.481,30.562,161.724
210.318,56.990,30.562,161.724
209.963,57.346,30.562,161.724
208.895,54.856,30.562,161.724
208.878,58.981,29.910,158.275
207.137,59.329,29.910,158.275
205.396,60.374,29.910,158.275
204.351,60.722,29.910,158.275
204.003,62.463,29.910,158.275
202.958,60.025,29.910,158.275
201.217,61.070,29.910,158.275
199.476,60.025,29.910,158.275
198.431,60.374,29.910,158.275
197.386,62.115,29.910,158.275
196.342,60.374,29.910,158.275
195.297,61.418,29.910,158.275
194.252,61.070,29.910,158.275
193.208,59.329,29.910,158.275
192.859,60.374,29.910,158.275
193.904,60.722,29.910,158.275
192.163,61.767,29.910,158.275
190.422,60.722,29.910,158.275
190.073,61.070,29.910,158.275
188.332,60.025,29.910,158.275
187.288,58.284,29.910,158.275
186.939,60.025,29.910,158.275
187.984,57.588,29.910,158.275
186.243,57.936,29.910,158.275
185.895,58.981,29.910,158.275
186.243,57.240,29.910,158.275
185.198,59.677,29.910,158.275
186.939,56.543,29.910,158.275
187.984,59.677,29.910,158.275
188.332,57.936,29.910,158.275
187.984,59.677,29.910,158.275
189.029,61.418,29.910,158.275
189.377,63.159,29.910,158.275
189.029,60.722,29.910,158.275
191.466,63.159,29.910,158.275
192.511,62.811,29.910,158.275
193.556,65.249,29.910,158.275
194.600,60.722,29.910,158.275
195.645,63.159,29.910,158.275
198.083,59.329,29.910,158.275
197.735,61.767,29.910,158.275
200.172,59.329,29.910,158.275
201.217,57.588,29.910,158.275
199.476,56.543,29.910,158.275
201.913,57.588,29.910,158.275
202.262,56.543,29.910,158.275
201.913,57.588,29.910,158.275
203.655,55.847,29.910,158.275
202.610,58.981,29.910,158.275
204.351,59.329,29.910,158.275
204.003,59.677,29.910,158.275
205.047,60.025,29.910,158.275
204.003,60.374,29.910,158.275
206.440,57.240,29.910,158.275
205.396,56.891,29.910,158.275
205.047,53.757,29.910,158.275
204.003,55.498,29.910,158.275
204.756,51.218,30.572,161.777
203.688,54.422,30.572,161.777
205.196,49.309,31.248,165.357
205.560,48.217,31.248,165.357
203.741,52.219,31.248,165.357
202.649,50.400,31.248,165.357
201.558,48.581,31.248,165.357
201.194,47.490,31.248,165.357
200.830,47.853,31.248,165.357
200.467,47.490,31.248,165.357
200.103,44.943,31.248,165.357
199.011,48.217,31.248,165.357
198.648,47.126,31.248,165.357
198.284,46.034,31.248,165.357
197.920,48.581,31.248,165.357
196.828,46.762,31.248,165.357
196.465,48.581,31.248,165.357
196.101,50.400,31.248,165.357
198.648,52.219,31.248,165.357
197.556,53.311,31.248,165.357
197.192,53.674,31.248,165.357
196.828,54.038,31.248,165.357
196.465,54.402,31.248,165.357
195.373,52.583,31.248,165.357
197.192,50.036,31.248,165.357
196.828,50.400,31.248,165.357
195.737,47.853,31.248,165.357
195.373,49.672,31.248,165.357
197.920,52.219,31.248,165.357
196.101,49.672,31.248,165.357
199.375,53.674,31.248,165.357
197.556,51.128,31.248,165.357
199.375,54.402,31.248,165.357
201.194,54.038,31.248,165.357
203.013,55.857,31.248,165.357
201.593,55.166,30.582,161.830
204.798,57.658,30.582,161.830
203.729,58.014,30.582,161.830
205.510,59.082,30.582,161.830
205.866,57.302,30.582,161.830
206.222,54.810,30.582,161.830
206.578,58.014,30.582,161.830
207.933,55.965,29.930,158.379
208.979,54.919,29.930,158.379
209.327,53.874,29.930,158.379
208.979,57.010,29.930,158.379
209.327,56.662,29.930,158.379
209.676,59.101,29.930,158.379
209.327,59.449,29.930,158.379
208.979,58.404,29.930,158.379
210.024,60.146,29.930,158.379
211.070,57.707,29.930,158.379
212.115,61.540,29.930,158.379
214.554,59.101,29.930,158.379
216.297,62.934,29.930,158.379
218.039,61.192,29.930,158.379
218.387,63.631,29.930,158.379
220.827,62.585,29.930,158.379
222.569,64.328,29.930,158.379
223.614,60.495,29.930,158.379
221.872,61.540,29.930,158.379
222.220,56.313,29.930,158.379
221.872,52.480,29.930,158.379
226.402,55.616,29.930,158.379
227.447,58.752,29.930,158.379
229.190,59.798,29.930,158.379
228.841,55.268,29.930,158.379
229.887,57.010,29.930,158.379
229.538,53.874,29.930,158.379
230.583,56.313,29.930,158.379
229.538,53.874,29.930,158.379
231.977,55.616,29.930,158.379
233.720,55.965,29.930,158.379
232.674,52.829,29.930,158.379
231.629,55.268,29.930,158.379
231.977,56.313,29.930,158.379
233.720,54.571,29.930,158.379
235.462,57.707,29.930,158.379
233.720,60.146,29.930,158.379
237.553,57.010,29.930,158.379
239.992,60.843,29.930,158.379
243.128,61.192,29.930,158.379
242.083,60.843,29.930,158.379
242.431,63.979,29.930,158.379
245.567,66.419,29.930,158.379
247.310,62.585,29.930,158.379
248.355,64.328,29.930,158.379
248.703,61.192,29.930,158.379
249.749,63.631,29.930,158.379
247.610,59.348,30.592,161.883
248.380,60.883,31.269,165.465
246.560,59.791,31.269,165.465
245.468,61.611,31.269,165.465
244.376,58.335,31.269,165.465
243.652,62.170,31.961,169.126
241.791,58.077,31.961,169.126
239.187,60.681,31.961,169.126
235.838,55.100,31.961,169.126
233.977,57.704,31.961,169.126
232.117,60.309,31.961,169.126
230.256,55.472,31.961,169.126
228.396,58.077,31.961,169.126
225.791,53.239,31.961,169.126
223.621,58.270,31.279,165.519
221.072,54.993,31.279,165.519
219.251,58.999,31.279,165.519
216.702,55.721,31.279,165.519
213.424,58.999,31.279,165.519
211.603,54.993,31.279,165.519
209.783,58.270,31.279,165.519
207.962,53.536,31.279,165.519
206.540,59.162,30.612,161.990
204.045,55.242,30.612,161.990
202.976,57.736,30.612,161.990
201.194,56.667,30.612,161.990
198.699,58.449,30.612,161.990
199.769,59.519,30.612,161.990
196.561,55.598,30.612,161.990
196.917,59.519,30.612,161.990
194.423,55.598,30.612,161.990
192.641,60.231,30.612,161.990
192.997,62.013,30.612,161.990
190.502,57.380,30.612,161.990
188.007,60.588,30.612,161.990
186.225,57.380,30.612,161.990
183.018,59.162,30.612,161.990
181.236,55.242,30.612,161.990
178.028,57.024,30.612,161.990
176.246,54.529,30.612,161.990
173.751,56.311,30.612,161.990
174.107,58.093,30.612,161.990
173.038,57.024,30.612,161.990
172.682,58.806,30.612,161.990
172.325,53.460,30.612,161.990
171.969,56.667,30.612,161.990
173.751,60.588,30.612,161.990
174.107,59.519,30.612,161.990
173.751,58.449,30.612,161.990
173.395,62.370,30.612,161.990
174.464,57.737,30.612,161.990
174.107,60.231,30.612,161.990
175.890,57.024,30.612,161.990
174.820,56.667,30.612,161.990
175.177,54.172,30.612,161.990
174.820,55.955,30.612,161.990
175.177,54.172,30.612,161.990
176.959,57.380,30.612,161.990
175.890,58.449,30.612,161.990
177.672,56.667,30.612,161.990
177.315,57.737,30.612,161.990
177.672,55.242,30.612,161.990
178.741,57.737,30.612,161.990
176.959,55.242,30.612,161.990
178.028,56.311,30.612,161.990
177.672,58.093,30.612,161.990
177.315,58.449,30.612,161.990
177.672,60.231,30.612,161.990
178.741,59.162,30.612,161.990
177.672,60.231,30.612,161.990
178.028,56.311,30.612,161.990
179.810,58.093,30.612,161.990
178.741,58.449,30.612,161.990
179.097,55.955,30.612,161.990
180.166,54.172,30.612,161.990
180.523,50.965,30.612,161.990
180.166,52.034,30.612,161.990
181.236,48.826,30.612,161.990
181.592,52.034,30.612,161.990
182.661,48.114,30.612,161.990
183.018,52.034,30.612,161.990
184.087,47.401,30.612,161.990
183.730,52.034,30.612,161.990
186.225,47.401,30.612,161.990
185.869,50.608,30.612,161.990
187.651,48.114,30.612,161.990
187.294,52.034,30.612,161.990
187.651,53.103,30.612,161.990
188.720,54.172,30.612,161.990
189.076,50.252,30.612,161.990
190.146,50.608,30.612,161.990
190.502,47.401,30.612,161.990
188.007,50.608,30.612,161.990
189.789,50.965,30.612,161.990
188.720,51.321,30.612,161.990
189.076,52.390,30.612,161.990
190.859,50.608,30.612,161.990
189.076,52.390,30.612,161.990
191.571,49.183,30.612,161.990
190.502,53.103,30.612,161.990
192.284,49.896,30.612,161.990
192.641,52.390,30.612,161.990
194.423,51.321,30.612,161.990
195.492,52.390,30.612,161.990
195.848,50.608,30.612,161.990
197.630,48.826,30.612,161.990
196.561,52.034,30.612,161.990
198.343,48.826,30.612,161.990
198.699,51.321,30.612,161.990
200.481,48.826,30.612,161.990
200.838,52.034,30.612,161.990
202.620,49.539,30.612,161.990
202.263,52.034,30.612,161.990
203.333,50.252,30.612,161.990
203.689,52.034,30.612,161.990
204.758,48.826,30.612,161.990
205.827,51.321,30.612,161.990
206.184,50.252,30.612,161.990
207.253,52.034,30.612,161.990
206.897,49.539,30.612,161.990
208.679,50.608,30.612,161.990
208.322,48.826,30.612,161.990
207.966,51.321,30.612,161.990
209.748,49.539,30.612,161.990
210.104,51.321,30.612,161.990
211.174,51.678,30.612,161.990
211.530,49.183,30.612,161.990
210.461,52.390,30.612,161.990
211.530,52.747,30.612,161.990
212.599,49.539,30.612,161.990
212.243,52.034,30.612,161.990
212.599,50.965,30.612,161.990
212.956,52.034,30.612,161.990
213.312,50.252,30.612,161.990
212.243,52.034,30.612,161.990
212.599,49.539,30.612,161.990
212.243,52.034,30.612,161.990
210.461,53.816,30.612,161.990
211.530,50.608,30.612,161.990
210.461,48.826,30.612,161.990
208.679,50.608,30.612,161.990
208.322,46.688,30.612,161.990
207.253,49.183,30.612,161.990
209.035,45.975,30.612,161.990
211.530,48.470,30.612,161.990
214.025,48.826,30.612,161.990
213.668,44.193,30.612,161.990
211.174,45.975,30.612,161.990
211.530,47.757,30.612,161.990
211.886,44.550,30.612,161.990
211.530,45.619,30.612,161.990
211.174,44.550,30.612,161.990
213.668,46.332,30.612,161.990
213.312,48.114,30.612,161.990
215.094,44.906,30.612,161.990
216.163,45.975,30.612,161.990
215.094,47.757,30.612,161.990
216.163,47.401,30.612,161.990
214.381,48.470,30.612,161.990
215.450,45.975,30.612,161.990
213.668,47.757,30.612,161.990
215.918,47.074,31.289,165.574
214.097,44.524,31.289,165.574
215.918,46.346,31.289,165.574
214.097,47.439,31.289,165.574
217.375,44.889,31.289,165.574
214.097,47.439,31.289,165.574
217.375,44.889,31.289,165.574
214.097,47.439,31.289,165.574
217.375,46.346,31.289,165.574
214.825,48.167,31.289,165.574
217.375,44.160,31.289,165.574
214.097,47.439,31.289,165.574
215.918,44.160,31.289,165.574
214.097,45.253,31.289,165.574
215.190,43.432,31.289,165.574
212.640,45.253,31.289,165.574
215.190,42.703,31.289,165.574
212.640,45.253,31.289,165.574
214.461,42.703,31.289,165.574
213.368,45.253,31.289,165.574
212.275,43.432,31.289,165.574
213.368,44.524,31.289,165.574
212.275,45.617,31.289,165.574
213.368,43.067,31.289,165.574
212.275,45.617,31.289,165.574
212.640,45.982,31.289,165.574
214.461,42.703,31.289,165.574
211.182,45.982,31.289,165.574
213.004,44.160,31.289,165.574
210.454,46.710,31.289,165.574
212.275,46.346,31.289,165.574
211.182,48.167,31.289,165.574
212.275,47.074,31.289,165.574
211.182,47.439,31.289,165.574
208.632,49.260,31.289,165.574
211.182,49.624,31.289,165.574
209.361,47.803,31.289,165.574
209.725,48.167,31.289,165.574
210.090,49.260,31.289,165.574
209.725,48.896,31.289,165.574
210.818,49.260,31.289,165.574
211.182,48.167,31.289,165.574
208.632,48.532,31.289,165.574
209.725,47.439,31.289,165.574
210.089,46.346,31.289,165.574
210.454,46.710,31.289,165.574
210.818,44.889,31.289,165.574
211.182,45.253,31.289,165.574
209.702,43.799,31.982,169.237
210.819,42.682,31.982,169.237
211.936,40.821,31.982,169.237
211.564,41.938,31.982,169.237
211.936,40.821,31.982,169.237
211.564,41.938,31.982,169.237
211.192,41.565,31.982,169.237
213.054,43.427,31.982,169.237
213.426,40.820,31.982,169.237
213.798,41.938,31.982,169.237
211.936,40.076,31.982,169.237
213.054,42.682,31.982,169.237
212.681,43.055,31.982,169.237
211.564,41.938,31.982,169.237
211.192,43.055,31.982,169.237
210.819,41.938,31.982,169.237
209.702,43.055,31.982,169.237
211.564,44.172,31.982,169.237
210.447,44.544,31.982,169.237
213.054,44.916,31.982,169.237
211.192,46.033,31.982,169.237
212.309,47.150,31.982,169.237
212.681,43.799,31.982,169.237
210.819,45.661,31.982,169.237
211.936,47.523,31.982,169.237
213.054,43.427,31.982,169.237
210.447,45.289,31.982,169.237
212.309,44.172,31.982,169.237
211.936,46.033,31.982,169.237
211.564,46.406,31.982,169.237
211.192,46.033,31.982,169.237
210.819,44.916,31.982,169.237
211.192,46.033,31.982,169.237
211.564,43.427,31.982,169.237
210.447,44.544,31.982,169.237
213.054,41.193,31.982,169.237
210.447,42.310,31.982,169.237
212.309,41.193,31.982,169.237
211.192,41.565,31.982,169.237
212.309,39.703,31.982,169.237
212.681,42.310,31.982,169.237
210.819,42.682,31.982,169.237
212.681,41.565,31.982,169.237
210.075,42.682,31.982,169.237
212.681,41.565,31.982,169.237
210.075,42.682,31.982,169.237
212.681,41.565,31.982,169.237
210.075,43.427,31.982,169.237
211.937,41.565,31.982,169.237
212.309,42.682,31.982,169.237
213.426,42.310,31.982,169.237
212.309,43.427,31.982,169.237
213.426,42.310,31.982,169.237
211.564,44.172,31.982,169.237
211.936,42.310,31.982,169.237
211.564,44.172,31.982,169.237
208.958,45.289,31.982,169.237
210.819,45.661,31.982,169.237
208.958,46.778,31.982,169.237
213.054,43.427,31.982,169.237
210.447,45.289,31.982,169.237
212.309,47.150,31.982,169.237
213.426,45.289,31.982,169.237
211.564,47.895,31.982,169.237
213.426,43.799,31.982,169.237
211.564,46.406,31.982,169.237
214.171,43.055,31.982,169.237
210.075,46.406,31.982,169.237
208.213,48.268,31.982,169.237
210.075,48.640,31.982,169.237
210.447,49.757,31.982,169.237
211.564,47.150,31.982,169.237
208.958,49.012,31.982,169.237
212.309,46.406,31.982,169.237
208.958,49.757,31.982,169.237
211.564,47.151,31.982,169.237
208.213,49.757,31.982,169.237
211.564,47.151,31.982,169.237
208.213,49.012,31.982,169.237
211.564,46.406,31.982,169.237
208.213,49.012,31.982,169.237
210.819,46.406,31.982,169.237
208.213,49.757,31.982,169.237
210.075,47.895,31.982,169.237
208.213,49.012,31.982,169.237
211.564,45.661,31.982,169.237
209.702,48.268,31.982,169.237
213.054,44.916,31.982,169.237
209.702,47.523,31.982,169.237
210.819,46.406,31.982,169.237
208.213,48.268,31.982,169.237
209.330,46.406,31.982,169.237
208.958,47.523,31.982,169.237
207.841,48.640,31.982,169.237
208.213,44.544,31.982,169.237
207.841,45.661,31.982,169.237
208.213,47.523,31.982,169.237
211.564,44.916,31.982,169.237
207.468,46.778,31.982,169.237
207.096,47.151,31.982,169.237
205.234,47.523,31.982,169.237
204.117,49.385,31.982,169.237
203.745,46.033,31.982,169.237
201.138,50.129,31.982,169.237
200.766,51.246,31.982,169.237
201.883,48.640,31.982,169.237
200.021,52.736,31.982,169.237
201.138,50.129,31.982,169.237
197.787,53.480,31.982,169.237
196.670,50.874,31.982,169.237
192.574,54.225,31.982,169.237
190.713,50.874,31.982,169.237
187.361,54.225,31.982,169.237
186.244,51.619,31.982,169.237
182.148,55.715,31.982,169.237
181.031,53.108,31.982,169.237
177.680,56.459,31.982,169.237
175.819,53.853,31.982,169.237
173.212,57.949,31.982,169.237
172.840,54.598,31.982,169.237
169.489,57.949,31.982,169.237
172.095,53.853,31.982,169.237
170.233,56.459,31.982,169.237
173.584,52.363,31.982,169.237
167.254,56.459,31.982,169.237
165.393,59.066,31.982,169.237
162.042,56.459,31.982,169.237
163.159,59.066,31.982,169.237
165.765,54.225,31.982,169.237
169.861,56.832,31.982,169.237
172.467,54.225,31.982,169.237
174.603,54.953,31.300,165.628
174.967,53.131,31.300,165.628
174.603,54.953,31.300,165.628
176.425,50.945,31.300,165.628
174.603,46.936,31.300,165.628
175.696,46.572,31.300,165.628
176.789,47.665,31.300,165.628
178.611,46.572,31.300,165.628
178.247,49.123,31.300,165.628
180.069,48.029,31.300,165.628
179.705,47.665,31.300,165.628
182.255,49.487,31.300,165.628
181.891,50.580,31.300,165.628
182.984,50.945,31.300,165.628
184.077,49.123,31.300,165.628
185.171,50.945,31.300,165.628
185.535,50.580,31.300,165.628
186.628,50.216,31.300,165.628
188.450,49.851,31.300,165.628
190.272,48.758,31.300,165.628
193.552,51.309,31.300,165.628
196.103,53.131,31.300,165.628
194.281,49.123,31.300,165.628
193.917,51.673,31.300,165.628
195.010,52.767,31.300,165.628
196.832,50.216,31.300,165.628
197.925,51.309,31.300,165.628
198.290,50.216,31.300,165.628
197.196,48.394,31.300,165.628
197.881,49.106,30.632,162.096
198.238,49.463,30.632,162.096
197.168,46.253,30.632,162.096
201.091,50.176,30.632,162.096
200.734,49.106,30.632,162.096
201.804,51.603,30.632,162.096
202.161,54.099,30.632,162.096
202.518,56.595,30.632,162.096
205.727,59.092,30.632,162.096
206.797,62.302,30.632,162.096
204.301,59.805,30.632,162.096
203.231,58.022,30.632,162.096
202.874,57.665,30.632,162.096
202.518,58.022,30.632,162.096
202.874,56.952,30.632,162.096
202.518,56.595,30.632,162.096
202.874,59.092,30.632,162.096
203.231,61.588,30.632,162.096
202.874,60.518,30.632,162.096
203.944,60.875,30.632,162.096
204.301,61.232,30.632,162.096
204.657,60.875,30.632,162.096
205.727,60.518,30.632,162.096
206.084,60.875,30.632,162.096
207.154,59.092,30.632,162.096
207.511,61.588,30.632,162.096
207.867,59.092,30.632,162.096
207.511,63.728,30.632,162.096
207.867,62.658,30.632,162.096
208.937,65.155,30.632,162.096
208.580,65.511,30.632,162.096
207.511,63.015,30.632,162.096
207.154,64.798,30.632,162.096
206.797,63.015,30.632,162.096
206.441,62.658,30.632,162.096
205.732,61.235,31.310,165.682
206.096,62.329,31.310,165.682
205.003,60.506,31.310,165.682
205.367,61.600,31.310,165.682
205.732,61.235,31.310,165.682
205.367,62.329,31.310,165.682
204.274,61.964,31.310,165.682
204.638,63.058,31.310,165.682
205.003,61.235,31.310,165.682
203.909,63.787,31.310,165.682
202.816,61.235,31.310,165.682
