331.000,39.000,38.000,42.000
329.433,32.316,37.190,41.104
331.436,26.923,37.190,41.104
333.130,19.990,37.190,41.104
335.133,15.830,37.190,41.104
339.293,15.060,37.190,41.104
342.837,18.603,37.190,41.104
351.311,29.543,37.190,41.104
357.320,35.860,37.190,41.104
360.556,43.409,37.190,41.104
372.133,31.285,38.012,42.014
371.661,29.553,38.012,42.014
373.364,29.905,38.853,42.943
376.775,29.597,39.713,43.893
351.932,46.544,39.713,43.893
337.666,43.498,40.592,44.865
334.695,35.709,39.726,43.908
326.630,30.937,39.726,43.908
322.515,24.189,39.726,43.908
318.730,21.720,39.726,43.908
316.920,18.593,39.726,43.908
319.088,16.682,38.879,42.971
320.860,24.896,38.879,42.971
323.920,31.178,38.879,42.971
326.336,31.983,38.879,42.971
331.008,32.467,38.879,42.971
332.779,31.661,38.879,42.971
333.263,29.889,38.879,42.971
335.034,27.473,38.879,42.971
337.128,24.413,38.879,42.971
340.208,21.765,39.739,43.922
352.226,24.235,39.739,43.922
366.220,32.302,39.739,43.922
373.125,38.478,40.618,44.894
370.265,30.568,40.618,44.894
368.077,28.717,40.618,44.894
371.611,30.232,40.618,44.894
364.711,32.420,40.618,44.894
367.236,28.886,40.618,44.894
372.452,30.737,40.618,44.894
374.303,27.539,40.618,44.894
370.769,28.717,40.618,44.894
369.418,17.031,39.752,43.937
377.303,11.944,38.904,43.000
368.241,29.336,38.075,42.083
366.506,50.631,38.075,42.083
352.174,32.654,38.917,43.014
334.600,18.305,38.917,43.014
317.026,14.596,38.917,43.014
303.966,15.725,38.917,43.014
305.417,21.368,38.917,43.014
301.808,22.063,39.778,43.965
301.539,25.167,40.658,44.938
308.604,27.641,41.558,45.932
307.399,27.813,41.558,45.932
305.505,25.231,41.558,45.932
300.140,18.253,40.672,44.953
296.602,15.051,40.672,44.953
295.278,10.533,41.572,45.948
303.191,13.181,40.685,44.968
296.270,14.607,41.585,45.963
298.849,13.920,42.505,46.980
306.421,11.631,42.505,46.980
318.924,7.933,42.505,46.980
322.656,5.769,43.446,48.019
327.156,6.309,43.446,48.019
323.736,9.009,43.446,48.019
324.996,9.189,43.446,48.019
334.654,13.344,42.519,46.995
326.022,6.122,42.519,46.995
306.611,6.113,41.612,45.993
302.990,1.803,41.612,45.993
299.715,3.700,41.612,45.993
292.302,1.459,41.612,45.993
285.233,9.217,41.612,45.993
285.751,22.836,41.612,45.993
296.201,62.571,42.533,47.010
299.549,58.518,42.533,47.010
280.614,50.137,43.474,48.050
276.471,52.839,43.474,48.050
325.883,102.200,44.436,49.114
333.431,111.957,44.436,49.114
334.351,113.614,44.436,49.114
327.550,102.604,43.488,48.066
314.398,87.289,43.488,48.066
331.153,51.075,43.488,48.066
331.694,51.976,43.488,48.066
332.595,54.318,43.488,48.066
330.613,51.616,43.488,48.066
332.955,45.310,43.488,48.066
337.099,93.415,43.488,48.066
345.206,92.875,43.488,48.066
367.725,85.573,42.561,47.041
368.254,89.275,42.561,47.041
347.976,60.887,42.561,47.041
356.103,65.672,43.503,48.082
347.582,61.213,44.465,49.146
333.138,57.802,45.449,50.233
337.796,88.646,44.480,49.162
386.998,59.715,44.480,49.162
