561.000,311.000,22.000,51.000
558.324,311.423,22.000,51.000
554.240,312.408,22.000,51.000
551.564,313.113,22.000,51.000
546.635,313.817,22.000,51.000
541.277,316.029,22.487,52.128
537.593,317.095,22.984,53.282
533.326,317.242,22.984,53.282
529.561,317.416,23.493,54.461
527.004,316.664,23.493,54.461
522.643,316.213,23.493,54.461
519.785,317.266,23.493,54.461
516.627,317.416,23.493,54.461
509.859,317.566,23.493,54.461
507.002,316.514,23.493,54.461
505.047,316.664,23.493,54.461
502.189,317.416,23.493,54.461
499.031,316.664,23.493,54.461
496.775,317.115,23.493,54.461
493.316,317.566,23.493,54.461
487.751,318.920,23.493,54.461
485.796,317.867,23.493,54.461
482.036,318.920,23.493,54.461
479.179,318.770,23.493,54.461
477.224,319.822,23.493,54.461
474.968,318.770,23.493,54.461
473.013,319.822,23.493,54.461
471.358,319.070,23.493,54.461
467.899,318.318,23.493,54.461
461.733,315.461,23.493,54.461
455.700,312.830,24.013,55.666
453.087,315.136,24.013,55.666
451.088,314.367,24.013,55.666
449.418,314.813,23.500,54.478
447.463,315.264,23.500,54.478
444.905,317.220,23.500,54.478
442.347,315.264,23.500,54.478
437.383,317.520,23.500,54.478
435.126,320.379,23.500,54.478
434.976,321.131,23.500,54.478
431.750,321.621,24.020,55.684
429.444,319.930,24.020,55.684
427.773,318.597,23.508,54.496
424.312,319.951,23.508,54.496
421.516,318.646,23.007,53.334
419.348,319.925,22.516,52.197
415.559,322.288,22.036,51.084
413.483,324.600,21.566,49.994
411.450,323.403,21.106,48.928
406.451,324.889,21.106,48.928
401.992,327.997,21.106,48.928
399.695,328.672,21.106,48.928
397.128,328.808,21.106,48.928
393.210,331.915,21.106,48.928
391.183,333.942,21.106,48.928
388.346,333.537,21.106,48.928
384.157,333.672,21.106,48.928
381.590,334.077,21.106,48.928
379.023,333.131,21.106,48.928
372.481,334.132,21.573,50.011
370.409,333.718,21.573,50.011
366.957,333.303,21.573,50.011
364.056,332.613,21.573,50.011
361.156,333.856,21.573,50.011
362.399,335.927,21.573,50.011
356.737,336.066,21.573,50.011
352.732,335.375,21.573,50.011
345.759,334.105,22.051,51.117
341.100,332.835,22.051,51.117
338.660,330.951,22.538,52.248
336.784,328.787,22.538,52.248
330.868,330.951,22.538,52.248
328.704,330.230,22.538,52.248
326.251,330.951,22.538,52.248
320.336,332.250,22.538,52.248
317.306,332.971,22.538,52.248
312.256,331.961,22.538,52.248
309.226,331.817,22.538,52.248
307.061,331.961,22.538,52.248
304.381,330.989,22.058,51.134
301.214,330.581,21.587,50.043
299.694,332.101,21.587,50.043
297.068,331.134,21.587,50.043
293.890,330.443,21.587,50.043
291.817,330.858,21.587,50.043
288.717,330.192,21.127,48.976
286.418,328.975,21.127,48.976
284.389,329.110,21.127,48.976
281.819,327.352,21.127,48.976
278.785,327.744,20.676,47.932
276.800,328.670,20.676,47.932
274.020,329.862,20.676,47.932
271.505,330.524,20.676,47.932
269.520,330.656,20.676,47.932
264.358,332.112,20.676,47.932
259.725,330.921,20.676,47.932
257.210,332.641,20.676,47.932
254.430,332.244,20.676,47.932
251.386,331.318,20.676,47.932
248.871,331.715,20.676,47.932
245.297,332.906,20.676,47.932
241.723,332.244,20.676,47.932
239.208,331.318,20.676,47.932
235.219,330.936,20.236,46.910
231.203,329.511,20.236,46.910
229.260,330.418,20.236,46.910
225.105,329.544,19.804,45.909
221.682,328.657,19.804,45.909
220.288,329.798,19.804,45.909
217.372,331.446,19.804,45.909
212.427,330.051,19.804,45.909
210.561,329.441,19.382,44.930
205.722,330.806,19.382,44.930
203.365,332.419,19.382,44.930
201.007,331.551,19.382,44.930
197.657,331.178,19.382,44.930
192.322,331.799,19.382,44.930
189.965,331.923,19.382,44.930
187.607,331.054,19.382,44.930
183.016,329.938,19.382,44.930
181.403,329.069,19.382,44.930
178.053,328.201,19.382,44.930
175.944,328.325,19.382,44.930
173.835,328.201,19.382,44.930
169.492,328.821,19.382,44.930
166.142,328.697,19.382,44.930
163.785,329.814,19.382,44.930
157.705,332.171,19.382,44.930
154.603,330.806,19.382,44.930
152.200,330.953,19.811,45.924
149.791,329.558,19.811,45.924
148.142,331.714,19.811,45.924
146.475,331.074,20.249,46.940
144.272,331.981,20.249,46.940
139.216,331.333,20.249,46.940
136.753,329.907,20.249,46.940
131.698,327.704,20.249,46.940
126.383,326.796,20.249,46.940
123.661,326.148,20.249,46.940
118.346,323.685,20.249,46.940
115.624,325.111,20.249,46.940
113.421,323.945,20.249,46.940
111.476,322.519,20.249,46.940
107.458,323.167,20.249,46.940
105.513,323.815,20.249,46.940
102.532,325.241,20.249,46.940
100.560,325.663,20.697,47.979
98.837,326.325,20.697,47.979
95.996,328.132,21.155,49.041
89.440,325.762,21.623,50.126
85.425,328.946,21.623,50.126
82.518,327.147,21.623,50.126
77.397,325.070,21.623,50.126
75.597,324.101,21.623,50.126
73.560,323.435,21.162,49.057
70.986,322.758,21.162,49.057
68.954,323.706,21.162,49.057
66.922,324.112,21.162,49.057
64.348,322.351,21.162,49.057
62.587,323.570,21.162,49.057
61.096,323.977,21.162,49.057
58.793,323.570,21.162,49.057
59.471,324.248,21.162,49.057
59.064,324.654,21.162,49.057
56.490,324.790,21.162,49.057
55.271,323.841,21.162,49.057
54.865,322.351,21.162,49.057
53.646,321.132,21.162,49.057
52.426,320.726,21.162,49.057
50.084,320.042,21.630,50.142
48.838,319.350,21.630,50.142
47.305,319.226,22.108,51.251
45.749,318.802,22.108,51.251
43.595,319.556,22.598,52.385
42.293,318.833,22.598,52.385
40.413,319.267,22.598,52.385
41.425,319.701,22.598,52.385
40.123,318.688,22.598,52.385
41.425,318.544,22.598,52.385
40.702,318.978,22.598,52.385
39.689,318.833,22.598,52.385
38.677,318.978,22.598,52.385
39.689,319.701,22.598,52.385
38.387,318.688,22.598,52.385
38.821,319.412,22.598,52.385
37.809,319.267,22.598,52.385
39.111,320.280,22.598,52.385
40.413,320.424,22.598,52.385
38.243,319.122,22.598,52.385
39.545,320.135,22.598,52.385
37.664,320.858,22.598,52.385
38.098,320.714,22.598,52.385
37.953,320.569,22.598,52.385
37.519,319.556,22.598,52.385
37.085,319.412,22.598,52.385
37.809,319.556,22.598,52.385
37.085,318.833,22.598,52.385
37.809,319.556,22.598,52.385
38.243,319.122,22.598,52.385
38.966,319.556,22.598,52.385
39.979,318.544,22.598,52.385
38.387,318.110,22.598,52.385
39.400,319.412,22.598,52.385
37.519,317.820,22.598,52.385
38.821,318.833,22.598,52.385
38.098,318.110,22.598,52.385
38.243,318.544,22.598,52.385
36.362,317.820,22.598,52.385
37.375,318.544,22.598,52.385
36.941,317.531,22.598,52.385
38.243,317.965,22.598,52.385
36.362,318.399,22.598,52.385
37.085,317.097,22.598,52.385
37.809,318.110,22.598,52.385
35.607,317.380,23.098,53.544
36.643,316.936,23.098,53.544
36.199,317.380,23.098,53.544
37.234,316.936,23.098,53.544
38.269,317.676,23.098,53.544
36.938,316.936,23.098,53.544
38.269,317.380,23.098,53.544
36.938,316.345,23.098,53.544
38.565,316.789,23.098,53.544
36.938,316.641,23.098,53.544
38.861,316.789,23.098,53.544
37.825,316.937,23.098,53.544
39.452,317.676,23.098,53.544
37.234,316.937,23.098,53.544
39.156,317.380,23.098,53.544
38.121,316.641,23.098,53.544
39.156,316.789,23.098,53.544
37.825,316.641,23.098,53.544
39.156,317.084,23.098,53.544
37.530,317.232,23.098,53.544
37.382,316.493,23.098,53.544
39.008,316.937,23.098,53.544
37.382,316.789,23.098,53.544
39.008,317.232,23.098,53.544
37.678,316.197,23.098,53.544
38.713,317.232,23.098,53.544
37.678,315.902,23.098,53.544
39.008,317.232,23.098,53.544
37.372,317.407,23.609,54.729
39.035,316.651,23.609,54.729
37.372,316.500,23.609,54.729
38.430,316.349,23.609,54.729
37.070,315.593,23.609,54.729
38.732,316.349,23.609,54.729
37.070,315.896,23.609,54.729
39.035,316.349,23.609,54.729
37.674,316.198,23.609,54.729
39.337,315.745,23.609,54.729
37.674,316.500,23.609,54.729
39.035,316.349,23.609,54.729
38.279,314.989,23.609,54.729
39.035,316.047,23.609,54.729
37.674,315.896,23.609,54.729
38.430,315.442,23.609,54.729
37.070,314.687,23.609,54.729
38.128,315.442,23.609,54.729
36.465,314.384,23.609,54.729
38.128,314.838,23.609,54.729
36.465,315.291,23.609,54.729
38.128,314.535,23.609,54.729
36.465,314.687,23.609,54.729
38.128,315.140,23.609,54.729
36.465,314.082,23.609,54.729
38.319,315.685,23.105,53.562
37.876,315.242,23.105,53.562
38.319,314.798,23.105,53.562
39.651,315.833,23.105,53.562
37.728,315.094,23.105,53.562
39.355,316.425,23.105,53.562
39.799,315.094,23.105,53.562
38.172,316.129,23.105,53.562
39.503,316.573,23.105,53.562
38.172,316.425,23.105,53.562
40.982,317.756,23.105,53.562
41.801,318.545,23.616,54.747
41.045,318.998,23.616,54.747
42.509,319.177,24.139,55.958
41.118,320.259,24.139,55.958
42.200,321.340,24.139,55.958
40.809,323.040,24.139,55.958
39.418,321.340,24.139,55.958
40.809,323.658,24.139,55.958
38.458,325.123,24.673,57.196
37.036,323.386,24.673,57.196
35.299,325.439,24.673,57.196
37.352,324.018,24.673,57.196
36.878,325.439,24.673,57.196
36.720,324.018,24.673,57.196
35.930,325.123,24.673,57.196
37.036,324.650,24.673,57.196
35.944,323.525,25.219,58.462
36.751,324.010,25.219,58.462
35.298,322.234,25.219,58.462
36.751,323.687,25.219,58.462
35.298,322.557,25.219,58.462
36.751,324.010,25.219,58.462
34.652,322.880,25.219,58.462
33.845,322.072,25.219,58.462
34.975,323.525,25.219,58.462
33.845,321.749,25.219,58.462
31.389,319.595,25.777,59.755
31.884,321.080,25.777,59.755
30.742,322.987,26.347,61.077
30.236,321.469,26.347,61.077
28.718,314.217,26.347,61.077
27.875,315.735,26.347,61.077
26.694,316.241,26.347,61.077
25.514,315.397,26.347,61.077
25.632,314.586,25.785,59.775
24.477,316.401,25.785,59.775
24.312,317.227,25.785,59.775
23.156,317.062,25.785,59.775
22.357,316.914,26.356,61.097
22.188,317.758,26.356,61.097
22.357,318.264,26.356,61.097
23.876,317.758,26.356,61.097
23.707,319.276,26.356,61.097
23.500,317.163,25.794,59.794
23.335,319.310,25.794,59.794
23.170,320.796,25.794,59.794
21.376,318.409,25.244,58.519
22.507,319.864,25.244,58.519
21.053,320.349,25.244,58.519
20.245,320.510,25.244,58.519
19.760,320.995,25.244,58.519
17.982,319.864,25.244,58.519
19.760,320.672,25.244,58.519
17.336,319.217,25.244,58.519
17.138,321.243,24.705,57.271
16.944,322.311,24.178,56.050
16.754,321.864,23.663,54.855
15.997,322.925,23.663,54.855
15.542,322.167,23.663,54.855
15.694,322.016,23.663,54.855
15.239,320.350,23.663,54.855
11.991,319.271,24.186,56.068
10.278,320.418,24.722,57.309
9.170,318.994,24.722,57.309
7.113,321.368,24.722,57.309
4.739,319.627,24.722,57.309
6.163,361.882,24.722,57.309
6.274,363.561,24.194,56.087
7.876,364.607,23.678,54.891
