205.000,151.000,17.000,50.000
203.338,149.083,17.000,50.000
202.443,147.676,17.000,50.000
201.037,147.037,17.000,50.000
199.887,147.676,17.000,50.000
200.015,146.526,17.000,50.000
197.586,146.143,17.000,50.000
195.413,145.759,17.000,50.000
193.751,145.120,17.000,50.000
193.112,145.503,17.000,50.000
190.428,143.842,17.000,50.000
189.277,143.202,17.000,50.000
187.615,142.308,17.000,50.000
187.232,142.436,17.000,50.000
185.315,141.285,17.000,50.000
183.653,140.902,17.000,50.000
183.269,140.518,17.000,50.000
181.863,139.368,17.000,50.000
181.991,140.262,17.000,50.000
181.096,139.368,17.000,50.000
179.179,138.217,17.000,50.000
178.028,137.322,17.000,50.000
176.878,136.939,17.000,50.000
177.922,136.610,16.637,48.934
176.290,136.287,16.283,47.890
174.944,136.655,16.283,47.890
173.842,137.022,16.283,47.890
173.189,136.234,15.935,46.869
172.590,135.396,15.935,46.869
170.793,134.078,15.935,46.869
169.475,132.999,15.935,46.869
169.594,133.838,15.935,46.869
167.797,132.280,15.935,46.869
167.198,130.483,15.935,46.869
167.557,129.405,15.935,46.869
166.014,127.519,16.288,47.906
165.401,127.151,16.288,47.906
165.769,127.029,16.288,47.906
164.911,126.171,16.288,47.906
163.564,125.069,16.288,47.906
162.749,123.650,16.648,48.966
163.375,123.024,16.648,48.966
161.747,121.647,16.648,48.966
162.624,121.522,16.648,48.966
162.498,120.896,16.648,48.966
161.121,122.523,16.648,48.966
161.246,122.147,16.648,48.966
158.618,123.274,16.648,48.966
156.740,122.147,16.648,48.966
156.114,121.522,16.648,48.966
154.723,120.958,16.293,47.922
153.598,120.878,15.946,46.900
151.799,119.320,15.946,46.900
150.480,118.001,15.946,46.900
150.840,118.840,15.946,46.900
149.281,118.001,15.946,46.900
148.202,119.080,15.946,46.900
146.643,117.521,15.946,46.900
145.085,118.600,15.946,46.900
143.752,118.754,15.606,45.900
141.996,118.904,15.273,44.921
139.584,117.181,15.273,44.921
137.402,116.377,15.273,44.921
136.139,116.492,15.273,44.921
135.565,116.836,15.273,44.921
134.302,115.803,15.273,44.921
133.268,116.607,15.273,44.921
132.005,116.033,15.273,44.921
129.400,115.294,14.947,43.963
127.714,113.833,14.947,43.963
125.579,113.046,14.947,43.963
124.567,111.585,14.947,43.963
123.556,110.573,14.947,43.963
123.390,109.634,14.629,43.025
121.740,110.404,14.629,43.025
121.410,109.634,14.629,43.025
118.880,108.644,14.629,43.025
117.890,108.094,14.629,43.025
116.460,106.884,14.629,43.025
115.250,107.654,14.629,43.025
113.821,106.224,14.629,43.025
112.831,104.794,14.629,43.025
112.061,105.564,14.629,43.025
110.626,104.644,14.317,42.108
108.366,105.398,14.317,42.108
106.105,105.721,14.317,42.108
105.116,104.821,14.011,41.210
103.114,104.084,14.011,41.210
101.745,104.189,14.011,41.210
100.168,102.699,13.713,40.331
98.621,101.771,13.713,40.331
97.900,102.287,13.713,40.331
96.147,101.152,13.713,40.331
93.775,101.049,13.713,40.331
92.847,100.740,13.713,40.331
91.919,101.874,13.713,40.331
89.754,100.121,13.713,40.331
88.410,100.452,13.420,39.471
85.887,99.140,13.420,39.471
84.979,99.846,13.420,39.471
83.667,98.736,13.420,39.471
82.153,98.232,13.420,39.471
81.447,99.140,13.420,39.471
79.529,99.443,13.420,39.471
78.214,98.405,13.134,38.629
76.732,99.096,13.134,38.629
74.856,97.615,13.134,38.629
73.375,96.726,13.134,38.629
71.893,95.047,13.134,38.629
69.819,94.356,13.134,38.629
68.338,95.245,13.134,38.629
67.252,95.541,13.134,38.629
65.573,95.837,13.134,38.629
64.095,95.012,12.854,37.805
62.838,95.881,12.854,37.805
61.391,94.887,12.580,36.999
59.783,94.603,12.580,36.999
58.743,93.374,12.580,36.999
57.874,94.042,12.311,36.210
57.226,93.579,12.311,36.210
