326.000,414.000,15.000,42.000
326.763,416.071,15.000,42.000
326.218,415.526,15.000,42.000
326.109,416.289,15.000,42.000
325.346,415.090,15.000,42.000
325.019,416.289,15.000,42.000
323.820,417.924,15.000,42.000
321.967,419.778,15.000,42.000
320.113,420.323,15.000,42.000
319.132,418.688,15.000,42.000
318.805,419.451,15.000,42.000
316.734,419.560,15.000,42.000
315.099,420.323,15.000,42.000
315.426,419.996,15.000,42.000
316.407,421.413,15.000,42.000
316.080,420.868,15.000,42.000
316.625,422.067,15.000,42.000
316.298,421.304,15.000,42.000
317.279,422.067,15.000,42.000
317.824,421.086,15.000,42.000
316.625,422.503,15.000,42.000
315.208,423.484,15.000,42.000
317.279,421.849,15.000,42.000
318.696,422.612,15.000,42.000
318.151,423.375,15.000,42.000
318.696,423.702,15.000,42.000
319.241,425.119,15.000,42.000
322.839,427.190,15.000,42.000
324.256,430.134,15.000,42.000
322.839,431.987,15.000,42.000
321.640,431.442,15.000,42.000
320.222,429.807,15.000,42.000
321.422,429.480,15.000,42.000
320.876,427.844,15.000,42.000
319.677,427.081,15.000,42.000
318.042,427.626,15.000,42.000
316.189,428.826,15.000,42.000
314.990,430.461,15.000,42.000
314.227,432.968,15.000,42.000
313.464,437.002,15.000,42.000
312.919,438.637,15.000,42.000
311.719,440.272,15.000,42.000
309.430,439.509,15.000,42.000
308.885,436.565,15.000,42.000
309.648,432.968,15.000,42.000
307.795,430.025,15.000,42.000
304.416,425.119,15.000,42.000
301.036,420.868,15.000,42.000
300.709,422.503,15.000,42.000
298.856,423.048,15.000,42.000
298.529,423.811,15.000,42.000
300.818,428.063,15.000,42.000
300.927,426.209,15.000,42.000
300.382,425.664,15.000,42.000
299.619,424.683,15.000,42.000
298.420,423.702,15.000,42.000
297.657,424.901,15.000,42.000
294.059,424.356,15.000,42.000
292.860,423.157,15.000,42.000
292.097,423.702,15.000,42.000
291.116,422.503,15.000,42.000
287.519,419.996,15.000,42.000
286.320,418.578,15.000,42.000
286.429,417.815,15.000,42.000
286.102,418.578,15.000,42.000
285.120,419.124,15.000,42.000
286.320,420.105,15.000,42.000
288.173,421.522,15.000,42.000
288.282,422.503,15.000,42.000
289.045,421.304,15.000,42.000
288.718,420.541,15.000,42.000
288.609,421.522,15.000,42.000
287.846,421.413,15.000,42.000
287.301,419.560,15.000,42.000
286.756,418.142,15.000,42.000
286.865,416.071,15.000,42.000
285.665,414.218,15.000,42.000
285.338,412.583,15.000,42.000
285.665,410.730,15.000,42.000
283.812,408.004,15.000,42.000
282.831,403.317,15.000,42.000
282.068,400.591,15.000,42.000
282.177,396.122,15.000,42.000
281.632,391.652,15.000,42.000
279.997,389.145,15.000,42.000
279.234,386.856,15.000,42.000
279.343,385.875,15.000,42.000
279.016,384.458,15.000,42.000
277.599,381.950,15.000,42.000
277.490,380.097,15.000,42.000
278.471,378.898,15.000,42.000
278.580,378.789,15.000,42.000
279.343,378.026,15.000,42.000
280.324,377.481,15.000,42.000
280.433,378.680,15.000,42.000
280.978,380.097,15.000,42.000
280.215,380.860,15.000,42.000
280.542,382.495,15.000,42.000
279.561,384.349,15.000,42.000
279.888,385.984,15.000,42.000
279.343,386.747,15.000,42.000
280.106,385.984,15.000,42.000
278.907,387.183,15.000,42.000
277.490,385.766,15.000,42.000
276.944,387.401,15.000,42.000
274.437,387.074,15.000,42.000
273.456,386.529,15.000,42.000
269.641,387.292,15.000,42.000
266.915,386.747,15.000,42.000
265.498,385.984,15.000,42.000
264.081,385.439,15.000,42.000
263.536,387.074,15.000,42.000
262.337,388.055,15.000,42.000
262.882,389.036,15.000,42.000
261.683,388.055,15.000,42.000
262.010,388.600,15.000,42.000
262.337,389.363,15.000,42.000
261.574,388.600,15.000,42.000
260.593,388.927,15.000,42.000
260.266,389.690,15.000,42.000
260.811,388.491,15.000,42.000
260.048,389.472,15.000,42.000
259.721,388.491,15.000,42.000
259.394,389.472,15.000,42.000
260.375,390.671,15.000,42.000
261.792,392.525,15.000,42.000
261.683,395.250,15.000,42.000
262.664,396.885,15.000,42.000
262.337,398.302,15.000,42.000
263.100,399.283,15.000,42.000
263.645,399.174,15.000,42.000
262.882,398.629,15.000,42.000
263.209,399.174,15.000,42.000
263.100,397.539,15.000,42.000
263.645,398.520,15.000,42.000
263.100,397.103,15.000,42.000
263.427,395.686,15.000,42.000
263.754,396.667,15.000,42.000
262.555,395.686,15.000,42.000
261.792,397.103,15.000,42.000
261.029,398.084,15.000,42.000
260.266,397.757,15.000,42.000
260.375,399.174,15.000,42.000
260.048,397.757,15.000,42.000
258.848,398.956,15.000,42.000
258.521,397.757,15.000,42.000
258.194,396.558,15.000,42.000
257.867,395.795,15.000,42.000
256.014,395.686,15.000,42.000
255.251,393.833,15.000,42.000
253.616,392.416,15.000,42.000
250.891,392.089,15.000,42.000
249.691,390.671,15.000,42.000
247.184,388.600,15.000,42.000
244.459,386.311,15.000,42.000
241.734,381.405,15.000,42.000
239.226,379.770,15.000,42.000
237.809,381.623,15.000,42.000
237.264,386.965,15.000,42.000
235.847,391.653,15.000,42.000
234.430,393.724,15.000,42.000
237.809,396.885,15.000,42.000
244.241,402.663,15.000,42.000
251.327,404.734,15.000,42.000
258.630,403.535,15.000,42.000
266.806,402.772,15.000,42.000
274.982,403.535,15.000,42.000
279.234,401.900,15.000,42.000
278.035,400.483,15.000,42.000
276.181,396.013,15.000,42.000
276.945,388.491,15.000,42.000
276.181,386.856,15.000,42.000
271.276,391.543,15.000,42.000
263.754,397.539,15.000,42.000
253.180,400.264,15.000,42.000
243.696,399.501,15.000,42.000
238.790,394.378,15.000,42.000
234.975,389.254,15.000,42.000
230.287,384.785,15.000,42.000
224.292,386.420,15.000,42.000
219.822,388.709,15.000,42.000
215.571,391.216,15.000,42.000
210.883,392.634,15.000,42.000
206.850,394.051,15.000,42.000
201.944,395.032,15.000,42.000
198.347,397.539,15.000,42.000
194.749,398.738,15.000,42.000
191.806,398.629,15.000,42.000
190.607,399.828,15.000,42.000
187.881,402.118,15.000,42.000
186.900,404.407,15.000,42.000
185.483,406.260,15.000,42.000
186.246,404.843,15.000,42.000
187.445,405.606,15.000,42.000
188.863,404.843,15.000,42.000
190.280,406.042,15.000,42.000
194.313,405.497,15.000,42.000
197.257,404.298,15.000,42.000
201.072,399.828,15.000,42.000
202.925,398.193,15.000,42.000
205.432,396.340,15.000,42.000
208.158,395.141,15.000,42.000
209.575,396.558,15.000,42.000
211.428,399.283,15.000,42.000
216.334,401.791,15.000,42.000
218.841,404.298,15.000,42.000
220.040,402.881,15.000,42.000
221.675,401.900,15.000,42.000
220.476,400.919,15.000,42.000
216.661,401.900,15.000,42.000
211.755,403.753,15.000,42.000
209.902,405.824,15.000,42.000
208.485,407.677,15.000,42.000
208.158,409.312,15.000,42.000
206.741,410.512,15.000,42.000
205.541,411.275,15.000,42.000
206.087,411.384,15.000,42.000
207.286,413.455,15.000,42.000
206.305,413.346,15.000,42.000
208.158,413.891,15.000,42.000
210.665,415.744,15.000,42.000
211.428,414.545,15.000,42.000
212.627,413.346,15.000,42.000
212.954,413.455,15.000,42.000
214.808,414.218,15.000,42.000
216.661,412.801,15.000,42.000
217.206,414.218,15.000,42.000
218.623,415.853,15.000,42.000
219.822,419.669,15.000,42.000
219.931,422.176,15.000,42.000
219.168,426.427,15.000,42.000
221.021,428.717,15.000,42.000
220.258,433.404,15.000,42.000
218.187,435.475,15.000,42.000
215.872,437.160,15.332,42.929
212.864,439.054,15.332,42.929
211.415,443.845,15.332,42.929
210.205,442.561,15.671,43.879
208.724,441.080,15.671,43.879
210.324,439.532,16.018,44.850
211.138,440.812,16.018,44.850
209.858,439.299,16.018,44.850
211.604,440.114,16.018,44.850
210.324,438.600,16.018,44.850
211.371,437.320,16.018,44.850
211.022,436.272,16.018,44.850
210.906,437.087,16.018,44.850
211.953,438.600,16.018,44.850
213.467,440.812,16.018,44.850
214.980,443.024,16.018,44.850
216.726,445.003,16.018,44.850
218.239,448.611,16.018,44.850
220.684,449.426,16.018,44.850
222.663,454.432,16.018,44.850
223.711,456.411,16.018,44.850
225.457,459.321,16.018,44.850
226.272,466.189,16.018,44.850
225.249,464.365,16.372,45.842
223.940,469.005,16.372,45.842
222.648,467.140,16.734,46.856
219.308,468.514,17.105,47.893
215.895,466.824,17.483,48.953
210.033,467.996,17.870,50.036
207.825,473.061,17.870,50.036
208.215,476.308,17.870,50.036
205.228,478.515,17.870,50.036
202.501,481.243,17.870,50.036
197.559,486.908,17.489,48.969
196.415,490.340,17.489,48.969
198.463,488.611,17.876,50.052
200.412,483.285,17.876,50.052
207.627,473.162,18.271,51.160
205.359,469.703,18.676,52.292
203.594,465.224,18.676,52.292
203.187,463.459,18.676,52.292
199.460,448.095,19.089,53.449
200.154,447.124,19.089,53.449
199.460,446.153,19.089,53.449
202.096,446.292,19.089,53.449
203.622,447.540,19.089,53.449
206.258,447.679,19.089,53.449
207.784,448.095,19.089,53.449
209.310,448.512,19.089,53.449
207.229,449.760,19.089,53.449
206.258,451.009,19.089,53.449
205.287,447.818,19.089,53.449
203.761,444.905,19.089,53.449
197.936,444.745,19.511,54.631
187.869,452.544,19.511,54.631
182.210,448.850,19.943,55.840
175.398,449.285,19.943,55.840
172.354,450.879,19.943,55.840
165.367,452.517,20.384,57.075
158.404,451.480,20.384,57.075
151.442,453.702,20.384,57.075
148.331,457.702,20.384,57.075
148.775,461.109,20.384,57.075
150.548,462.783,20.835,58.338
156.756,464.449,20.835,58.338
162.964,466.114,20.835,58.338
166.347,467.197,21.296,59.629
173.002,469.519,21.296,59.629
174.533,471.589,21.767,60.948
178.171,470.481,21.767,60.948
181.177,478.233,21.767,60.948
181.335,480.606,21.767,60.948
182.126,479.498,21.767,60.948
182.284,479.973,21.767,60.948
180.860,478.866,21.767,60.948
184.182,479.340,21.767,60.948
182.759,478.866,21.767,60.948
181.335,473.962,21.767,60.948
178.329,470.007,21.767,60.948
170.578,461.306,21.767,60.948
167.889,452.922,21.767,60.948
169.312,449.600,21.767,60.948
168.205,444.696,21.767,60.948
176.006,445.171,22.249,62.297
183.980,451.695,22.741,63.675
195.533,453.170,22.256,62.317
202.164,450.744,22.256,62.317
210.141,453.579,22.748,63.696
218.572,460.026,22.748,63.696
225.020,462.837,22.748,63.696
227.831,467.301,22.748,63.696
233.617,470.773,22.748,63.696
240.398,467.838,23.252,65.105
247.329,464.137,23.766,66.545
251.546,459.997,24.292,68.018
254.900,455.583,24.292,68.018
257.548,452.582,24.292,68.018
260.393,449.815,24.830,69.523
262.739,448.912,24.830,69.523
263.280,448.010,24.830,69.523
262.739,449.995,24.830,69.523
263.280,449.454,24.830,69.523
264.183,449.995,24.830,69.523
262.919,449.454,24.830,69.523
260.574,448.912,24.830,69.523
259.310,448.010,24.830,69.523
256.243,445.664,24.830,69.523
254.258,445.123,24.830,69.523
255.521,443.138,24.830,69.523
258.589,437.905,24.830,69.523
262.378,438.446,24.830,69.523
259.671,437.905,24.830,69.523
257.686,438.085,24.830,69.523
256.476,441.248,25.379,71.061
254.473,437.591,25.940,72.633
256.169,428.354,25.940,72.633
255.227,425.526,25.940,72.633
252.788,422.180,26.514,74.240
251.054,420.446,26.514,74.240
252.560,417.025,27.101,75.883
254.099,408.625,27.701,77.562
256.508,400.039,28.313,79.278
259.595,396.953,28.313,79.278
262.484,393.300,28.940,81.032
262.382,390.004,29.580,82.824
260.447,388.499,29.580,82.824
262.382,389.574,29.580,82.824
265.176,390.649,29.580,82.824
267.111,393.443,29.580,82.824
267.453,396.319,30.235,84.657
266.435,392.875,30.904,86.530
266.326,392.616,31.587,88.444
264.260,396.978,31.587,88.444
262.719,401.477,32.286,90.401
260.138,407.813,32.286,90.401
257.557,411.802,32.286,90.401
256.853,415.321,32.286,90.401
254.792,414.078,33.000,92.401
255.991,418.634,33.000,92.401
260.354,415.870,33.731,94.446
260.109,420.038,33.731,94.446
259.990,416.704,34.477,96.535
259.868,415.376,35.240,98.671
261.339,417.739,36.019,100.854
263.928,409.290,36.816,103.086
267.406,409.023,36.816,103.086
265.533,414.641,36.816,103.086
264.848,415.444,37.631,105.367
264.716,411.725,38.463,107.698
262.260,407.923,39.314,110.081
257.974,410.495,39.314,110.081
257.836,406.609,40.184,112.516
259.880,411.574,40.184,112.516
256.668,413.618,40.184,112.516
257.132,413.888,41.073,115.006
255.129,413.545,41.982,117.550
251.816,409.396,42.911,120.151
253.606,408.390,43.860,122.809
250.806,409.347,44.831,125.526
249.177,410.976,44.831,125.526
251.047,411.277,45.823,128.304
255.376,418.271,45.823,128.304
256.597,426.180,46.837,131.142
253.533,429.243,46.837,131.142
256.597,431.626,46.837,131.142
254.214,438.093,46.837,131.142
256.874,443.352,47.873,134.044
255.831,448.571,47.873,134.044
252.003,444.744,47.873,134.044
248.176,442.309,47.873,134.044
242.958,437.786,47.873,134.044
238.435,438.829,47.873,134.044
233.216,431.523,47.873,134.044
226.550,428.236,48.932,137.010
221.927,424.324,48.932,137.010
224.416,421.835,48.932,137.010
224.772,421.479,48.932,137.010
223.705,426.813,48.932,137.010
229.039,423.613,48.932,137.010
227.973,399.075,48.932,137.010
229.276,392.025,50.015,140.041
231.093,388.027,50.015,140.041
232.184,389.118,50.015,140.041
234.001,384.392,50.015,140.041
234.365,378.213,50.015,140.041
236.909,372.034,50.015,140.041
233.638,368.036,50.015,140.041
236.182,361.857,50.015,140.041
236.546,362.220,50.015,140.041
239.090,364.764,50.015,140.041
243.815,377.486,50.015,140.041
249.673,404.220,51.121,143.139
246.409,420.753,52.252,146.306
252.105,429.487,52.252,146.306
248.769,421.959,53.408,149.543
253.039,423.123,53.408,149.543
248.769,417.301,53.408,149.543
242.138,409.606,54.590,152.852
231.244,410.797,55.798,156.234
221.792,420.428,57.032,159.690
216.430,415.651,58.294,163.224
212.709,410.769,59.584,166.835
212.499,404.880,60.902,170.526
210.448,397.942,62.250,174.299
213.614,396.585,62.250,174.299
213.162,400.656,62.250,174.299
211.805,401.109,62.250,174.299
215.876,406.990,62.250,174.299
214.519,406.538,62.250,174.299
219.496,408.800,62.250,174.299
226.282,411.966,62.250,174.299
230.353,408.800,62.250,174.299
229.901,410.157,62.250,174.299
227.639,406.990,62.250,174.299
226.282,399.299,62.250,174.299
224.020,392.513,62.250,174.299
222.662,391.156,62.250,174.299
221.305,386.180,62.250,174.299
219.043,381.203,62.250,174.299
215.876,383.465,62.250,174.299
212.710,378.489,62.250,174.299
208.638,378.036,62.250,174.299
205.471,376.679,62.250,174.299
202.304,380.751,62.250,174.299
201.660,380.429,60.922,170.582
201.029,381.821,59.623,166.944
202.083,384.854,58.352,163.384
201.479,379.648,57.107,159.900
200.234,383.383,57.107,159.900
203.969,381.308,57.107,159.900
201.894,377.573,57.107,159.900
203.969,380.478,57.107,159.900
202.724,381.723,57.107,159.900
201.479,382.968,57.107,159.900
206.874,380.893,57.107,159.900
205.629,381.308,57.107,159.900
209.364,380.063,57.107,159.900
212.269,381.308,57.107,159.900
210.194,382.553,57.107,159.900
213.930,377.988,57.107,159.900
214.345,381.723,57.107,159.900
219.740,377.988,57.107,159.900
224.305,380.063,57.107,159.900
227.210,382.138,57.107,159.900
228.455,384.213,57.107,159.900
227.210,386.288,57.107,159.900
231.776,391.684,57.107,159.900
232.785,395.389,55.889,156.490
234.003,397.420,55.889,156.490
233.425,403.395,54.697,153.153
236.690,406.943,53.531,149.887
236.136,412.666,52.389,146.690
236.516,413.808,52.389,146.690
236.897,416.474,52.389,146.690
239.562,418.377,52.389,146.690
237.008,423.470,53.549,149.936
235.840,429.307,53.549,149.936
235.451,435.145,53.549,149.936
233.505,433.199,53.549,149.936
237.008,430.475,53.549,149.936
236.453,427.947,52.407,146.739
235.311,426.043,52.407,146.739
237.977,422.615,52.407,146.739
236.072,418.426,52.407,146.739
234.930,412.713,52.407,146.739
239.119,410.808,52.407,146.739
237.843,409.803,51.289,143.609
240.904,408.101,50.195,140.547
241.269,409.925,50.195,140.547
244.552,407.372,50.195,140.547
244.188,409.196,50.195,140.547
247.184,408.233,49.125,137.550
246.827,405.734,49.125,137.550
250.754,403.949,49.125,137.550
250.246,405.760,48.077,134.616
251.294,407.507,48.077,134.616
253.490,407.258,47.052,131.746
251.781,407.600,47.052,131.746
251.439,411.362,47.052,131.746
250.952,415.733,46.049,128.936
249.278,418.744,46.049,128.936
248.156,424.958,45.067,126.186
245.796,432.301,44.106,123.495
241.629,433.904,44.106,123.495
236.180,436.789,44.106,123.495
230.731,438.391,44.106,123.495
227.846,439.994,44.106,123.495
224.961,442.879,44.106,123.495
221.435,443.199,44.106,123.495
220.474,446.084,44.106,123.495
218.871,446.405,44.106,123.495
217.268,444.802,44.106,123.495
216.948,446.405,44.106,123.495
217.909,444.802,44.106,123.495
220.153,447.687,44.106,123.495
219.079,449.313,43.165,120.862
218.137,447.117,43.165,120.862
217.196,446.176,43.165,120.862
220.020,450.254,43.165,120.862
221.992,454.264,42.244,118.285
223.754,452.637,43.179,120.902
225.951,454.833,43.179,120.902
227.923,457.635,42.258,118.323
227.002,455.485,42.258,118.323
229.766,456.406,42.258,118.323
229.459,455.485,42.258,118.323
228.036,453.220,43.193,120.941
230.233,454.790,43.193,120.941
229.291,455.731,43.193,120.941
230.233,453.534,43.193,120.941
230.732,452.522,44.149,123.617
231.242,448.824,45.126,126.352
234.486,445.045,46.124,129.148
234.323,449.528,47.145,132.005
237.001,450.556,48.188,134.926
235.950,454.408,48.188,134.926
232.147,451.099,49.254,137.911
228.210,447.877,49.254,137.911
224.988,446.088,49.254,137.911
230.689,447.213,48.204,134.970
238.045,441.958,48.204,134.970
242.274,438.333,47.176,132.092
241.785,440.072,46.170,129.275
240.779,444.434,46.170,129.275
242.456,452.151,46.170,129.275
240.685,455.793,45.185,126.518
239.043,457.435,45.185,126.518
238.714,460.391,45.185,126.518
237.729,458.092,45.185,126.518
243.312,454.480,45.185,126.518
246.924,450.211,45.185,126.518
249.879,446.599,45.185,126.518
250.678,446.365,44.221,123.820
254.213,442.830,44.221,123.820
256.462,439.938,44.221,123.820
258.712,435.760,44.221,123.820
260.319,434.795,44.221,123.820
259.998,437.045,44.221,123.820
259.676,435.438,44.221,123.820
257.427,437.045,44.221,123.820
260.319,433.510,44.221,123.820
265.437,420.891,43.278,121.179
268.021,417.636,42.355,118.595
267.582,419.197,41.452,116.066
267.153,421.306,40.568,113.591
266.733,423.369,39.703,111.169
265.210,425.389,38.856,108.798
263.719,426.277,38.028,106.478
260.679,424.895,38.028,106.478
249.348,458.888,38.028,106.478
245.202,457.506,38.028,106.478
242.162,455.019,38.028,106.478
238.569,454.743,38.028,106.478
236.082,456.677,38.028,106.478
234.700,454.743,38.028,106.478
234.424,452.808,38.028,106.478
236.911,451.426,38.028,106.478
236.082,456.124,38.028,106.478
238.017,458.059,38.028,106.478
241.609,457.230,38.028,106.478
243.544,456.401,38.028,106.478
246.031,454.466,38.028,106.478
248.301,459.064,37.217,104.207
247.490,457.171,37.217,104.207
246.678,458.523,37.217,104.207
245.867,458.794,37.217,104.207
245.597,461.228,37.217,104.207
244.785,466.367,37.217,104.207
244.515,472.588,37.217,104.207
242.621,477.727,37.217,104.207
240.728,482.325,37.217,104.207
239.376,486.382,37.217,104.207
238.122,488.316,38.040,106.513
240.610,493.016,38.040,106.513
237.608,493.845,38.882,108.869
237.891,495.258,38.882,108.869
239.303,491.585,38.882,108.869
239.021,490.172,38.882,108.869
242.129,488.759,38.882,108.869
243.751,486.089,39.742,111.278
243.897,489.224,38.895,108.905
243.049,491.203,38.895,108.905
242.766,494.312,38.895,108.905
245.310,498.552,38.895,108.905
246.723,503.357,38.895,108.905
248.702,507.032,38.895,108.905
245.593,505.053,38.895,108.905
248.702,511.555,38.895,108.905
249.550,519.752,38.895,108.905
249.267,524.557,38.895,108.905
248.985,527.101,38.895,108.905
249.833,526.253,38.895,108.905
248.419,525.405,38.895,108.905
247.006,526.818,38.895,108.905
247.289,528.232,38.895,108.905
245.796,528.031,38.065,106.582
244.413,524.988,38.065,106.582
240.817,528.584,38.065,106.582
236.114,533.840,38.065,106.582
233.071,532.457,38.065,106.582
232.794,529.414,38.065,106.582
231.411,531.904,38.065,106.582
233.901,531.074,38.065,106.582
235.284,533.564,38.065,106.582
237.220,530.521,38.065,106.582
237.086,527.332,38.907,108.941
237.369,525.919,38.907,108.941
237.086,529.594,38.907,108.941
236.804,526.484,38.907,108.941
238.783,522.808,38.907,108.941
238.500,520.829,38.907,108.941
237.652,523.374,38.907,108.941
237.935,527.050,38.907,108.941
237.798,530.832,39.768,111.351
238.087,534.589,39.768,111.351
237.947,531.258,40.648,113.815
239.029,526.015,41.547,116.333
236.377,526.921,42.467,118.907
237.303,528.464,42.467,118.907
240.080,528.772,42.467,118.907
237.920,528.464,42.467,118.907
237.611,527.538,42.467,118.907
242.241,527.229,42.467,118.907
240.698,529.390,42.467,118.907
240.389,532.167,42.467,118.907
239.463,531.241,42.467,118.907
239.154,530.933,42.467,118.907
241.315,530.007,42.467,118.907
239.884,523.248,43.406,121.537
238.938,522.933,43.406,121.537
238.131,520.606,44.367,124.226
236.636,519.566,45.348,126.975
233.741,516.452,46.352,129.784
231.481,513.269,47.377,132.656
237.030,509.301,48.425,135.591
232.454,513.876,48.425,135.591
229.363,509.090,49.497,138.591
234.039,507.291,49.497,138.591
230.879,501.653,50.592,141.657
234.188,494.667,50.592,141.657
232.350,485.475,50.592,141.657
231.247,488.049,50.592,141.657
231.615,488.417,50.592,141.657
235.659,492.461,50.592,141.657
234.556,497.976,50.592,141.657
240.071,495.402,50.592,141.657
242.182,498.031,51.711,144.791
241.054,497.656,51.711,144.791
247.443,498.783,51.711,144.791
250.380,495.232,52.855,147.995
252.585,492.399,54.025,151.269
253.209,488.689,55.220,154.616
255.216,493.103,55.220,154.616
257.223,491.899,55.220,154.616
256.019,490.695,55.220,154.616
258.828,488.689,55.220,154.616
257.624,489.090,55.220,154.616
258.828,486.281,55.220,154.616
259.229,483.472,55.220,154.616
258.828,486.281,55.220,154.616
257.624,483.472,55.220,154.616
258.025,485.478,55.220,154.616
259.229,481.867,55.220,154.616
258.025,484.676,55.220,154.616
256.821,481.867,55.220,154.616
255.617,479.860,55.220,154.616
253.611,477.051,55.220,154.616
254.012,475.044,55.220,154.616
252.808,471.433,55.220,154.616
251.604,467.018,55.220,154.616
252.808,462.604,55.220,154.616
252.407,459.795,55.220,154.616
252.006,455.380,55.220,154.616
253.209,452.571,55.220,154.616
254.413,453.775,55.220,154.616
250.802,455.781,55.220,154.616
246.387,458.591,55.220,154.616
245.183,460.597,55.220,154.616
243.177,465.012,55.220,154.616
