264.000,311.000,37.000,69.000
266.269,309.556,37.000,69.000
265.650,308.112,37.000,69.000
267.507,305.018,37.000,69.000
268.538,299.449,37.000,69.000
270.394,298.005,37.000,69.000
271.013,296.148,37.000,69.000
272.045,295.117,37.000,69.000
271.013,294.498,37.000,69.000
272.457,293.880,37.000,69.000
269.776,295.323,37.000,69.000
267.507,296.767,37.000,69.000
268.125,297.386,37.000,69.000
265.856,294.292,37.000,69.000
267.801,292.031,37.819,70.527
265.060,293.507,37.819,70.527
261.798,291.195,38.655,72.087
259.859,290.980,38.655,72.087
257.057,289.471,38.655,72.087
256.411,290.118,38.655,72.087
253.609,289.471,38.655,72.087
250.808,286.239,38.655,72.087
251.051,286.112,39.511,73.682
249.069,283.689,39.511,73.682
246.205,282.147,39.511,73.682
243.782,281.046,39.511,73.682
242.681,281.266,39.511,73.682
240.258,280.605,39.511,73.682
236.513,283.469,39.511,73.682
234.175,290.836,38.668,72.111
236.873,294.721,37.843,70.573
238.771,294.089,37.843,70.573
243.445,293.824,37.036,69.068
251.085,295.683,37.036,69.068
259.137,297.541,37.036,69.068
268.488,298.874,36.247,67.595
274.522,297.453,35.474,66.154
280.653,296.859,35.474,66.154
285.597,297.848,35.474,66.154
293.705,295.673,35.474,66.154
300.627,294.684,35.474,66.154
305.966,297.650,35.474,66.154
313.283,297.057,35.474,66.154
324.145,300.240,34.717,64.743
331.418,302.983,33.977,63.362
340.361,306.397,33.252,62.011
350.185,308.666,32.543,60.689
359.451,310.188,31.849,59.394
367.085,311.786,31.849,59.394
375.431,313.029,31.849,59.394
384.131,314.272,31.849,59.394
395.594,316.445,31.170,58.128
406.478,318.237,30.505,56.888
415.152,318.067,30.505,56.888
424.505,318.917,30.505,56.888
435.157,320.016,29.855,55.675
443.312,319.517,29.855,55.675
451.801,321.680,29.855,55.675
455.488,323.718,29.218,54.488
458.468,326.968,28.595,53.326
461.816,309.592,28.595,53.326
464.207,307.519,28.595,53.326
463.395,306.102,29.228,54.506
462.902,304.654,29.874,55.711
461.708,305.247,30.535,56.944
462.219,305.418,30.535,56.944
463.117,307.084,31.211,58.204
462.595,307.954,31.211,58.204
462.769,306.736,31.211,58.204
461.551,308.302,31.211,58.204
461.377,307.432,31.211,58.204
462.884,307.214,30.545,56.963
462.714,306.362,30.545,56.963
463.259,305.202,31.221,58.223
462.389,303.984,31.221,58.223
462.946,303.159,31.912,59.511
462.057,306.183,31.912,59.511
461.523,304.938,31.912,59.511
460.278,303.693,31.912,59.511
461.955,302.481,32.618,60.828
461.028,301.619,33.340,62.174
459.695,304.209,34.077,63.549
459.121,303.309,34.831,64.955
457.762,306.222,34.831,64.955
403.586,264.204,35.602,66.393
395.357,268.546,34.843,64.977
394.044,271.673,34.100,63.591
395.690,274.733,33.372,62.235
398.018,275.576,32.661,60.908
400.750,274.302,32.661,60.908
403.028,275.478,31.964,59.609
405.345,276.369,31.964,59.609
408.018,277.616,31.964,59.609
410.334,278.863,31.964,59.609
412.651,279.398,31.964,59.609
415.680,280.289,31.964,59.609
419.628,282.814,31.283,58.338
423.155,285.621,30.615,57.094
426.740,286.816,30.615,57.094
433.055,285.621,30.615,57.094
436.178,289.026,29.963,55.876
439.017,288.525,29.963,55.876
441.752,291.858,29.324,54.685
443.798,294.490,28.698,53.518
446.108,296.140,28.086,52.377
447.585,296.372,28.708,53.536
449.345,298.133,28.708,53.536
451.106,299.893,28.708,53.536
452.546,301.654,28.708,53.536
437.982,319.418,28.708,53.536
436.834,322.313,29.343,54.720
439.055,322.556,29.992,55.931
442.115,322.025,29.352,54.738
443.915,322.843,29.352,54.738
445.388,324.316,29.352,54.738
446.860,325.788,29.352,54.738
448.988,325.297,29.352,54.738
450.460,325.788,29.352,54.738
449.669,325.899,28.726,53.571
451.751,325.739,28.726,53.571
453.513,324.297,28.726,53.571
455.595,322.856,28.726,53.571
454.474,325.578,28.726,53.571
457.095,324.452,28.114,52.429
424.652,287.620,28.114,52.429
426.780,284.601,28.736,53.589
428.290,281.847,29.372,54.774
430.174,278.693,30.022,55.986
430.363,280.678,30.686,57.225
432.245,280.165,30.686,57.225
416.109,326.920,31.365,58.491
420.297,330.446,32.059,59.785
425.480,334.914,32.059,59.785
429.233,333.663,32.059,59.785
435.605,341.019,31.375,58.510
440.327,344.692,31.375,58.510
444.202,346.833,30.706,57.262
448.139,348.031,30.706,57.262
451.392,348.545,30.706,57.262
453.959,345.292,30.706,57.262
455.158,344.094,30.706,57.262
456.356,341.184,30.706,57.262
418.867,350.256,30.706,57.262
419.690,350.702,30.051,56.041
420.192,350.199,30.051,56.041
421.030,351.372,30.051,56.041
422.538,350.870,30.051,56.041
424.045,350.702,30.051,56.041
424.548,351.205,30.051,56.041
425.721,350.032,30.051,56.041
426.558,351.875,30.051,56.041
428.009,354.249,29.410,54.846
430.141,353.101,29.410,54.846
431.944,352.281,29.410,54.846
433.748,353.101,29.410,54.846
435.223,352.937,29.410,54.846
437.907,354.944,28.783,53.677
440.225,354.124,28.169,52.532
442.581,355.224,28.169,52.532
444.622,354.752,28.169,52.532
446.664,355.852,28.169,52.532
449.234,355.352,27.569,51.412
451.540,353.969,27.569,51.412
453.230,355.352,27.569,51.412
455.746,354.567,26.981,50.315
456.799,356.523,26.981,50.315
455.446,355.169,26.981,50.315
455.295,346.595,26.981,50.315
453.340,341.030,26.981,50.315
454.693,338.774,26.981,50.315
456.348,341.030,26.981,50.315
457.454,338.133,27.578,51.428
456.685,341.669,27.578,51.428
459.795,345.625,26.989,50.332
462.838,348.917,26.414,49.258
464.532,348.831,26.998,50.348
463.140,347.181,27.596,51.462
465.140,349.488,27.596,51.462
464.990,349.592,27.007,50.365
466.584,349.694,26.431,49.291
466.439,352.350,25.868,48.240
467.410,354.671,25.316,47.211
466.691,356.052,25.876,48.255
466.835,355.620,25.876,48.255
466.972,358.220,25.324,47.226
467.113,359.490,25.324,47.226
466.686,358.529,25.885,48.271
466.254,360.116,25.885,48.271
465.243,361.992,25.885,48.271
465.388,361.270,25.885,48.271
465.246,363.315,25.333,47.242
465.105,361.762,25.333,47.242
464.682,361.620,25.333,47.242
466.177,361.171,24.792,46.234
466.308,363.662,24.264,45.248
466.436,363.232,23.746,44.283
467.327,364.342,23.240,43.339
466.421,365.768,23.240,43.339
466.032,365.120,23.240,43.339
467.653,366.706,22.744,42.415
467.040,366.791,22.259,41.510
467.636,367.114,21.784,40.625
467.272,368.207,21.784,40.625
466.905,369.144,22.266,41.524
468.698,369.467,21.792,40.638
469.047,371.188,21.327,39.772
469.389,371.956,20.872,38.924
470.173,371.362,20.427,38.094
470.281,373.195,19.991,37.281
470.172,372.196,19.565,36.486
469.855,370.798,19.148,35.708
469.961,371.759,19.148,35.708
469.196,370.588,19.571,36.498
438.755,373.920,20.005,37.306
436.413,375.593,20.005,37.306
438.309,376.374,20.005,37.306
440.205,377.377,20.005,37.306
444.180,378.313,19.578,36.510
446.472,377.985,19.578,36.510
448.327,378.968,19.578,36.510
450.535,380.724,19.160,35.732
452.901,381.414,18.752,34.970
454.888,381.937,18.752,34.970
457.501,382.251,18.752,34.970
459.906,383.401,18.752,34.970
461.055,383.087,18.752,34.970
463.460,380.055,18.752,34.970
465.446,380.160,18.752,34.970
466.351,385.470,18.352,34.224
466.454,382.094,18.352,34.224
466.556,383.015,18.352,34.224
468.231,383.872,17.961,33.494
470.063,384.712,17.578,32.780
470.534,385.723,17.203,32.081
465.633,394.107,16.836,31.397
464.637,395.256,16.477,30.727
464.547,394.255,16.125,30.072
464.285,394.143,15.782,29.430
464.199,393.863,15.445,28.803
466.352,395.327,15.445,28.803
468.677,396.274,15.445,28.803
469.588,395.170,15.116,28.189
469.343,389.704,14.793,27.588
468.106,387.477,14.793,27.588
468.849,391.683,14.793,27.588
470.086,390.281,14.793,27.588
468.519,391.518,14.793,27.588
467.961,394.913,14.478,26.999
468.687,396.769,14.478,26.999
468.122,391.523,14.478,26.999
467.396,387.891,14.478,26.999
468.157,384.661,14.798,27.597
467.281,389.647,14.483,27.008
466.716,392.150,14.483,27.008
467.812,388.919,14.803,27.606
468.225,387.846,14.803,27.606
449.161,373.735,14.803,27.606
450.353,375.858,14.487,27.017
450.434,374.162,14.487,27.017
447.284,371.982,14.487,27.017
448.334,372.870,14.487,27.017
449.345,374.170,14.178,26.441
448.634,372.194,14.178,26.441
450.452,373.380,14.178,26.441
452.509,374.317,14.492,27.026
455.498,374.721,14.492,27.026
456.872,375.610,14.492,27.026
460.831,378.599,14.492,27.026
463.012,382.720,14.492,27.026
464.062,381.023,14.492,27.026
462.737,380.922,14.183,26.449
463.449,380.210,14.183,26.449
463.686,378.866,14.183,26.449
465.346,377.364,14.183,26.449
466.058,377.601,14.183,26.449
467.505,378.874,13.881,25.885
468.666,380.189,13.881,25.885
468.124,379.338,13.881,25.885
468.666,380.654,13.881,25.885
469.207,383.517,13.881,25.885
462.475,394.428,13.881,25.885
461.624,394.505,13.881,25.885
462.592,395.751,13.585,25.333
463.728,396.281,13.585,25.333
466.720,395.602,13.295,24.793
467.683,394.490,13.295,24.793
468.647,393.230,13.295,24.793
468.577,391.187,13.589,25.342
468.033,386.741,13.890,25.902
462.435,367.090,13.593,25.350
463.464,367.517,13.894,25.911
464.780,368.369,13.894,25.911
465.942,366.278,13.894,25.911
468.653,364.651,13.894,25.911
469.473,361.717,13.598,25.358
470.714,360.892,13.308,24.818
472.358,361.514,13.024,24.288
461.975,366.524,13.024,24.288
464.516,365.725,13.024,24.288
466.332,367.395,13.024,24.288
469.454,367.322,13.024,24.288
465.920,364.116,13.312,24.826
467.775,363.448,13.312,24.826
470.850,362.210,13.028,24.296
469.906,363.300,13.028,24.296
468.090,373.686,13.028,24.296
469.179,372.597,13.028,24.296
469.948,373.206,12.751,23.778
460.779,379.106,12.751,23.778
464.272,379.017,12.479,23.271
462.950,379.921,12.479,23.271
465.430,380.236,12.213,22.775
465.232,379.889,11.952,22.289
458.744,373.254,11.697,21.814
461.679,373.450,11.697,21.814
462.135,374.167,11.697,21.814
462.574,374.086,11.448,21.349
464.553,376.447,11.448,21.349
465.893,375.234,11.448,21.349
468.765,375.298,11.448,21.349
469.850,374.979,11.448,21.349
453.671,382.404,11.204,20.893
456.259,383.289,10.965,20.448
459.621,382.372,10.965,20.448
461.027,381.822,10.965,20.448
461.577,382.861,10.965,20.448
462.127,383.900,10.965,20.448
463.288,384.206,10.965,20.448
464.205,383.900,10.965,20.448
466.345,384.450,10.965,20.448
467.384,381.944,10.965,20.448
468.790,381.272,10.965,20.448
467.751,382.433,10.965,20.448
468.056,383.105,10.965,20.448
468.973,381.577,10.965,20.448
467.445,378.704,10.965,20.448
464.816,383.289,10.965,20.448
464.755,391.541,10.965,20.448
469.951,398.571,10.965,20.448
474.291,402.055,10.965,20.448
474.963,406.028,10.965,20.448
475.636,408.412,10.965,20.448
475.452,413.363,10.965,20.448
475.269,418.070,10.965,20.448
474.963,409.818,10.965,20.448
475.636,406.823,10.965,20.448
474.690,408.689,11.207,20.900
474.628,398.380,11.207,20.900
473.565,397.318,11.207,20.900
472.782,391.218,10.968,20.454
471.779,392.320,10.734,20.018
470.881,395.731,10.734,20.018
471.300,397.586,10.734,20.018
472.626,399.472,10.506,19.591
473.387,399.882,10.506,19.591
472.991,403.760,10.281,19.174
473.598,406.561,10.062,18.765
474.084,407.356,9.848,18.365
474.907,412.023,9.848,18.365
475.511,417.897,9.848,18.365
476.225,421.905,9.848,18.365
476.280,422.289,9.848,18.365
476.005,425.967,9.848,18.365
475.841,425.034,9.848,18.365
475.676,425.638,9.848,18.365
475.511,424.375,9.848,18.365
476.225,420.367,9.848,18.365
475.182,416.579,9.848,18.365
471.503,413.999,9.848,18.365
470.460,415.371,9.848,18.365
464.915,414.109,9.848,18.365
459.371,413.176,9.848,18.365
458.547,413.889,9.848,18.365
458.053,415.152,9.848,18.365
457.339,418.940,9.848,18.365
458.053,423.387,9.848,18.365
458.657,427.614,9.848,18.365
459.371,430.304,9.848,18.365
460.304,434.531,9.848,18.365
461.237,435.135,9.848,18.365
460.414,436.288,9.848,18.365
459.590,438.319,9.848,18.365
458.108,437.606,9.848,18.365
456.955,437.002,9.848,18.365
455.802,438.814,9.848,18.365
453.222,439.966,9.848,18.365
452.289,441.010,9.848,18.365
451.465,445.347,9.848,18.365
450.312,449.464,9.848,18.365
450.257,448.970,9.848,18.365
452.398,449.464,9.848,18.365
451.904,450.178,9.848,18.365
451.410,454.185,9.848,18.365
450.806,455.448,9.848,18.365
450.093,456.272,9.848,18.365
449.379,459.071,9.848,18.365
448.995,460.115,9.848,18.365
448.281,461.267,9.848,18.365
448.555,464.726,9.848,18.365
447.512,466.208,9.848,18.365
446.689,467.142,9.848,18.365
446.854,469.502,9.848,18.365
447.677,468.679,9.848,18.365
449.159,469.502,9.848,18.365
452.069,470.106,9.848,18.365
453.002,472.247,9.848,18.365
455.692,472.302,9.848,18.365
458.382,471.369,9.848,18.365
462.061,467.691,9.848,18.365
464.641,466.867,9.848,18.365
464.915,468.569,9.848,18.365
467.166,467.855,9.848,18.365
471.064,465.385,9.848,18.365
473.656,464.575,9.638,17.973
474.784,466.671,9.638,17.973
475.698,469.518,9.638,17.973
475.429,465.059,9.638,17.973
474.731,465.972,9.638,17.973
475.322,463.877,9.638,17.973
474.408,464.360,9.638,17.973
473.354,468.231,9.851,18.371
474.398,467.078,9.851,18.371
473.548,451.776,10.069,18.777
472.818,454.638,10.069,18.777
472.066,456.702,10.292,19.192
474.443,452.980,10.072,18.783
473.108,448.054,10.295,19.199
473.051,448.685,10.295,19.199
473.797,450.464,10.295,19.199
474.314,449.833,10.295,19.199
473.797,450.923,10.295,19.199
473.625,450.521,10.295,19.199
474.141,446.102,10.295,19.199
473.510,447.307,10.295,19.199
474.371,448.283,10.295,19.199
473.762,447.105,10.075,18.789
474.380,447.723,10.075,18.789
473.510,448.039,10.298,19.205
474.142,447.063,10.298,19.205
472.936,447.580,10.298,19.205
472.649,449.704,10.298,19.205
474.085,452.632,10.298,19.205
473.554,452.003,10.526,19.630
472.524,454.526,10.759,20.064
474.503,449.547,10.759,20.064
472.331,452.374,10.997,20.508
473.098,454.661,10.763,20.071
471.478,452.321,10.763,20.071
470.957,452.362,10.533,19.643
471.998,453.546,10.766,20.077
473.062,441.056,11.004,20.522
472.622,440.384,11.248,20.976
472.308,440.948,11.248,20.976
473.030,442.863,11.497,21.440
455.148,442.825,11.751,21.914
455.968,442.112,11.500,21.447
455.905,444.627,11.255,20.989
457.658,444.064,11.015,20.542
458.663,443.514,10.780,20.104
457.641,444.175,10.780,20.104
460.595,443.405,10.550,19.675
461.784,442.424,10.325,19.255
464.613,443.351,10.105,18.845
467.599,443.407,10.105,18.845
470.697,439.632,10.105,18.845
473.458,439.013,10.105,18.845
473.946,439.920,9.890,18.443
474.848,439.425,9.679,18.050
475.524,438.942,9.472,17.665
475.260,441.107,9.472,17.665
474.890,441.793,9.472,17.665
474.203,442.585,9.472,17.665
473.939,436.829,9.472,17.665
474.098,441.107,9.472,17.665
474.362,441.371,9.472,17.665
474.309,443.219,9.472,17.665
474.679,445.279,9.472,17.665
473.752,459.712,9.682,18.056
472.917,470.992,9.896,18.455
473.781,472.906,10.115,18.863
472.709,471.834,10.115,18.863
473.442,476.063,10.115,18.863
473.857,491.476,10.339,19.281
472.965,489.887,10.568,19.707
472.081,488.414,10.568,19.707
472.729,490.712,10.568,19.707
470.473,502.780,10.802,20.143
472.290,502.494,11.041,20.589
473.254,503.480,11.285,21.045
473.799,505.948,11.044,20.596
473.368,508.842,11.044,20.596
474.414,506.194,11.044,20.596
473.860,504.285,11.044,20.596
472.937,508.287,11.044,20.596
472.283,503.937,10.809,20.157
473.226,504.027,11.048,20.603
472.918,505.936,11.048,20.603
471.454,505.389,11.292,21.058
474.035,500.667,11.292,21.058
473.217,502.619,11.292,21.058
473.154,506.837,11.292,21.058
470.220,508.759,11.542,21.524
471.361,511.258,11.797,22.001
472.438,510.669,11.546,21.531
468.769,519.873,11.546,21.531
467.417,519.937,11.546,21.531
470.442,520.645,11.546,21.531
471.537,521.353,11.546,21.531
467.379,521.893,11.300,21.072
467.820,524.350,11.300,21.072
470.066,525.485,11.059,20.623
469.530,526.359,10.823,20.183
468.972,523.694,11.062,20.630
467.604,523.142,10.826,20.190
472.855,533.462,10.826,20.190
473.639,535.575,10.826,20.190
473.582,533.661,11.066,20.636
472.756,532.728,11.311,21.093
472.188,530.648,11.311,21.093
472.630,532.098,11.311,21.093
473.449,530.395,11.311,21.093
471.116,529.323,11.311,21.093
469.879,528.632,11.561,21.560
473.037,528.052,11.561,21.560
472.457,526.698,11.561,21.560
473.682,525.603,11.561,21.560
474.115,522.789,11.314,21.100
473.811,524.655,11.073,20.650
473.502,525.458,11.073,20.650
473.193,528.236,11.073,20.650
472.514,542.002,11.073,20.650
471.341,535.643,11.073,20.650
462.475,528.664,10.837,20.210
454.613,525.910,10.606,19.779
444.183,521.504,10.380,19.357
433.825,518.669,10.380,19.357
427.170,515.602,10.380,19.357
417.738,510.684,10.380,19.357
411.212,505.034,10.158,18.944
403.113,500.900,10.158,18.944
393.543,498.351,10.158,18.944
382.273,495.463,10.158,18.944
373.948,492.688,10.158,18.944
364.831,489.800,10.158,18.944
353.221,488.950,10.158,18.944
344.323,488.224,9.942,18.540
336.683,485.484,9.730,18.145
327.082,483.260,9.730,18.145
316.613,480.819,9.730,18.145
307.555,478.053,9.730,18.145
297.954,474.852,9.730,18.145
288.787,474.256,9.730,18.145
280.474,470.215,9.522,17.758
272.989,467.932,9.522,17.758
263.113,466.023,9.319,17.379
255.050,465.157,9.120,17.008
248.287,462.462,9.120,17.008
242.542,459.666,9.120,17.008
235.474,458.395,9.120,17.008
228.915,456.005,9.120,17.008
223.769,453.785,8.926,16.646
214.464,452.939,8.926,16.646
206.837,450.862,8.736,16.291
199.580,450.034,8.736,16.291
191.448,449.596,8.736,16.291
184.094,447.210,8.736,16.291
174.695,447.745,8.736,16.291
166.367,445.651,8.736,16.291
157.845,444.142,8.736,16.291
151.465,443.022,8.736,16.291
143.430,438.979,8.736,16.291
136.563,437.665,8.736,16.291
129.599,435.278,8.736,16.291
124.583,431.528,8.736,16.291
119.080,427.584,8.736,16.291
112.061,426.140,8.929,16.651
104.943,423.900,8.929,16.651
99.716,420.267,8.929,16.651
93.096,418.126,8.929,16.651
89.163,414.194,8.929,16.651
82.444,410.162,8.929,16.651
76.819,409.415,8.929,16.651
68.307,408.768,8.929,16.651
63.180,406.429,8.929,16.651
59.148,404.388,8.929,16.651
52.129,402.347,8.929,16.651
47.002,399.808,8.929,16.651
41.178,396.274,8.929,16.651
34.317,395.732,8.738,16.296
36.606,395.196,8.738,16.296
41.724,390.627,8.552,15.949
37.957,388.482,8.552,15.949
31.086,387.860,8.741,16.301
25.482,387.812,8.741,16.301
19.000,386.886,8.741,16.301
13.786,384.888,8.741,16.301
7.889,395.073,8.741,16.301
7.061,395.414,8.741,16.301
7.110,393.318,8.741,16.301
7.646,394.049,8.741,16.301
7.207,394.488,8.741,16.301
6.379,394.731,8.741,16.301
6.622,393.221,8.741,16.301
7.451,396.876,8.741,16.301
7.597,397.314,8.741,16.301
7.646,396.486,8.741,16.301
7.305,395.852,8.741,16.301
6.476,392.100,8.741,16.301
7.207,397.217,8.741,16.301
6.690,397.625,8.555,15.954
8.073,401.393,8.555,15.954
7.262,402.204,8.555,15.954
6.451,400.439,8.555,15.954
5.831,401.918,8.555,15.954
5.291,402.582,8.744,16.307
4.365,402.436,8.744,16.307
3.409,403.318,8.938,16.668
5.750,404.265,8.938,16.668
6.697,404.414,8.938,16.668
8.925,406.039,9.135,17.036
11.726,405.683,9.135,17.036
16.768,406.752,9.135,17.036
20.995,407.210,9.135,17.036
18.295,412.660,9.135,17.036
20.485,412.609,9.135,17.036
22.573,411.234,9.135,17.036
24.763,410.470,9.135,17.036
25.120,410.011,9.135,17.036
23.745,409.248,9.135,17.036
23.185,408.687,9.135,17.036
20.995,407.618,9.135,17.036
19.721,406.548,9.135,17.036
20.078,405.479,9.135,17.036
20.231,403.595,9.135,17.036
19.671,400.692,9.135,17.036
18.805,397.992,9.135,17.036
17.633,395.395,9.135,17.036
19.823,397.585,9.135,17.036
16.106,396.923,9.135,17.036
12.286,397.687,9.135,17.036
10.371,399.783,8.941,16.673
11.187,402.315,8.750,16.317
10.575,406.015,8.563,15.969
8.713,406.445,8.563,15.969
9.034,406.293,8.381,15.629
8.801,406.339,8.381,15.629
8.193,406.573,8.381,15.629
7.787,403.542,8.202,15.296
8.382,403.680,8.202,15.296
7.513,405.280,8.202,15.296
6.370,405.966,8.202,15.296
6.415,405.829,8.202,15.296
5.842,407.094,8.027,14.969
6.155,407.586,8.027,14.969
6.558,409.331,8.027,14.969
5.618,410.450,8.027,14.969
5.215,410.763,8.027,14.969
5.887,412.419,8.027,14.969
8.169,410.226,8.027,14.969
11.257,408.033,8.027,14.969
14.434,406.199,8.027,14.969
16.627,404.274,8.027,14.969
19.893,402.261,8.027,14.969
22.981,400.694,8.027,14.969
25.263,399.128,8.027,14.969
29.962,393.892,8.027,14.969
33.050,392.505,8.027,14.969
36.227,390.581,8.027,14.969
39.404,388.388,8.027,14.969
41.597,386.016,8.027,14.969
44.774,384.808,8.027,14.969
46.609,385.390,8.027,14.969
45.938,387.493,8.027,14.969
50.726,388.791,8.027,14.969
54.082,390.357,8.027,14.969
60.034,393.266,8.027,14.969
63.480,397.070,8.027,14.969
65.852,400.068,8.027,14.969
64.196,402.082,8.027,14.969
63.256,399.710,8.027,14.969
65.283,398.274,7.856,14.650
69.969,398.843,7.856,14.650
75.881,394.069,7.856,14.650
72.246,392.098,7.856,14.650
68.874,391.179,7.856,14.650
64.275,390.347,7.856,14.650
63.598,390.503,8.030,14.974
62.905,388.618,8.207,15.306
60.678,389.161,8.389,15.644
59.415,390.892,8.389,15.644
57.030,393.464,8.389,15.644
55.724,394.795,8.575,15.990
54.147,395.512,8.575,15.990
56.872,398.810,8.575,15.990
44.204,396.468,8.575,15.990
43.583,395.560,8.575,15.990
41.851,395.631,8.764,16.344
38.187,394.996,8.764,16.344
34.327,393.383,8.764,16.344
32.421,394.116,8.764,16.344
33.692,398.576,8.577,15.996
31.827,396.329,8.577,15.996
29.389,395.994,8.577,15.996
28.671,391.069,8.577,15.996
27.763,390.064,8.577,15.996
25.324,392.121,8.577,15.996
25.659,393.412,8.577,15.996
22.109,396.394,8.394,15.655
18.635,396.696,8.215,15.321
17.399,399.948,8.215,15.321
17.994,400.818,8.215,15.321
11.628,401.688,8.215,15.321
7.826,402.284,8.215,15.321
4.391,403.337,8.215,15.321
-1.975,412.268,8.215,15.321
-2.570,413.505,8.215,15.321
-2.250,413.092,8.215,15.321
-2.768,410.975,8.397,15.660
-2.253,408.587,8.397,15.660
-2.686,407.783,8.583,16.006
-2.255,407.256,8.583,16.006
-2.782,407.017,8.583,16.006
-2.351,405.725,8.583,16.006
-1.921,404.146,8.583,16.006
-2.543,406.108,8.583,16.006
-2.208,409.218,8.583,16.006
-2.734,410.319,8.583,16.006
-2.208,412.185,8.583,16.006
-2.830,409.649,8.583,16.006
-2.399,409.601,8.583,16.006
-2.064,411.276,8.583,16.006
-2.686,411.228,8.583,16.006
-2.925,403.141,8.583,16.006
-2.495,399.170,8.583,16.006
-2.064,397.016,8.583,16.006
-2.877,395.437,8.583,16.006
-2.543,393.763,8.583,16.006
-2.290,399.394,8.773,16.360
-2.828,401.106,8.773,16.360
-2.583,393.036,8.773,16.360
-2.339,396.802,8.773,16.360
-1.997,399.590,8.773,16.360
-1.654,401.595,8.773,16.360
-2.456,402.571,8.586,16.011
-1.834,405.778,8.586,16.011
-2.361,403.911,8.586,16.011
-1.738,403.097,8.586,16.011
-2.265,404.772,8.586,16.011
-2.791,405.873,8.586,16.011
-2.073,412.335,8.586,16.011
-2.600,410.468,8.586,16.011
-1.786,412.239,8.586,16.011
-2.217,411.521,8.586,16.011
-2.361,414.250,8.586,16.011
-1.451,412.383,8.586,16.011
-1.199,414.838,8.776,16.366
-1.718,416.663,8.589,16.017
2.639,411.540,8.589,16.017
-1.100,409.449,8.405,15.675
-1.896,412.589,8.405,15.675
-1.756,410.480,8.405,15.675
-1.990,413.713,8.405,15.675
-1.756,411.792,8.405,15.675
-1.615,411.183,8.405,15.675
-2.412,410.480,8.405,15.675
-2.271,410.995,8.405,15.675
-2.224,412.729,8.405,15.675
-2.084,411.839,8.405,15.675
-1.943,411.792,8.405,15.675
-1.990,412.870,8.405,15.675
-2.131,414.885,8.405,15.675
-2.365,415.775,8.405,15.675
-2.412,418.915,8.405,15.675
-2.552,422.148,8.405,15.675
-2.505,425.569,8.405,15.675
-2.459,428.896,8.405,15.675
-2.131,428.005,8.405,15.675
-1.896,423.179,8.405,15.675
-1.756,419.852,8.405,15.675
-1.615,415.213,8.405,15.675
-2.224,410.386,8.405,15.675
-2.084,407.903,8.405,15.675
-1.849,402.514,8.405,15.675
-1.709,399.936,8.405,15.675
-1.662,396.609,8.405,15.675
-2.431,391.583,8.226,15.341
-2.093,388.606,8.408,15.680
-1.765,385.840,8.408,15.680
-1.625,383.637,8.408,15.680
-2.421,382.934,8.408,15.680
-2.375,379.606,8.408,15.680
-2.046,374.684,8.408,15.680
-2.000,376.231,8.408,15.680
-1.765,379.746,8.408,15.680
-1.718,380.637,8.408,15.680
-1.390,381.434,8.408,15.680
-2.000,383.356,8.408,15.680
-1.671,385.559,8.408,15.680
-2.656,386.356,8.408,15.680
-2.603,386.912,8.594,16.027
-2.076,385.714,8.594,16.027
-2.603,386.624,8.594,16.027
-1.980,388.972,8.594,16.027
-2.220,390.840,8.594,16.027
-2.651,393.188,8.594,16.027
-2.124,392.757,8.594,16.027
-2.651,393.571,8.594,16.027
-2.124,395.823,8.594,16.027
-2.747,398.363,8.594,16.027
-2.220,400.231,8.594,16.027
-2.747,402.100,8.594,16.027
-2.124,404.543,8.594,16.027
-2.467,406.106,8.784,16.382
-2.125,408.505,8.784,16.382
-2.076,410.317,8.784,16.382
-1.831,411.933,8.784,16.382
-2.663,411.101,8.784,16.382
-2.223,412.129,8.784,16.382
-1.880,412.374,8.784,16.382
-2.400,410.330,8.597,16.032
-1.777,411.912,8.597,16.032
-2.208,413.685,8.597,16.032
-2.639,412.871,8.597,16.032
-2.304,412.343,8.597,16.032
-1.585,413.254,8.597,16.032
-2.112,414.836,8.597,16.032
-2.639,415.650,8.597,16.032
-2.016,413.110,8.597,16.032
-1.777,412.487,8.597,16.032
-2.112,408.893,8.597,16.032
-2.544,408.174,8.597,16.032
-2.016,407.551,8.597,16.032
-2.352,408.078,8.597,16.032
-1.729,405.634,8.597,16.032
-1.968,405.777,8.597,16.032
-2.400,406.209,8.597,16.032
-1.968,405.202,8.597,16.032
-2.400,405.825,8.597,16.032
-1.968,407.119,8.597,16.032
-2.304,406.304,8.597,16.032
-1.681,405.873,8.597,16.032
-2.112,409.084,8.597,16.032
-2.544,408.653,8.597,16.032
-1.920,407.838,8.597,16.032
-2.256,409.612,8.597,16.032
-2.783,411.768,8.597,16.032
-2.256,409.707,8.597,16.032
-2.783,410.426,8.597,16.032
-2.183,411.105,8.414,15.690
-2.139,413.036,8.234,15.356
-1.542,412.990,8.234,15.356
-1.955,410.649,8.234,15.356
-2.368,411.062,8.234,15.356
-1.971,409.235,8.059,15.028
-1.746,407.303,8.059,15.028
-1.611,406.090,8.059,15.028
-1.387,403.888,8.059,15.028
-2.210,401.407,7.887,14.708
-1.727,402.243,7.887,14.708
-2.298,404.397,7.887,14.708
-2.078,408.046,7.887,14.708
-1.595,414.246,7.887,14.708
-2.166,422.820,7.887,14.708
-1.858,426.029,7.887,14.708
-2.342,426.337,7.887,14.708
-1.792,426.791,7.719,14.394
-1.663,422.359,7.719,14.394
-1.534,419.389,7.719,14.394
-1.749,420.035,7.719,14.394
-1.964,422.315,7.719,14.394
-1.835,422.445,7.719,14.394
-1.964,423.004,7.719,14.394
-2.338,426.351,7.554,14.087
-1.875,427.151,7.554,14.087
-1.411,427.783,7.554,14.087
-1.959,430.941,7.554,14.087
-1.496,434.352,7.554,14.087
-2.043,437.258,7.554,14.087
-2.001,439.322,7.554,14.087
-1.622,444.923,7.554,14.087
-2.536,440.179,7.721,14.399
-2.148,442.633,7.721,14.399
-2.993,441.893,7.892,14.718
-2.509,441.409,7.892,14.718
-3.345,442.069,7.892,14.718
-2.949,443.169,7.892,14.718
-2.553,444.797,7.892,14.718
-3.301,446.689,7.892,14.718
-2.795,441.824,8.067,15.043
-2.210,439.621,8.067,15.043
-2.795,444.073,8.067,15.043
-2.300,447.805,8.067,15.043
-2.795,452.167,8.067,15.043
-2.120,448.795,8.067,15.043
-1.805,440.835,8.067,15.043
-1.491,437.462,8.067,15.043
-2.255,437.057,8.067,15.043
-1.940,434.854,8.067,15.043
-1.626,429.592,8.067,15.043
-2.120,426.669,8.067,15.043
-2.345,423.566,8.067,15.043
-1.671,421.453,8.067,15.043
-1.266,421.587,8.067,15.043
-2.030,420.553,8.067,15.043
-1.716,419.069,8.067,15.043
-1.401,421.093,8.067,15.043
-2.165,423.027,8.067,15.043
-2.660,423.611,8.067,15.043
-1.956,423.025,8.245,15.376
-1.910,421.324,8.245,15.376
-2.508,419.531,8.245,15.376
-2.002,420.129,8.245,15.376
-2.599,421.462,8.245,15.376
-2.094,419.761,8.245,15.376
-2.691,418.980,8.245,15.376
-2.278,418.290,8.245,15.376
-1.956,416.498,8.245,15.376
-2.737,413.142,8.245,15.376
-2.324,409.419,8.245,15.376
-0.531,409.925,8.245,15.376
-2.959,412.568,8.428,15.716
-3.491,411.956,8.614,16.064
-3.347,414.021,8.614,16.064
-3.011,415.797,8.614,16.064
-3.539,422.665,8.614,16.064
-3.011,429.724,8.614,16.064
-3.953,436.770,8.805,16.419
-3.592,443.260,8.999,16.783
-3.843,447.223,8.999,16.783
-3.312,442.035,8.807,16.425
-3.066,444.244,8.807,16.425
7.196,441.446,8.807,16.425
9.602,441.004,8.807,16.425
9.847,441.249,8.807,16.425
8.001,439.011,8.620,16.074
-1.850,436.176,8.620,16.074
-2.283,433.629,8.620,16.074
10.176,424.213,8.436,15.732
-0.312,415.324,8.436,15.732
1.993,413.020,8.436,15.732
3.074,409.493,8.436,15.732
-0.359,406.342,8.436,15.732
-1.252,403.943,8.436,15.732
-2.024,401.980,8.256,15.396
-3.634,402.947,8.256,15.396
-1.563,406.215,8.256,15.396
-2.530,409.667,8.256,15.396
-3.128,408.608,8.256,15.396
-2.622,406.721,8.256,15.396
6.980,403.065,8.439,15.737
7.310,402.453,8.439,15.737
6.777,402.816,8.625,16.085
7.131,403.287,8.816,16.441
6.492,410.118,8.816,16.441
7.032,413.805,8.816,16.441
7.376,415.230,8.816,16.441
6.737,415.771,8.816,16.441
6.983,414.247,8.816,16.441
7.720,417.343,8.816,16.441
7.966,415.918,8.816,16.441
7.229,414.198,8.816,16.441
10.719,416.016,8.816,16.441
11.161,415.377,8.816,16.441
11.898,414.050,8.816,16.441
14.306,413.117,8.816,16.441
14.543,412.297,8.628,16.090
13.917,413.019,8.628,16.090
13.869,414.125,8.628,16.090
12.667,414.750,8.628,16.090
14.350,413.355,8.628,16.090
14.302,413.019,8.628,16.090
14.639,413.259,8.628,16.090
13.917,412.153,8.628,16.090
13.484,411.720,8.628,16.090
14.302,411.191,8.628,16.090
20.699,409.026,8.628,16.090
24.115,408.593,8.628,16.090
26.760,409.122,8.628,16.090
27.193,407.535,8.628,16.090
29.742,407.006,8.628,16.090
33.350,406.092,8.628,16.090
33.879,406.717,8.628,16.090
34.312,408.209,8.628,16.090
33.302,407.391,8.628,16.090
31.041,409.267,8.628,16.090
27.722,407.006,8.628,16.090
26.191,404.720,8.444,15.747
25.485,404.203,8.444,15.747
23.838,405.850,8.444,15.747
22.849,403.543,8.444,15.747
22.614,404.061,8.444,15.747
23.226,404.862,8.444,15.747
26.568,401.519,8.444,15.747
24.668,402.468,8.631,16.096
21.155,404.922,8.631,16.096
20.433,406.221,8.631,16.096
19.830,405.234,8.447,15.752
18.652,405.940,8.447,15.752
17.758,404.009,8.447,15.752
18.464,403.491,8.447,15.752
16.722,407.211,8.447,15.752
15.544,409.236,8.447,15.752
15.026,407.023,8.447,15.752
14.697,407.447,8.447,15.752
14.273,410.979,8.447,15.752
13.661,410.084,8.447,15.752
14.744,409.378,8.447,15.752
14.508,410.932,8.447,15.752
12.578,409.849,8.447,15.752
12.060,407.824,8.447,15.752
15.309,406.835,8.447,15.752
16.015,405.375,8.447,15.752
16.628,404.480,8.447,15.752
17.428,401.890,8.447,15.752
20.677,399.865,8.447,15.752
22.231,401.702,8.447,15.752
25.669,402.691,8.447,15.752
23.832,401.419,8.447,15.752
23.314,400.242,8.447,15.752
23.173,397.935,8.447,15.752
24.256,395.533,8.447,15.752
22.325,393.979,8.447,15.752
21.054,393.273,8.447,15.752
18.935,392.472,8.447,15.752
21.054,393.273,8.447,15.752
19.312,393.602,8.447,15.752
17.287,393.932,8.447,15.752
18.935,394.732,8.447,15.752
17.852,395.250,8.447,15.752
15.921,396.710,8.447,15.752
15.121,394.214,8.447,15.752
15.356,392.001,8.447,15.752
23.126,391.295,8.447,15.752
22.796,388.987,8.447,15.752
26.046,386.868,8.447,15.752
27.788,384.749,8.447,15.752
28.212,384.231,8.447,15.752
28.265,384.985,8.634,16.101
23.404,382.723,8.634,16.101
21.686,380.993,8.450,15.758
20.509,380.286,8.450,15.758
20.179,379.391,8.450,15.758
16.929,380.946,8.450,15.758
13.678,384.855,8.450,15.758
10.428,385.845,8.450,15.758
10.090,380.441,8.637,16.106
21.212,370.282,8.637,16.106
19.169,370.054,8.828,16.462
18.332,372.957,8.828,16.462
14.838,374.778,8.828,16.462
13.903,375.910,8.828,16.462
13.346,376.800,9.023,16.827
12.672,377.084,9.223,17.199
12.517,377.238,9.223,17.199
12.682,375.287,9.427,17.580
13.287,373.184,9.635,17.968
15.489,371.090,9.635,17.968
16.218,368.383,9.848,18.366
16.508,365.616,10.066,18.772
18.921,363.091,10.066,18.772
20.324,358.994,10.066,18.772
20.156,356.245,10.066,18.772
22.681,355.515,10.066,18.772
24.758,353.102,10.066,18.772
25.985,351.788,10.289,19.188
25.469,349.551,10.289,19.188
26.486,349.636,10.517,19.612
26.430,350.332,10.749,20.046
25.771,351.470,10.749,20.046
25.592,348.534,10.749,20.046
22.895,347.995,10.749,20.046
20.678,345.538,10.749,20.046
18.221,342.601,10.749,20.046
19.000,339.785,10.749,20.046
19.659,340.204,10.749,20.046
18.520,340.743,10.749,20.046
19.179,339.485,10.749,20.046
19.005,340.450,10.520,19.619
19.298,341.329,10.520,19.619
19.709,339.042,10.520,19.619
19.533,339.570,10.520,19.619
19.709,339.980,10.520,19.619
20.354,339.218,10.520,19.619
20.178,339.863,10.520,19.619
20.589,340.391,10.520,19.619
21.351,341.271,10.520,19.619
19.181,342.033,10.520,19.619
19.474,343.148,10.520,19.619
17.539,343.441,10.520,19.619
19.826,347.487,10.520,19.619
19.882,349.901,10.296,19.200
19.480,351.910,10.296,19.200
17.242,352.312,10.296,19.200
15.003,352.369,10.296,19.200
14.027,351.853,10.296,19.200
9.566,352.296,10.524,19.625
9.511,352.504,10.756,20.059
8.851,351.125,10.756,20.059
8.191,351.785,10.756,20.059
10.410,351.125,10.756,20.059
9.151,349.626,10.756,20.059
8.251,348.727,10.756,20.059
8.311,347.228,10.756,20.059
7.652,346.808,10.756,20.059
8.551,346.988,10.756,20.059
8.851,347.168,10.756,20.059
7.592,345.908,10.756,20.059
8.157,346.246,10.994,20.503
8.218,346.308,10.994,20.503
9.260,347.350,10.994,20.503
7.973,347.901,10.994,20.503
7.912,348.821,10.994,20.503
8.236,348.021,11.238,20.957
7.672,348.335,11.238,20.957
8.611,347.395,11.238,20.957
8.674,346.205,11.238,20.957
9.363,345.265,11.238,20.957
8.674,344.200,11.238,20.957
9.135,341.823,11.486,21.420
9.871,340.722,11.740,21.894
10.199,342.228,11.740,21.894
9.217,341.115,11.740,21.894
9.544,340.526,11.740,21.894
9.610,343.733,11.740,21.894
10.329,344.715,11.740,21.894
10.657,343.733,11.740,21.894
11.246,344.060,11.740,21.894
9.348,344.780,11.740,21.894
8.366,341.835,11.740,21.894
8.824,342.162,11.740,21.894
9.282,340.788,11.740,21.894
7.726,335.996,12.000,22.379
7.793,333.119,12.000,22.379
8.840,332.108,12.266,22.874
9.627,331.217,12.537,23.380
12.461,329.435,12.814,23.897
15.507,328.949,13.098,24.426
18.468,329.663,13.388,24.966
10.780,328.096,13.388,24.966
14.139,327.275,13.388,24.966
19.438,330.633,13.388,24.966
22.818,331.547,13.102,24.434
27.712,334.250,13.102,24.434
31.145,334.031,13.102,24.434
34.578,335.272,13.102,24.434
37.281,336.952,13.102,24.434
38.376,338.340,13.102,24.434
40.933,338.998,13.102,24.434
41.006,337.756,13.102,24.434
43.709,341.335,13.102,24.434
46.849,340.239,13.102,24.434
48.608,340.148,12.823,23.913
51.968,343.508,12.823,23.913
54.327,345.438,12.823,23.913
59.403,344.508,12.823,23.913
62.334,345.152,12.823,23.913
62.977,346.796,12.823,23.913
65.908,349.441,12.823,23.913
69.268,348.083,12.823,23.913
55.471,344.580,12.823,23.913
56.972,343.365,12.823,23.913
58.616,340.577,12.823,23.913
61.261,341.649,12.823,23.913
62.620,343.293,12.823,23.913
63.549,344.365,12.823,23.913
66.480,343.436,12.823,23.913
67.409,344.222,12.823,23.913
68.482,345.152,12.823,23.913
70.555,344.222,12.823,23.913
71.627,345.009,12.823,23.913
72.842,346.653,12.823,23.913
74.200,347.296,12.823,23.913
76.702,346.367,12.823,23.913
79.347,344.866,12.823,23.913
80.849,343.936,12.823,23.913
82.350,346.724,12.823,23.913
85.853,344.937,12.823,23.913
90.928,342.578,12.823,23.913
94.431,341.506,12.823,23.913
97.791,341.435,12.823,23.913
102.008,341.649,12.823,23.913
105.225,342.721,12.823,23.913
110.444,346.081,12.823,23.913
115.335,349.161,12.549,23.403
120.162,349.371,12.549,23.403
123.450,350.980,12.549,23.403
126.738,355.667,12.549,23.403
131.846,354.618,12.549,23.403
139.471,353.149,12.549,23.403
146.817,352.099,12.549,23.403
152.624,349.511,12.549,23.403
160.110,348.322,12.549,23.403
165.077,346.433,12.549,23.403
170.884,347.622,12.549,23.403
178.370,346.852,12.549,23.403
178.860,347.482,12.549,23.403
197.540,348.252,12.549,23.403
209.643,350.700,12.549,23.403
218.948,348.531,12.549,23.403
223.775,347.762,12.549,23.403
229.302,349.371,12.549,23.403
236.368,349.161,12.549,23.403
243.574,347.692,12.549,23.403
248.821,347.762,12.549,23.403
252.110,348.391,12.549,23.403
256.097,347.062,12.549,23.403
263.163,347.832,12.549,23.403
266.452,348.601,12.549,23.403
269.600,347.972,12.549,23.403
271.349,350.700,12.549,23.403
273.937,350.350,12.549,23.403
278.905,347.622,12.549,23.403
282.053,346.433,12.549,23.403
286.880,343.284,12.549,23.403
290.448,340.556,12.549,23.403
293.177,339.646,12.549,23.403
294.786,337.757,12.549,23.403
296.115,334.189,12.549,23.403
298.984,330.621,12.549,23.403
301.152,329.712,12.549,23.403
302.062,328.662,12.549,23.403
302.412,329.712,12.549,23.403
302.622,328.243,12.549,23.403
302.272,324.115,12.549,23.403
301.642,323.485,12.549,23.403
302.412,321.736,12.549,23.403
302.062,316.629,12.549,23.403
302.272,314.880,12.549,23.403
304.720,308.933,12.549,23.403
306.190,304.106,12.549,23.403
308.918,303.337,12.549,23.403
310.387,301.028,12.549,23.403
311.017,299.699,12.549,23.403
308.288,298.649,12.549,23.403
307.519,295.081,12.549,23.403
306.749,292.912,12.549,23.403
304.161,291.863,12.549,23.403
301.292,289.974,12.549,23.403
299.683,286.406,12.549,23.403
298.774,281.719,12.549,23.403
297.864,280.249,12.549,23.403
299.193,277.801,12.549,23.403
301.922,275.492,12.549,23.403
304.790,275.002,12.549,23.403
306.959,275.912,12.549,23.403
312.066,274.722,12.549,23.403
316.614,273.813,12.549,23.403
322.001,276.821,12.549,23.403
327.108,279.830,12.549,23.403
332.635,279.060,12.549,23.403
339.841,279.970,12.549,23.403
345.088,280.179,12.549,23.403
350.615,283.328,12.549,23.403
355.722,284.097,12.549,23.403
360.270,283.468,12.549,23.403
359.780,284.657,12.549,23.403
362.648,288.365,12.549,23.403
366.356,289.414,12.549,23.403
367.825,290.744,12.549,23.403
366.916,292.213,12.549,23.403
363.208,289.064,12.549,23.403
360.060,287.595,12.549,23.403
356.772,286.406,12.549,23.403
354.323,287.176,12.549,23.403
355.093,290.184,12.549,23.403
356.282,288.995,12.549,23.403
359.430,290.744,12.549,23.403
361.599,295.851,12.549,23.403
365.727,298.579,12.549,23.403
370.834,299.489,12.549,23.403
375.101,302.497,12.549,23.403
376.431,303.267,12.549,23.403
379.579,302.777,12.549,23.403
382.307,303.686,12.549,23.403
385.456,308.514,12.549,23.403
390.983,309.703,12.549,23.403
395.670,308.794,12.549,23.403
399.098,310.123,12.549,23.403
402.666,313.831,12.549,23.403
407.913,311.662,12.549,23.403
413.860,310.473,12.549,23.403
419.667,311.942,12.549,23.403
427.013,312.711,12.549,23.403
430.161,310.962,12.549,23.403
435.688,310.892,12.549,23.403
441.355,313.761,12.549,23.403
444.223,313.411,12.549,23.403
447.232,312.222,12.549,23.403
446.882,310.752,12.549,23.403
444.993,309.843,12.549,23.403
442.124,309.073,12.549,23.403
440.375,306.345,12.549,23.403
437.647,305.435,12.549,23.403
434.499,303.966,12.549,23.403
433.729,305.435,12.549,23.403
431.560,306.345,12.549,23.403
430.651,303.616,12.549,23.403
430.721,304.806,12.549,23.403
431.630,307.674,12.549,23.403
432.260,310.403,12.549,23.403
433.729,309.213,12.549,23.403
437.017,308.024,12.549,23.403
441.705,307.254,12.549,23.403
446.812,304.666,12.549,23.403
451.079,301.658,12.549,23.403
456.047,300.188,12.549,23.403
459.615,299.139,12.549,23.403
462.763,298.509,12.549,23.403
467.310,297.740,12.549,23.403
468.500,298.090,12.549,23.403
469.305,300.952,12.827,23.921
470.377,300.022,12.827,23.921
471.021,302.096,12.827,23.921
471.807,301.309,12.827,23.921
471.600,301.082,12.554,23.411
470.690,299.892,12.554,23.411
470.340,303.321,12.554,23.411
469.710,301.852,12.554,23.411
468.100,301.922,12.554,23.411
465.231,301.712,12.554,23.411
462.362,300.382,12.554,23.411
461.032,296.813,12.554,23.411
459.702,295.203,12.554,23.411
454.033,296.113,12.554,23.411
448.785,297.583,12.554,23.411
446.195,297.373,12.554,23.411
442.906,296.183,12.554,23.411
441.996,298.213,12.554,23.411
441.366,299.262,12.554,23.411
439.993,297.914,12.831,23.929
441.066,298.272,12.831,23.929
442.375,299.561,12.558,23.418
442.025,298.231,12.558,23.418
443.355,297.741,12.558,23.418
444.545,298.931,12.558,23.418
446.155,299.281,12.558,23.418
446.785,298.791,12.558,23.418
445.595,301.941,12.558,23.418
445.805,303.552,12.558,23.418
446.435,302.782,12.558,23.418
446.645,306.212,12.558,23.418
445.735,309.922,12.558,23.418
444.685,312.793,12.558,23.418
443.775,315.803,12.558,23.418
442.165,318.673,12.558,23.418
442.375,319.723,12.558,23.418
443.985,319.093,12.558,23.418
444.615,319.583,12.558,23.418
445.245,320.913,12.558,23.418
447.836,318.183,12.558,23.418
450.846,318.113,12.558,23.418
453.996,317.343,12.558,23.418
458.687,316.293,12.558,23.418
462.397,315.803,12.558,23.418
467.368,313.913,12.558,23.418
469.458,314.095,12.290,22.919
470.623,314.026,12.290,22.919
471.651,315.602,12.290,22.919
471.034,326.907,12.290,22.919
472.747,327.524,12.290,22.919
473.251,326.488,12.562,23.426
472.621,325.578,12.562,23.426
471.973,326.409,12.840,23.944
472.796,322.950,13.124,24.474
472.284,321.999,13.124,24.474
472.943,321.633,13.124,24.474
472.284,321.707,13.124,24.474
473.089,319.000,13.124,24.474
472.284,317.170,13.124,24.474
473.235,314.463,13.124,24.474
472.577,315.707,13.124,24.474
471.918,318.268,13.124,24.474
473.257,317.753,12.844,23.952
472.899,317.825,12.844,23.952
472.255,320.904,12.844,23.952
472.038,320.119,13.128,24.482
472.697,327.364,13.128,24.482
472.331,325.535,13.128,24.482
472.259,327.700,12.848,23.960
472.327,331.201,12.574,23.449
472.117,334.495,12.574,23.449
473.169,339.192,12.574,23.449
472.965,339.780,12.306,22.949
472.330,334.472,12.578,23.457
472.120,335.384,12.578,23.457
473.032,336.856,12.578,23.457
472.693,338.120,12.310,22.957
473.173,338.601,12.310,22.957
472.681,336.424,12.582,23.464
473.172,337.336,12.582,23.464
472.968,334.950,12.314,22.964
472.768,337.775,12.051,22.474
473.642,336.767,12.051,22.474
473.188,337.072,11.794,21.995
473.262,336.078,12.055,22.482
472.791,340.581,12.055,22.482
473.665,339.707,12.055,22.482
473.060,340.043,12.055,22.482
472.455,335.137,12.055,22.482
473.685,337.774,11.798,22.002
473.619,338.892,11.798,22.002
473.422,339.352,11.798,22.002
473.769,338.631,12.059,22.489
473.426,336.778,12.326,22.987
472.808,334.510,12.326,22.987
473.152,339.114,12.326,22.987
472.671,331.487,12.326,22.987
472.739,329.219,12.326,22.987
473.083,329.700,12.326,22.987
472.162,331.513,12.599,23.495
473.356,326.527,12.599,23.495
472.443,326.316,12.599,23.495
452.847,332.104,12.878,24.015
452.345,328.586,12.878,24.015
459.308,328.658,12.878,24.015
464.549,326.576,12.878,24.015
467.908,323.853,13.163,24.546
473.069,324.468,12.882,24.023
472.136,330.716,12.882,24.023
473.111,330.525,13.167,24.554
472.744,334.562,13.167,24.554
471.643,343.003,13.167,24.554
472.944,345.245,13.458,25.098
469.418,347.721,13.458,25.098
471.371,346.898,13.756,25.653
472.214,353.570,13.756,25.653
471.400,349.778,13.463,25.106
470.025,347.514,13.176,24.571
471.022,342.136,13.467,25.114
472.540,341.753,13.180,24.579
472.327,342.369,12.899,24.054
471.392,343.592,12.899,24.054
472.039,345.821,12.899,24.054
472.543,345.605,12.899,24.054
471.918,343.297,12.624,23.542
472.833,341.538,12.624,23.542
472.085,339.008,12.355,23.039
472.843,338.801,12.355,23.039
469.881,339.008,12.355,23.039
470.914,337.974,12.355,23.039
471.564,336.076,12.628,23.549
470.367,335.161,12.628,23.549
470.162,334.123,12.359,23.047
470.920,332.951,12.359,23.047
472.092,333.847,12.359,23.047
472.849,335.570,12.359,23.047
472.516,336.811,12.095,22.556
474.010,336.467,11.837,22.075
472.492,339.964,11.837,22.075
473.115,337.050,12.099,22.563
472.373,335.229,12.099,22.563
471.631,334.892,12.099,22.563
470.447,334.852,12.367,23.062
471.619,335.059,12.367,23.062
468.930,342.298,12.367,23.062
467.721,344.832,12.640,23.572
468.778,347.721,12.640,23.572
467.298,348.497,12.640,23.572
468.214,347.721,12.640,23.572
468.989,347.228,12.640,23.572
468.496,344.339,12.640,23.572
463.774,336.799,12.640,23.572
464.550,337.715,12.640,23.572
467.605,339.393,12.371,23.070
467.398,338.634,12.371,23.070
467.743,338.013,12.371,23.070
468.502,337.669,12.371,23.070
468.019,337.048,12.371,23.070
468.915,337.944,12.371,23.070
468.984,342.427,12.371,23.070
468.502,345.668,12.371,23.070
468.157,348.220,12.371,23.070
468.915,348.841,12.371,23.070
468.846,353.599,12.371,23.070
468.364,358.772,12.371,23.070
467.881,359.944,12.371,23.070
468.777,358.496,12.371,23.070
469.260,358.013,12.371,23.070
470.295,355.737,12.371,23.070
471.053,346.979,12.371,23.070
470.570,342.910,12.371,23.070
469.674,340.082,12.371,23.070
469.895,336.893,12.644,23.580
469.260,331.748,12.644,23.580
468.376,313.994,12.375,23.077
467.617,312.545,12.375,23.077
468.376,311.786,12.375,23.077
468.307,312.821,12.375,23.077
469.342,309.579,12.375,23.077
468.275,301.522,12.649,23.588
469.191,300.323,12.649,23.588
468.134,300.394,12.649,23.588
468.909,291.579,12.649,23.588
469.403,289.535,12.649,23.588
469.755,290.028,12.649,23.588
470.774,288.445,12.379,23.085
469.877,287.409,12.379,23.085
468.809,287.798,12.653,23.596
469.585,288.292,12.653,23.596
470.079,287.375,12.653,23.596
470.431,287.869,12.653,23.596
469.340,287.242,12.933,24.118
469.268,287.747,12.933,24.118
452.757,306.997,12.933,24.118
455.858,303.897,12.933,24.118
460.977,302.815,12.933,24.118
466.672,299.715,12.933,24.118
467.754,292.145,12.933,24.118
468.114,286.593,12.933,24.118
469.773,282.772,12.933,24.118
470.566,285.584,12.933,24.118
470.061,286.521,12.933,24.118
470.854,289.044,12.933,24.118
472.224,289.549,12.933,24.118
471.719,288.756,12.933,24.118
472.848,289.013,13.219,24.651
472.037,288.497,13.219,24.651
470.897,289.371,13.511,25.197
469.767,292.158,13.511,25.197
470.897,291.028,13.511,25.197
469.616,296.075,13.511,25.197
469.240,296.301,13.511,25.197
470.068,293.815,13.511,25.197
471.091,291.895,13.810,25.754
470.090,292.588,13.810,25.754
469.859,291.126,13.810,25.754
470.971,290.287,13.516,25.205
470.293,291.267,13.516,25.205
469.314,292.698,13.516,25.205
468.635,294.431,13.516,25.205
469.314,294.356,13.516,25.205
469.088,293.527,13.516,25.205
470.218,295.109,13.516,25.205
471.649,293.979,13.516,25.205
470.971,293.602,13.516,25.205
470.444,293.979,13.516,25.205
471.423,295.109,13.516,25.205
471.204,295.596,13.227,24.667
472.016,298.324,13.227,24.667
470.614,299.430,13.227,24.667
469.627,300.611,13.520,25.213
468.797,299.631,13.520,25.213
468.421,300.460,13.520,25.213
467.742,299.481,13.520,25.213
466.889,301.000,13.819,25.771
466.336,299.996,14.125,26.341
464.998,300.075,14.125,26.341
468.856,293.381,14.125,26.341
467.675,291.570,14.125,26.341
467.596,289.286,14.125,26.341
467.360,288.578,14.125,26.341
467.124,288.342,14.125,26.341
467.990,285.270,14.125,26.341
467.596,285.349,14.125,26.341
467.517,283.381,14.125,26.341
467.124,281.412,14.125,26.341
467.360,282.751,14.125,26.341
466.651,283.932,14.125,26.341
465.943,285.743,14.125,26.341
466.179,286.609,14.125,26.341
467.045,285.270,14.125,26.341
466.651,286.767,14.125,26.341
465.470,288.263,14.125,26.341
464.604,289.444,14.125,26.341
464.053,292.515,14.125,26.341
464.761,293.224,14.125,26.341
465.177,293.994,14.438,26.924
461.555,292.948,14.438,26.924
462.815,293.569,14.757,27.520
463.591,296.593,15.083,28.129
463.338,298.023,15.083,28.129
462.561,299.020,15.417,28.751
462.123,300.396,15.758,29.387
463.089,301.538,15.758,29.387
462.826,303.383,15.758,29.387
463.440,302.065,15.758,29.387
465.461,303.207,15.758,29.387
466.603,297.146,15.758,29.387
467.394,293.368,15.758,29.387
466.955,294.335,15.758,29.387
465.637,296.179,15.758,29.387
466.603,295.740,15.758,29.387
467.745,297.936,15.758,29.387
468.887,293.807,15.758,29.387
470.556,291.787,15.758,29.387
469.590,292.929,15.758,29.387
468.097,292.490,15.758,29.387
467.482,294.335,15.758,29.387
468.448,296.531,15.758,29.387
467.833,297.146,15.758,29.387
466.867,298.288,15.758,29.387
468.009,299.078,15.758,29.387
468.448,299.518,15.758,29.387
468.887,301.890,15.758,29.387
467.745,300.923,15.758,29.387
468.711,299.957,15.758,29.387
470.087,298.629,16.107,30.037
470.536,298.001,16.107,30.037
469.368,296.474,16.107,30.037
469.817,296.564,16.107,30.037
468.470,295.397,16.107,30.037
467.303,297.642,16.107,30.037
468.081,297.010,15.763,29.397
468.871,295.340,15.763,29.397
467.553,293.319,15.763,29.397
467.817,291.298,15.763,29.397
467.378,290.155,15.763,29.397
467.993,289.013,15.763,29.397
466.850,288.222,15.763,29.397
466.059,287.255,15.763,29.397
466.651,285.621,15.427,28.770
467.597,285.018,15.427,28.770
469.231,285.793,15.427,28.770
467.425,287.599,15.427,28.770
468.027,286.825,15.427,28.770
467.597,287.771,15.427,28.770
468.543,289.405,15.427,28.770
469.317,291.383,15.427,28.770
467.683,292.157,15.427,28.770
468.629,292.071,15.427,28.770
468.199,292.329,15.427,28.770
469.145,291.555,15.427,28.770
467.855,292.845,15.427,28.770
468.629,294.307,15.427,28.770
469.705,291.878,15.098,28.156
468.948,290.952,15.098,28.156
469.705,291.878,15.098,28.156
468.611,293.477,15.098,28.156
469.369,292.215,15.098,28.156
468.275,290.784,15.098,28.156
469.200,289.858,15.098,28.156
468.956,288.292,14.776,27.556
469.561,285.167,15.103,28.165
468.635,286.093,15.103,28.165
469.689,283.066,14.781,27.565
468.783,282.984,14.781,27.565
468.021,284.132,15.108,28.175
468.779,285.396,15.108,28.175
468.021,285.985,15.108,28.175
467.768,286.238,15.108,28.175
468.358,288.344,15.108,28.175
468.947,288.428,15.108,28.175
470.164,289.784,14.786,27.574
469.257,292.009,14.786,27.574
468.324,295.040,15.113,28.184
467.565,295.966,15.113,28.184
468.324,295.377,15.113,28.184
469.587,295.966,15.113,28.184
468.492,297.062,15.113,28.184
467.597,295.170,14.791,27.583
468.340,292.943,14.791,27.583
469.372,292.204,14.475,26.995
470.421,291.155,14.475,26.995
469.210,290.267,14.475,26.995
468.129,289.718,14.796,27.592
467.882,286.666,14.796,27.592
468.459,285.428,14.796,27.592
469.036,284.356,14.796,27.592
468.274,281.056,15.123,28.202
468.864,278.779,15.123,28.202
468.105,278.526,15.123,28.202
469.032,279.622,15.123,28.202
467.728,281.147,15.458,28.826
468.159,280.199,15.458,28.826
468.934,281.664,15.458,28.826
468.518,283.550,15.128,28.212
467.927,282.622,15.128,28.212
468.687,283.550,15.128,28.212
469.614,287.008,15.128,28.212
468.518,289.285,15.128,28.212
467.785,288.854,14.805,27.610
468.693,289.762,14.805,27.610
469.601,290.670,14.805,27.610
471.004,291.248,14.805,27.610
469.766,295.127,14.805,27.610
468.198,296.860,14.805,27.610
468.912,298.507,14.490,27.021
468.165,296.783,14.810,27.619
469.040,298.112,14.494,27.030
468.805,295.519,14.185,26.454
469.991,291.960,14.185,26.454
468.330,290.774,14.185,26.454
469.200,288.797,14.185,26.454
469.912,287.611,14.185,26.454
468.568,288.797,14.185,26.454
468.963,288.560,14.185,26.454
469.675,287.532,14.185,26.454
470.545,286.978,14.185,26.454
468.726,286.425,14.185,26.454
470.228,283.024,14.185,26.454
468.884,283.736,14.185,26.454
469.754,281.759,14.185,26.454
468.884,282.787,14.185,26.454
469.121,281.759,14.185,26.454
468.251,281.047,14.185,26.454
469.121,278.912,14.185,26.454
468.093,279.940,14.185,26.454
468.330,276.856,14.185,26.454
