0.00646114
0.01126814
0.01136684
0.01134706
0.01104927
0.01102114
0.01106954
0.01098323
0.01106834
0.01100278
0.01102757
0.01109385
0.01112413
0.01106477
0.01098824
0.01106215
0.01110458
0.01110673
0.01100421
0.01102972
0.01096749
0.01109529
0.01098394
0.01092696
0.01112366
0.01113200
0.01180458
0.01139212
0.01113415
0.01100230
0.01105475
0.01134157
0.01102400
0.01117301
0.01109290
0.01115799
0.01109934
0.01110601
0.01111126
0.01117134
0.01110220
0.01114392
0.01126266
0.01124763
0.01116991
0.01113129
0.01115441
0.01118731
0.01107097
0.01110435
0.01109529
0.01109791
0.01115227
0.01114035
0.01103163
0.01107812
0.01115727
0.01110053
0.01110625
0.01109695
0.01111031
0.01113653
0.01108837
0.01107931
0.01123071
0.01135349
0.01115251
0.01110601
0.01109815
0.01114678
0.01116729
0.01119471
0.01119876
0.01114964
0.01108742
0.01107669
0.01121426
0.01122642
0.01114845
0.01113844
0.01113915
0.01118255
0.01109076
0.01111817
0.01118112
0.01121783
0.01114154
0.01115441
0.01118803
0.01104712
0.01112080
0.01105142
0.01111197
0.01115537
0.01116657
0.01105857
0.01109052
0.01117253
0.01113892
0.01112723
0.01110888
0.01115990
0.01108027
0.01166177
0.01135182
0.01111460
0.01108432
0.01110053
0.01112723
0.01107287
0.01103067
0.01100779
0.01106358
0.01110816
0.01113200
0.01109076
0.01102757
0.01111150
0.01102781
0.01114082
0.01105595
0.01109099
0.01100993
0.01102805
0.01105905
0.01109266
0.01107121
0.01101136
0.01098824
0.01114798
0.01111078
0.01101470
0.01098537
0.01107144
0.01106191
0.01103806
0.01097012
0.01105237
0.01106882
0.01103449
0.01102400
0.01111627
0.01140571
0.01110339
0.01108074
0.01105571
0.01106405
0.01105523
0.01113629
0.01111770
0.01102877
0.01098919
0.01100731
0.01100969
0.01095319
0.01103401
0.01099038
0.01082659
0.01109576
0.01094246
0.01090240
0.01091123
0.01127076
0.01092267
0.01094747
0.01090050
0.01096821
0.01084590
0.01101923
0.01102996
0.01091766
0.01093769
0.01095366
0.01104307
0.01102567
0.01097631
0.01094365
0.01100087
0.01097798
0.01098108
0.01107669
0.01134324
0.01110053
0.01105380
0.01100802
0.01105189
0.01107788
0.01111388
0.01105666
0.01097035
0.01096916
0.01098013
0.01100326
0.01086903
0.01098680
0.01104498
0.01101661
0.01103401
0.01096773
0.01107883
0.01104355
0.01101708
0.01103616
0.01104164
0.01093936
0.01093125
0.01137114
0.01100898
0.01101589
0.01097393
0.01101089
0.01108980
0.01101923
0.01103020
0.01107097
0.01109457
0.01100802
0.01105237
0.01134467
0.01156569
0.01115680
0.01091290
0.01105118
0.01090884
0.01096082
0.01096344
0.01094651
0.01099634
0.01097083
0.01098108
0.01101184
0.01103449
0.01096368
0.01103759
0.01104784
0.01105499
0.01107550
0.01098728
0.01102662
0.01098204
0.01093888
0.01106715
0.01094651
0.01089597
0.01113057
0.01108670
0.01103544
0.01096392
0.01109958
0.01108170
0.01104426
0.01092768
0.01100707
0.01117778
0.01108170
0.01109385
0.01098943
0.01118088
0.01185846
0.01141930
0.01105547
0.01103234
0.01101804
0.01103163
0.01101971
0.01101995
0.01105928
0.01097012
0.01085711
0.01089764
0.01098013
0.01092958
0.01090002
0.01092196
0.01099706
0.01102734
0.01104712
0.01096797
0.01092672
0.01091051
0.01116157
0.01095796
0.01098156
0.01100326
0.01107979
0.01110530
0.01099658
0.01098204
0.01100636
0.01106429
0.01096988
0.01090074
0.01088667
0.01092386
0.01101065
0.01098514
0.01101995
0.01130867
0.01134396
0.01106381
0.01097870
0.01099634
0.01108742
0.01098752
0.01094389
0.01089787
0.01098108
0.01108861
0.01101971
0.01099229
0.01099348
0.01093769
0.01101375
0.01099610
0.01099086
0.01098299
0.01100063
0.01103520
0.01099873
0.01093841
0.01100492
0.01102924
0.01104140
0.01097703
0.01098299
0.01105428
0.01103663
0.01100111
0.01096988
0.01101518
0.01105070
0.01100230
0.01099300
0.01104116
0.01105738
0.01100230
0.01122332
0.01101565
0.01103067
0.01099300
0.01098132
0.01099586
0.01102853
0.01104760
0.01097417
0.01095200
0.01113534
0.01099467
0.01094580
0.01093221
0.01098037
0.01118183
0.01104331
0.01103544
0.01103711
0.01100826
0.01099491
0.01097393
0.01094127
0.01101255
0.01103163
0.01096869
0.01098037
0.01094222
0.01108599
0.01096344
0.01093340
0.01100254
0.01098824
0.01107883
0.01103473
0.01098919
0.01099467
0.01102448
0.01137757
0.01121950
0.01099372
0.01094770
0.01120663
0.01102924
0.01100087
0.01100373
0.01097441
0.01100779
0.01091361
0.01097322
0.01101518
0.01097775
0.01099539
0.01095581
0.01093864
0.01089215
0.01089048
0.01094007
0.01091838
0.01095390
0.01091719
0.01099110
0.01102328
0.01096582
0.01111102
0.01108265
0.01098514
0.01095247
0.01107979
0.01100302
0.01102710
0.01096702
0.01087594
0.01102567
0.01106191
0.01095963
0.01099706
0.01109481
0.01127911
0.01100278
0.01093936
0.01097655
0.01099563
0.01093769
0.01100850
0.01096225
0.01096535
0.01097417
0.01107359
0.01097035
0.01093078
0.01087904
0.01095176
0.01102543
0.01099682
0.01099777
0.01093292
0.01096129
0.01100922
0.01094484
0.01092768
0.01093364
0.01093459
0.01098442
0.01099825
0.01093578
0.01095080
0.01087189
0.01092339
0.01100874
0.01099300
0.01094270
0.01092410
0.01101923
0.01094413
0.01091981
0.01091242
0.01115298
0.01096773
0.01089168
0.01089358
0.01090646
0.01086974
0.01097608
0.01089454
0.01085854
0.01085615
0.01098919
0.01099205
0.01097178
0.01097298
0.01103067
0.01096797
0.01104307
0.01096129
0.01094961
0.01089597
