0.00417423
0.01122546
0.01203132
0.01113296
0.01085377
0.01054454
0.01043868
0.01044726
0.01055956
0.01055002
0.01052403
0.01051044
0.01056194
0.01049995
0.01047635
0.01047421
0.01056433
0.01048589
0.01052284
0.01045513
0.01045108
0.01102972
0.01075435
0.01057386
0.01040173
0.01052475
0.01053095
0.01049662
0.01059365
0.01050568
0.01057434
0.01063275
0.01069546
0.01055503
0.01055050
0.01055002
0.01057887
0.01046872
0.01049447
0.01048827
0.01048470
0.01049113
0.01052237
0.01058006
0.01049948
0.01054406
0.01073766
0.01042724
0.01051664
0.01048899
0.01055455
0.01044822
0.01040602
0.01048398
0.01047778
0.01053810
0.01047349
0.01042771
0.01065898
0.01046348
0.01046824
0.01037216
0.01049137
0.01053214
0.01044941
0.01050830
0.01097322
0.01069260
0.01051402
0.01045823
0.01047468
0.01055741
0.01059461
0.01038909
0.01062512
0.01059794
0.01048517
0.01050401
0.01051641
0.01045871
0.01051712
0.01053071
0.01053667
0.01056409
0.01052451
0.01048255
0.01048374
0.01057220
0.01088238
0.01058340
0.01063514
0.01059914
0.01057935
0.01063204
0.01062274
0.01055646
0.01059461
0.01053023
0.01047850
0.01048326
0.01052237
0.01040149
0.01060104
0.01052952
0.01049256
0.01045823
0.01054382
0.01046491
0.01056480
0.01052570
0.01123357
0.01085067
0.01053834
0.01050758
0.01036072
0.01047349
0.01050949
0.01049590
0.01052737
0.01086402
0.01054001
0.01055694
0.01052523
0.01050711
0.01057982
0.01043439
0.01041603
0.01041102
0.01048350
0.01034665
0.01043653
0.01043701
0.01040387
0.01048946
0.01039743
0.01036406
0.01045275
0.01037908
0.01045489
0.01045179
0.01035023
0.01043677
0.01044631
0.01047349
0.01037717
0.01045775
0.01049232
0.01031733
0.01038194
0.01037383
0.01040196
0.01044202
0.01050496
0.01035452
0.01062489
0.01068616
0.01074100
0.01037049
0.01039934
0.01040983
0.01049256
0.01048493
0.01045060
0.01048398
0.01049876
0.01046705
0.01045966
0.01041102
0.01050019
0.01042676
0.01031494
0.01035881
0.01049328
0.01038647
0.01043892
0.01044130
0.01051092
0.01051259
0.01047492
0.01045775
0.01056361
0.01046991
0.01049113
0.01065326
0.01042318
0.01048064
0.01054311
0.01052165
0.01059914
0.01055050
0.01050949
0.01058984
0.01057553
0.01054072
0.01066041
0.01057601
0.01050448
0.01055241
0.01058722
0.01157737
0.01100373
0.01055884
0.01054835
0.01037097
0.01047325
0.01055551
0.01049185
0.01058435
0.01049542
0.01052022
0.01054716
0.01050115
0.01053071
0.01058269
0.01043105
0.01040030
0.01036787
0.01042318
0.01048160
0.01038408
0.01047897
0.01048875
0.01052308
0.01049376
0.01055455
0.01053214
0.01054311
0.01051903
0.01060033
0.01044440
0.01048589
0.01052284
0.01054144
0.01054907
0.01050925
0.01049662
0.01048255
0.01055837
0.01050258
0.01050162
0.01042676
0.01046252
0.01060176
0.01106548
0.01081705
0.01063657
0.01058722
0.01059723
0.01059532
0.01054502
0.01055169
0.01059246
0.01044679
0.01049519
0.01049995
0.01042628
0.01067781
0.01049113
0.01040816
0.01051068
0.01047397
0.01046348
0.01041555
0.01045942
0.01049471
0.01040792
0.01056910
0.01040864
0.01047444
0.01056552
0.01048803
0.01048732
0.01044893
0.01045275
0.01046515
0.01048899
0.01048326
0.01034808
0.01044321
0.01043558
0.01050353
0.01047373
0.01036978
0.01032972
0.01044750
0.01039171
0.01051164
0.01042938
0.01129794
0.01071906
0.01052260
0.01053166
0.01046491
0.01041555
0.01052594
0.01051331
0.01056933
0.01051021
0.01051378
0.01046968
0.01054192
0.01047444
0.01054835
0.01046872
0.01040125
0.01048422
0.01050544
0.01045227
0.01046801
0.01040435
0.01037765
0.01042199
0.01044202
0.01054740
0.01044559
0.01045704
0.01044822
0.01045036
0.01061678
0.01043129
0.01051283
0.01047683
0.01049685
0.01057124
0.01042652
0.01044536
0.01045680
0.01043415
0.01055717
0.01047873
0.01055360
0.01050997
0.01111794
0.01085901
0.01061296
0.01055002
0.01066351
0.01056981
0.01053238
0.01057816
0.01064062
0.01063704
0.01056433
0.01057315
0.01051402
0.01056933
0.01061726
0.01058578
0.01045537
0.01041842
0.01045895
0.01053143
0.01053691
0.01041603
0.01047873
0.01051927
0.01053882
0.01059318
0.01057220
0.01052976
0.01060820
0.01055527
0.01052380
0.01062441
0.01057625
0.01052499
0.01055932
0.01059914
0.01053500
0.01056671
0.01048708
0.01052451
0.01059914
0.01057911
0.01050830
0.01041985
0.01065969
0.01064444
0.01082182
0.01051736
0.01045990
0.01048017
0.01047277
0.01056218
0.01050019
0.01054430
0.01061440
0.01054907
0.01055741
0.01059747
0.01055384
0.01057434
0.01057792
0.01053715
0.01054764
0.01054955
0.01057982
0.01051950
0.01060939
0.01057911
0.01053262
0.01050115
0.01057935
0.01050901
0.01053524
0.01038885
0.01049209
0.01055789
0.01053238
0.01055050
0.01040697
0.01043367
0.01051450
0.01055861
0.01053143
0.01045012
0.01053047
0.01044106
0.01054716
0.01061988
0.01066709
0.01081419
0.01088166
0.01059818
0.01058269
0.01051402
0.01071501
0.01063919
0.01060796
0.01060605
0.01065731
0.01061130
0.01059508
0.01068330
0.01059198
0.01055670
0.01056862
0.01050448
0.01052761
0.01049757
0.01050687
0.01054859
0.01055694
0.01054025
0.01057887
0.01062417
0.01054120
0.01059604
0.01066113
0.01054835
0.01065278
0.01069880
0.01056933
0.01059270
0.01059151
0.01065850
0.01062393
0.01061654
0.01057172
0.01055861
0.01061749
0.01066494
0.01064396
0.01066470
0.01063061
0.01108408
0.01080275
0.01060843
0.01059437
0.01058435
0.01069641
0.01066232
