141.000,73.000,27.000,34.000
141.839,72.880,27.000,34.000
141.959,72.760,27.000,34.000
142.558,73.120,27.000,34.000
142.199,73.000,27.000,34.000
142.319,73.360,27.000,34.000
142.918,73.480,27.000,34.000
143.757,73.599,27.000,34.000
144.117,72.520,27.000,34.000
143.757,72.161,27.000,34.000
145.316,73.000,27.000,34.000
144.956,72.640,27.000,34.000
146.035,72.041,27.000,34.000
145.675,72.640,27.000,34.000
146.754,71.801,27.000,34.000
147.593,72.161,27.000,34.000
146.922,71.412,27.597,34.752
148.270,72.269,27.597,34.752
148.392,71.657,27.597,34.752
149.740,71.289,27.597,34.752
151.087,71.540,28.208,35.521
150.905,71.537,28.832,36.307
152.313,72.177,28.832,36.307
153.978,71.025,28.832,36.307
155.130,72.177,28.832,36.307
156.538,71.537,28.832,36.307
158.202,72.689,28.832,36.307
159.354,72.305,28.832,36.307
160.506,72.689,28.832,36.307
161.659,73.073,28.832,36.307
163.067,72.177,28.832,36.307
163.195,73.073,28.832,36.307
164.859,71.921,28.832,36.307
165.755,72.305,28.832,36.307
168.160,72.816,28.217,35.533
169.789,71.866,27.615,34.775
171.138,71.989,27.615,34.775
172.487,71.866,27.615,34.775
173.100,71.498,27.615,34.775
174.203,72.112,27.615,34.775
174.571,71.253,27.615,34.775
175.457,71.506,27.027,34.033
176.057,70.666,27.027,34.033
175.457,70.786,27.027,34.033
175.817,71.146,27.027,34.033
176.177,71.506,27.027,34.033
175.097,70.906,27.027,34.033
174.737,71.506,27.027,34.033
174.857,71.146,27.027,34.033
174.017,71.746,27.027,34.033
171.497,71.146,27.027,34.033
171.137,71.746,27.027,34.033
169.337,71.626,27.027,34.033
168.017,71.506,27.027,34.033
166.570,71.290,26.450,33.308
165.043,71.878,26.450,33.308
163.516,71.995,26.450,33.308
161.520,72.112,26.450,33.308
159.523,71.995,26.450,33.308
158.232,71.643,26.450,33.308
153.187,72.615,27.035,34.045
151.767,72.362,27.634,34.798
149.297,71.341,28.245,35.568
147.294,70.557,28.870,36.355
146.653,71.711,28.870,36.355
144.730,72.095,28.870,36.355
143.064,71.198,28.870,36.355
141.910,72.095,28.870,36.355
140.243,71.455,28.870,36.355
138.833,72.865,28.870,36.355
135.885,71.455,28.870,36.355
135.757,72.865,28.870,36.355
133.578,71.455,28.870,36.355
131.399,72.608,28.870,36.355
130.502,72.480,28.870,36.355
128.579,73.377,28.870,36.355
126.143,73.249,28.870,36.355
124.733,73.634,28.870,36.355
122.554,74.531,28.870,36.355
121.657,73.634,28.870,36.355
118.709,74.018,28.870,36.355
118.324,73.377,28.870,36.355
117.940,73.762,28.870,36.355
116.530,74.403,28.870,36.355
116.401,74.531,28.870,36.355
115.248,75.428,28.870,36.355
114.350,76.325,28.870,36.355
112.834,75.258,29.509,37.159
111.917,77.224,29.509,37.159
112.270,76.405,30.162,37.981
110.529,78.146,30.162,37.981
111.199,77.744,30.162,37.981
109.994,77.342,30.162,37.981
110.355,77.617,30.829,38.822
109.396,76.932,30.829,38.822
110.081,76.522,30.829,38.822
110.492,76.385,30.829,38.822
109.807,75.700,30.829,38.822
110.492,77.206,30.829,38.822
110.293,75.499,31.511,39.680
110.089,74.624,32.208,40.558
110.232,74.481,32.208,40.558
110.947,74.910,32.208,40.558
111.090,75.911,32.208,40.558
112.091,74.910,32.208,40.558
112.806,75.911,32.208,40.558
113.235,74.910,32.208,40.558
114.522,76.197,32.208,40.558
115.237,75.196,32.208,40.558
116.810,76.483,32.208,40.558
118.955,74.910,32.208,40.558
119.956,75.339,32.208,40.558
121.529,74.052,32.208,40.558
122.817,73.623,32.208,40.558
124.676,73.194,32.208,40.558
125.963,74.481,32.208,40.558
127.822,73.194,32.208,40.558
129.395,74.481,32.208,40.558
131.254,73.194,32.208,40.558
132.827,74.481,32.208,40.558
134.686,73.480,32.208,40.558
135.115,73.909,32.208,40.558
136.688,74.624,32.208,40.558
137.403,74.195,32.208,40.558
138.404,74.910,32.208,40.558
139.405,74.195,32.208,40.558
140.120,74.052,32.208,40.558
141.693,73.051,32.208,40.558
142.694,73.194,32.208,40.558
143.695,72.479,32.208,40.558
144.696,71.764,32.208,40.558
144.839,72.193,32.208,40.558
145.268,72.622,32.208,40.558
146.025,73.468,31.521,39.693
146.496,73.487,30.849,38.847
147.455,72.802,30.849,38.847
147.866,74.034,30.849,38.847
149.099,73.897,30.849,38.847
148.140,73.213,30.849,38.847
149.373,73.897,30.849,38.847
150.605,75.130,30.849,38.847
150.468,73.897,30.849,38.847
150.879,75.130,30.849,38.847
151.564,74.171,30.849,38.847
151.701,75.130,30.849,38.847
152.112,75.541,30.849,38.847
151.153,76.226,30.849,38.847
151.564,76.637,30.849,38.847
151.975,77.322,30.849,38.847
152.386,77.733,30.849,38.847
151.427,78.691,30.849,38.847
152.112,79.376,30.849,38.847
150.879,78.417,30.849,38.847
152.386,79.650,30.849,38.847
151.701,80.609,30.849,38.847
152.660,81.842,30.849,38.847
152.797,83.348,30.849,38.847
153.756,84.581,30.849,38.847
152.523,83.622,30.849,38.847
153.461,85.324,31.532,39.706
152.481,86.584,31.532,39.706
153.149,88.033,32.229,40.585
153.864,89.894,32.229,40.585
152.863,88.319,32.229,40.585
153.578,89.607,32.229,40.585
152.182,88.119,32.942,41.483
153.206,89.728,32.942,41.483
151.779,88.207,33.671,42.401
151.929,89.552,33.671,42.401
151.779,88.506,33.671,42.401
150.733,86.861,33.671,42.401
151.779,88.805,33.671,42.401
150.733,87.160,33.671,42.401
151.779,89.104,33.671,42.401
150.434,87.459,33.671,42.401
151.480,85.815,33.671,42.401
151.331,87.459,33.671,42.401
149.985,84.619,33.671,42.401
148.939,83.273,33.671,42.401
148.191,81.629,33.671,42.401
148.042,79.984,33.671,42.401
148.490,81.629,33.671,42.401
147.264,79.919,32.953,41.497
147.411,78.895,32.953,41.497
146.679,77.578,32.953,41.497
145.655,76.554,32.953,41.497
146.094,77.578,32.953,41.497
145.948,76.554,32.953,41.497
146.386,76.993,32.953,41.497
145.751,75.884,32.250,40.612
146.509,75.351,31.563,39.746
145.808,75.772,31.563,39.746
146.228,76.192,31.563,39.746
144.967,74.370,31.563,39.746
145.668,75.071,31.563,39.746
145.528,75.491,31.563,39.746
144.827,74.230,31.563,39.746
145.247,74.090,31.563,39.746
144.827,74.791,31.563,39.746
145.247,74.090,31.563,39.746
144.547,74.510,31.563,39.746
144.967,73.530,31.563,39.746
145.107,73.109,31.563,39.746
145.528,73.530,31.563,39.746
144.827,72.268,31.563,39.746
144.967,72.408,31.563,39.746
145.107,72.268,31.563,39.746
145.247,72.128,31.563,39.746
144.266,72.268,31.563,39.746
144.353,72.846,32.261,40.625
143.351,73.276,32.261,40.625
143.780,71.700,32.261,40.625
142.205,73.276,32.261,40.625
142.061,72.846,32.261,40.625
140.199,74.422,32.261,40.625
138.910,73.706,32.261,40.625
137.335,74.995,32.261,40.625
135.608,74.186,31.573,39.759
133.368,74.473,32.272,40.638
130.932,72.897,32.272,40.638
125.630,74.186,32.272,40.638
124.914,72.897,32.272,40.638
122.478,74.473,32.272,40.638
119.469,74.043,32.272,40.638
117.033,75.333,32.272,40.638
114.884,74.043,32.272,40.638
112.448,75.906,32.272,40.638
109.725,75.189,32.272,40.638
107.863,74.473,32.272,40.638
106.573,74.330,32.272,40.638
104.137,73.040,32.272,40.638
104.854,73.756,32.272,40.638
102.991,73.327,32.272,40.638
102.274,72.897,32.272,40.638
102.418,74.186,32.272,40.638
100.555,72.610,32.272,40.638
100.412,73.613,32.272,40.638
99.409,72.610,32.272,40.638
99.839,73.613,32.272,40.638
99.122,72.610,32.272,40.638
100.125,73.900,32.272,40.638
99.122,72.897,32.272,40.638
100.125,74.473,32.272,40.638
99.122,73.470,32.272,40.638
100.125,74.186,32.272,40.638
99.122,73.183,32.272,40.638
100.125,75.046,32.272,40.638
99.409,75.762,32.272,40.638
98.979,75.333,32.272,40.638
100.555,76.049,32.272,40.638
100.412,78.485,32.272,40.638
100.268,77.482,32.272,40.638
101.558,79.058,32.272,40.638
100.842,80.061,32.272,40.638
101.271,79.918,32.272,40.638
101.415,79.774,32.272,40.638
100.125,79.918,32.272,40.638
99.695,79.774,32.272,40.638
98.406,79.345,32.272,40.638
96.830,78.628,32.272,40.638
94.680,79.058,32.272,40.638
94.250,79.488,32.272,40.638
92.961,78.485,32.272,40.638
90.811,78.055,32.272,40.638
88.949,79.345,32.272,40.638
86.799,78.055,32.272,40.638
84.650,79.058,32.272,40.638
82.501,78.342,32.272,40.638
80.065,77.625,32.272,40.638
77.916,78.628,32.272,40.638
72.328,77.625,32.272,40.638
73.044,78.628,32.272,40.638
70.035,77.912,32.272,40.638
67.026,78.915,32.272,40.638
63.730,77.912,32.272,40.638
60.435,78.628,32.272,40.638
56.853,77.625,32.272,40.638
54.130,78.342,32.272,40.638
51.121,77.339,32.272,40.638
48.112,77.482,32.272,40.638
42.237,77.912,32.272,40.638
42.094,78.915,32.272,40.638
39.658,78.198,32.272,40.638
36.936,77.195,32.272,40.638
34.786,78.198,32.272,40.638
32.637,77.482,32.272,40.638
30.488,78.485,32.272,40.638
28.338,78.055,32.272,40.638
27.049,79.058,32.272,40.638
24.900,78.342,32.272,40.638
21.891,77.625,32.272,40.638
21.174,78.915,32.272,40.638
19.885,77.912,32.272,40.638
18.308,78.628,32.272,40.638
17.019,77.625,32.272,40.638
15.729,78.342,32.272,40.638
14.153,77.339,32.272,40.638
13.437,77.195,32.272,40.638
11.861,76.479,32.272,40.638
11.717,77.768,32.272,40.638
10.141,76.765,32.272,40.638
11.144,78.055,32.272,40.638
10.141,77.052,32.272,40.638
10.284,77.768,32.272,40.638
9.855,76.765,32.272,40.638
9.138,76.336,32.272,40.638
9.855,76.765,32.272,40.638
9.138,76.336,32.272,40.638
9.855,76.765,32.272,40.638
9.138,76.049,32.272,40.638
10.141,77.339,32.272,40.638
9.711,76.049,32.272,40.638
9.855,77.339,32.272,40.638
10.284,76.049,32.272,40.638
11.001,77.339,32.272,40.638
10.858,76.049,32.272,40.638
11.287,77.339,32.272,40.638
12.577,76.336,32.272,40.638
12.434,75.906,32.272,40.638
13.723,77.768,32.272,40.638
16.159,77.052,32.272,40.638
17.162,78.342,32.272,40.638
18.738,77.339,32.272,40.638
20.601,78.628,32.272,40.638
22.750,79.918,32.272,40.638
25.473,81.494,32.272,40.638
28.195,82.210,32.272,40.638
32.351,84.073,32.272,40.638
35.933,85.936,32.272,40.638
38.942,87.799,32.272,40.638
45.676,91.094,32.272,40.638
46.106,92.957,32.272,40.638
49.402,94.820,32.272,40.638
52.124,96.682,32.272,40.638
55.706,98.832,32.272,40.638
58.715,101.554,32.272,40.638
61.438,103.703,32.272,40.638
64.160,106.139,32.272,40.638
67.456,109.148,32.272,40.638
69.318,111.011,32.272,40.638
74.620,114.593,32.272,40.638
74.190,115.023,32.272,40.638
76.626,117.172,32.272,40.638
78.202,119.035,32.272,40.638
80.638,120.898,32.272,40.638
82.214,122.187,32.272,40.638
84.364,122.617,32.272,40.638
86.226,123.907,32.272,40.638
87.802,125.196,32.272,40.638
88.805,125.626,32.272,40.638
91.241,127.202,32.272,40.638
91.671,127.632,32.272,40.638
92.961,128.635,32.272,40.638
94.537,128.779,32.272,40.638
95.540,129.208,32.272,40.638
96.543,129.925,32.272,40.638
98.119,131.214,32.272,40.638
99.982,130.498,32.272,40.638
101.558,131.501,32.272,40.638
101.415,132.791,32.272,40.638
104.137,134.080,32.272,40.638
105.140,134.223,32.272,40.638
106.716,132.934,32.272,40.638
106.286,134.223,32.272,40.638
108.436,132.361,32.272,40.638
108.292,131.644,32.272,40.638
109.869,130.641,32.272,40.638
110.012,128.492,32.272,40.638
110.728,127.202,32.272,40.638
110.872,125.340,32.272,40.638
111.875,123.190,32.272,40.638
112.305,123.334,32.272,40.638
113.021,122.617,32.272,40.638
113.451,122.760,32.272,40.638
113.881,122.044,32.272,40.638
114.884,121.901,32.272,40.638
115.887,121.471,32.272,40.638
116.603,119.895,32.272,40.638
117.606,120.611,32.272,40.638
118.323,119.035,32.272,40.638
120.185,117.745,32.272,40.638
120.615,117.602,32.272,40.638
120.472,116.886,32.272,40.638
121.475,117.602,32.272,40.638
121.905,116.599,32.272,40.638
122.621,115.883,32.272,40.638
122.191,115.166,32.272,40.638
123.481,115.596,32.272,40.638
121.905,114.020,32.272,40.638
122.908,114.450,32.272,40.638
123.051,113.160,32.272,40.638
123.481,114.163,32.272,40.638
121.905,112.587,32.272,40.638
123.194,111.871,32.272,40.638
124.197,112.301,32.272,40.638
124.914,110.724,32.272,40.638
125.344,110.868,32.272,40.638
126.633,110.151,32.272,40.638
127.636,110.868,32.272,40.638
128.639,109.291,32.272,40.638
131.648,107.715,32.272,40.638
132.938,109.005,32.272,40.638
134.800,108.002,32.272,40.638
137.236,106.999,32.272,40.638
142.251,108.002,32.272,40.638
144.687,106.712,32.272,40.638
147.983,105.709,32.272,40.638
151.852,104.706,32.272,40.638
154.574,103.417,32.272,40.638
157.296,101.841,32.272,40.638
163.458,99.691,32.272,40.638
162.741,98.688,32.272,40.638
165.750,97.685,32.272,40.638
171.052,98.975,32.272,40.638
173.774,98.545,32.272,40.638
175.924,97.255,32.272,40.638
178.073,96.252,32.272,40.638
179.936,96.396,32.272,40.638
180.939,95.393,32.272,40.638
181.942,94.963,32.272,40.638
182.658,94.820,32.272,40.638
181.655,94.103,32.272,40.638
182.372,94.820,32.272,40.638
181.082,93.530,32.272,40.638
182.085,93.387,32.272,40.638
180.358,93.129,31.583,39.772
180.217,92.709,31.583,39.772
178.675,93.410,31.583,39.772
177.974,92.428,31.583,39.772
176.992,92.569,31.583,39.772
174.608,92.428,31.583,39.772
173.066,91.727,31.583,39.772
171.523,91.306,31.583,39.772
169.832,91.055,30.910,38.923
168.597,89.820,30.910,38.923
167.362,91.329,30.910,38.923
166.501,90.289,30.251,38.093
167.471,91.860,29.606,37.281
167.407,90.357,28.974,36.486
168.831,91.118,28.356,35.708
170.468,89.734,28.356,35.708
171.135,90.236,27.752,34.946
172.737,90.965,27.160,34.201
174.063,89.397,27.160,34.201
175.864,89.413,26.581,33.472
177.634,88.587,26.581,33.472
179.877,87.997,26.581,33.472
182.355,86.462,26.581,33.472
184.833,85.872,26.581,33.472
189.200,84.810,26.581,33.472
194.511,83.512,26.581,33.472
194.865,84.810,26.581,33.472
196.871,83.276,26.581,33.472
199.822,83.158,26.581,33.472
202.300,82.332,26.581,33.472
204.543,82.214,26.581,33.472
208.201,83.276,26.581,33.472
210.443,82.922,26.581,33.472
211.978,82.096,26.581,33.472
214.692,82.922,26.581,33.472
219.531,82.096,26.581,33.472
220.121,83.394,26.581,33.472
221.655,82.096,26.581,33.472
223.189,81.034,26.581,33.472
225.432,79.971,26.581,33.472
227.202,78.909,26.581,33.472
229.917,77.847,26.581,33.472
232.159,76.785,26.581,33.472
234.873,75.723,26.581,33.472
237.116,76.313,26.581,33.472
242.191,74.542,26.581,33.472
242.781,75.369,26.581,33.472
243.843,74.070,26.581,33.472
245.377,72.772,26.581,33.472
246.439,71.710,26.581,33.472
247.737,71.592,26.581,33.472
249.036,71.474,26.581,33.472
250.098,70.884,26.581,33.472
250.924,70.530,26.581,33.472
251.278,71.356,26.581,33.472
250.452,71.002,26.581,33.472
250.806,70.884,26.581,33.472
250.452,70.766,26.581,33.472
249.390,70.648,26.581,33.472
248.091,71.474,26.581,33.472
247.973,71.828,26.581,33.472
246.439,71.946,26.581,33.472
244.669,72.300,26.581,33.472
243.607,72.890,26.581,33.472
242.073,73.716,26.581,33.472
240.066,75.015,26.581,33.472
239.948,76.785,26.581,33.472
237.942,78.791,26.581,33.472
236.408,77.965,26.581,33.472
234.401,79.735,26.581,33.472
233.103,79.145,26.581,33.472
231.805,80.915,26.581,33.472
230.035,80.089,26.581,33.472
228.500,81.388,26.581,33.472
226.494,80.797,26.581,33.472
223.544,82.332,26.581,33.472
223.190,81.506,26.581,33.472
221.891,83.040,26.581,33.472
219.885,82.214,26.581,33.472
218.351,81.388,26.581,33.472
216.108,83.158,26.581,33.472
214.810,82.096,26.581,33.472
213.040,81.506,26.581,33.472
211.506,83.040,26.581,33.472
209.499,82.214,26.581,33.472
207.021,81.860,26.581,33.472
206.195,82.922,26.581,33.472
205.605,82.332,26.581,33.472
204.543,81.742,26.581,33.472
203.480,82.804,26.581,33.472
204.044,81.331,27.169,34.212
203.440,80.487,27.169,34.212
201.872,81.573,27.169,34.212
202.958,80.487,27.169,34.212
202.837,79.884,27.169,34.212
202.475,79.522,27.169,34.212
202.113,79.160,27.169,34.212
203.199,78.316,27.169,34.212
204.044,77.954,27.169,34.212
204.164,77.592,27.169,34.212
204.526,78.436,27.169,34.212
203.682,78.074,27.169,34.212
204.758,79.323,27.770,34.969
205.128,78.213,27.770,34.969
205.991,77.104,27.770,34.969
206.607,75.994,27.770,34.969
207.224,77.597,27.770,34.969
207.594,76.487,27.770,34.969
208.703,77.350,27.770,34.969
209.320,75.994,27.770,34.969
210.183,76.857,27.770,34.969
210.799,75.747,27.770,34.969
