142.000,125.000,91.000,40.000
139.218,124.241,91.000,40.000
135.424,125.506,91.000,40.000
130.112,123.735,91.000,40.000
126.318,125.506,91.000,40.000
121.512,122.724,91.000,40.000
117.212,123.482,91.000,40.000
111.900,122.724,91.000,40.000
108.106,121.965,91.000,40.000
102.288,121.206,91.000,40.000
96.976,120.447,91.000,40.000
93.182,120.194,91.000,40.000
87.871,118.929,91.000,40.000
83.571,119.182,91.000,40.000
78.259,117.412,91.000,40.000
73.453,117.159,91.000,40.000
68.647,116.400,91.000,40.000
63.335,116.653,91.000,40.000
58.024,115.388,91.000,40.000
52.206,115.641,91.000,40.000
46.894,113.871,91.000,40.000
41.582,113.112,91.000,40.000
36.271,114.882,91.000,40.000
29.441,112.606,91.000,40.000
23.624,114.376,91.000,40.000
17.300,115.135,91.000,40.000
11.482,116.400,91.000,40.000
6.676,117.665,91.000,40.000
1.871,118.424,91.000,40.000
-3.441,121.206,91.000,40.000
-9.259,121.965,91.000,40.000
-13.053,123.735,91.000,40.000
-16.341,124.494,91.000,40.000
-20.641,126.771,91.000,40.000
-22.412,126.518,91.000,40.000
-22.159,127.782,91.000,40.000
-21.906,128.035,91.000,40.000
-22.642,127.243,89.059,39.147
-21.900,128.481,89.059,39.147
-23.137,127.243,89.059,39.147
-21.900,127.985,89.059,39.147
-23.137,126.253,89.059,39.147
-20.909,125.510,89.059,39.147
-20.662,125.262,89.059,39.147
-19.424,123.530,89.059,39.147
-18.186,122.787,89.059,39.147
-16.454,121.549,89.059,39.147
-15.711,119.321,89.059,39.147
-14.968,119.569,89.059,39.147
-12.740,117.341,89.059,39.147
-12.493,117.093,89.059,39.147
-10.265,114.370,89.059,39.147
-8.532,113.133,89.059,39.147
-7.294,111.895,89.059,39.147
-5.561,111.152,89.059,39.147
-0.363,109.419,89.059,39.147
2.360,107.687,89.059,39.147
7.063,106.449,89.059,39.147
10.282,105.211,89.059,39.147
14.490,103.973,89.059,39.147
21.669,103.231,89.059,39.147
25.877,102.983,89.059,39.147
32.561,101.745,89.059,39.147
36.769,103.478,89.059,39.147
41.473,102.241,89.059,39.147
47.661,102.983,89.059,39.147
51.870,102.736,89.059,39.147
56.078,104.964,89.059,39.147
56.820,106.201,89.059,39.147
58.058,107.934,89.059,39.147
57.316,108.182,89.059,39.147
58.058,110.905,89.059,39.147
58.801,112.638,89.059,39.147
59.543,113.380,89.059,39.147
60.286,115.113,89.059,39.147
59.048,115.856,89.059,39.147
59.791,118.084,89.059,39.147
59.543,117.836,89.059,39.147
59.791,120.064,89.059,39.147
60.039,118.826,89.059,39.147
59.791,121.549,89.059,39.147
61.029,122.292,89.059,39.147
58.306,122.044,89.059,39.147
60.039,123.777,89.059,39.147
58.801,124.520,89.059,39.147
60.039,125.262,89.059,39.147
57.811,126.005,89.059,39.147
59.048,125.262,89.059,39.147
58.306,127.490,89.059,39.147
58.553,128.728,89.059,39.147
57.811,129.471,89.059,39.147
59.048,130.213,89.059,39.147
56.820,130.461,89.059,39.147
59.048,132.194,89.059,39.147
56.820,132.441,89.059,39.147
58.553,134.174,89.059,39.147
59.296,134.422,89.059,39.147
61.029,136.155,89.059,39.147
62.267,136.897,89.059,39.147
65.485,138.135,89.059,39.147
66.227,139.373,89.059,39.147
67.465,139.125,89.059,39.147
69.198,141.353,89.059,39.147
69.445,141.601,89.059,39.147
72.168,142.838,89.059,39.147
75.387,145.066,89.059,39.147
79.100,143.828,89.059,39.147
82.813,147.047,89.059,39.147
86.031,147.294,89.059,39.147
90.239,148.532,89.059,39.147
93.953,149.770,89.059,39.147
99.646,150.512,89.059,39.147
103.359,151.255,89.059,39.147
106.578,151.502,89.059,39.147
111.776,152.245,89.059,39.147
115.984,153.483,89.059,39.147
119.202,153.730,89.059,39.147
124.401,155.463,89.059,39.147
128.114,156.206,89.059,39.147
132.322,157.444,89.059,39.147
136.036,157.691,89.059,39.147
138.759,158.929,89.059,39.147
143.462,159.176,89.059,39.147
147.175,159.919,89.059,39.147
151.879,161.652,89.059,39.147
156.087,161.404,89.059,39.147
160.295,162.642,89.059,39.147
164.008,161.899,89.059,39.147
168.217,164.127,89.059,39.147
171.930,163.385,89.059,39.147
175.148,164.622,89.059,39.147
179.356,164.375,89.059,39.147
182.079,166.108,89.059,39.147
185.297,165.860,89.059,39.147
190.001,167.098,89.059,39.147
193.219,168.336,89.059,39.147
196.932,168.088,89.059,39.147
202.131,169.326,89.059,39.147
203.864,169.573,89.059,39.147
208.072,170.316,89.059,39.147
207.824,172.544,89.059,39.147
210.052,171.306,89.059,39.147
211.785,173.534,89.059,39.147
213.518,174.277,89.059,39.147
215.746,174.524,89.059,39.147
216.984,176.257,89.059,39.147
214.756,176.505,89.059,39.147
216.984,177.742,89.059,39.147
213.765,178.980,89.059,39.147
217.146,178.804,91.030,40.013
213.857,181.081,91.030,40.013
212.086,179.816,91.030,40.013
209.809,182.093,91.030,40.013
211.074,180.828,91.030,40.013
207.179,182.748,93.044,40.898
208.989,181.972,93.044,40.898
205.110,184.817,93.044,40.898
203.817,185.076,93.044,40.898
206.145,185.852,93.044,40.898
207.955,187.662,93.044,40.898
208.731,188.438,93.044,40.898
206.403,189.214,93.044,40.898
205.110,191.024,93.044,40.898
201.748,192.834,93.044,40.898
196.694,191.577,95.102,41.803
196.430,192.370,95.102,41.803
192.464,192.634,95.102,41.803
192.729,191.313,95.102,41.803
189.821,192.634,95.102,41.803
190.085,191.841,95.102,41.803
191.936,190.520,95.102,41.803
190.614,190.255,95.102,41.803
189.821,189.991,95.102,41.803
186.504,189.163,93.074,40.912
186.245,187.869,93.074,40.912
184.434,188.128,93.074,40.912
182.623,185.800,93.074,40.912
183.399,185.023,93.074,40.912
182.106,183.730,93.074,40.912
182.882,182.436,93.074,40.912
180.036,180.108,93.074,40.912
179.260,177.780,93.074,40.912
176.931,176.486,93.074,40.912
177.190,174.158,93.074,40.912
174.862,173.382,93.074,40.912
175.121,172.088,93.074,40.912
174.862,170.794,93.074,40.912
175.638,170.536,93.074,40.912
172.275,168.725,93.074,40.912
172.533,166.396,93.074,40.912
169.170,164.068,93.074,40.912
166.842,162.257,93.074,40.912
167.618,161.998,93.074,40.912
165.807,163.809,93.074,40.912
167.618,160.446,93.074,40.912
168.394,158.635,93.074,40.912
167.101,159.411,93.074,40.912
166.842,157.083,93.074,40.912
162.323,155.288,95.134,41.817
158.356,153.966,95.134,41.817
155.448,155.288,95.134,41.817
153.068,152.908,95.134,41.817
151.746,151.586,95.134,41.817
154.654,151.322,95.134,41.817
154.919,148.413,95.134,41.817
152.010,151.322,95.134,41.817
149.630,148.942,95.134,41.817
148.308,150.264,95.134,41.817
143.284,147.884,95.134,41.817
143.548,147.620,95.134,41.817
139.053,147.355,95.134,41.817
135.225,146.017,93.105,40.925
136.519,148.346,93.105,40.925
135.742,144.464,93.105,40.925
133.413,146.276,93.105,40.925
129.014,144.464,93.105,40.925
128.237,144.723,93.105,40.925
125.391,145.500,93.105,40.925
123.579,143.170,93.105,40.925
125.908,142.912,93.105,40.925
126.167,142.135,93.105,40.925
123.320,140.841,93.105,40.925
122.026,141.618,93.105,40.925
117.627,142.394,93.105,40.925
115.815,142.135,93.105,40.925
115.557,141.359,93.105,40.925
117.368,142.135,93.105,40.925
115.039,140.841,93.105,40.925
111.157,141.100,93.105,40.925
108.828,139.289,93.105,40.925
107.534,140.583,93.105,40.925
104.170,140.841,93.105,40.925
101.841,139.547,93.105,40.925
101.582,139.806,93.105,40.925
100.288,140.065,93.105,40.925
97.959,138.771,93.105,40.925
95.112,141.100,93.105,40.925
92.783,139.806,93.105,40.925
91.489,141.100,93.105,40.925
91.230,139.806,93.105,40.925
92.524,140.583,93.105,40.925
94.336,141.359,93.105,40.925
96.147,139.030,93.105,40.925
97.959,141.359,93.105,40.925
100.805,138.512,93.105,40.925
105.723,138.253,93.105,40.925
109.087,137.477,93.105,40.925
112.451,136.183,93.105,40.925
116.333,135.924,93.105,40.925
120.215,134.630,93.105,40.925
123.579,133.854,93.105,40.925
127.979,132.042,93.105,40.925
131.343,130.231,93.105,40.925
134.190,129.972,93.105,40.925
138.589,129.713,93.105,40.925
142.471,127.902,93.105,40.925
143.765,127.643,93.105,40.925
149.200,126.349,93.105,40.925
149.976,126.090,93.105,40.925
154.893,124.279,93.105,40.925
158.257,124.537,93.105,40.925
160.586,123.244,93.105,40.925
164.986,121.950,93.105,40.925
165.762,122.726,93.105,40.925
171.714,120.914,93.105,40.925
173.008,121.173,93.105,40.925
174.820,119.362,93.105,40.925
175.596,120.656,93.105,40.925
177.408,119.879,93.105,40.925
178.184,121.691,93.105,40.925
178.961,121.950,93.105,40.925
180.255,121.173,93.105,40.925
180.513,122.467,93.105,40.925
177.667,121.691,93.105,40.925
178.443,124.020,93.105,40.925
174.044,126.349,93.105,40.925
171.197,126.090,93.105,40.925
169.903,128.937,93.105,40.925
167.056,130.748,93.105,40.925
166.280,133.595,93.105,40.925
160.328,134.889,93.105,40.925
160.586,136.701,93.105,40.925
156.705,139.030,93.105,40.925
154.893,140.324,93.105,40.925
149.976,143.171,93.105,40.925
148.164,144.464,93.105,40.925
144.800,145.758,93.105,40.925
144.024,148.088,93.105,40.925
141.177,146.276,93.105,40.925
139.883,148.605,93.105,40.925
139.624,147.829,93.105,40.925
138.330,147.052,93.105,40.925
134.448,145.241,93.105,40.925
131.602,143.947,93.105,40.925
130.825,144.723,93.105,40.925
127.461,141.877,93.105,40.925
126.685,140.583,93.105,40.925
124.356,138.253,93.105,40.925
120.474,135.924,93.105,40.925
120.215,134.630,93.105,40.925
115.298,133.336,93.105,40.925
116.074,131.007,93.105,40.925
113.227,130.748,93.105,40.925
111.416,128.937,93.105,40.925
111.675,128.678,93.105,40.925
108.310,127.902,93.105,40.925
105.464,128.678,93.105,40.925
105.205,127.902,93.105,40.925
106.499,129.196,93.105,40.925
106.758,127.902,93.105,40.925
108.569,129.713,93.105,40.925
108.828,129.455,93.105,40.925
109.604,129.196,93.105,40.925
110.898,128.419,93.105,40.925
112.710,129.196,93.105,40.925
113.486,128.419,93.105,40.925
116.333,127.643,93.105,40.925
119.180,127.902,93.105,40.925
122.544,127.125,93.105,40.925
126.426,125.831,93.105,40.925
129.273,126.608,93.105,40.925
132.119,124.279,93.105,40.925
136.001,122.985,93.105,40.925
139.883,124.796,93.105,40.925
144.283,121.432,93.105,40.925
146.612,119.103,93.105,40.925
149.976,116.256,93.105,40.925
152.305,113.927,93.105,40.925
153.599,112.633,93.105,40.925
155.411,109.269,93.105,40.925
157.222,106.940,93.105,40.925
157.998,105.646,93.105,40.925
159.810,104.869,93.105,40.925
160.069,106.163,93.105,40.925
157.740,105.387,93.105,40.925
160.069,107.198,93.105,40.925
160.845,107.975,93.105,40.925
162.139,109.269,93.105,40.925
160.845,109.010,93.105,40.925
163.174,111.339,93.105,40.925
160.845,110.045,93.105,40.925
164.209,111.857,93.105,40.925
164.468,113.151,93.105,40.925
167.315,112.892,93.105,40.925
165.503,115.739,93.105,40.925
168.350,115.480,93.105,40.925
170.679,117.291,93.105,40.925
168.350,117.550,93.105,40.925
167.574,119.362,93.105,40.925
164.209,120.138,93.105,40.925
165.503,119.362,93.105,40.925
166.797,121.173,93.105,40.925
168.609,119.362,93.105,40.925
168.350,121.173,93.105,40.925
168.091,120.397,93.105,40.925
169.385,121.691,93.105,40.925
166.539,123.502,93.105,40.925
169.903,122.208,93.105,40.925
170.162,123.502,93.105,40.925
171.456,123.761,93.105,40.925
171.714,124.537,93.105,40.925
173.008,124.279,93.105,40.925
171.197,124.020,93.105,40.925
173.008,125.831,93.105,40.925
173.267,124.020,93.105,40.925
174.561,125.831,93.105,40.925
174.820,125.055,93.105,40.925
173.008,124.279,93.105,40.925
173.785,125.573,93.105,40.925
170.938,124.279,93.105,40.925
169.644,125.573,93.105,40.925
167.833,125.314,93.105,40.925
164.468,126.608,93.105,40.925
162.139,125.831,93.105,40.925
158.775,127.643,93.105,40.925
156.963,127.384,93.105,40.925
153.599,127.125,93.105,40.925
151.787,128.419,93.105,40.925
152.046,127.125,93.105,40.925
149.200,128.419,93.105,40.925
146.353,127.643,93.105,40.925
145.059,129.454,93.105,40.925
143.247,127.643,93.105,40.925
141.436,129.454,93.105,40.925
142.212,128.161,93.105,40.925
138.848,127.384,93.105,40.925
135.484,129.713,93.105,40.925
132.637,128.419,93.105,40.925
130.308,129.196,93.105,40.925
127.461,129.454,93.105,40.925
127.202,129.196,93.105,40.925
123.320,130.490,93.105,40.925
120.991,129.713,93.105,40.925
118.145,130.490,93.105,40.925
114.780,131.784,93.105,40.925
115.039,130.490,93.105,40.925
111.675,132.301,93.105,40.925
109.346,129.972,93.105,40.925
107.534,132.301,93.105,40.925
103.652,132.042,93.105,40.925
101.323,130.748,93.105,40.925
97.959,133.078,93.105,40.925
94.077,131.266,93.105,40.925
93.818,133.595,93.105,40.925
90.454,132.819,93.105,40.925
89.160,133.078,93.105,40.925
85.278,132.301,93.105,40.925
82.949,132.560,93.105,40.925
80.102,134.372,93.105,40.925
76.738,132.560,93.105,40.925
75.961,134.889,93.105,40.925
72.080,134.113,93.105,40.925
69.750,132.819,93.105,40.925
67.939,135.148,93.105,40.925
65.092,132.819,93.105,40.925
63.281,134.630,93.105,40.925
58.881,135.407,93.105,40.925
56.035,134.113,93.105,40.925
53.188,134.372,93.105,40.925
50.859,134.113,93.105,40.925
50.600,134.372,93.105,40.925
47.236,135.665,93.105,40.925
43.871,133.854,93.105,40.925
41.542,136.183,93.105,40.925
38.178,134.372,93.105,40.925
38.437,135.148,93.105,40.925
35.590,133.854,93.105,40.925
34.296,135.148,93.105,40.925
31.449,133.336,93.105,40.925
29.638,134.113,93.105,40.925
27.309,132.819,93.105,40.925
26.015,133.595,93.105,40.925
23.168,132.301,93.105,40.925
21.356,129.972,93.105,40.925
18.510,131.784,93.105,40.925
18.251,129.972,93.105,40.925
14.887,129.196,93.105,40.925
13.593,128.419,93.105,40.925
10.746,126.608,93.105,40.925
8.934,126.349,93.105,40.925
10.228,124.020,93.105,40.925
8.934,123.243,93.105,40.925
11.264,120.914,93.105,40.925
10.487,121.173,93.105,40.925
12.816,117.809,93.105,40.925
14.628,116.515,93.105,40.925
14.887,114.703,93.105,40.925
16.181,112.892,93.105,40.925
16.439,111.598,93.105,40.925
17.216,110.304,93.105,40.925
18.510,107.457,93.105,40.925
18.768,108.751,93.105,40.925
20.062,106.940,93.105,40.925
20.321,108.234,93.105,40.925
17.992,107.457,93.105,40.925
19.804,106.681,93.105,40.925
21.615,108.492,93.105,40.925
20.321,107.198,93.105,40.925
22.133,108.492,93.105,40.925
21.356,110.304,93.105,40.925
21.615,109.010,93.105,40.925
23.944,111.857,93.105,40.925
22.133,113.151,93.105,40.925
23.944,112.374,93.105,40.925
25.238,114.703,93.105,40.925
23.427,116.515,93.105,40.925
26.791,117.809,93.105,40.925
25.497,117.032,93.105,40.925
27.826,119.362,93.105,40.925
28.085,118.068,93.105,40.925
28.861,119.362,93.105,40.925
29.120,122.208,93.105,40.925
29.379,121.432,93.105,40.925
31.190,124.279,93.105,40.925
29.897,123.502,93.105,40.925
32.743,126.349,93.105,40.925
33.520,126.090,93.105,40.925
33.778,127.902,93.105,40.925
35.072,129.713,93.105,40.925
35.849,131.525,93.105,40.925
37.143,132.301,93.105,40.925
37.919,133.078,93.105,40.925
38.695,134.372,93.105,40.925
39.989,135.148,93.105,40.925
40.766,136.442,93.105,40.925
44.130,137.218,93.105,40.925
45.424,138.512,93.105,40.925
45.683,139.806,93.105,40.925
46.977,141.100,93.105,40.925
48.788,139.806,93.105,40.925
50.600,143.170,93.105,40.925
51.894,142.912,93.105,40.925
54.223,144.723,93.105,40.925
55.517,146.017,93.105,40.925
58.364,146.794,93.105,40.925
59.658,146.017,93.105,40.925
56.811,147.311,93.105,40.925
58.622,148.605,93.105,40.925
55.776,150.417,93.105,40.925
58.622,151.193,93.105,40.925
61.469,151.969,93.105,40.925
63.281,152.746,93.105,40.925
64.057,154.557,93.105,40.925
65.869,156.369,93.105,40.925
70.786,158.180,93.105,40.925
66.265,159.070,95.165,41.831
68.117,158.806,95.165,41.831
69.968,158.541,95.165,41.831
73.936,160.393,95.165,41.831
75.788,158.541,95.165,41.831
78.169,159.864,95.165,41.831
79.491,157.483,95.165,41.831
82.555,160.588,97.270,42.756
96.344,163.562,97.270,42.756
102.022,163.292,97.270,42.756
88.773,157.073,97.270,42.756
92.288,156.803,97.270,42.756
95.803,159.236,97.270,42.756
106.228,156.800,99.422,43.702
115.736,160.043,101.622,44.669
120.767,158.670,103.871,45.657
134.914,160.691,103.871,45.657
134.047,159.248,103.871,45.657
142.998,162.423,103.871,45.657
153.103,162.712,103.871,45.657
161.475,162.423,103.871,45.657
84.966,165.022,103.871,45.657
95.648,165.311,103.871,45.657
93.001,166.303,106.169,46.668
105.101,163.647,106.169,46.668
109.743,166.499,108.518,47.700
120.904,163.784,108.518,47.700
133.874,160.466,108.518,47.700
139.245,163.381,110.919,48.755
151.269,158.756,110.919,48.755
162.677,160.914,110.919,48.755
173.467,158.140,110.919,48.755
184.875,157.215,110.919,48.755
197.515,157.523,110.919,48.755
205.840,158.448,110.919,48.755
213.547,160.606,110.919,48.755
217.555,157.831,110.919,48.755
220.947,157.523,110.919,48.755
223.721,154.748,110.919,48.755
208.100,148.131,113.373,49.834
198.019,145.945,115.881,50.937
203.494,143.691,115.881,50.937
207.682,144.657,115.881,50.937
211.869,144.335,115.881,50.937
216.268,146.111,118.445,52.064
221.865,149.074,118.445,52.064
130.038,142.691,121.066,53.216
139.797,139.662,121.066,53.216
146.863,141.345,121.066,53.216
122.132,135.519,123.744,54.393
120.407,134.561,126.482,55.596
106.241,133.581,129.280,56.827
90.071,131.066,129.280,56.827
93.305,132.862,129.280,56.827
99.414,130.347,129.280,56.827
103.366,132.862,129.280,56.827
105.882,131.784,129.280,56.827
108.397,132.144,129.280,56.827
107.319,131.066,129.280,56.827
111.991,130.706,129.280,56.827
115.944,128.909,129.280,56.827
111.904,130.145,132.141,58.084
121.086,128.308,132.141,58.084
71.501,135.287,132.141,58.084
63.053,137.858,132.141,58.084
61.276,137.415,129.323,56.845
66.668,137.056,129.323,56.845
68.465,135.978,129.323,56.845
65.230,135.618,129.323,56.845
60.557,134.540,129.323,56.845
58.125,135.492,126.565,55.633
59.884,133.030,126.565,55.633
57.421,134.085,126.565,55.633
55.719,131.627,123.866,54.447
55.375,132.659,123.866,54.447
52.276,130.249,123.866,54.447
50.555,129.217,123.866,54.447
49.522,130.249,123.866,54.447
49.178,127.151,123.866,54.447
46.768,128.184,123.866,54.447
45.046,125.774,123.866,54.447
45.390,128.184,123.866,54.447
42.292,125.774,123.866,54.447
41.947,126.806,123.866,54.447
41.609,125.064,121.224,53.285
40.598,125.401,121.224,53.285
41.609,125.738,121.224,53.285
39.250,124.727,121.224,53.285
37.566,123.042,121.224,53.285
38.576,123.379,121.224,53.285
34.196,124.390,121.224,53.285
34.533,123.379,121.224,53.285
30.153,123.042,121.224,53.285
29.142,121.358,121.224,53.285
26.109,122.368,121.224,53.285
24.424,122.031,121.224,53.285
26.783,120.347,121.224,53.285
23.077,122.031,121.224,53.285
20.718,118.999,121.224,53.285
23.077,119.336,121.224,53.285
20.718,117.651,121.224,53.285
21.055,117.988,121.224,53.285
16.674,119.673,121.224,53.285
21.055,122.705,121.224,53.285
25.435,123.716,121.224,53.285
29.816,118.662,121.224,53.285
26.783,121.021,121.224,53.285
33.185,120.010,121.224,53.285
39.587,118.325,121.224,53.285
44.642,117.988,121.224,53.285
49.022,116.303,121.224,53.285
52.728,115.966,121.224,53.285
57.109,116.303,121.224,53.285
59.467,116.640,121.224,53.285
65.196,114.955,121.224,53.285
69.576,113.945,121.224,53.285
73.956,113.608,121.224,53.285
75.641,113.945,121.224,53.285
79.348,111.586,121.224,53.285
80.358,111.923,121.224,53.285
83.391,109.564,121.224,53.285
83.728,110.575,121.224,53.285
86.761,110.912,121.224,53.285
89.119,109.227,121.224,53.285
90.130,110.238,121.224,53.285
91.815,110.575,121.224,53.285
94.847,111.586,121.224,53.285
94.511,110.575,121.224,53.285
98.217,110.238,121.224,53.285
99.228,109.901,121.224,53.285
102.934,109.564,121.224,53.285
105.293,111.249,121.224,53.285
106.304,109.564,121.224,53.285
110.684,110.575,121.224,53.285
109.703,110.818,118.639,52.149
113.990,109.170,118.639,52.149
116.299,110.818,118.639,52.149
115.969,109.170,118.639,52.149
119.596,110.818,118.639,52.149
120.586,109.170,118.639,52.149
124.873,109.499,118.639,52.149
125.862,107.851,118.639,52.149
124.873,108.840,118.639,52.149
125.862,107.851,118.639,52.149
122.894,107.521,118.639,52.149
118.607,107.191,118.639,52.149
113.001,108.840,118.639,52.149
107.395,106.532,118.639,52.149
102.621,106.770,116.109,51.037
97.780,106.447,116.109,51.037
92.812,106.887,118.678,52.166
86.545,105.238,118.678,52.166
77.954,105.476,116.147,51.054
73.757,105.153,116.147,51.054
74.725,106.121,116.147,51.054
78.922,104.507,116.147,51.054
85.702,103.539,116.147,51.054
102.167,101.925,116.147,51.054
117.340,100.310,116.147,51.054
129.931,100.633,116.147,51.054
141.230,97.728,116.147,51.054
153.821,99.342,116.147,51.054
168.349,97.728,116.147,51.054
176.744,96.716,113.670,49.965
180.852,95.768,113.670,49.965
191.278,94.820,113.670,49.965
196.649,94.504,113.670,49.965
201.820,92.296,111.246,48.900
205.840,93.224,111.246,48.900
210.901,91.063,108.874,47.857
217.604,90.115,106.552,46.836
213.754,88.634,106.552,46.836
215.827,87.153,106.552,46.836
219.085,84.488,106.552,46.836
222.935,84.192,106.552,46.836
225.600,81.526,106.552,46.836
219.813,77.628,108.910,47.872
214.666,72.482,108.910,47.872
221.629,70.968,108.910,47.872
225.564,67.638,108.910,47.872
229.935,74.276,106.587,46.852
176.311,90.571,106.587,46.852
173.644,94.422,106.587,46.852
180.459,92.348,106.587,46.852
188.163,95.418,104.314,45.852
191.932,96.288,104.314,45.852
195.122,95.998,104.314,45.852
196.571,96.288,104.314,45.852
195.702,97.157,104.314,45.852
193.092,94.548,104.314,45.852
192.222,95.998,104.314,45.852
194.252,93.968,104.314,45.852
195.122,94.258,104.314,45.852
194.252,93.968,104.314,45.852
195.122,93.098,104.314,45.852
192.512,95.128,104.314,45.852
193.962,92.518,104.314,45.852
192.512,95.128,104.314,45.852
189.903,93.098,104.314,45.852
190.772,93.388,104.314,45.852
188.743,94.838,104.314,45.852
189.033,92.228,104.314,45.852
189.903,93.678,104.314,45.852
187.873,91.648,104.314,45.852
188.163,91.938,104.314,45.852
188.453,92.228,104.314,45.852
186.423,91.358,104.314,45.852
183.234,93.388,104.314,45.852
180.624,92.518,104.314,45.852
178.015,93.388,104.314,45.852
174.825,93.098,104.314,45.852
171.636,93.388,104.314,45.852
169.606,93.678,104.314,45.852
164.677,93.388,104.314,45.852
161.488,95.418,104.314,45.852
157.718,95.708,104.314,45.852
156.848,94.258,104.314,45.852
151.339,96.867,104.314,45.852
146.990,95.418,104.314,45.852
140.901,98.027,104.314,45.852
132.493,98.897,104.314,45.852
125.824,97.447,104.314,45.852
119.735,100.637,104.314,45.852
111.906,99.187,104.314,45.852
107.557,100.637,104.314,45.852
99.149,102.666,104.314,45.852
93.060,102.376,104.314,45.852
86.971,104.986,104.314,45.852
76.243,105.856,104.314,45.852
72.473,104.986,104.314,45.852
66.964,108.175,104.314,45.852
64.935,107.886,104.314,45.852
63.485,109.335,104.314,45.852
63.195,110.785,104.314,45.852
66.384,109.915,104.314,45.852
67.834,110.785,104.314,45.852
67.544,110.495,104.314,45.852
70.734,111.945,104.314,45.852
70.444,110.495,104.314,45.852
72.473,112.525,104.314,45.852
73.923,111.075,104.314,45.852
75.373,111.945,104.314,45.852
77.402,111.075,104.314,45.852
80.012,111.365,104.314,45.852
81.462,112.235,104.314,45.852
83.491,113.105,104.314,45.852
84.941,112.815,104.314,45.852
87.551,114.264,104.314,45.852
89.000,112.815,104.314,45.852
91.610,115.424,104.314,45.852
90.740,115.714,104.314,45.852
94.509,114.264,104.314,45.852
93.640,116.874,104.314,45.852
97.989,114.844,104.314,45.852
100.598,117.454,104.314,45.852
100.308,118.324,104.314,45.852
104.658,119.194,104.314,45.852
104.368,117.744,104.314,45.852
107.557,119.194,104.314,45.852
109.007,118.324,104.314,45.852
113.356,120.933,104.314,45.852
114.226,118.324,104.314,45.852
118.575,119.773,104.314,45.852
121.185,117.164,104.314,45.852
126.694,119.194,104.314,45.852
129.303,117.164,104.314,45.852
134.049,116.814,102.090,44.875
137.738,118.233,102.090,44.875
140.859,116.247,102.090,44.875
138.305,113.693,102.090,44.875
143.129,110.572,102.090,44.875
140.575,108.018,102.090,44.875
136.886,106.599,102.090,44.875
135.463,105.808,104.348,45.867
138.653,104.358,104.348,45.867
142.424,102.327,104.348,45.867
147.934,103.198,104.348,45.867
153.445,101.167,104.348,45.867
158.376,102.037,104.348,45.867
163.887,99.427,104.348,45.867
169.193,96.841,102.123,44.889
174.586,95.422,102.123,44.889
179.412,94.002,102.123,44.889
183.102,93.718,102.123,44.889
103.340,115.310,104.383,45.882
97.827,115.019,104.383,45.882
95.796,115.890,104.383,45.882
91.444,114.439,104.383,45.882
87.672,114.729,104.383,45.882
85.061,113.279,104.383,45.882
81.870,115.310,104.383,45.882
79.258,113.279,104.383,45.882
76.647,115.310,104.383,45.882
75.196,112.698,104.383,45.882
72.005,113.569,104.383,45.882
69.394,112.118,104.383,45.882
66.782,113.569,104.383,45.882
67.072,110.958,104.383,45.882
66.202,112.408,104.383,45.882
66.492,112.118,104.383,45.882
65.041,112.408,104.383,45.882
66.492,111.538,104.383,45.882
63.881,112.989,104.383,45.882
65.912,110.958,104.383,45.882
63.301,112.989,104.383,45.882
65.332,110.377,104.383,45.882
62.140,111.828,104.383,45.882
61.850,110.377,104.383,45.882
64.461,112.408,104.383,45.882
64.751,112.118,104.383,45.882
66.782,111.248,104.383,45.882
63.010,113.279,104.383,45.882
58.545,111.266,106.692,46.898
55.876,109.783,106.692,46.898
51.427,111.859,106.692,46.898
49.351,109.783,106.692,46.898
43.556,112.033,109.053,47.935
42.646,109.305,109.053,47.935
38.610,110.977,111.465,48.996
37.060,109.427,111.465,48.996
33.652,110.977,111.465,48.996
32.103,110.047,111.465,48.996
27.456,108.498,111.465,48.996
24.667,110.667,111.465,48.996
26.836,109.737,111.465,48.996
23.428,110.667,111.465,48.996
23.738,109.737,111.465,48.996
22.189,110.047,111.465,48.996
26.217,108.498,111.465,48.996
23.428,109.427,111.465,48.996
24.977,108.498,111.465,48.996
22.189,109.427,111.465,48.996
24.358,108.498,111.465,48.996
22.189,108.808,111.465,48.996
22.499,109.737,111.465,48.996
22.189,107.568,111.465,48.996
23.118,109.118,111.465,48.996
21.569,107.568,111.465,48.996
25.597,107.259,111.465,48.996
24.048,108.808,111.465,48.996
22.499,107.259,111.465,48.996
25.907,108.188,111.465,48.996
24.358,107.259,111.465,48.996
27.146,106.949,111.465,48.996
24.977,109.118,111.465,48.996
25.287,106.949,111.465,48.996
25.597,108.498,111.465,48.996
24.048,106.949,111.465,48.996
26.217,108.498,111.465,48.996
24.048,107.568,111.465,48.996
24.977,110.357,111.465,48.996
22.808,110.667,111.465,48.996
20.640,111.596,111.465,48.996
22.808,110.667,111.465,48.996
18.161,111.596,111.465,48.996
21.569,110.667,111.465,48.996
17.541,111.596,111.465,48.996
20.330,110.667,111.465,48.996
16.922,112.216,111.465,48.996
15.992,110.667,111.465,48.996
16.302,112.216,111.465,48.996
13.514,112.526,111.465,48.996
15.063,110.977,111.465,48.996
12.274,113.145,111.465,48.996
11.965,112.216,111.465,48.996
14.646,110.648,109.088,47.951
11.311,113.983,109.088,47.951
13.433,111.861,109.088,47.951
10.704,113.983,109.088,47.951
6.763,114.287,109.088,47.951
11.311,111.558,109.088,47.951
14.040,113.680,109.088,47.951
14.949,112.770,109.088,47.951
16.466,114.287,109.088,47.951
17.375,113.983,109.088,47.951
18.891,116.106,109.088,47.951
23.854,113.987,106.762,46.928
23.557,114.284,106.762,46.928
27.415,115.174,106.762,46.928
30.679,114.284,106.762,46.928
28.008,115.174,106.762,46.928
31.866,114.284,106.762,46.928
35.724,114.580,106.762,46.928
33.647,113.690,106.762,46.928
39.285,112.800,106.762,46.928
41.956,115.471,106.762,46.928
39.878,115.767,106.762,46.928
45.879,114.838,104.485,45.928
42.685,116.871,104.485,45.928
47.622,114.838,104.485,45.928
46.170,116.871,104.485,45.928
49.945,115.418,104.485,45.928
49.074,116.871,104.485,45.928
52.849,116.580,104.485,45.928
53.721,115.709,104.485,45.928
57.496,116.580,104.485,45.928
54.882,116.290,104.485,45.928
59.239,117.742,104.485,45.928
58.948,115.709,104.485,45.928
62.724,117.161,104.485,45.928
60.691,116.871,104.485,45.928
65.047,115.999,104.485,45.928
64.176,118.032,104.485,45.928
67.371,115.999,104.485,45.928
68.823,117.451,104.485,45.928
66.209,118.323,104.485,45.928
71.146,118.032,104.485,45.928
69.694,118.323,104.485,45.928
72.889,118.032,104.485,45.928
74.922,118.323,104.485,45.928
72.308,119.194,104.485,45.928
76.083,118.323,104.485,45.928
78.116,119.775,104.485,45.928
79.569,118.323,104.485,45.928
81.021,119.775,104.485,45.928
83.054,120.065,104.485,45.928
83.925,120.936,104.485,45.928
87.558,119.467,102.257,44.948
86.137,121.456,102.257,44.948
89.264,122.309,102.257,44.948
91.822,120.888,102.257,44.948
89.264,122.877,102.257,44.948
93.527,122.593,102.257,44.948
93.243,122.877,102.257,44.948
96.938,123.162,102.257,44.948
98.359,121.741,102.257,44.948
99.212,123.730,102.257,44.948
101.201,123.446,102.257,44.948
102.054,124.299,102.257,44.948
100.065,125.151,102.257,44.948
103.191,124.867,102.257,44.948
104.044,125.720,102.257,44.948
106.602,124.867,102.257,44.948
109.160,124.583,102.257,44.948
109.444,124.299,102.257,44.948
112.002,123.446,102.257,44.948
111.718,126.004,102.257,44.948
111.434,126.288,102.257,44.948
113.992,125.436,102.257,44.948
115.413,127.425,102.257,44.948
