0.00454330
0.01121807
0.01094389
0.01062655
0.01053667
0.01045752
0.01051807
0.01051402
0.01060319
0.01061034
0.01052523
0.01053929
0.01049948
0.01054478
0.01053667
0.01061082
0.01059890
0.01050854
0.01064181
0.01056147
0.01059842
0.01067042
0.01080394
0.01064730
0.01063943
0.01078534
0.01061797
0.01062155
0.01068640
0.01051879
0.01047158
0.01052713
0.01053166
0.01056075
0.01061440
0.01052594
0.01049495
0.01054883
0.01049805
0.01058602
0.01060534
0.01049447
0.01061559
0.01052070
0.01056767
0.01058316
0.01059341
0.01059175
0.01066089
0.01054549
0.01049542
0.01057887
0.01051044
0.01065731
0.01055360
0.01067162
0.01054311
0.01053262
0.01052046
0.01048732
0.01064253
0.01067138
0.01073050
0.01053119
0.01051188
0.01041651
0.01055789
0.01051950
0.01058888
0.01056695
0.01051736
0.01056671
0.01055908
0.01054716
