0.00591660
0.01108336
0.01168990
0.01085520
0.01099634
0.01069427
0.01051760
0.01063848
0.01067376
0.01076221
0.01073861
0.01063228
0.01066208
0.01044583
0.01052833
0.01049662
0.01061225
0.01069450
0.01074457
0.01071358
0.01074648
0.01074910
0.01126695
0.01103735
0.01071858
0.01074195
0.01072145
0.01071835
0.01093507
0.01078701
0.01082277
0.01068878
0.01081181
0.01078176
0.01082468
0.01073980
0.01111126
0.01074958
0.01075149
0.01079941
0.01077485
0.01071811
0.01081085
0.01062632
0.01080728
0.01066899
0.01088166
0.01064229
0.01074409
0.01069736
0.01079583
0.01066184
0.01073861
0.01078248
0.01088476
0.01073885
0.01064968
0.01067758
0.01074910
0.01065230
0.01078248
0.01072097
0.01185632
0.01102090
0.01094723
0.01075935
0.01079893
0.01072145
0.01092553
0.01076984
0.01098394
0.01084232
0.01093817
0.01077700
0.01093912
0.01093292
0.01086521
0.01082873
0.01105165
0.01084018
0.01089716
0.01074982
0.01088619
0.01079488
0.01092982
0.01071763
0.01078701
0.01071787
0.01081920
0.01067162
0.01067042
0.01071835
0.01066089
0.01064277
0.01059532
0.01064396
0.01066542
0.01069212
0.01078224
0.01067567
0.01080894
0.01124263
0.01101947
0.01077175
0.01084065
0.01072979
0.01082373
0.01067090
0.01082587
0.01074457
0.01079822
0.01067066
0.01077676
0.01072693
0.01087308
0.01076937
0.01092839
0.01068377
0.01076818
0.01073885
0.01078749
0.01077819
0.01084852
0.01066542
0.01073527
0.01075244
0.01078439
0.01081443
0.01080012
0.01079273
0.01066637
0.01082277
0.01081586
0.01086783
0.01092315
0.01104188
0.01084781
0.01084304
0.01090765
0.01081896
0.01093054
0.01104879
0.01108503
0.01085949
0.01095366
0.01086044
0.01089644
0.01086259
0.01088524
0.01067924
0.01073480
0.01074743
0.01096511
0.01086402
0.01086736
0.01066160
0.01077771
0.01069784
0.01065612
0.01075029
0.01069975
0.01065254
0.01063824
0.01074362
0.01062536
0.01068616
