0.00655770
0.01483727
0.01370358
0.01296830
0.01308131
0.01299453
0.01307154
0.01319098
0.01286316
0.01329470
0.01314807
0.01284289
0.01305079
0.01310992
0.01300240
0.01304507
0.01287198
0.01323152
0.01304793
0.01301932
0.01319933
0.01299167
0.01287699
0.01305866
0.01289296
0.01297212
0.01300144
0.01288915
0.01300383
0.01289511
0.01312375
0.01308942
0.01298070
0.01297283
0.01302838
0.01328874
0.01298213
0.01303172
0.01280403
0.01299763
0.01301813
0.01302457
0.01312900
0.01300359
0.01312470
0.01290059
0.01307535
0.01304007
0.01294971
0.01300359
0.01305175
0.01296854
0.01289845
0.01310253
0.01322389
0.01299787
0.01307845
0.01284003
0.01306963
0.01293945
0.01311421
0.01298380
0.01300097
0.01314831
0.01305652
0.01302290
0.01318145
0.01313210
0.01310515
0.01319313
0.01305866
0.01308918
0.01316857
0.01312637
0.01298571
0.01313019
0.01312995
0.01330757
0.01307297
0.01293588
0.01292849
0.01303577
0.01310635
0.01291561
0.01311350
0.01270962
0.01264906
0.01304507
0.01299024
0.01323557
0.01306581
0.01306939
0.01306105
0.01294613
0.01294661
0.01309919
0.01313186
0.01299667
0.01302695
0.01308513
0.01316428
0.01304531
0.01303267
0.01311421
0.01295686
0.01306009
0.01309538
0.01295519
0.01293182
0.01310205
0.01310682
0.01298308
0.01318550
0.01285672
0.01289964
0.01302934
0.01288533
0.01300955
0.01294017
0.01298237
0.01295781
0.01305771
0.01266026
0.01306558
0.01298213
0.01285172
0.01301265
0.01305628
0.01294208
0.01292968
0.01310396
0.01296926
0.01305866
0.01336789
0.01306438
0.01295257
0.01291442
0.01301837
0.01295567
0.01287627
0.01281953
0.01309180
0.01319265
0.01290584
0.01297617
0.01312208
0.01293302
0.01302958
0.01288033
0.01318908
0.01295066
0.01305032
0.01294398
0.01295781
0.01305008
0.01282525
0.01309013
0.01291180
0.01289511
0.01291490
0.01303983
0.01286578
0.01316929
0.01314855
0.01302409
0.01313877
0.01299500
0.01309323
0.01304603
0.01296782
0.01308918
0.01306772
0.01304770
0.01311541
0.01311469
0.01291299
0.01310039
0.01283503
0.01311970
0.01324916
0.01310325
0.01295781
0.01281190
0.01294756
0.01317334
0.01305938
0.01299024
0.01307201
0.01312733
0.01326609
0.01308823
0.01286793
0.01288533
0.01295257
0.01311159
0.01316619
0.01309228
0.01306963
0.01297092
0.01309419
0.01295185
0.01298928
0.01288033
0.01313567
0.01303434
0.01308870
0.01284337
0.01293850
0.01298618
0.01265073
0.01297426
0.01317072
0.01310325
0.01316023
0.01319623
0.01331806
0.01278496
0.01290345
0.01297069
0.01269484
0.01300740
0.01307869
0.01315999
0.01318765
0.01298094
0.01302624
0.01308751
0.01303959
0.01305270
0.01283884
0.01307893
0.01295829
0.01345396
0.01302862
0.01308060
0.01316309
0.01306677
0.01302862
0.01310396
0.01294780
0.01293325
0.01305246
0.01293802
0.01302290
0.01312399
0.01308346
0.01307559
0.01301336
0.01335764
0.01312065
0.01313257
0.01300383
0.01292682
0.01316285
0.01303887
0.01308513
0.01317835
0.01293731
0.01314926
0.01314425
0.01310492
0.01314640
0.01294541
0.01294851
0.01310420
0.01295018
0.01309752
0.01294684
0.01316118
0.01314139
0.01315308
0.01305580
0.01276326
0.01333857
0.01294088
0.01307559
0.01310420
0.01280499
0.01306820
0.01281166
0.01308632
0.01309419
0.01315403
0.01337099
0.01335096
0.01324534
0.01326799
0.01339459
0.01327252
0.01307106
0.01317883
0.01327324
0.01303458
0.01331902
0.01330042
0.01352334
0.01320887
0.01342702
0.01333570
0.01332998
0.01324868
0.01314783
0.01310682
0.01323104
0.01319647
0.01315022
0.01312256
0.01307273
0.01307321
0.01311421
0.01293349
0.01309896
0.01321006
0.01309371
0.01307726
0.01318026
0.01295686
0.01301026
0.01308727
0.01322222
0.01306939
0.01339078
0.01322222
0.01314092
0.01306295
0.01316810
0.01305413
0.01299381
0.01304603
0.01315689
0.01305747
0.01343155
0.01309276
0.01324868
0.01311541
0.01302052
0.01321173
0.01321387
0.01308870
0.01314425
0.01298404
0.01328206
0.01332760
0.01318717
0.01336217
0.01316237
0.01305127
0.01327586
0.01334500
0.01310325
0.01298285
0.01318693
0.01309156
0.01324892
0.01319456
0.01319242
0.01313806
0.01315856
0.01311874
0.01318550
0.01328778
0.01315594
0.01310110
0.01334405
0.01328230
0.01314735
0.01319265
0.01321864
0.01306248
0.01346922
0.01348042
0.01309395
0.01313519
0.01325560
0.01335621
0.01312089
0.01319551
0.01338363
0.01322055
0.01314211
0.01352906
0.01322317
0.01326966
0.01319098
0.01309252
0.01326013
0.01323891
0.01324797
0.01325250
0.01318336
0.01320672
0.01332855
0.01309347
0.01338267
0.01319957
0.01325655
0.01315284
0.01307750
0.01290774
0.01312256
0.01313257
0.01320291
0.01314354
0.01307988
0.01320910
0.01313400
0.01317835
0.01322055
0.01317549
0.01311421
0.01312900
0.01311040
0.01290369
0.01311398
0.01327920
0.01274371
0.01328683
0.01314330
0.01304483
0.01329589
0.01325107
0.01322913
0.01320028
0.01299763
0.01304817
0.01329994
0.01322389
0.01322651
0.01320505
0.01304126
0.01295424
0.01320553
0.01304483
0.01327896
0.01317978
0.01318169
0.01319695
0.01298833
0.01302814
0.01292086
0.01303649
0.01311684
0.01309657
0.01314402
0.01297116
0.01313448
0.01310349
0.01320624
0.01294255
0.01314950
0.01314950
0.01344013
0.01322317
0.01310515
0.01300526
0.01319337
0.01323438
0.01309204
0.01286864
0.01308870
0.01320744
0.01315093
0.01326776
0.01304626
0.01315165
0.01308465
0.01325154
0.01315427
0.01321030
0.01306677
0.01289988
0.01304936
0.01324630
0.01312375
0.01319385
0.01302719
0.01312280
0.01313472
0.01308966
0.01337838
0.01309133
0.01334071
0.01313210
0.01305151
0.01288152
0.01319265
0.01310587
0.01301074
0.01312757
0.01304221
0.01306415
0.01303196
0.01304388
0.01311851
0.01305532
0.01323843
0.01333213
0.01308346
0.01307249
0.01317000
0.01310134
0.01321387
0.01305699
0.01316667
0.01316571
0.01321936
0.01287413
0.01331329
0.01321292
0.01312447
0.01328945
0.01304674
0.01323795
0.01315093
0.01319933
0.01319265
0.01332569
0.01319027
0.01309562
0.01327562
0.01326585
0.01307726
0.01331186
0.01326656
0.01312733
0.01315308
0.01316643
0.01337218
0.01320696
0.01322293
0.01321959
0.01316071
0.01317787
0.01311398
0.01318383
0.01330543
0.01311636
0.01315856
0.01318455
0.01330662
0.01329327
0.01317739
0.01321387
0.01334000
0.01336455
0.01317167
0.01337409
0.01312923
0.01337028
0.01302028
0.01319385
0.01333714
0.01297045
0.01310658
0.01322412
0.01324081
0.01377559
0.01403260
0.01327872
0.01336789
0.01334834
0.01336980
0.01317382
0.01331472
0.01333642
0.01314855
0.01336932
0.01333547
0.01334405
0.01355910
0.01356339
0.01326156
0.01321387
0.01322055
0.01321244
0.01329160
0.01306891
0.01342273
0.01323271
0.01334929
0.01332951
0.01336145
0.01319361
0.01335597
0.01324201
0.01336002
0.01333117
0.01360178
0.01318336
0.01335907
0.01344585
0.01335216
0.01328588
0.01322651
0.01313567
0.01330471
0.01348186
0.01322007
0.01320982
0.01324439
0.01322722
0.01315260
0.01325679
0.01329303
0.01334858
0.01326895
0.01323676
0.01334429
0.01333594
0.01328421
0.01324105
0.01311183
0.01337886
0.01329756
0.01307011
0.01329827
0.01332808
0.01330662
0.01324177
0.01309133
0.01276112
0.01332998
0.01325917
0.01331711
0.01315475
0.01330876
0.01335287
0.01326680
0.01315808
0.01322699
0.01339507
0.01317835
0.01337242
0.01359892
0.01315904
0.01323700
0.01320696
0.01312375
0.01319218
0.01319122
0.01326871
0.01326323
0.01325345
0.01313663
0.01341486
0.01335382
0.01364636
0.01333356
0.01318407
0.01329637
0.01319003
0.01328158
0.01314473
0.01330018
0.01321149
0.01343274
0.01328444
0.01343799
0.01312375
0.01315618
0.01313043
0.01322126
0.01317596
0.01313663
0.01308775
0.01320171
0.01310802
0.01311517
0.01315022
0.01317286
0.01318288
0.01329350
0.01322055
0.01312304
0.01319265
0.01287580
0.01276994
0.01328540
0.01314402
0.01317000
0.01323581
0.01331735
0.01335764
0.01334548
0.01325774
0.01347017
0.01336861
0.01343942
0.01330304
0.01311183
0.01319623
0.01314974
0.01318192
0.01321077
0.01323724
0.01327467
0.01337910
0.01337481
0.01350594
0.01324248
0.01321840
0.01324773
0.01324296
0.01319766
0.01331377
0.01341391
0.01334834
0.01330400
0.01322246
0.01333380
0.01313853
0.01329374
0.01285577
0.01347184
0.01330161
0.01325488
0.01342607
0.01323819
0.01329446
0.01341224
0.01338649
0.01345158
0.01326084
0.01365662
0.01333380
0.01344943
0.01344657
0.01327729
0.01335359
0.01337981
0.01346827
0.01361632
0.01337838
0.01333547
0.01341081
0.01317000
0.01338792
0.01347852
0.01330471
0.01315165
0.01343584
0.01338625
0.01329470
0.01304126
0.01319838
0.01336646
0.01351976
0.01324320
0.01358509
0.01336503
0.01334357
0.01319981
0.01325250
0.01331162
0.01340079
0.01320744
0.01342297
0.01317096
0.01322913
0.01324987
0.01325703
0.01357436
0.01339579
0.01321268
0.01327944
0.01324320
0.01323199
0.01337051
0.01338172
0.01344919
0.01346874
0.01343012
0.01342034
0.01326752
0.01360250
0.01346803
0.01339364
0.01337004
0.01313806
0.01315403
0.01322913
0.01324654
0.01331687
0.01342940
0.01330853
0.01351047
0.01343942
0.01338696
0.01339459
0.01349711
0.01327825
0.01319695
0.01323986
0.01313376
0.01343322
0.01328111
0.01339602
0.01330996
0.01307583
0.01332760
0.01327181
0.01340151
0.01323056
0.01347327
0.01321793
0.01336813
0.01326847
0.01314306
0.01332235
0.01335144
0.01333785
0.01282835
0.01321769
0.01332998
0.01335287
0.01342583
0.01332641
0.01330066
0.01334453
0.01325798
0.01363301
0.01336026
0.01332855
0.01317406
0.01337266
0.01334739
0.01324224
0.01358581
0.01337552
0.01331711
0.01339412
0.01328659
0.01327205
0.01354647
0.01331949
0.01344013
0.01340485
0.01325130
0.01328373
0.01323605
0.01336193
0.01341724
0.01320720
0.01328635
0.01331735
0.01361275
0.01341796
0.01336694
0.01332641
0.01333427
0.01342702
0.01345825
0.01323771
0.01321912
0.01332736
0.01335812
0.01331878
0.01339269
0.01316881
0.01320195
0.01342583
0.01315022
0.01320863
0.01345086
0.01325989
0.01332259
0.01324224
0.01326132
0.01319432
0.01323485
0.01316309
0.01317334
0.01320481
0.01327896
0.01332164
0.01365423
0.01334286
0.01362419
0.01332927
0.01299477
0.01342559
0.01326776
0.01340222
0.01325679
0.01341581
0.01326632
0.01324773
0.01336980
0.01355314
0.01339746
0.01344657
0.01344275
0.01329255
0.01324821
0.01333404
0.01342821
0.01341891
0.01314139
0.01335335
0.01329517
0.01322794
0.01345062
0.01333666
0.01327419
0.01337576
0.01343870
0.01332259
0.01340771
0.01326919
0.01347804
0.01334429
0.01327825
0.01323676
0.01312113
0.01345134
0.01315117
0.01342273
0.01318693
0.01331878
0.01340580
0.01348853
0.01333475
0.01341462
0.01332021
0.01367736
0.01357818
0.01332521
0.01329923
0.01366186
0.01342297
0.01347709
0.01340008
0.01339960
0.01345587
0.01358438
0.01345229
0.01317453
0.01325369
0.01339936
0.01380467
0.01335645
0.01325941
0.01343203
0.01338029
0.01342368
0.01344442
0.01310968
0.01340628
0.01319003
0.01326585
0.01328921
0.01321101
0.01335478
0.01329517
0.01328778
0.01338100
0.01334596
0.01355791
0.01319337
0.01318359
0.01332021
0.01322985
0.01317048
0.01329732
0.01330495
0.01310945
0.01318049
0.01310802
0.01334000
0.01305437
0.01308155
0.01335907
0.01300693
0.01308966
0.01294208
0.01314974
0.01304507
0.01305437
0.01306629
0.01326394
0.01307225
0.01303339
0.01329327
0.01304507
0.01324248
0.01309562
0.01319909
0.01295757
0.01317549
0.01321244
0.01330090
0.01326156
0.01328540
0.01302648
0.01305962
0.01305294
0.01296210
0.01325178
0.01313639
0.01326394
0.01309800
0.01323271
0.01318812
0.01314354
0.01314211
0.01315045
0.01333809
0.01327562
0.01323152
0.01316023
0.01318598
0.01319242
0.01313734
0.01325536
0.01337028
0.01285696
0.01334214
0.01320863
0.01314473
0.01329017
0.01311588
0.01331353
0.01327181
0.01335263
0.01335931
0.01324511
0.01337337
0.01315284
0.01319766
0.01329589
0.01328516
0.01342416
0.01338911
0.01344895
0.01336694
0.01343107
0.01320815
0.01327205
0.01343322
0.01339293
0.01330757
0.01322198
0.01345992
0.01346445
0.01343799
0.01330566
0.01370883
0.01342082
0.01366496
0.01332331
0.01332879
0.01365829
0.01337624
0.01343083
0.01330471
0.01335645
0.01368570
0.01337719
0.01331711
0.01369858
0.01349401
0.01339293
0.01331162
0.01336241
0.01333857
0.01334357
0.01350451
0.01354861
0.01347232
0.01334095
0.01337552
0.01333857
0.01335430
0.01337385
0.01329994
0.01330423
0.01340389
0.01340413
0.01332474
0.01352429
0.01354909
0.01347113
0.01334381
0.01337004
0.01354074
0.01353955
0.01333785
0.01335406
0.01336408
0.01341510
0.01333356
0.01325631
0.01337814
0.01352119
0.01353812
0.01330066
0.01341128
0.01340437
0.01334763
0.01345563
0.01345992
0.01338696
0.01330376
0.01335955
0.01347923
0.01321483
0.01335430
0.01349401
0.01353502
0.01338220
0.01372361
0.01325965
0.01343870
0.01344156
0.01348877
0.01371598
0.01336837
0.01330137
0.01340652
0.01335669
0.01348209
0.01339412
0.01345706
0.01349950
0.01360178
0.01340652
0.01351142
0.01352954
0.01350474
0.01335716
0.01353931
0.01337838
0.01331592
0.01339722
0.01346731
0.01330256
0.01324534
0.01310325
0.01357055
0.01364160
0.01359677
0.01337957
0.01341462
0.01339221
0.01338434
0.01341939
0.01340175
0.01341081
0.01370049
0.01350236
0.01341367
0.01342559
0.01355982
0.01353049
0.01352692
0.01352000
0.01351833
0.01345515
0.01351523
0.01355481
0.01357770
0.01340938
0.01349449
0.01358032
0.01329398
0.01356411
0.01345205
0.01351833
0.01352453
0.01338816
0.01337171
0.01341510
0.01351142
0.01322675
0.01346707
0.01344585
0.01341152
0.01353931
0.01357222
0.01349783
0.01356816
0.01332593
0.01355910
0.01331925
0.01348281
0.01332688
0.01337242
0.01351547
0.01347494
0.01337481
0.01347184
0.01360464
0.01384258
0.01349878
0.01340222
0.01350045
0.01350164
0.01347589
0.01368237
0.01343608
0.01339889
0.01331019
0.01331687
0.01314974
0.01350474
0.01336312
0.01334143
0.01348996
0.01350141
0.01360369
0.01335526
0.01340604
0.01361346
0.01347589
0.01341391
0.01338983
0.01343250
0.01326060
0.01353240
0.01334190
0.01334620
0.01344752
0.01347899
0.01321793
0.01333427
0.01325250
0.01357770
0.01349521
0.01339030
0.01350307
0.01369357
0.01330590
0.01353621
0.01327562
0.01348948
0.01336694
0.01334763
0.01349902
0.01337719
0.01351929
0.01333141
0.01330686
0.01348972
0.01334286
0.01323700
0.01335478
0.01329780
0.01350427
0.01343441
0.01328969
0.01329732
0.01341915
0.01343894
0.01349378
0.01349306
0.01335907
0.01332855
0.01366568
0.01330137
0.01365781
0.01330805
0.01338768
0.01345158
0.01325464
0.01341677
0.01332927
0.01313829
0.01345563
0.01346731
0.01334548
0.01327705
0.01301146
0.01339698
0.01327538
0.01340795
0.01339960
0.01335526
0.01343846
0.01328516
0.01316977
0.01350236
0.01325226
0.01328397
0.01336527
0.01332831
0.01321697
0.01343894
0.01330137
0.01330328
0.01343679
0.01342392
0.01334643
0.01359606
0.01319313
0.01356483
0.01343226
0.01339793
0.01323962
0.01318002
0.01358294
0.01337433
0.01329875
0.01333809
0.01328087
0.01333833
0.01326537
0.01328015
0.01332855
0.01334810
0.01324606
0.01335645
0.01347947
0.01317263
0.01349688
0.01314902
0.01353741
0.01346493
0.01331902
0.01329350
0.01330256
0.01339006
0.01306558
0.01331520
0.01335979
0.01316905
0.01319623
0.01334667
0.01337910
0.01368022
0.01330113
0.01336002
0.01347065
0.01342583
0.01324320
0.01352620
0.01338458
0.01339555
0.01330090
0.01344204
0.01312923
0.01318383
0.01313472
0.01317310
0.01342225
0.01329279
0.01311183
0.01304054
0.01337123
0.01316285
0.01332498
0.01335263
0.01322103
0.01334023
0.01330614
0.01325488
0.01334190
0.01353717
0.01321793
0.01315022
0.01323032
0.01319146
0.01350975
0.01325989
0.01320815
0.01327014
0.01331758
0.01305580
0.01315522
0.01340008
0.01313877
0.01322985
0.01342821
0.01319933
0.01335621
0.01319742
0.01319146
0.01331615
0.01323748
0.01331019
0.01326227
0.01303530
0.01327991
0.01316309
0.01341939
0.01314974
0.01311064
0.01322961
0.01314878
0.01304293
0.01307392
0.01326942
0.01314259
0.01331902
0.01313353
0.01326513
0.01313996
0.01331735
0.01332283
0.01328921
0.01346040
0.01303029
0.01307750
0.01312518
0.01301908
0.01296449
0.01300073
0.01302052
0.01262140
0.01306343
0.01306200
0.01312852
0.01295519
0.01294565
0.01294112
0.01304722
0.01305532
0.01300740
0.01304746
0.01297760
0.01330829
0.01300740
0.01296568
0.01307917
0.01315951
0.01321650
0.01298237
0.01294041
0.01293612
0.01303077
0.01307750
0.01305485
0.01300836
0.01306343
0.01308942
0.01299787
0.01290894
0.01317716
0.01305079
0.01296377
0.01291776
0.01306105
0.01302481
0.01286697
0.01306748
0.01309228
0.01296926
0.01308823
0.01297307
0.01288962
0.01293635
0.01294446
0.01309848
0.01313448
0.01295161
0.01310396
0.01298738
0.01298332
0.01340246
0.01315117
0.01308942
0.01332903
0.01309633
0.01310968
0.01302123
0.01304793
0.01295209
0.01306319
0.01287413
0.01314068
0.01307678
0.01298952
0.01299453
0.01305318
0.01303625
0.01281667
0.01293731
0.01272631
0.01309466
0.01297021
0.01312065
0.01312828
0.01301050
0.01287103
0.01324487
0.01292968
0.01301956
0.01309156
0.01293731
0.01293755
0.01312828
0.01304388
0.01322603
0.01308632
0.01325655
0.01293230
0.01290298
0.01324129
0.01291943
0.01294923
0.01296759
