110.000,111.000,37.000,116.000
113.783,109.545,37.000,116.000
114.074,111.000,37.000,116.000
114.365,110.127,37.000,116.000
114.074,111.000,37.000,116.000
113.783,110.709,37.000,116.000
112.328,113.328,37.000,116.000
113.783,110.709,37.000,116.000
112.910,111.000,37.000,116.000
114.365,110.709,37.000,116.000
115.819,113.328,37.000,116.000
117.856,111.291,37.000,116.000
119.311,112.746,37.000,116.000
122.512,114.783,37.000,116.000
122.803,113.910,37.000,116.000
123.676,114.783,37.000,116.000
123.967,113.328,37.000,116.000
124.081,115.967,36.211,113.526
120.948,114.543,36.211,113.526
117.246,115.967,36.211,113.526
113.544,116.252,36.211,113.526
110.362,117.737,35.439,111.105
108.323,115.966,34.683,108.736
105.322,116.785,34.683,108.736
105.050,117.603,34.683,108.736
104.631,119.551,33.943,106.417
102.762,117.683,33.943,106.417
101.961,119.017,33.943,106.417
102.762,115.547,33.943,106.417
99.826,111.009,33.943,106.417
98.491,107.539,33.943,106.417
99.292,105.671,33.943,106.417
96.824,106.548,33.220,104.148
94.995,104.197,33.220,104.148
94.594,106.063,32.511,101.927
97.918,102.739,32.511,101.927
97.151,103.506,32.511,101.927
97.251,98.925,31.818,99.753
94.937,96.853,31.139,97.626
93.617,100.019,30.475,95.544
86.319,102.192,29.825,93.506
77.172,101.489,29.825,93.506
73.653,98.440,29.825,93.506
74.826,96.798,29.825,93.506
75.061,101.723,29.825,93.506
73.888,106.180,29.825,93.506
61.457,108.291,29.825,93.506
71.044,104.992,29.189,91.512
69.896,94.663,29.189,91.512
72.880,83.874,29.189,91.512
73.110,78.594,29.189,91.512
74.717,77.447,29.189,91.512
82.329,87.494,28.567,89.561
84.800,104.342,28.567,89.561
93.562,118.496,28.567,89.561
104.909,129.628,27.958,87.651
106.448,128.088,27.958,87.651
114.583,117.755,27.958,87.651
124.417,100.253,27.361,85.782
131.949,95.304,27.361,85.782
132.594,99.392,27.361,85.782
130.227,115.961,27.361,85.782
132.594,125.643,27.361,85.782
121.190,142.212,27.361,85.782
101.609,147.591,27.361,85.782
103.115,130.592,27.361,85.782
95.584,109.721,27.361,85.782
92.357,106.063,27.361,85.782
90.851,107.999,27.361,85.782
87.202,114.099,26.778,83.952
90.782,124.417,26.778,83.952
104.470,130.524,26.778,83.952
109.313,122.312,26.778,83.952
122.580,103.148,26.778,83.952
134.162,93.672,26.778,83.952
140.269,84.617,26.778,83.952
137.531,86.091,26.778,83.952
134.794,94.725,26.778,83.952
130.793,113.046,26.778,83.952
121.738,119.574,26.778,83.952
97.520,122.312,26.778,83.952
97.443,106.745,27.370,85.810
87.757,97.059,27.370,85.810
89.694,101.148,27.370,85.810
92.492,110.834,27.370,85.810
92.277,114.493,27.370,85.810
108.420,123.749,27.370,85.810
119.397,122.242,27.370,85.810
122.196,113.848,27.370,85.810
131.882,103.301,27.370,85.810
137.693,102.225,27.370,85.810
139.200,103.731,27.370,85.810
137.263,109.543,27.370,85.810
139.837,126.017,26.787,83.980
134.570,133.812,26.787,83.980
122.563,128.545,26.787,83.980
122.774,117.802,26.787,83.980
117.929,112.536,26.787,83.980
116.033,113.589,26.787,83.980
112.452,115.485,26.787,83.980
112.241,117.802,26.787,83.980
115.822,120.962,26.787,83.980
120.667,125.807,26.787,83.980
118.350,128.967,26.787,83.980
115.190,125.807,26.787,83.980
113.716,110.429,26.787,83.980
116.033,108.533,26.787,83.980
114.137,110.008,26.787,83.980
112.662,111.904,26.787,83.980
114.137,120.119,26.787,83.980
105.079,122.436,26.787,83.980
90.544,111.272,26.787,83.980
96.231,94.630,26.787,83.980
77.905,78.831,26.787,83.980
70.532,77.357,26.787,83.980
67.372,79.674,26.787,83.980
66.319,89.996,26.787,83.980
76.641,99.054,26.787,83.980
105.500,109.376,26.787,83.980
119.389,112.099,26.215,82.189
131.393,104.828,25.656,80.436
161.859,93.327,25.656,80.436
181.385,98.269,25.109,78.721
183.952,109.524,25.109,78.721
188.217,123.496,24.574,77.042
185.705,131.419,24.574,77.042
181.646,134.318,24.574,77.042
152.466,138.376,24.574,77.042
143.769,127.361,24.574,77.042
132.754,116.346,24.574,77.042
124.831,117.699,24.574,77.042
120.386,117.892,24.574,77.042
117.109,119.272,24.050,75.399
120.702,123.622,24.050,75.399
127.700,131.376,24.050,75.399
130.537,129.296,24.050,75.399
137.535,114.733,24.050,75.399
138.859,102.061,24.050,75.399
151.152,92.794,24.050,75.399
152.098,84.661,24.050,75.399
151.909,89.768,24.050,75.399
151.720,99.413,24.050,75.399
135.644,108.681,24.050,75.399
120.702,110.383,24.050,75.399
116.401,104.442,23.537,73.791
113.625,90.560,23.537,73.791
110.108,86.673,23.537,73.791
119.178,89.819,23.537,73.791
125.286,95.928,23.537,73.791
127.692,98.704,23.537,73.791
137.502,107.033,23.537,73.791
144.721,112.031,23.537,73.791
147.127,114.807,23.537,73.791
156.938,100.925,23.537,73.791
160.578,94.754,23.035,72.218
157.499,93.124,23.035,72.218
151.883,98.739,23.035,72.218
147.354,111.601,23.035,72.218
138.116,120.477,23.035,72.218
118.008,123.195,23.035,72.218
117.102,111.420,23.035,72.218
109.313,102.906,23.035,72.218
107.320,94.754,23.035,72.218
120.182,96.385,23.035,72.218
126.885,101.276,23.035,72.218
144.818,109.790,23.035,72.218
151.883,112.869,23.035,72.218
160.035,120.296,23.035,72.218
168.911,107.797,23.035,72.218
182.497,91.312,23.035,72.218
188.837,87.146,23.035,72.218
181.048,91.312,23.035,72.218
177.627,98.892,22.544,70.678
175.322,107.579,22.544,70.678
154.580,111.302,22.544,70.678
148.375,113.252,22.544,70.678
131.887,100.310,22.544,70.678
117.173,92.687,22.544,70.678
117.242,94.295,22.063,69.171
116.375,99.674,22.063,69.171
121.753,106.093,22.063,69.171
134.072,115.289,22.063,69.171
151.943,123.097,22.063,69.171
162.180,115.289,22.063,69.171
169.294,106.787,22.063,69.171
183.348,97.591,22.063,69.171
181.786,99.500,22.063,69.171
174.672,103.144,22.063,69.171
170.335,111.298,22.063,69.171
158.710,120.147,22.063,69.171
140.839,124.138,22.063,69.171
127.479,121.535,22.063,69.171
109.608,101.582,22.063,69.171
99.371,92.039,22.063,69.171
98.503,92.907,22.063,69.171
101.106,92.733,22.063,69.171
105.791,95.336,22.063,69.171
115.680,103.491,22.063,69.171
125.223,100.888,22.063,69.171
137.889,88.569,22.063,69.171
150.208,74.862,22.063,69.171
156.628,72.260,22.063,69.171
157.842,70.004,22.063,69.171
153.852,72.607,22.063,69.171
146.391,86.661,22.063,69.171
129.908,104.185,22.063,69.171
105.791,116.157,22.063,69.171
102.841,112.860,22.063,69.171
88.787,104.011,22.063,69.171
74.733,100.715,22.063,69.171
78.377,102.970,22.063,69.171
78.203,105.226,22.063,69.171
90.522,109.216,22.063,69.171
96.248,111.125,22.063,69.171
100.239,109.216,22.063,69.171
115.680,95.509,22.063,69.171
135.634,75.556,22.063,69.171
148.299,69.137,22.063,69.171
147.085,77.291,22.063,69.171
148.299,85.793,22.063,69.171
139.798,99.500,22.063,69.171
116.787,102.746,21.593,67.695
104.731,103.255,21.593,67.695
85.543,89.501,21.593,67.695
76.544,86.615,21.593,67.695
67.204,86.445,21.593,67.695
65.676,90.011,21.593,67.695
69.242,98.671,21.593,67.695
86.053,106.312,21.593,67.695
99.467,102.067,21.593,67.695
105.410,100.199,21.593,67.695
126.636,90.520,21.593,67.695
146.997,79.294,21.132,66.252
152.814,77.799,21.132,66.252
147.995,90.262,21.132,66.252
136.196,104.056,21.132,66.252
125.061,112.863,21.132,66.252
100.632,119.012,21.132,66.252
95.480,116.852,21.132,66.252
85.343,105.717,21.132,66.252
82.525,100.497,20.681,64.839
89.193,97.407,20.681,64.839
95.211,96.594,20.681,64.839
102.205,102.286,20.681,64.839
118.631,104.075,20.681,64.839
120.095,97.082,20.681,64.839
124.486,93.992,20.681,64.839
135.058,83.095,20.681,64.839
141.726,75.451,20.681,64.839
143.515,72.035,20.681,64.839
