264.000,311.000,37.000,69.000
266.269,309.144,37.000,69.000
265.238,307.700,37.000,69.000
266.682,305.843,37.000,69.000
268.125,301.099,37.000,69.000
269.569,298.005,37.000,69.000
271.013,296.974,37.000,69.000
271.632,297.180,37.000,69.000
272.663,295.736,37.000,69.000
273.282,295.942,37.000,69.000
270.188,296.974,37.000,69.000
267.507,298.417,37.000,69.000
267.713,297.386,37.000,69.000
267.507,294.705,37.000,69.000
268.538,295.323,37.000,69.000
265.856,293.879,37.000,69.000
264.000,294.911,37.000,69.000
261.319,293.054,37.000,69.000
259.050,292.436,37.000,69.000
256.286,291.030,37.819,70.527
253.967,289.554,37.819,70.527
254.178,289.344,37.819,70.527
251.015,287.446,37.819,70.527
250.816,283.822,38.655,72.087
247.152,281.883,38.655,72.087
244.782,281.236,38.655,72.087
242.842,281.021,38.655,72.087
241.334,280.805,38.655,72.087
238.000,282.914,39.511,73.682
236.935,288.158,38.668,72.111
238.444,292.254,38.668,72.111
240.726,295.309,37.843,70.573
244.180,293.824,37.036,69.068
251.819,295.683,37.036,69.068
260.698,298.367,37.036,69.068
268.456,300.098,36.247,67.595
273.104,297.471,36.247,67.595
280.176,297.269,36.247,67.595
284.824,297.471,36.247,67.595
292.704,295.249,36.247,67.595
298.160,293.834,36.247,67.595
304.829,296.057,36.247,67.595
312.709,296.663,36.247,67.595
323.808,299.526,35.474,66.154
331.125,301.306,35.474,66.154
339.319,304.871,34.717,64.743
348.456,307.240,33.977,63.362
357.765,308.463,33.252,62.011
366.160,311.090,32.543,60.689
375.075,312.961,31.849,59.394
385.170,313.765,31.170,58.128
396.465,315.329,31.170,58.128
406.022,316.893,31.170,58.128
415.232,317.415,31.170,58.128
425.136,317.588,31.170,58.128
434.694,318.805,31.170,58.128
443.903,319.257,30.505,56.888
451.896,321.128,30.505,56.888
455.663,323.210,29.855,55.675
458.709,322.359,29.218,54.488
462.129,309.166,29.218,54.488
464.796,308.962,28.595,53.326
464.637,309.121,28.595,53.326
464.477,308.324,28.595,53.326
463.665,309.223,29.228,54.506
464.153,310.363,29.228,54.506
464.337,309.591,29.874,55.711
463.838,311.756,29.874,55.711
463.671,310.590,29.874,55.711
462.838,311.090,29.874,55.711
463.005,310.590,29.874,55.711
462.838,309.758,29.874,55.711
463.338,308.925,29.874,55.711
463.871,308.481,30.535,56.944
463.377,307.940,29.884,55.730
464.256,307.496,30.545,56.963
462.328,307.750,31.221,58.223
463.198,306.531,31.221,58.223
461.632,305.313,31.221,58.223
462.850,307.576,31.221,58.223
463.024,307.053,31.221,58.223
461.806,309.664,31.221,58.223
461.635,312.801,30.555,56.981
462.828,314.675,30.555,56.981
461.976,314.846,30.555,56.981
462.875,314.038,31.231,58.242
462.369,316.841,30.565,57.000
462.880,316.671,30.565,57.000
462.012,314.803,31.242,58.261
462.208,312.532,31.933,59.550
462.409,312.797,32.639,60.868
463.370,310.424,33.361,62.215
462.422,310.315,34.100,63.591
463.752,312.786,34.100,63.591
462.783,311.885,34.854,64.998
462.978,312.857,34.854,64.998
462.395,314.217,34.854,64.998
463.755,314.411,34.854,64.998
464.338,314.606,34.854,64.998
462.944,313.282,35.625,66.436
461.520,312.753,36.413,67.906
438.175,284.130,36.413,67.906
439.150,283.876,35.637,66.458
440.541,285.664,35.637,66.458
442.329,286.657,35.637,66.458
444.514,287.650,35.637,66.458
447.097,288.644,35.637,66.458
450.474,286.856,35.637,66.458
451.070,287.849,35.637,66.458
438.157,308.709,35.637,66.458
437.163,313.279,35.637,66.458
438.952,314.670,35.637,66.458
441.821,315.570,34.877,65.041
443.879,316.451,34.133,63.654
444.450,318.924,34.133,63.654
446.163,319.115,34.133,63.654
448.256,320.066,34.133,63.654
450.271,320.195,33.405,62.296
451.202,320.008,33.405,62.296
453.532,319.775,32.693,60.968
452.651,319.898,31.996,59.668
454.884,320.362,31.313,58.395
455.386,321.490,30.646,57.150
457.524,323.581,29.992,55.931
458.650,323.372,29.352,54.738
458.489,325.060,28.726,53.571
460.494,326.094,28.114,52.429
463.059,324.689,27.514,51.311
431.615,288.949,27.514,51.311
434.222,288.182,27.514,51.311
437.325,287.990,26.928,50.216
439.576,287.240,26.928,50.216
441.828,283.787,26.928,50.216
446.182,284.237,26.928,50.216
449.634,279.584,26.928,50.216
452.487,278.233,26.928,50.216
455.233,280.649,26.353,49.145
457.922,283.014,25.791,48.097
460.078,283.158,25.791,48.097
462.432,282.146,25.241,47.072
464.262,281.161,25.241,47.072
464.712,279.910,25.800,48.113
465.719,282.643,25.800,48.113
427.316,276.171,25.800,48.113
425.688,274.892,26.371,49.178
427.011,274.451,26.371,49.178
427.787,273.755,26.954,50.266
428.580,272.731,27.550,51.378
428.119,272.577,27.550,51.378
429.809,271.195,27.550,51.378
429.982,272.380,28.160,52.515
431.644,272.183,27.559,51.395
433.863,273.175,26.972,50.299
435.517,272.724,26.972,50.299
437.689,273.695,26.397,49.226
439.308,274.137,26.397,49.226
440.926,273.990,26.397,49.226
443.428,273.254,26.397,49.226
445.635,275.461,26.397,49.226
448.550,275.069,26.981,50.315
450.806,274.919,26.981,50.315
453.363,273.565,26.981,50.315
456.521,272.813,26.981,50.315
458.694,274.074,26.405,49.242
460.902,273.633,26.405,49.242
463.404,275.252,26.405,49.242
465.318,277.755,26.405,49.242
462.124,236.432,26.989,50.332
464.007,230.443,26.414,49.258
465.701,228.523,26.998,50.348
467.959,227.168,26.998,50.348
428.073,213.772,26.998,50.348
429.127,213.923,26.998,50.348
431.384,212.869,26.998,50.348
433.040,213.321,26.998,50.348
435.298,214.976,26.998,50.348
437.555,215.428,26.998,50.348
439.813,216.181,26.998,50.348
442.071,217.535,26.998,50.348
444.328,217.987,26.998,50.348
446.586,219.341,26.998,50.348
448.630,219.253,27.596,51.462
450.322,222.791,27.596,51.462
452.322,223.560,27.596,51.462
453.399,223.099,27.596,51.462
453.572,222.370,28.206,52.601
454.988,225.358,28.206,52.601
455.818,224.613,28.830,53.765
453.728,211.915,28.830,53.765
454.210,207.897,28.830,53.765
452.391,203.801,29.468,54.954
454.526,203.965,29.468,54.954
455.019,203.801,29.468,54.954
455.492,205.812,28.840,53.782
457.194,205.920,28.225,52.635
458.925,204.504,28.225,52.635
458.776,205.391,28.849,53.800
459.902,207.804,28.849,53.800
461.671,206.034,28.849,53.800
458.515,181.912,29.487,54.990
457.720,181.072,28.859,53.817
444.367,162.892,28.859,53.817
444.210,163.311,28.243,52.670
445.312,165.673,28.243,52.670
447.282,165.476,27.641,51.547
449.285,165.013,27.641,51.547
450.980,166.708,27.641,51.547
453.600,167.171,27.641,51.547
455.529,169.651,27.051,50.447
456.886,169.199,27.051,50.447
459.148,171.159,27.051,50.447
460.745,173.296,26.475,49.372
425.765,179.938,26.475,49.372
423.846,179.790,26.475,49.372
426.060,180.528,26.475,49.372
428.569,181.266,26.475,49.372
431.270,183.073,25.910,48.319
436.419,182.613,25.357,47.288
438.188,183.254,24.817,46.280
440.187,186.281,24.288,45.293
443.572,185.604,24.288,45.293
445.332,187.364,24.288,45.293
447.809,189.022,23.770,44.327
450.857,188.094,23.770,44.327
453.026,190.227,23.263,43.382
454.712,189.579,23.263,43.382
457.695,187.633,23.263,43.382
459.122,186.466,23.263,43.382
459.251,187.374,23.263,43.382
460.419,187.504,23.263,43.382
460.808,189.708,23.263,43.382
460.678,189.838,23.263,43.382
461.326,188.930,23.263,43.382
462.449,191.268,22.767,42.457
462.830,189.364,22.767,42.457
462.196,188.729,22.767,42.457
463.338,187.841,22.767,42.457
463.719,186.699,22.767,42.457
462.830,186.572,22.767,42.457
464.226,185.937,22.767,42.457
463.084,186.572,22.767,42.457
462.703,185.429,22.767,42.457
461.815,183.018,22.767,42.457
462.703,180.099,22.767,42.457
461.815,177.180,22.767,42.457
435.796,159.284,22.767,42.457
434.654,159.664,22.767,42.457
437.065,165.122,22.767,42.457
439.731,167.534,22.767,42.457
437.573,162.330,22.767,42.457
436.177,160.172,22.767,42.457
431.227,158.014,22.767,42.457
428.736,156.886,23.270,43.396
429.126,155.459,23.270,43.396
431.072,157.924,23.270,43.396
433.277,157.795,23.270,43.396
435.223,156.108,23.270,43.396
436.131,155.719,23.270,43.396
436.780,157.665,23.270,43.396
435.093,155.978,23.270,43.396
436.001,154.811,23.270,43.396
435.353,156.238,23.270,43.396
436.261,155.589,23.270,43.396
436.909,157.535,23.270,43.396
439.115,160.000,23.270,43.396
441.320,159.092,23.270,43.396
443.525,158.443,23.270,43.396
446.509,160.389,23.270,43.396
448.455,161.297,23.270,43.396
447.028,161.946,23.270,43.396
448.455,159.740,23.270,43.396
448.066,161.946,23.270,43.396
448.715,160.259,23.270,43.396
450.745,158.030,23.785,44.356
449.817,160.019,23.785,44.356
454.193,157.499,23.785,44.356
455.386,158.693,23.785,44.356
455.256,159.805,23.278,43.410
456.380,160.142,22.782,42.484
457.269,164.587,22.782,42.484
456.634,164.969,22.782,42.484
458.285,164.079,22.782,42.484
458.158,164.969,22.782,42.484
459.555,164.842,22.782,42.484
461.206,165.477,22.782,42.484
462.349,163.317,22.782,42.484
462.984,162.682,22.782,42.484
464.127,160.523,22.782,42.484
463.480,155.705,23.286,43.424
465.687,157.393,23.286,43.424
466.855,156.744,23.286,43.424
468.024,156.354,23.286,43.424
468.673,155.186,23.286,43.424
438.686,127.535,23.286,43.424
440.633,128.444,23.286,43.424
438.624,130.523,23.801,44.385
439.875,131.271,24.327,45.367
428.076,130.050,24.327,45.367
428.754,129.372,24.327,45.367
430.596,130.418,24.866,46.371
435.067,130.624,25.416,47.397
437.579,130.541,25.978,48.446
443.151,130.455,26.553,49.517
445.964,129.715,26.553,49.517
449.665,129.863,26.553,49.517
455.142,131.788,26.553,49.517
457.954,130.455,26.553,49.517
461.655,129.123,26.553,49.517
465.201,124.122,27.140,50.613
466.941,122.149,27.741,51.733
446.899,164.096,28.355,52.877
449.373,163.019,28.982,54.047
449.858,160.596,28.982,54.047
450.343,158.172,28.982,54.047
451.797,159.626,28.982,54.047
451.312,161.727,28.982,54.047
443.718,155.748,28.982,54.047
440.213,154.648,29.623,55.243
441.369,154.152,29.623,55.243
443.611,154.055,30.279,56.465
445.903,153.956,30.948,57.715
448.146,152.403,30.948,57.715
449.699,152.576,30.948,57.715
452.287,152.748,30.948,57.715
453.840,151.195,30.948,57.715
455.047,152.058,30.948,57.715
454.530,152.231,30.948,57.715
456.773,153.093,30.948,57.715
458.671,153.611,30.948,57.715
459.223,153.867,31.633,58.992
459.788,151.202,32.333,60.297
461.771,150.301,32.333,60.297
459.428,151.563,32.333,60.297
459.968,151.743,32.333,60.297
462.312,149.760,32.333,60.297
459.968,147.056,32.333,60.297
457.986,151.202,32.333,60.297
458.526,159.674,32.333,60.297
462.172,167.788,31.644,59.011
466.229,170.787,31.644,59.011
468.437,172.606,30.969,57.753
468.934,175.385,30.308,56.521
468.765,175.892,30.308,56.521
468.596,177.075,30.308,56.521
466.737,180.623,30.308,56.521
467.582,178.427,30.308,56.521
466.061,175.892,30.308,56.521
464.541,174.709,30.308,56.521
462.682,166.768,30.308,56.521
463.527,162.882,30.308,56.521
460.992,162.713,30.308,56.521
460.148,165.247,30.308,56.521
460.992,166.430,30.308,56.521
462.175,168.964,30.308,56.521
464.034,171.161,30.308,56.521
462.175,174.371,30.308,56.521
462.682,175.892,30.308,56.521
463.527,176.737,30.308,56.521
464.710,178.596,30.308,56.521
466.230,182.820,30.308,56.521
467.075,190.085,30.308,56.521
465.607,194.759,29.662,55.316
466.083,196.784,29.029,54.136
466.236,199.701,28.410,52.982
467.302,199.502,27.805,51.852
466.254,199.607,27.212,50.746
467.316,198.848,27.212,50.746
465.344,194.449,27.212,50.746
462.462,188.229,27.212,50.746
459.579,183.527,27.212,50.746
454.877,181.554,27.212,50.746
451.084,183.223,27.212,50.746
449.052,184.393,27.814,51.869
447.036,183.928,27.814,51.869
448.176,188.663,28.429,53.016
449.013,194.818,29.058,54.189
447.555,197.248,29.058,54.189
448.410,199.170,29.701,55.388
447.582,201.653,29.701,55.388
449.072,203.143,29.701,55.388
449.569,204.634,29.701,55.388
449.412,207.628,30.358,56.614
448.227,209.490,30.358,56.614
446.311,208.337,31.030,57.866
446.148,208.594,31.716,59.147
442.678,209.591,32.418,60.455
439.967,209.410,32.418,60.455
440.509,213.567,32.418,60.455
437.437,217.001,32.418,60.455
438.341,218.266,32.418,60.455
440.045,218.535,33.135,61.793
437.643,219.458,33.135,61.793
439.001,222.033,33.868,63.160
440.782,224.664,34.618,64.557
438.997,227.754,35.384,65.986
438.810,230.913,36.166,67.446
437.399,230.711,36.166,67.446
438.881,232.684,36.967,68.938
436.121,233.846,37.785,70.463
433.382,234.899,37.785,70.463
435.278,237.638,37.785,70.463
436.752,239.112,37.785,70.463
438.227,240.165,37.785,70.463
437.209,238.683,36.979,68.960
438.725,241.129,37.797,70.486
441.042,242.182,37.797,70.486
443.360,242.393,37.797,70.486
445.591,241.317,36.991,68.983
446.979,239.866,36.202,67.512
448.882,238.072,37.003,69.006
450.326,237.041,37.003,69.006
451.770,236.009,37.003,69.006
454.452,232.502,37.003,69.006
458.227,228.665,36.214,67.534
461.659,228.059,36.214,67.534
465.091,227.050,36.214,67.534
468.251,224.837,37.015,69.028
432.139,242.377,37.015,69.028
435.647,240.520,37.015,69.028
439.305,236.973,37.834,70.555
443.735,235.496,37.834,70.555
445.968,239.705,37.027,69.051
442.184,231.488,36.238,67.578
441.155,226.339,37.039,69.074
439.296,223.654,37.039,69.074
441.880,224.988,36.250,67.601
438.445,226.402,36.250,67.601
442.532,227.318,35.477,66.159
445.499,228.702,35.477,66.159
448.737,229.598,34.720,64.748
446.220,227.082,34.720,64.748
444.091,223.792,34.720,64.748
443.908,220.063,35.488,66.181
444.952,219.126,36.273,67.645
445.154,218.519,36.273,67.645
446.166,217.508,36.273,67.645
445.559,217.710,36.273,67.645
444.548,216.295,36.273,67.645
446.299,217.991,35.500,66.202
446.487,216.980,34.743,64.791
445.901,218.071,35.511,66.224
446.089,220.877,34.754,64.812
446.670,219.520,34.754,64.812
447.975,218.904,34.013,63.430
448.164,219.473,34.013,63.430
450.172,217.408,33.288,62.077
449.615,217.593,33.288,62.077
450.172,220.006,33.288,62.077
449.615,219.078,33.288,62.077
448.669,220.124,34.024,63.450
447.721,221.831,34.024,63.450
439.565,224.676,34.024,63.450
437.099,225.245,34.024,63.450
434.254,227.332,34.024,63.450
431.408,225.245,34.024,63.450
433.417,226.836,33.299,62.097
435.830,227.764,33.299,62.097
438.614,226.836,33.299,62.097
435.830,225.537,33.299,62.097
438.614,226.094,33.299,62.097
441.399,225.537,33.299,62.097
444.183,223.866,33.299,62.097
446.225,227.393,33.299,62.097
448.639,225.722,33.299,62.097
449.567,222.195,33.299,62.097
450.161,220.545,34.035,63.471
449.213,221.115,34.035,63.471
450.541,221.304,34.035,63.471
451.542,219.224,34.788,64.876
452.164,220.720,35.558,66.311
449.919,218.958,36.345,67.778
451.338,221.592,36.345,67.778
452.407,222.314,37.149,69.278
453.930,223.051,37.971,70.810
453.729,222.048,38.811,72.377
451.729,223.717,39.670,73.978
453.719,223.496,39.670,73.978
455.267,222.832,39.670,73.978
455.488,223.496,39.670,73.978
457.036,224.602,39.670,73.978
458.142,219.957,39.670,73.978
460.133,217.967,39.670,73.978
460.354,218.630,39.670,73.978
459.690,217.525,39.670,73.978
458.104,215.100,40.547,75.615
460.591,216.682,40.547,75.615
397.525,267.675,41.444,77.288
398.218,269.755,41.444,77.288
398.958,270.098,42.361,78.998
400.139,270.807,42.361,78.998
402.736,270.571,42.361,78.998
405.334,268.918,42.361,78.998
407.932,266.792,42.361,78.998
410.530,265.139,42.361,78.998
413.127,263.958,42.361,78.998
414.374,264.310,43.299,80.746
417.029,261.654,43.299,80.746
418.236,262.378,43.299,80.746
419.510,262.237,44.257,82.533
420.744,261.990,44.257,82.533
418.030,264.210,44.257,82.533
420.744,266.924,44.257,82.533
421.484,268.158,44.257,82.533
422.717,269.391,44.257,82.533
424.938,269.145,44.257,82.533
425.678,270.872,44.257,82.533
428.392,269.145,44.257,82.533
426.172,270.872,44.257,82.533
426.418,273.092,44.257,82.533
423.704,273.339,44.257,82.533
425.925,272.105,44.257,82.533
425.678,273.339,44.257,82.533
425.431,271.612,44.257,82.533
425.185,270.872,44.257,82.533
423.458,272.105,44.257,82.533
425.678,273.339,44.257,82.533
428.392,271.119,44.257,82.533
424.575,270.461,45.236,84.359
427.349,271.218,45.236,84.359
429.114,269.453,45.236,84.359
427.853,269.705,45.236,84.359
431.495,270.361,44.271,82.560
428.189,270.728,45.251,84.386
429.955,272.494,45.251,84.386
427.684,273.251,45.251,84.386
431.328,274.394,44.286,82.587
429.600,272.666,44.286,82.587
430.340,273.900,44.286,82.587
430.587,275.135,44.286,82.587
428.365,276.369,44.286,82.587
431.455,277.012,43.341,80.825
430.247,278.703,43.341,80.825
427.511,278.060,44.300,82.614
431.216,277.813,44.300,82.614
432.451,276.578,44.300,82.614
430.722,277.319,44.300,82.614
432.945,276.084,44.300,82.614
434.673,272.873,44.300,82.614
434.426,271.144,44.300,82.614
434.673,270.404,44.300,82.614
434.920,270.157,44.300,82.614
434.179,270.898,44.300,82.614
432.451,269.169,44.300,82.614
434.673,269.416,44.300,82.614
435.414,269.169,44.300,82.614
436.601,272.192,43.355,80.852
434.909,270.983,43.355,80.852
435.634,272.192,43.355,80.852
433.459,273.400,43.355,80.852
431.224,271.252,44.315,82.641
431.965,271.005,44.315,82.641
429.741,272.735,44.315,82.641
433.309,271.949,43.370,80.878
431.617,271.707,43.370,80.878
428.378,270.562,44.329,82.668
429.614,271.797,44.329,82.668
431.838,273.033,44.329,82.668
432.085,270.809,44.329,82.668
432.826,272.539,44.329,82.668
436.395,272.705,43.384,80.905
434.702,271.980,43.384,80.905
434.944,273.673,43.384,80.905
435.186,274.882,43.384,80.905
435.428,275.608,43.384,80.905
434.219,276.817,43.384,80.905
434.461,278.026,43.384,80.905
432.284,279.236,43.384,80.905
432.042,281.412,43.384,80.905
430.349,281.654,43.384,80.905
429.618,281.010,44.344,82.695
429.371,278.785,44.344,82.695
427.640,279.032,44.344,82.695
429.865,279.774,44.344,82.695
431.596,277.055,44.344,82.695
431.843,275.324,44.344,82.695
429.618,276.560,44.344,82.695
433.189,277.204,43.398,80.932
433.914,274.543,43.398,80.932
432.705,272.849,43.398,80.932
434.882,271.155,43.398,80.932
435.124,270.430,43.398,80.932
435.850,272.123,43.398,80.932
433.672,272.365,43.398,80.932
432.947,271.639,43.398,80.932
435.124,271.397,43.398,80.932
433.430,271.639,43.398,80.932
435.124,268.978,43.398,80.932
433.891,268.334,44.358,82.722
433.149,269.075,44.358,82.722
431.418,270.807,44.358,82.722
429.192,270.065,44.358,82.722
429.934,270.807,44.358,82.722
428.203,271.548,44.358,82.722
426.967,272.785,44.358,82.722
428.203,272.538,44.358,82.722
426.472,271.301,44.358,82.722
427.214,271.054,44.358,82.722
425.978,271.301,44.358,82.722
427.709,270.065,44.358,82.722
425.978,271.301,44.358,82.722
428.203,272.043,44.358,82.722
426.967,272.785,44.358,82.722
428.698,272.538,44.358,82.722
426.472,271.301,44.358,82.722
428.203,272.043,44.358,82.722
427.461,272.290,44.358,82.722
429.603,272.457,43.412,80.958
426.941,273.667,43.412,80.958
429.119,274.393,43.412,80.958
427.425,275.604,43.412,80.958
429.603,275.362,43.412,80.958
427.425,276.572,43.412,80.958
429.119,274.877,43.412,80.958
426.941,276.088,43.412,80.958
427.183,276.814,43.412,80.958
425.973,277.540,43.412,80.958
426.699,278.266,43.412,80.958
428.393,278.992,43.412,80.958
425.150,279.854,44.373,82.749
429.356,280.101,44.373,82.749
431.582,281.338,44.373,82.749
435.293,282.575,44.373,82.749
437.024,281.338,44.373,82.749
439.251,280.596,44.373,82.749
439.993,280.349,44.373,82.749
441.230,277.627,44.373,82.749
441.941,276.841,43.427,80.985
441.215,278.535,43.427,80.985
441.941,277.325,43.427,80.985
441.215,277.083,43.427,80.985
440.004,275.388,43.427,80.985
440.247,274.662,43.427,80.985
440.489,273.451,43.427,80.985
439.255,270.295,44.387,82.776
440.492,267.573,44.387,82.776
438.265,264.356,44.387,82.776
440.408,263.569,43.441,81.011
436.291,260.905,43.441,81.011
435.564,258.726,43.441,81.011
431.447,259.452,43.441,81.011
428.705,261.320,44.402,82.804
429.943,263.053,44.402,82.804
428.705,266.270,44.402,82.804
425.982,265.528,44.402,82.804
429.695,265.280,44.402,82.804
430.933,264.538,44.402,82.804
428.705,266.766,44.402,82.804
429.943,268.498,44.402,82.804
427.715,267.756,44.402,82.804
430.438,270.479,44.402,82.804
430.686,269.736,44.402,82.804
431.923,269.983,44.402,82.804
431.676,271.716,44.402,82.804
430.438,271.964,44.402,82.804
431.676,274.192,44.402,82.804
432.418,273.944,44.402,82.804
430.686,275.182,44.402,82.804
427.963,276.914,44.402,82.804
426.766,278.990,43.455,81.038
423.617,278.264,43.455,81.038
419.983,278.506,43.455,81.038
416.349,276.810,43.455,81.038
413.310,277.441,42.528,79.310
409.754,278.626,42.528,79.310
405.408,277.415,41.621,77.618
402.944,275.335,40.734,75.963
399.658,274.613,39.865,74.343
396.870,275.620,39.015,72.758
394.477,273.227,39.015,72.758
391.650,271.270,39.015,72.758
388.387,271.487,39.015,72.758
385.239,274.569,38.183,71.206
382.569,278.816,37.369,69.688
379.152,282.973,36.572,68.202
376.502,284.808,36.572,68.202
375.890,287.866,36.572,68.202
374.511,293.113,35.792,66.747
371.239,300.172,35.029,65.324
362.451,302.320,35.029,65.324
358.872,300.569,34.282,63.931
354.476,300.760,34.282,63.931
351.342,298.679,33.551,62.567
348.995,295.921,32.835,61.233
347.758,294.986,32.135,59.927
349.309,296.488,31.450,58.649
351.238,298.066,31.450,58.649
354.569,296.488,31.450,58.649
360.705,293.508,31.450,58.649
363.686,292.631,31.450,58.649
367.017,294.910,31.450,58.649
370.699,296.137,31.450,58.649
374.381,295.962,31.450,58.649
376.309,294.034,31.450,58.649
378.589,293.157,31.450,58.649
386.128,292.631,31.450,58.649
389.459,291.754,31.450,58.649
391.388,289.826,31.450,58.649
393.768,288.267,32.145,59.947
397.890,285.579,32.145,59.947
395.489,283.986,32.857,61.273
397.976,283.119,33.584,62.629
400.519,280.289,34.327,64.015
408.747,278.567,34.327,64.015
410.552,280.043,35.086,65.431
412.802,279.522,35.862,66.879
420.199,277.722,35.862,66.879
423.743,278.849,36.656,68.358
426.518,278.729,37.467,69.871
430.654,278.173,38.296,71.417
438.869,278.490,39.143,72.997
439.568,278.362,40.009,74.612
440.683,275.909,40.009,74.612
441.799,274.793,40.009,74.612
443.806,276.355,40.009,74.612
440.818,272.521,40.894,76.262
441.958,269.557,40.894,76.262
442.642,264.770,40.894,76.262
441.953,259.905,41.799,77.950
443.666,254.933,42.724,79.674
443.428,252.313,42.724,79.674
444.191,249.207,43.669,81.437
447.497,244.518,44.635,83.239
450.359,243.339,45.623,85.081
421.091,259.022,46.632,86.963
424.082,256.711,47.664,88.887
428.793,254.349,48.719,90.854
433.953,253.535,48.719,90.854
437.484,252.177,48.719,90.854
438.917,245.254,49.797,92.864
434.622,241.059,50.898,94.919
428.096,236.802,50.898,94.919
427.827,231.925,52.024,97.019
429.960,212.497,53.176,99.165
432.035,214.572,53.176,99.165
428.181,216.054,53.176,99.165
424.920,212.200,53.176,99.165
428.059,216.972,52.042,97.050
424.172,221.618,53.193,99.198
417.945,225.473,53.193,99.198
416.433,228.375,54.370,101.392
421.178,226.939,55.573,103.636
418.956,229.328,56.802,105.929
423.073,233.445,56.802,105.929
420.931,238.542,55.591,103.670
422.567,235.787,56.821,105.963
417.666,231.657,58.078,108.308
415.400,230.686,58.078,108.308
421.324,237.146,56.840,105.998
416.421,233.672,58.097,108.343
418.689,230.757,58.097,108.343
412.333,227.207,59.383,110.740
418.391,233.174,58.116,108.379
418.698,236.515,56.877,106.068
420.918,236.198,56.877,106.068
419.967,239.686,56.877,106.068
417.747,241.271,56.877,106.068
419.333,240.954,56.877,106.068
416.401,237.478,58.135,108.414
421.081,241.446,56.896,106.102
418.807,237.968,58.154,108.450
422.239,240.687,56.914,106.137
419.384,243.543,56.914,106.137
415.791,239.406,58.173,108.486
419.359,241.027,58.173,108.486
415.791,238.109,58.173,108.486
422.976,243.954,56.933,106.172
418.065,240.475,58.192,108.521
420.985,242.745,58.192,108.521
415.470,239.177,58.192,108.521
419.687,243.394,58.192,108.521
421.958,247.612,58.192,108.521
415.592,244.728,59.480,110.922
419.240,249.702,59.480,110.922
412.045,247.443,60.796,113.376
412.428,250.760,62.141,115.885
412.819,251.994,63.516,118.449
413.953,247.377,64.921,121.069
411.357,241.908,66.358,123.748
410.247,237.098,66.358,123.748
406.059,231.508,67.826,126.486
407.950,226.592,67.826,126.486
407.572,223.189,67.826,126.486
403.412,219.786,67.826,126.486
403.790,216.383,67.826,126.486
396.371,209.884,69.326,129.284
399.076,207.178,69.326,129.284
402.555,203.700,69.326,129.284
403.714,200.222,69.326,129.284
404.952,196.786,70.860,132.145
405.347,194.021,70.860,132.145
405.742,192.046,70.860,132.145
399.817,188.491,70.860,132.145
402.582,190.466,70.860,132.145
399.817,193.231,70.860,132.145
401.792,195.996,70.860,132.145
402.977,194.811,70.860,132.145
402.582,197.577,70.860,132.145
396.656,198.762,70.860,132.145
402.362,203.597,69.349,129.327
395.789,200.891,69.349,129.327
398.496,198.958,69.349,129.327
396.562,200.118,69.349,129.327
391.537,204.371,69.349,129.327
395.016,203.984,69.349,129.327
396.254,204.559,70.884,132.188
397.520,203.507,72.452,135.113
390.654,202.295,72.452,135.113
394.930,209.575,70.907,132.232
389.791,207.599,70.907,132.232
390.187,211.947,70.907,132.232
395.554,210.074,72.476,135.157
411.312,212.902,72.476,135.157
410.907,213.306,72.476,135.157
414.406,219.810,70.930,132.275
412.429,219.415,70.930,132.275
415.197,220.601,70.930,132.275
412.523,223.917,69.417,129.454
412.960,221.281,70.953,132.318
411.765,217.765,72.523,135.246
411.360,217.361,72.523,135.246
416.420,222.310,70.977,132.362
414.442,222.706,70.977,132.362
413.255,221.519,70.977,132.362
412.859,220.331,70.977,132.362
414.760,222.887,69.463,129.539
412.824,224.049,69.463,129.539
417.083,224.436,69.463,129.539
415.147,221.725,69.463,129.539
411.566,217.480,71.000,132.405
415.129,215.501,71.000,132.405
411.566,213.522,71.000,132.405
415.920,212.334,71.000,132.405
411.439,211.280,72.571,135.335
416.502,211.553,71.023,132.449
410.376,208.856,72.594,135.379
409.971,208.451,72.594,135.379
412.804,208.046,72.594,135.379
412.408,213.000,71.046,132.492
410.428,212.604,71.046,132.492
397.357,210.624,71.046,132.492
394.585,211.812,71.046,132.492
391.812,214.585,71.046,132.492
396.769,219.433,69.531,129.667
393.281,216.720,69.531,129.667
397.385,222.212,68.049,126.901
392.453,224.868,68.049,126.901
397.385,222.971,68.049,126.901
396.282,225.421,66.597,124.195
399.623,228.020,66.597,124.195
405.192,230.619,66.597,124.195
401.108,228.762,66.597,124.195
403.838,225.463,68.071,126.943
404.266,222.090,69.577,129.752
404.704,218.642,71.116,132.622
405.893,215.867,71.116,132.622
403.050,212.343,72.690,135.557
401.091,211.836,71.140,132.666
403.074,209.853,71.140,132.666
398.099,212.414,69.623,129.837
402.368,216.683,69.623,129.837
398.875,218.624,69.623,129.837
403.340,223.228,71.163,132.709
396.595,231.559,71.163,132.709
391.438,237.510,71.163,132.709
395.178,232.338,72.737,135.645
389.907,228.688,72.737,135.645
393.556,225.850,72.737,135.645
399.639,223.011,72.737,135.645
394.367,220.984,72.737,135.645
399.442,229.074,71.186,132.753
393.489,227.090,71.186,132.753
398.648,228.281,71.186,132.753
400.633,234.234,71.186,132.753
402.727,229.883,72.761,135.690
402.330,237.194,71.210,132.796
404.426,234.490,72.785,135.734
406.454,241.388,72.785,135.734
409.186,247.919,71.233,132.840
411.966,252.287,71.233,132.840
413.157,257.450,71.233,132.840
411.172,264.201,71.233,132.840
408.392,263.804,71.233,132.840
405.544,260.274,72.809,135.779
403.582,265.243,71.256,132.883
401.595,268.024,71.256,132.883
398.143,270.589,69.737,130.050
403.197,274.088,69.737,130.050
399.698,274.477,69.737,130.050
395.422,280.309,69.737,130.050
398.143,286.140,69.737,130.050
393.089,291.972,69.737,130.050
398.143,298.581,69.737,130.050
395.422,300.525,69.737,130.050
401.253,298.581,69.737,130.050
403.975,292.749,69.737,130.050
406.696,290.028,69.737,130.050
404.715,285.766,71.280,132.927
405.988,281.409,72.857,135.868
407.206,277.754,72.857,135.868
409.237,274.098,72.857,135.868
416.142,272.880,72.857,135.868
413.299,270.037,72.857,135.868
418.579,275.317,72.857,135.868
415.832,273.242,71.303,132.971
412.981,269.709,72.881,135.913
417.451,274.991,72.881,135.913
413.794,274.585,72.881,135.913
416.529,279.558,71.326,133.014
413.746,275.184,71.326,133.014
416.670,270.000,72.905,135.957
414.637,271.219,72.905,135.957
413.418,269.187,72.905,135.957
413.012,273.658,72.905,135.957
416.000,266.672,74.518,138.965
412.261,268.749,74.518,138.965
418.261,269.030,72.928,136.002
415.415,265.371,72.928,136.002
398.746,271.469,72.928,136.002
390.208,271.876,72.928,136.002
388.989,266.590,72.928,136.002
399.966,263.744,72.928,136.002
397.933,261.712,72.928,136.002
397.526,266.184,72.928,136.002
404.438,269.030,72.928,136.002
407.284,275.128,72.928,136.002
410.943,284.479,72.928,136.002
407.284,293.830,72.928,136.002
405.251,302.368,72.928,136.002
408.097,308.467,72.928,136.002
402.997,304.039,71.373,133.101
407.209,298.171,69.851,130.263
406.820,293.109,69.851,130.263
413.440,291.941,69.851,130.263
419.281,293.888,69.851,130.263
416.648,291.148,68.362,127.485
412.601,289.201,66.904,124.766
402.889,291.610,65.477,122.106
408.161,291.857,64.081,119.502
413.520,288.642,64.081,119.502
417.450,286.141,64.081,119.502
417.807,282.926,64.081,119.502
413.877,282.568,64.081,119.502
412.091,279.353,64.081,119.502
408.876,276.138,64.081,119.502
409.215,278.445,62.714,116.953
405.503,277.333,61.377,114.459
407.214,279.729,61.377,114.459
419.411,276.662,60.068,112.018
423.602,275.597,58.787,109.630
426.551,277.235,58.787,109.630
422.161,273.642,60.088,112.055
419.816,277.997,60.088,112.055
422.831,281.012,60.088,112.055
424.506,282.687,60.088,112.055
420.018,283.185,61.417,114.534
416.852,283.694,62.776,117.069
419.302,284.744,62.776,117.069
417.552,282.294,62.776,117.069
421.402,286.844,62.776,117.069
418.952,284.394,62.776,117.069
417.202,282.644,62.776,117.069
420.352,284.394,62.776,117.069
417.116,282.010,64.165,119.659
415.327,279.506,64.165,119.659
417.735,277.678,62.796,117.107
415.985,275.928,62.796,117.107
416.335,279.079,62.796,117.107
419.486,282.930,62.796,117.107
415.522,281.997,64.186,119.698
418.742,278.777,64.186,119.698
413.949,275.597,65.606,122.346
420.166,278.888,65.606,122.346
414.508,273.361,67.057,125.053
416.304,273.613,65.627,122.386
421.588,273.155,64.228,119.776
423.308,270.636,62.858,117.222
422.965,268.170,61.518,114.722
421.928,271.527,62.879,117.261
418.072,268.372,62.879,117.261
414.217,268.021,62.879,117.261
408.958,266.269,62.879,117.261
403.700,270.826,62.879,117.261
406.855,269.774,62.879,117.261
401.597,271.527,62.879,117.261
407.556,269.774,62.879,117.261
418.701,266.632,61.538,114.760
423.161,264.917,61.538,114.760
422.131,263.201,61.538,114.760
425.905,265.603,61.538,114.760
422.817,263.887,61.538,114.760
422.474,265.603,61.538,114.760
421.445,263.201,61.538,114.760
421.102,259.428,61.538,114.760
425.562,262.515,61.538,114.760
421.678,267.296,62.899,117.299
418.522,266.244,62.899,117.299
420.207,264.453,61.558,114.798
424.501,267.993,60.245,112.349
420.807,264.298,60.245,112.349
421.143,265.306,60.245,112.349
417.340,268.593,61.578,114.835
420.430,271.683,61.578,114.835
422.833,269.280,61.578,114.835
422.490,271.683,61.578,114.835
422.146,274.772,61.578,114.835
419.057,272.369,61.578,114.835
420.869,270.743,62.941,117.376
419.816,273.901,62.941,117.376
415.843,270.782,64.333,119.973
414.767,266.837,64.333,119.973
419.947,265.696,62.961,117.414
419.604,263.227,61.619,114.911
422.008,260.822,61.619,114.911
423.039,260.479,61.619,114.911
420.634,256.700,61.619,114.911
423.726,261.166,61.619,114.911
422.695,261.509,61.619,114.911
423.039,259.105,61.619,114.911
422.008,256.013,61.619,114.911
425.787,256.356,61.619,114.911
424.788,253.940,60.305,112.460
421.763,251.586,60.305,112.460
422.771,253.940,60.305,112.460
419.746,249.569,60.305,112.460
423.444,253.267,60.305,112.460
420.335,255.162,61.639,114.948
417.930,252.070,61.639,114.948
423.771,255.850,61.639,114.948
420.679,254.819,61.639,114.948
419.648,256.537,61.639,114.948
421.366,253.444,61.639,114.948
418.960,248.977,61.639,114.948
421.366,246.572,61.639,114.948
418.960,243.479,61.639,114.948
422.053,241.761,61.639,114.948
423.771,240.730,61.639,114.948
422.772,239.637,60.324,112.497
427.144,241.991,60.324,112.497
421.427,238.292,60.324,112.497
418.318,238.792,61.659,114.986
416.599,236.386,61.659,114.986
416.255,234.667,61.659,114.986
418.661,239.136,61.659,114.986
421.067,245.667,61.659,114.986
417.974,248.760,61.659,114.986
414.880,251.167,61.659,114.986
413.849,254.948,61.659,114.986
409.244,253.319,63.023,117.530
410.298,257.887,63.023,117.530
415.798,259.867,64.418,120.130
417.593,261.663,64.418,120.130
414.361,260.585,64.418,120.130
414.702,264.982,63.044,117.569
419.271,264.630,63.044,117.569
415.292,260.777,64.439,120.170
414.214,256.825,64.439,120.170
412.383,252.887,65.865,122.828
409.813,248.848,65.865,122.828
403.370,244.061,67.322,125.546
408.067,244.314,65.886,122.869
405.496,241.008,65.886,122.869
405.910,235.457,67.344,125.587
408.538,232.829,67.344,125.587
411.789,231.635,65.908,122.909
413.626,232.737,65.908,122.909
412.524,230.900,65.908,122.909
411.422,229.798,65.908,122.909
411.789,229.431,65.908,122.909
414.263,235.345,64.502,120.288
412.465,231.390,64.502,120.288
409.228,229.592,64.502,120.288
408.869,228.513,64.502,120.288
405.632,225.276,64.502,120.288
403.053,219.842,65.929,122.949
400.481,219.474,65.929,122.949
403.183,218.496,67.388,125.670
407.885,221.646,65.951,122.990
410.458,222.014,65.951,122.990
409.355,223.117,65.951,122.990
411.929,220.543,65.951,122.990
410.091,220.175,65.951,122.990
408.988,222.749,65.951,122.990
408.620,221.646,65.951,122.990
411.194,224.220,65.951,122.990
407.885,224.587,65.951,122.990
406.107,224.836,64.545,120.367
409.917,229.241,63.168,117.800
407.391,226.841,64.566,120.406
406.304,228.123,65.994,123.070
411.299,230.961,67.454,125.793
408.667,231.337,67.454,125.793
412.803,234.721,67.454,125.793
411.675,234.345,67.454,125.793
415.812,234.721,67.454,125.793
409.994,230.599,68.947,128.576
414.063,236.786,67.476,125.835
411.430,235.657,67.476,125.835
408.797,233.024,67.476,125.835
408.420,234.905,67.476,125.835
406.540,232.272,67.476,125.835
413.687,234.152,67.476,125.835
411.806,231.519,67.476,125.835
409.173,231.143,67.476,125.835
407.292,230.767,67.476,125.835
411.430,230.391,67.476,125.835
409.549,230.015,67.476,125.835
408.420,228.886,67.476,125.835
414.063,230.015,67.476,125.835
412.182,229.638,67.476,125.835
410.301,230.767,67.476,125.835
408.420,231.895,67.476,125.835
414.063,230.767,67.476,125.835
412.182,231.143,67.476,125.835
409.549,230.767,67.476,125.835
414.439,230.391,67.476,125.835
411.054,228.510,67.476,125.835
415.036,232.390,66.037,123.151
413.932,230.549,66.037,123.151
417.245,228.708,66.037,123.151
413.196,228.340,66.037,123.151
416.509,230.181,66.037,123.151
413.196,227.604,66.037,123.151
415.773,230.181,66.037,123.151
415.412,235.397,64.629,120.525
414.331,232.875,64.629,120.525
413.250,230.353,64.629,120.525
419.149,235.458,63.251,117.955
415.975,236.516,63.251,117.955
415.622,232.637,63.251,117.955
408.703,228.771,64.650,120.564
406.181,226.249,64.650,120.564
407.335,220.802,66.081,123.232
410.651,218.960,66.081,123.232
413.229,221.538,66.081,123.232
414.334,219.696,66.081,123.232
413.229,217.854,66.081,123.232
414.334,218.223,66.081,123.232
419.860,220.802,66.081,123.232
421.630,221.760,64.672,120.604
419.106,221.400,64.672,120.604
402.768,228.593,63.292,118.032
403.783,231.552,61.943,115.515
407.439,235.780,60.622,113.052
413.185,234.090,60.622,113.052
411.495,237.807,60.622,113.052
416.564,236.794,60.622,113.052
416.226,241.187,60.622,113.052
414.536,241.525,60.622,113.052
420.282,239.159,60.622,113.052
417.157,240.363,61.963,115.553
423.029,239.327,61.963,115.553
421.993,241.054,61.963,115.553
425.793,244.854,61.963,115.553
423.374,245.890,61.963,115.553
420.266,242.781,61.963,115.553
422.684,243.127,61.963,115.553
420.956,246.926,61.963,115.553
417.848,247.272,61.963,115.553
414.048,244.163,61.963,115.553
400.102,241.093,63.334,118.109
397.630,239.327,63.334,118.109
398.690,237.562,63.334,118.109
397.630,237.915,63.334,118.109
401.514,241.093,63.334,118.109
404.692,242.152,63.334,118.109
399.229,237.548,64.735,120.723
403.921,238.631,64.735,120.723
407.742,243.745,63.355,118.148
406.674,238.407,64.756,120.762
404.147,237.324,64.756,120.762
409.562,240.573,64.756,120.762
408.479,240.212,64.756,120.762
411.605,240.456,63.375,118.187
414.785,238.689,63.375,118.187
413.725,236.922,63.375,118.187
417.612,240.809,63.375,118.187
417.965,238.336,63.375,118.187
420.343,237.893,62.024,115.666
421.338,237.460,60.701,113.200
422.353,235.091,60.701,113.200
427.429,238.137,60.701,113.200
429.055,242.279,59.407,110.786
430.008,246.972,58.140,108.423
429.035,245.352,58.140,108.423
425.366,241.126,59.426,110.822
429.010,248.083,59.426,110.822
425.366,207.996,59.426,110.822
430.998,202.364,59.426,110.822
435.967,198.720,59.426,110.822
421.905,195.775,60.741,113.274
410.730,198.146,60.741,113.274
404.296,194.421,60.741,113.274
399.760,188.601,62.085,115.780
403.741,189.834,63.459,118.342
409.279,184.487,64.863,120.960
411.938,180.523,66.298,123.637
415.264,176.457,66.298,123.637
419.330,174.609,66.298,123.637
418.980,170.557,67.765,126.372
420.190,170.335,69.264,129.168
312.459,190.940,70.796,132.026
316.180,187.432,72.363,134.947
320.821,183.846,73.964,137.933
325.564,182.748,75.600,140.984
331.043,184.856,75.600,140.984
334.142,178.486,77.273,144.104
339.742,180.640,77.273,144.104
344.697,180.387,78.983,147.292
347.935,179.214,80.730,150.551
351.086,181.464,80.730,150.551
353.461,180.266,82.516,153.882
356.681,175.206,82.516,153.882
362.661,175.666,82.516,153.882
366.801,171.526,82.516,153.882
369.102,168.305,82.516,153.882
371.402,169.686,82.516,153.882
372.782,166.465,82.516,153.882
374.162,161.405,82.516,153.882
376.462,159.105,82.516,153.882
380.602,159.565,82.516,153.882
379.222,160.025,82.516,153.882
379.682,161.405,82.516,153.882
377.382,157.265,82.516,153.882
380.602,152.205,82.516,153.882
378.302,154.505,82.516,153.882
378.762,150.365,82.516,153.882
378.302,145.305,82.516,153.882
381.522,146.685,82.516,153.882
384.742,139.784,82.516,153.882
384.282,134.724,82.516,153.882
388.422,136.104,82.516,153.882
389.802,131.044,82.516,153.882
387.502,131.504,82.516,153.882
385.202,129.204,82.516,153.882
385.662,124.144,82.516,153.882
385.202,124.604,82.516,153.882
380.142,121.384,82.516,153.882
377.842,122.764,82.516,153.882
375.542,116.784,82.516,153.882
378.762,112.643,82.516,153.882
374.622,112.183,82.516,153.882
379.682,108.963,82.516,153.882
383.822,108.503,82.516,153.882
385.202,109.883,82.516,153.882
389.342,107.583,82.516,153.882
394.402,105.283,82.516,153.882
398.543,105.743,82.516,153.882
401.639,110.488,80.756,150.600
401.189,112.739,80.756,150.600
404.341,107.787,80.756,150.600
408.392,108.237,80.756,150.600
413.345,109.587,80.756,150.600
418.297,111.838,80.756,150.600
421.328,110.407,79.034,147.389
424.294,109.855,77.349,144.245
424.725,112.873,77.349,144.245
426.797,115.658,75.699,141.169
429.638,117.570,74.085,138.159
427.641,117.053,72.505,135.213
429.583,121.222,70.959,132.329
425.231,119.244,70.959,132.329
422.462,116.475,70.959,132.329
423.649,120.035,70.959,132.329
419.298,119.639,70.959,132.329
421.386,121.869,72.529,135.257
423.407,123.891,72.529,135.257
425.429,121.869,72.529,135.257
425.833,126.317,72.529,135.257
428.555,128.928,70.982,132.372
432.908,128.533,70.982,132.372
436.335,130.326,69.469,129.550
438.271,128.389,69.469,129.550
437.892,127.158,67.987,126.787
436.755,124.504,67.987,126.787
436.384,132.797,66.537,124.083
441.742,131.618,65.118,121.437
445.585,128.364,63.730,118.847
443.867,129.289,62.371,116.313
438.835,128.853,61.041,113.833
425.097,117.355,62.391,116.351
411.346,114.238,61.061,113.870
387.858,109.812,61.061,113.870
384.244,109.386,59.758,111.442
388.575,107.054,59.758,111.442
394.239,109.386,59.758,111.442
398.408,112.822,58.484,109.065
402.646,109.236,58.484,109.065
407.984,111.341,57.237,106.739
410.856,107.193,57.237,106.739
410.543,106.793,56.016,104.463
406.626,108.208,54.822,102.235
404.559,104.880,53.653,100.055
401.269,106.375,53.653,100.055
399.175,102.487,53.653,100.055
395.885,103.982,53.653,100.055
391.996,105.478,53.653,100.055
394.010,103.374,52.508,97.921
392.546,102.495,52.508,97.921
395.081,108.900,51.389,95.833
394.795,108.614,51.389,95.833
396.307,109.040,52.526,97.953
399.675,107.652,53.688,100.121
405.602,104.371,54.876,102.336
416.508,103.988,53.705,100.153
422.197,100.096,53.705,100.153
426.521,98.566,52.560,98.018
426.814,96.515,52.560,98.018
425.962,98.408,51.439,95.927
430.837,97.547,51.439,95.927
433.418,98.981,51.439,95.927
430.837,97.547,51.439,95.927
434.426,98.294,50.342,93.882
435.233,101.729,49.269,91.880
434.409,100.905,49.269,91.880
432.487,98.983,49.269,91.880
434.336,104.463,48.218,89.920
437.830,109.033,48.218,89.920
435.411,106.613,48.218,89.920
431.379,105.807,48.218,89.920
430.572,103.388,48.218,89.920
430.304,105.807,48.218,89.920
430.572,102.312,48.218,89.920
427.078,99.893,48.218,89.920
426.265,97.504,49.285,91.910
422.694,101.625,49.285,91.910
413.950,100.752,48.234,89.950
409.917,98.332,48.234,89.950
408.572,102.365,48.234,89.950
406.152,100.483,48.234,89.950
404.808,100.214,48.234,89.950
402.925,101.558,48.234,89.950
404.345,101.958,49.301,91.940
407.368,100.034,49.301,91.940
409.842,99.759,49.301,91.940
406.160,100.738,50.392,93.974
410.935,98.772,50.392,93.974
413.464,100.738,50.392,93.974
416.438,105.802,49.317,91.970
411.764,105.527,49.317,91.970
415.888,102.503,49.317,91.970
412.864,108.276,49.317,91.970
413.139,112.400,49.317,91.970
410.664,115.975,49.317,91.970
407.640,118.449,49.317,91.970
410.664,120.924,49.317,91.970
412.039,123.398,49.317,91.970
409.015,120.924,49.317,91.970
407.043,121.332,50.408,94.005
410.696,122.737,50.408,94.005
419.408,121.332,50.408,94.005
423.061,117.679,50.408,94.005
425.590,119.646,50.408,94.005
427.557,117.679,50.408,94.005
425.542,115.764,51.524,96.085
430.425,114.328,51.524,96.085
434.573,115.076,50.425,94.036
433.214,113.640,49.350,92.030
437.188,111.174,48.297,90.068
440.039,106.685,47.267,88.147
444.352,102.799,46.259,86.267
445.591,103.470,45.273,84.428
440.796,102.208,45.273,84.428
442.652,104.678,46.274,86.296
440.802,101.315,47.298,88.205
435.628,99.518,48.345,90.156
438.592,98.710,48.345,90.156
442.096,97.901,48.345,90.156
446.315,92.709,49.414,92.151
449.896,86.924,49.414,92.151
453.065,81.046,50.508,94.190
457.674,79.065,49.431,92.181
416.815,68.039,50.524,94.221
412.196,72.030,49.447,92.212
412.471,70.652,49.447,92.212
415.390,74.557,48.392,90.245
414.041,75.906,48.392,90.245
414.850,73.478,48.392,90.245
417.187,72.620,47.360,88.321
418.032,75.752,48.408,90.275
417.223,78.181,48.408,90.275
420.600,77.843,47.376,88.350
419.254,74.947,48.424,90.304
420.604,73.598,48.424,90.304
379.300,127.859,48.424,90.304
376.954,146.776,47.391,88.379
378.224,151.538,46.381,86.494
379.517,155.416,46.381,86.494
381.326,153.606,46.381,86.494
384.171,151.279,46.381,86.494
387.532,151.021,46.381,86.494
389.970,147.113,47.407,88.408
396.849,138.732,48.456,90.364
400.361,137.921,48.456,90.364
400.665,137.202,49.528,92.363
403.269,134.175,50.624,94.406
405.244,129.377,50.624,94.406
407.905,125.112,51.744,96.495
408.770,125.400,51.744,96.495
410.790,122.227,51.744,96.495
412.312,119.663,52.889,98.630
411.421,118.266,54.059,100.812
411.120,116.760,54.059,100.812
413.832,120.677,54.059,100.812
415.942,121.581,54.059,100.812
415.656,117.027,55.255,103.043
419.661,119.799,55.255,103.043
420.585,121.955,55.255,103.043
424.128,123.053,56.477,105.323
427.592,115.811,56.477,105.323
427.277,118.015,56.477,105.323
430.111,114.552,56.477,105.323
432.837,116.585,55.273,103.077
425.512,125.995,56.496,105.357
419.332,127.770,57.746,107.688
420.363,131.589,59.023,110.071
424.641,131.260,59.023,110.071
428.260,134.879,59.023,110.071
423.169,125.127,60.329,112.506
418.664,116.555,61.664,114.995
403.881,24.768,61.664,114.995
411.101,20.299,61.664,114.995
419.695,6.205,61.664,114.995
424.851,1.048,61.664,114.995
427.258,2.080,61.664,114.995
430.352,-1.702,61.664,114.995
435.979,2.506,60.349,112.543
438.453,-0.484,61.684,115.033
438.779,-4.229,60.369,112.580
441.952,-1.634,61.705,115.071
446.424,-1.290,61.705,115.071
443.328,-5.074,61.705,115.071
419.593,-8.858,61.705,115.071
403.425,-7.138,61.705,115.071
399.110,-7.569,60.389,112.617
398.791,-5.671,61.725,115.108
399.135,-6.703,61.725,115.108
393.811,-7.619,63.090,117.655
397.127,-5.637,64.486,120.258
398.161,-9.552,63.111,117.694
400.018,-5.379,64.507,120.298
402.439,-6.522,63.132,117.732
403.452,-7.642,61.785,115.222
403.840,-4.271,63.152,117.771
407.159,-1.556,64.550,120.377
403.832,-4.754,65.978,123.040
407.300,-3.444,67.438,125.762
410.064,-2.885,68.930,128.545
414.485,-4.705,70.455,131.389
418.805,-4.313,70.455,131.389
417.663,-2.533,68.952,128.587
419.585,-2.918,68.952,128.587
421.507,-0.996,68.952,128.587
421.892,-0.611,68.952,128.587
421.507,-2.533,68.952,128.587
421.941,-9.140,70.478,131.432
424.830,-10.187,72.037,134.340
426.760,-4.496,70.501,131.475
424.008,-6.461,70.501,131.475
419.685,-7.641,70.501,131.475
416.148,-9.606,70.501,131.475
418.899,-5.282,70.501,131.475
422.302,-0.471,68.998,128.671
426.375,4.238,67.526,125.927
426.751,1.603,67.526,125.927
424.869,-1.785,67.526,125.927
396.924,-18.948,66.086,123.242
393.013,-22.250,64.677,120.614
395.440,-19.226,63.298,118.042
393.054,-19.668,61.948,115.524
392.050,-13.443,60.627,113.061
393.022,-9.958,59.334,110.650
392.699,-7.821,58.068,108.290
391.758,-5.731,56.830,105.981
390.226,-1.852,55.618,103.721
387.532,1.944,54.432,101.509
390.744,4.488,53.271,99.344
394.605,2.409,53.271,99.344
393.714,4.488,53.271,99.344
400.545,3.003,53.271,99.344
405.593,3.894,53.271,99.344
405.296,0.628,53.271,99.344
409.013,2.546,52.135,97.226
412.651,1.061,51.024,95.152
416.348,-2.637,51.024,95.152
421.184,-3.490,51.024,95.152
420.331,-3.206,51.024,95.152
425.536,-1.369,49.935,93.123
428.483,1.502,48.871,91.137
433.115,-0.405,48.871,91.137
437.049,-1.271,47.828,89.194
435.760,0.451,46.808,87.292
424.540,-1.376,46.808,87.292
414.362,-5.812,46.808,87.292
411.408,-10.297,47.844,89.223
415.942,-7.363,47.844,89.223
414.609,-9.764,47.844,89.223
414.910,-11.581,48.903,91.197
415.694,-7.718,47.860,89.252
411.012,-11.197,48.919,91.227
410.194,-13.106,48.919,91.227
412.103,-10.651,48.919,91.227
410.147,-13.641,50.001,93.245
414.328,-10.017,50.001,93.245
411.172,-13.073,51.107,95.308
413.737,-16.207,51.107,95.308
417.441,-15.922,51.107,95.308
422.654,-17.927,50.017,93.276
427.756,-15.589,48.951,91.287
431.850,-16.953,48.951,91.287
437.369,-14.665,47.907,89.340
439.167,-13.455,46.885,87.435
436.896,-8.743,45.885,85.570
439.710,-8.999,45.885,85.570
441.432,-6.854,44.907,83.745
443.600,-6.685,43.949,81.959
441.885,-3.010,43.949,81.959
446.840,-3.317,43.012,80.212
449.841,-3.155,42.095,78.501
446.790,-1.512,42.095,78.501
408.069,-20.520,42.095,78.501
405.578,-18.100,41.197,76.827
404.889,-16.492,41.197,76.827
408.206,-19.879,40.319,75.189
406.253,-16.694,39.459,73.585
407.733,-19.514,38.617,72.016
405.796,-17.577,38.617,72.016
408.164,-15.639,38.617,72.016
411.273,-13.004,37.794,70.480
408.630,-15.298,36.988,68.977
407.633,-11.979,36.199,67.506
405.880,-13.788,35.427,66.067
409.493,-10.989,34.672,64.658
406.981,-13.889,34.672,64.658
397.123,-11.763,34.672,64.658
394.610,-9.636,34.672,64.658
393.303,-10.996,33.932,63.279
391.979,-8.159,33.932,63.279
393.681,-6.835,33.932,63.279
391.979,-5.889,33.932,63.279
389.141,-6.078,33.932,63.279
386.682,-8.537,33.932,63.279
387.250,-7.970,33.932,63.279
385.169,-7.781,33.932,63.279
383.160,-8.747,33.209,61.930
381.865,-6.340,33.209,61.930
377.977,-7.266,33.209,61.930
376.011,-7.498,32.500,60.609
374.087,-5.629,31.807,59.316
372.846,-4.742,31.807,59.316
371.989,-6.673,31.129,58.051
374.939,-4.765,31.129,58.051
373.766,-5.651,30.465,56.813
377.528,-3.572,29.815,55.602
376.697,-6.398,29.815,55.602
375.866,-8.226,29.815,55.602
379.228,-5.550,29.180,54.416
377.814,-6.068,28.557,53.256
376.124,-3.812,27.948,52.120
377.473,-2.205,27.352,51.009
377.324,-1.808,26.769,49.921
376.578,-2.554,26.769,49.921
377.582,-1.303,26.198,48.856
377.158,1.048,25.640,47.814
375.300,1.191,25.640,47.814
372.584,3.621,25.640,47.814
371.617,3.167,25.093,46.795
370.918,1.908,25.093,46.795
369.939,4.006,25.093,46.795
369.519,3.586,25.093,46.795
369.099,4.286,25.093,46.795
370.638,5.545,25.093,46.795
369.099,8.482,25.093,46.795
369.799,8.902,25.093,46.795
368.505,7.078,25.648,47.830
370.078,10.081,25.648,47.830
371.365,11.082,25.648,47.830
374.368,9.795,25.648,47.830
378.228,7.650,25.648,47.830
381.803,5.219,25.648,47.830
386.807,6.506,25.648,47.830
388.952,4.075,25.648,47.830
392.080,2.805,26.215,48.888
394.974,1.506,26.795,49.970
401.696,0.759,26.795,49.970
407.821,-0.287,26.795,49.970
411.854,-0.735,26.795,49.970
417.467,0.230,26.224,48.904
419.368,0.084,26.224,48.904
422.146,1.984,26.224,48.904
425.216,0.961,26.224,48.904
427.993,2.276,26.224,48.904
430.479,3.300,26.224,48.904
432.672,4.616,26.224,48.904
431.356,5.054,26.224,48.904
429.701,3.755,26.804,49.986
432.241,3.605,26.804,49.986
430.239,0.727,27.397,51.092
428.827,-0.948,28.003,52.223
431.481,-0.479,28.003,52.223
431.012,-0.323,28.003,52.223
428.983,0.457,28.003,52.223
427.890,1.238,28.003,52.223
426.173,-0.791,28.003,52.223
422.582,-2.197,28.003,52.223
420.925,-1.790,27.406,51.109
418.327,-4.082,27.406,51.109
416.411,-2.506,26.822,50.019
412.805,-2.405,26.250,48.952
412.098,-1.460,25.690,47.908
412.234,-3.296,25.142,46.887
413.177,-2.931,24.606,45.887
413.040,-2.794,24.606,45.887
412.641,-2.172,24.081,44.908
414.118,-1.501,24.081,44.908
416.833,-0.893,23.568,43.951
419.744,-0.551,23.065,43.013
421.673,0.349,23.065,43.013
423.344,2.021,23.065,43.013
424.824,1.412,23.575,43.965
426.269,1.280,23.575,43.965
428.241,1.412,23.575,43.965
430.475,2.857,23.575,43.965
431.658,2.463,23.575,43.965
432.543,3.818,23.073,43.028
434.648,2.914,22.581,42.110
434.523,1.781,22.581,42.110
432.634,1.151,22.581,42.110
431.250,4.046,22.581,42.110
431.627,3.165,22.581,42.110
431.501,0.773,22.581,42.110
430.368,-0.108,22.581,42.110
431.458,-0.265,22.099,41.212
432.321,-1.374,22.099,41.212
430.966,-0.758,22.099,41.212
429.857,-2.606,22.099,41.212
431.636,-2.760,21.628,40.333
430.588,-1.982,21.167,39.473
429.054,-1.156,21.167,39.473
427.756,-1.038,21.167,39.473
426.458,-0.212,21.167,39.473
424.924,0.850,21.167,39.473
424.334,0.732,21.167,39.473
422.998,2.867,21.635,40.346
421.485,4.576,21.174,39.486
420.187,7.054,21.174,39.486
418.888,8.825,21.174,39.486
419.951,9.415,21.174,39.486
417.708,14.019,21.174,39.486
416.882,11.540,21.174,39.486
419.361,6.936,21.174,39.486
420.423,4.694,21.174,39.486
421.485,4.339,21.174,39.486
422.548,3.513,21.174,39.486
424.318,2.687,21.174,39.486
425.853,1.388,21.174,39.486
428.332,-0.382,21.174,39.486
429.866,-1.917,21.174,39.486
430.661,-2.065,20.722,38.644
431.700,-3.104,20.722,38.644
433.592,-3.472,20.280,37.820
433.481,-3.395,19.848,37.013
431.880,-3.107,19.424,36.224
431.555,-2.133,19.424,36.224
433.179,-1.808,19.424,36.224
431.338,-0.617,19.424,36.224
432.313,0.141,19.424,36.224
433.287,0.033,19.424,36.224
432.096,-0.292,19.424,36.224
429.822,2.415,19.424,36.224
428.147,3.251,19.854,37.025
427.151,2.476,19.854,37.025
425.933,4.136,19.854,37.025
423.830,9.338,19.854,37.025
421.429,10.192,20.293,37.845
419.958,11.436,20.293,37.845
418.713,12.228,20.293,37.845
418.841,10.753,20.742,38.682
420.344,12.256,20.742,38.682
419.997,11.447,20.742,38.682
421.732,7.862,20.742,38.682
422.773,6.822,20.742,38.682
422.194,4.393,20.742,38.682
420.691,3.352,20.742,38.682
421.732,2.080,20.742,38.682
423.235,1.734,20.742,38.682
421.963,1.618,20.742,38.682
422.541,1.734,20.742,38.682
421.732,0.462,20.742,38.682
421.154,-1.273,20.742,38.682
420.576,-0.926,20.742,38.682
422.310,-0.579,20.742,38.682
424.203,-2.953,20.300,37.857
424.965,-2.440,19.867,37.050
424.633,-3.216,19.867,37.050
423.884,-2.500,19.444,36.260
423.151,-2.636,19.029,35.486
422.024,-3.587,18.623,34.730
422.751,-4.937,18.623,34.730
