213.000,121.000,21.000,95.000
212.784,118.619,21.000,95.000
213.000,115.806,21.000,95.000
212.784,114.291,21.000,95.000
212.134,113.209,21.000,95.000
211.485,112.127,21.000,95.000
209.970,111.910,21.000,95.000
208.455,112.560,21.000,95.000
209.970,113.209,21.000,95.000
208.888,113.425,21.000,95.000
211.701,112.343,21.000,95.000
215.381,111.261,21.000,95.000
220.358,110.179,21.000,95.000
223.605,109.530,21.000,95.000
225.119,108.881,21.000,95.000
226.202,110.395,21.000,95.000
225.552,111.045,21.000,95.000
223.172,109.530,21.000,95.000
219.925,108.881,21.000,95.000
218.410,110.395,21.000,95.000
219.925,111.478,21.000,95.000
218.843,110.395,21.000,95.000
218.627,110.179,21.000,95.000
217.545,107.798,21.000,95.000
219.925,106.284,21.000,95.000
222.739,105.634,21.000,95.000
224.254,103.686,21.000,95.000
222.739,101.739,21.000,95.000
221.657,101.089,21.000,95.000
221.440,100.440,21.000,95.000
223.388,101.089,21.000,95.000
224.903,99.575,21.000,95.000
227.284,101.522,21.000,95.000
226.634,100.007,21.000,95.000
225.552,98.492,21.000,95.000
225.336,96.112,21.000,95.000
227.284,95.895,21.000,95.000
228.623,95.967,21.465,97.102
230.172,96.188,21.465,97.102
229.508,94.197,21.465,97.102
231.499,96.188,21.465,97.102
228.181,99.064,21.465,97.102
226.632,101.055,21.465,97.102
227.738,104.373,21.465,97.102
226.632,108.576,21.465,97.102
225.969,111.452,21.465,97.102
223.535,109.461,21.465,97.102
225.084,110.567,21.465,97.102
223.535,109.461,21.465,97.102
221.544,107.912,21.465,97.102
218.669,108.134,21.465,97.102
215.351,106.585,21.465,97.102
210.705,105.921,21.465,97.102
206.502,104.815,21.465,97.102
202.299,104.594,21.465,97.102
201.636,104.373,21.465,97.102
202.742,103.267,21.465,97.102
201.193,102.603,21.465,97.102
202.299,105.921,21.465,97.102
203.848,106.585,21.465,97.102
205.396,108.134,21.465,97.102
207.830,110.124,21.465,97.102
209.378,112.558,21.465,97.102
210.042,111.894,21.465,97.102
210.263,112.115,21.465,97.102
207.387,110.124,21.465,97.102
205.396,109.461,21.465,97.102
207.830,110.567,21.465,97.102
209.820,110.346,21.465,97.102
212.696,109.682,21.465,97.102
217.341,109.018,21.465,97.102
225.084,108.355,21.465,97.102
229.729,105.921,21.465,97.102
231.720,104.373,21.465,97.102
230.172,105.037,21.465,97.102
225.526,102.603,21.465,97.102
215.734,100.867,21.007,95.031
207.291,101.516,21.007,95.031
204.139,100.690,21.472,97.134
200.917,96.631,21.947,99.283
199.625,92.239,21.479,97.166
201.774,85.381,21.021,95.093
204.590,81.265,21.021,95.093
207.279,76.393,21.486,97.197
209.715,72.628,21.486,97.197
210.626,69.486,21.961,99.348
211.758,66.996,21.961,99.348
212.437,65.412,21.961,99.348
212.898,66.896,22.447,101.546
211.930,72.252,22.944,103.793
212.402,79.057,22.454,101.579
210.634,88.838,21.976,99.413
212.833,96.229,21.507,97.293
212.849,98.334,21.048,95.218
214.119,102.068,20.599,93.188
216.589,106.949,20.160,91.200
219.290,108.819,20.160,91.200
221.708,114.798,19.730,89.256
219.471,119.068,19.730,89.256
215.608,124.558,19.730,89.256
212.647,126.735,20.167,91.230
212.024,129.852,20.167,91.230
210.153,137.542,20.167,91.230
213.373,139.917,19.737,89.285
216.132,138.320,19.316,87.381
215.762,138.293,18.904,85.517
217.516,136.539,18.904,85.517
220.048,135.565,18.904,85.517
222.191,134.591,18.904,85.517
223.707,134.188,18.501,83.694
221.991,130.947,18.501,83.694
215.699,128.087,18.501,83.694
213.221,125.227,18.501,83.694
214.937,123.511,18.501,83.694
217.415,125.990,18.501,83.694
219.513,123.511,18.501,83.694
222.834,124.955,18.106,81.909
226.379,127.008,18.106,81.909
231.044,129.433,18.106,81.909
233.935,129.048,17.720,80.162
237.116,131.839,17.342,78.453
240.155,132.375,17.342,78.453
243.193,131.481,17.342,78.453
248.018,133.805,17.342,78.453
255.704,136.486,17.342,78.453
262.316,137.379,17.342,78.453
266.069,138.630,17.342,78.453
269.465,139.166,17.342,78.453
273.933,140.775,17.342,78.453
280.231,141.947,17.726,80.188
284.433,142.495,17.726,80.188
290.827,143.773,17.726,80.188
294.663,145.418,17.726,80.188
298.499,146.331,17.726,80.188
303.066,147.610,17.726,80.188
306.537,145.600,17.726,80.188
311.104,147.975,17.726,80.188
315.305,149.984,17.726,80.188
318.776,148.706,17.726,80.188
325.901,151.811,17.726,80.188
330.102,152.725,17.726,80.188
333.938,150.350,17.726,80.188
337.121,149.620,17.348,78.478
339.201,148.217,16.978,76.805
340.900,147.181,16.616,75.167
342.232,146.827,16.262,73.564
340.952,145.834,15.915,71.995
343.809,144.863,15.575,70.460
346.296,143.294,15.243,68.957
348.898,139.434,15.580,70.483
347.774,136.705,15.580,70.483
347.292,135.902,15.580,70.483
348.737,136.383,15.580,70.483
348.577,134.617,15.580,70.483
350.985,134.457,15.580,70.483
349.861,133.012,15.580,70.483
350.343,133.493,15.580,70.483
350.504,133.012,15.580,70.483
350.498,132.065,15.925,72.042
350.005,131.245,15.925,72.042
350.681,130.277,16.278,73.636
351.184,129.774,16.278,73.636
352.222,128.785,16.638,75.266
353.079,130.329,16.638,75.266
309.131,175.257,16.283,73.661
312.655,173.075,16.283,73.661
316.515,174.586,16.283,73.661
319.032,174.082,16.283,73.661
320.878,175.928,16.283,73.661
323.730,174.753,16.283,73.661
329.603,175.257,16.283,73.661
333.127,174.753,16.283,73.661
334.973,176.264,16.283,73.661
336.279,176.887,15.936,72.090
337.874,179.714,15.596,70.552
338.999,179.553,15.596,70.552
339.481,180.035,15.596,70.552
340.927,180.839,15.596,70.552
342.178,182.056,15.263,69.048
344.009,182.944,14.938,67.575
342.315,184.945,14.938,67.575
340.622,186.638,14.938,67.575
339.446,188.694,14.619,66.134
338.295,190.416,14.307,64.724
338.874,192.101,14.002,63.344
339.718,193.472,13.704,61.993
341.634,194.269,13.411,60.671
344.536,196.066,13.411,60.671
347.211,198.178,13.125,59.377
348.524,201.028,12.846,58.111
349.715,199.042,12.846,58.111
350.490,199.534,12.572,56.872
349.251,199.266,12.304,55.659
350.392,199.647,12.304,55.659
348.997,200.788,12.304,55.659
350.308,200.040,12.576,56.890
350.841,199.546,12.854,58.149
349.914,199.943,12.854,58.149
351.456,201.201,12.580,56.909
351.715,203.183,12.312,55.695
352.763,203.488,12.584,56.928
354.373,203.800,12.862,58.187
355.301,205.258,12.862,58.187
331.092,235.558,13.147,59.474
332.492,236.727,13.438,60.790
331.523,236.589,13.438,60.790
333.135,234.701,13.151,59.494
335.710,232.939,13.151,59.494
338.014,233.075,13.151,59.494
339.852,235.146,12.871,58.225
340.781,236.074,12.871,58.225
343.091,238.357,12.596,56.984
348.673,248.093,12.596,56.984
348.803,253.935,12.596,56.984
349.452,256.142,12.596,56.984
348.803,257.051,12.596,56.984
349.452,258.219,12.596,56.984
349.063,259.906,12.596,56.984
347.711,260.758,12.875,58.244
310.813,223.358,13.160,59.533
307.151,227.291,13.160,59.533
308.101,229.325,13.160,59.533
310.949,230.545,13.160,59.533
313.526,231.495,13.160,59.533
316.916,231.630,13.160,59.533
319.764,232.580,13.160,59.533
322.612,232.715,13.160,59.533
325.189,232.037,13.160,59.533
327.766,232.444,13.160,59.533
330.129,233.994,12.879,58.263
332.119,234.658,12.879,58.263
333.845,234.790,12.879,58.263
335.305,234.127,12.879,58.263
336.234,234.790,12.879,58.263
336.898,235.719,12.879,58.263
337.296,236.118,12.879,58.263
337.817,238.402,12.605,57.021
339.078,241.389,12.336,55.805
340.067,239.901,12.073,54.615
342.954,238.924,11.815,53.450
347.188,237.030,11.563,52.310
349.723,236.554,11.317,51.195
331.746,241.259,11.075,50.103
333.915,242.286,11.075,50.103
339.051,243.998,11.075,50.103
344.120,243.762,10.839,49.035
347.788,243.316,10.608,47.989
348.991,242.332,10.608,47.989
349.537,241.567,10.608,47.989
348.553,236.647,10.608,47.989
348.881,234.570,10.608,47.989
348.116,233.805,10.608,47.989
347.570,233.039,10.608,47.989
348.210,233.024,10.382,46.966
347.598,233.834,10.160,45.964
348.681,232.348,10.385,46.981
349.858,231.599,10.385,46.981
349.188,229.636,10.615,48.020
350.039,229.410,10.389,46.996
349.428,230.633,10.167,45.994
349.233,230.821,9.950,45.013
350.229,231.004,9.738,44.053
349.849,230.990,9.530,43.114
351.181,232.681,9.327,42.195
334.552,230.854,9.327,42.195
335.300,232.694,9.128,41.295
337.120,234.494,8.934,40.414
339.238,235.507,8.934,40.414
342.794,237.269,8.743,39.552
344.506,238.080,8.743,39.552
346.076,239.283,8.557,38.709
347.927,239.019,8.557,38.709
349.074,239.812,8.557,38.709
349.867,239.724,8.557,38.709
349.603,240.165,8.557,38.709
349.779,241.343,8.374,37.883
349.952,241.331,8.196,37.075
350.205,241.753,8.196,37.075
350.627,242.344,8.196,37.075
350.036,242.260,8.196,37.075
350.627,242.344,8.196,37.075
350.959,243.147,8.021,36.285
350.711,242.568,8.021,36.285
351.222,241.052,8.198,37.088
350.518,238.976,8.380,37.908
351.232,235.600,8.565,38.747
350.261,233.746,8.565,38.747
350.702,230.657,8.565,38.747
351.144,229.862,8.565,38.747
351.055,230.833,8.565,38.747
351.497,229.686,8.565,38.747
350.526,228.715,8.565,38.747
349.908,226.861,8.565,38.747
348.584,223.772,8.565,38.747
347.260,222.095,8.565,38.747
346.112,220.418,8.565,38.747
347.083,219.447,8.565,38.747
347.525,218.652,8.565,38.747
346.239,217.216,8.755,39.604
347.172,215.936,8.948,40.480
345.973,216.950,8.948,40.480
346.988,217.042,8.948,40.480
347.633,216.950,8.948,40.480
346.803,217.780,8.948,40.480
347.818,217.503,8.948,40.480
347.541,242.126,8.948,40.480
347.264,242.402,8.948,40.480
346.803,241.757,8.948,40.480
348.187,242.956,8.948,40.480
347.172,244.892,8.948,40.480
346.711,246.644,8.948,40.480
347.725,247.474,8.948,40.480
347.376,249.239,8.757,39.617
348.550,248.607,8.757,39.617
347.918,249.420,8.757,39.617
348.911,250.412,8.757,39.617
348.279,250.864,8.757,39.617
347.647,250.051,8.757,39.617
348.820,249.059,8.757,39.617
349.091,249.329,8.757,39.617
349.542,250.503,8.757,39.617
350.245,252.056,8.571,38.772
349.450,253.381,8.571,38.772
350.068,253.116,8.571,38.772
350.863,252.498,8.571,38.772
350.421,251.349,8.571,38.772
351.335,251.562,8.760,39.630
350.883,253.097,8.760,39.630
331.224,259.872,8.574,38.785
334.296,260.881,8.391,37.958
338.879,262.524,8.391,37.958
322.017,239.436,8.391,37.958
325.782,242.695,8.576,38.798
330.996,246.319,8.576,38.798
321.362,250.296,8.576,38.798
341.779,226.697,8.576,38.798
347.701,230.674,8.576,38.798
349.204,233.768,8.576,38.798
350.176,239.513,8.576,38.798
345.752,253.983,8.393,37.970
344.313,258.858,8.579,38.810
345.286,259.830,8.579,38.810
332.073,257.842,8.769,39.669
331.209,258.178,8.582,38.823
330.767,258.620,8.582,38.823
327.875,260.142,8.399,37.995
319.132,261.440,8.399,37.995
316.968,262.739,8.399,37.995
316.067,262.947,8.585,38.836
314.740,264.451,8.585,38.836
315.288,265.582,8.775,39.695
314.909,265.987,8.969,40.573
311.489,266.079,8.969,40.573
305.112,265.987,8.969,40.573
303.336,266.152,8.778,39.708
299.767,265.807,8.972,40.587
297.653,266.029,9.170,41.485
293.728,267.041,9.373,42.403
294.325,239.814,9.581,43.341
295.807,237.740,9.581,43.341
297.442,238.183,9.793,44.300
299.158,237.678,9.793,44.300
301.479,236.568,9.793,44.300
305.616,235.054,9.793,44.300
308.341,234.146,9.793,44.300
311.470,235.256,9.793,44.300
316.616,236.164,9.793,44.300
326.664,235.569,10.009,45.280
333.369,237.529,10.009,45.280
339.661,239.902,10.009,45.280
346.985,242.481,10.009,45.280
348.945,244.028,10.009,45.280
349.461,248.051,10.009,45.280
327.077,249.598,10.009,45.280
328.005,252.177,10.009,45.280
329.759,255.993,10.009,45.280
331.953,258.564,9.796,44.314
335.083,260.684,9.796,44.314
337.203,261.997,9.796,44.314
337.794,262.956,9.587,43.369
336.905,264.042,9.587,43.369
334.436,264.219,9.382,42.444
348.650,246.331,9.382,42.444
349.588,247.809,9.182,41.539
349.115,246.957,9.182,41.539
348.831,245.538,9.182,41.539
348.737,243.740,9.182,41.539
348.930,239.451,9.385,42.458
347.866,237.420,9.385,42.458
327.070,263.245,9.385,42.458
331.423,258.699,9.385,42.458
337.710,255.507,9.385,42.458
341.720,253.934,9.593,43.398
343.401,255.812,9.593,43.398
344.170,257.704,9.389,42.472
343.299,259.736,9.389,42.472
350.943,248.416,9.389,42.472
351.427,248.900,9.389,42.472
330.044,245.320,9.389,42.472
329.560,247.545,9.389,42.472
327.515,248.651,9.188,41.566
326.095,252.533,9.188,41.566
324.323,256.887,9.392,42.486
322.871,263.178,9.392,42.486
321.032,264.630,9.392,42.486
320.355,265.695,9.392,42.486
320.645,266.372,9.392,42.486
319.638,267.007,9.599,43.426
318.197,268.066,9.812,44.387
290.078,262.854,10.029,45.369
290.801,262.337,10.029,45.369
294.419,260.787,10.029,45.369
298.450,260.477,10.029,45.369
300.207,259.340,10.029,45.369
302.584,258.203,10.029,45.369
307.028,256.859,10.029,45.369
311.679,255.102,10.029,45.369
315.916,253.552,10.029,45.369
319.947,252.415,10.029,45.369
322.324,250.865,10.029,45.369
324.081,249.108,10.029,45.369
326.665,247.558,10.029,45.369
329.456,246.214,10.029,45.369
331.006,245.491,10.029,45.369
332.350,244.767,10.029,45.369
333.693,245.491,10.029,45.369
334.830,245.801,10.029,45.369
335.967,246.317,10.029,45.369
337.104,246.834,10.029,45.369
337.208,247.764,10.029,45.369
338.138,248.488,10.029,45.369
338.861,249.005,10.029,45.369
337.518,249.728,10.029,45.369
336.927,250.511,9.815,44.401
337.635,251.016,9.815,44.401
338.141,250.511,9.815,44.401
337.433,251.623,9.815,44.401
338.748,252.129,9.815,44.401
340.063,251.016,9.815,44.401
341.580,249.297,9.815,44.401
342.895,247.780,9.815,44.401
344.412,246.262,9.815,44.401
345.589,245.858,9.606,43.455
347.272,246.749,9.606,43.455
349.569,245.781,9.401,42.528
345.094,255.853,9.200,41.621
343.482,257.844,9.200,41.621
336.396,262.007,9.404,42.542
337.337,264.049,9.203,41.635
330.213,266.047,9.007,40.747
332.719,266.325,9.007,40.747
330.770,270.503,9.007,40.747
332.115,273.615,9.206,41.648
336.639,262.819,9.410,42.570
339.258,264.079,9.410,42.570
350.604,244.587,9.410,42.570
351.406,244.820,9.618,43.512
350.991,244.442,9.831,44.474
351.584,245.795,9.621,43.526
350.691,235.383,9.621,43.526
346.031,226.955,9.621,43.526
346.725,227.848,9.621,43.526
345.634,230.128,9.621,43.526
344.544,233.797,9.621,43.526
343.651,237.466,9.621,43.526
343.949,239.548,9.621,43.526
344.445,243.217,9.621,43.526
342.759,245.894,9.621,43.526
343.651,246.985,9.621,43.526
343.750,248.670,9.621,43.526
342.065,254.124,9.621,43.526
342.164,256.404,9.621,43.526
341.470,257.297,9.621,43.526
340.181,258.586,9.621,43.526
340.478,259.875,9.621,43.526
340.577,260.767,9.621,43.526
341.271,261.263,9.621,43.526
341.569,261.362,9.621,43.526
341.866,262.056,9.621,43.526
351.683,264.535,9.621,43.526
353.765,264.833,9.621,43.526
354.856,264.535,9.621,43.526
354.757,264.634,9.621,43.526
354.856,264.733,9.621,43.526
355.058,264.149,9.834,44.489
355.261,264.917,9.625,43.540
354.845,264.126,9.838,44.503
355.262,263.108,10.055,45.488
356.402,262.590,10.055,45.488
357.542,262.279,10.055,45.488
357.231,262.175,10.055,45.488
357.013,261.350,10.278,46.494
342.714,250.440,10.278,46.494
341.700,249.813,10.059,45.503
340.191,248.126,10.281,46.510
338.208,249.480,10.509,47.539
338.317,249.156,10.509,47.539
338.858,248.831,10.509,47.539
340.049,249.156,10.509,47.539
340.808,249.914,10.509,47.539
341.859,249.481,10.284,46.525
342.888,251.101,10.065,45.533
343.822,250.167,10.065,45.533
348.428,249.353,9.851,44.562
350.784,248.948,9.640,43.612
351.876,249.643,9.640,43.612
351.500,249.438,9.435,42.681
350.625,249.146,9.435,42.681
350.445,250.070,9.234,41.771
349.969,249.975,9.234,41.771
351.016,249.880,9.234,41.771
350.730,250.355,9.234,41.771
351.471,251.076,9.037,40.881
350.759,251.422,8.844,40.009
350.668,251.695,8.844,40.009
351.904,252.210,8.655,39.156
351.637,253.370,8.655,39.156
351.369,254.172,8.655,39.156
351.280,254.440,8.655,39.156
350.721,255.025,8.847,40.022
350.630,253.840,8.847,40.022
351.951,254.437,9.043,40.907
351.561,254.275,9.243,41.812
351.085,253.608,9.243,41.812
351.371,253.322,9.243,41.812
350.894,253.799,9.243,41.812
352.133,254.846,9.243,41.812
352.038,253.989,9.243,41.812
351.942,252.941,9.243,41.812
351.656,255.323,9.243,41.812
351.180,254.846,9.243,41.812
350.820,256.486,9.046,40.921
344.716,257.551,8.853,40.048
351.230,243.644,8.664,39.194
350.605,248.020,8.664,39.194
350.439,249.901,8.479,38.358
350.109,249.383,8.298,37.540
350.707,248.442,8.298,37.540
350.219,250.244,8.121,36.740
350.637,251.332,8.121,36.740
349.998,251.482,7.948,35.956
351.109,252.576,7.779,35.189
350.548,251.694,7.779,35.189
351.430,250.812,7.779,35.189
350.868,251.854,7.779,35.189
350.307,253.217,7.779,35.189
351.029,252.656,7.779,35.189
351.359,251.518,7.951,35.968
350.505,250.355,8.127,36.764
350.027,250.020,7.953,35.980
350.765,248.791,7.953,35.980
351.403,248.148,7.784,35.212
350.841,246.944,7.784,35.212
350.440,246.864,7.784,35.212
350.604,246.391,7.956,35.992
351.111,246.248,8.132,36.788
327.806,222.626,8.312,37.602
334.744,227.509,8.312,37.602
328.806,249.954,8.135,36.800
325.704,251.547,8.135,36.800
326.458,263.200,8.135,36.800
327.757,266.259,7.961,36.015
326.034,263.059,7.961,36.015
320.073,267.853,8.137,36.812
322.337,268.776,8.137,36.812
319.402,269.698,8.137,36.812
325.691,268.776,8.137,36.812
327.080,267.411,8.317,37.626
325.476,263.349,8.501,38.459
326.615,259.932,8.501,38.459
325.827,260.545,8.501,38.459
319.081,261.509,8.501,38.459
317.241,267.730,8.501,38.459
315.783,267.940,8.690,39.310
309.246,271.791,8.690,39.310
302.368,270.706,8.882,40.180
299.164,269.882,8.882,40.180
300.537,270.889,8.882,40.180
299.485,270.523,8.692,39.323
297.809,270.925,8.885,40.193
297.168,270.467,8.885,40.193
297.527,271.160,8.695,39.336
293.560,271.148,8.510,38.497
290.354,272.150,8.328,37.676
289.582,272.236,8.328,37.676
292.243,271.978,8.328,37.676
295.590,271.206,8.328,37.676
299.624,270.090,8.328,37.676
300.396,271.893,8.328,37.676
299.281,271.292,8.328,37.676
299.710,270.519,8.328,37.676
298.994,271.438,8.513,38.509
300.015,271.426,8.331,37.688
300.960,270.482,8.331,37.688
299.888,271.401,8.515,38.522
299.098,270.787,8.515,38.522
300.239,271.576,8.515,38.522
