198.000,249.000,95.000,325.000
195.614,241.843,95.000,325.000
193.229,244.229,95.000,325.000
195.614,243.434,95.000,325.000
194.819,245.819,95.000,325.000
197.205,245.024,95.000,325.000
199.590,247.410,95.000,325.000
202.664,247.939,97.102,332.191
203.477,247.127,97.102,332.191
207.541,244.688,97.102,332.191
208.354,243.875,97.102,332.191
214.043,244.688,97.102,332.191
214.856,247.127,97.102,332.191
215.669,249.565,97.102,332.191
216.481,253.629,97.102,332.191
218.920,254.441,97.102,332.191
222.984,248.752,97.102,332.191
227.047,246.314,97.102,332.191
231.111,240.624,97.102,332.191
227.047,238.186,97.102,332.191
224.609,230.871,97.102,332.191
217.294,225.182,97.102,332.191
213.690,220.664,99.250,339.540
210.007,214.322,101.446,347.053
205.761,211.774,101.446,347.053
203.758,208.816,103.691,354.731
208.097,204.477,103.691,354.731
205.494,200.137,103.691,354.731
213.305,201.005,103.691,354.731
219.380,208.816,103.691,354.731
218.512,221.835,103.691,354.731
215.909,231.382,103.691,354.731
215.041,233.986,103.691,354.731
215.909,231.382,103.691,354.731
212.060,233.761,105.985,362.580
212.947,232.874,105.985,362.580
212.060,239.084,105.985,362.580
211.173,231.100,105.985,362.580
208.512,224.890,105.985,362.580
211.173,220.454,105.985,362.580
206.737,216.019,105.985,362.580
211.173,209.809,105.985,362.580
206.737,201.825,105.985,362.580
209.399,192.066,105.985,362.580
213.834,185.856,105.985,362.580
220.044,190.292,105.985,362.580
224.480,187.631,105.985,362.580
225.367,179.647,105.985,362.580
231.577,184.082,105.985,362.580
237.787,190.292,105.985,362.580
236.900,194.728,105.985,362.580
236.012,192.066,105.985,362.580
231.577,191.179,105.985,362.580
239.561,188.518,105.985,362.580
245.771,189.405,105.985,362.580
246.658,188.518,105.985,362.580
242.222,187.631,105.985,362.580
243.109,193.841,105.985,362.580
240.448,194.728,105.985,362.580
228.915,188.518,105.985,362.580
213.834,176.985,105.985,362.580
200.528,160.130,105.985,362.580
188.995,146.823,105.985,362.580
181.011,135.290,105.985,362.580
178.349,132.629,105.985,362.580
182.785,144.162,105.985,362.580
185.446,146.823,105.985,362.580
182.785,151.259,105.985,362.580
190.769,157.469,105.985,362.580
196.979,160.130,105.985,362.580
203.189,164.566,105.985,362.580
211.173,161.904,105.985,362.580
217.383,161.017,105.985,362.580
220.044,169.001,105.985,362.580
224.480,184.082,105.985,362.580
223.593,197.389,105.985,362.580
220.931,200.050,105.985,362.580
220.044,193.841,105.985,362.580
217.383,185.856,105.985,362.580
214.721,176.098,105.985,362.580
213.834,166.340,105.985,362.580
216.496,160.130,105.985,362.580
217.383,155.694,105.985,362.580
218.270,153.033,105.985,362.580
222.706,155.694,105.985,362.580
230.690,165.453,105.985,362.580
238.674,175.211,105.985,362.580
248.432,184.969,105.985,362.580
261.739,192.953,105.985,362.580
275.046,192.066,105.985,362.580
290.127,196.502,105.985,362.580
306.982,192.066,105.985,362.580
322.063,191.179,105.985,362.580
337.144,192.066,105.985,362.580
350.451,184.082,105.985,362.580
358.435,177.872,105.985,362.580
352.225,168.114,105.985,362.580
351.338,158.356,105.985,362.580
357.548,152.146,105.985,362.580
354.887,145.936,105.985,362.580
361.096,146.823,105.985,362.580
367.306,144.162,105.985,362.580
364.645,137.952,105.985,362.580
369.081,138.839,105.985,362.580
373.516,141.500,105.985,362.580
379.726,145.936,105.985,362.580
378.839,153.920,105.985,362.580
383.274,163.678,105.985,362.580
388.680,173.530,103.725,354.848
384.339,181.344,103.725,354.848
388.680,189.158,103.725,354.848
380.866,188.289,103.725,354.848
376.525,190.894,103.725,354.848
375.657,193.499,103.725,354.848
373.052,201.312,103.725,354.848
368.711,200.444,103.725,354.848
364.370,189.158,103.725,354.848
365.238,176.135,103.725,354.848
357.786,167.705,106.020,362.699
356.898,172.142,106.020,362.699
350.686,181.904,106.020,362.699
344.474,193.440,106.020,362.699
338.263,203.202,106.020,362.699
328.803,203.793,108.365,370.723
318.826,204.700,108.365,370.723
312.477,209.235,108.365,370.723
307.941,219.213,108.365,370.723
301.592,225.562,108.365,370.723
297.570,224.284,110.763,378.925
294.789,232.628,110.763,378.925
294.525,227.474,113.213,387.309
291.682,228.422,113.213,387.309
294.525,223.684,113.213,387.309
297.368,218.946,113.213,387.309
294.525,217.998,113.213,387.309
291.682,213.260,113.213,387.309
294.525,208.522,113.213,387.309
289.787,199.993,113.213,387.309
286.944,189.569,113.213,387.309
289.787,182.936,113.213,387.309
285.049,174.407,113.213,387.309
287.892,169.669,113.213,387.309
290.735,164.931,113.213,387.309
293.578,167.774,113.213,387.309
294.525,172.512,113.213,387.309
295.473,177.250,113.213,387.309
301.247,187.773,110.799,379.050
298.465,186.846,110.799,379.050
304.957,193.338,110.799,379.050
303.456,194.698,108.436,370.966
307.995,201.051,108.436,370.966
310.718,201.959,108.436,370.966
309.810,204.682,108.436,370.966
312.533,203.774,108.436,370.966
307.995,201.051,108.436,370.966
306.526,202.382,106.124,363.055
305.638,197.941,106.124,363.055
304.201,195.819,103.861,355.313
298.116,187.995,103.861,355.313
297.246,180.171,103.861,355.313
300.868,179.770,101.646,347.736
299.491,181.017,99.478,340.320
301.989,181.850,99.478,340.320
297.432,183.071,97.357,333.063
296.114,184.266,95.281,325.960
296.911,180.278,95.281,325.960
297.709,182.671,95.281,325.960
295.316,188.254,95.281,325.960
297.709,195.431,95.281,325.960
294.881,207.363,93.249,319.009
298.132,219.039,91.260,312.206
295.841,222.859,91.260,312.206
299.660,228.206,91.260,312.206
295.841,225.914,91.260,312.206
303.440,235.870,89.314,305.548
307.995,239.848,87.409,299.032
307.264,237.653,87.409,299.032
314.542,240.136,85.545,292.655
318.123,240.852,85.545,292.655
318.839,240.136,85.545,292.655
321.821,238.426,83.721,286.414
323.924,232.119,83.721,286.414
325.492,226.392,81.936,280.307
327.026,222.110,80.188,274.329
327.698,222.781,80.188,274.329
331.054,220.767,80.188,274.329
332.556,219.164,78.478,268.479
331.899,217.193,78.478,268.479
335.183,219.164,78.478,268.479
338.468,223.762,78.478,268.479
337.811,228.360,78.478,268.479
338.468,231.645,78.478,268.479
335.183,236.243,78.478,268.479
333.213,238.213,78.478,268.479
329.928,240.184,78.478,268.479
327.957,242.155,78.478,268.479
328.614,246.753,78.478,268.479
324.016,251.351,78.478,268.479
320.732,254.635,78.478,268.479
316.133,253.979,78.478,268.479
312.849,253.322,78.478,268.479
309.565,252.665,78.478,268.479
303.653,246.753,78.478,268.479
302.590,242.651,76.805,262.753
300.661,235.579,76.805,262.753
299.621,232.804,75.167,257.150
297.734,230.917,75.167,257.150
302.138,230.288,75.167,257.150
301.509,228.400,75.167,257.150
308.430,230.288,75.167,257.150
308.625,228.784,73.564,251.666
317.125,234.435,71.995,246.299
324.282,239.966,70.460,241.047
328.410,244.094,70.460,241.047
329.000,239.966,70.460,241.047
334.867,245.378,68.957,235.907
336.599,250.573,68.957,235.907
340.639,256.922,68.957,235.907
340.062,262.117,68.957,235.907
344.102,262.694,68.957,235.907
342.371,260.962,68.957,235.907
345.257,262.694,68.957,235.907
346.988,263.271,68.957,235.907
348.720,262.694,68.957,235.907
345.834,258.654,68.957,235.907
346.411,252.304,68.957,235.907
346.988,243.647,68.957,235.907
349.874,239.606,68.957,235.907
355.069,236.720,68.957,235.907
356.800,234.989,68.957,235.907
357.377,228.640,68.957,235.907
360.263,221.136,68.957,235.907
365.458,215.941,68.957,235.907
369.499,221.136,68.957,235.907
372.384,221.713,68.957,235.907
375.270,224.599,68.957,235.907
375.848,222.868,68.957,235.907
376.425,222.291,68.957,235.907
375.848,222.868,68.957,235.907
375.270,228.062,68.957,235.907
374.693,232.103,68.957,235.907
374.116,232.680,68.957,235.907
368.921,229.794,68.957,235.907
362.424,228.415,67.487,230.876
356.066,228.155,66.048,225.952
347.773,228.707,66.048,225.952
340.587,225.943,66.048,225.952
335.429,228.885,64.639,221.134
328.396,226.180,64.639,221.134
324.608,221.311,64.639,221.134
324.067,216.441,64.639,221.134
322.444,212.654,64.639,221.134
320.821,215.359,64.639,221.134
324.608,221.311,64.639,221.134
322.985,219.687,64.639,221.134
320.280,214.818,64.639,221.134
320.821,209.949,64.639,221.134
327.855,207.243,64.639,221.134
332.724,211.031,64.639,221.134
337.594,214.818,64.639,221.134
341.381,220.770,64.639,221.134
345.168,227.803,64.639,221.134
350.038,233.755,64.639,221.134
352.743,238.624,64.639,221.134
357.612,240.247,64.639,221.134
363.564,242.952,64.639,221.134
367.351,246.740,64.639,221.134
371.138,250.527,64.639,221.134
376.008,254.314,64.639,221.134
380.877,257.020,64.639,221.134
381.418,258.643,64.639,221.134
378.713,255.938,64.639,221.134
378.172,251.068,64.639,221.134
377.631,249.445,64.639,221.134
381.971,249.195,63.261,216.418
378.264,250.784,63.261,216.418
376.676,248.136,63.261,216.418
379.323,249.725,63.261,216.418
376.676,248.136,63.261,216.418
375.087,250.784,63.261,216.418
372.439,250.254,63.261,216.418
370.851,249.725,63.261,216.418
367.144,247.077,63.261,216.418
360.261,247.607,63.261,216.418
355.495,244.959,63.261,216.418
351.789,244.430,63.261,216.418
345.964,242.841,63.261,216.418
338.122,239.898,64.660,221.206
333.251,240.439,64.660,221.206
326.215,240.980,64.660,221.206
319.180,239.357,64.660,221.206
311.061,237.733,64.660,221.206
303.046,235.847,66.091,226.101
295.854,237.507,66.091,226.101
288.663,236.954,66.091,226.101
280.365,236.401,66.091,226.101
272.067,238.060,66.091,226.101
264.875,237.507,66.091,226.101
255.535,239.023,67.553,231.103
247.053,239.589,67.553,231.103
239.703,241.285,67.553,231.103
233.483,245.243,67.553,231.103
227.263,250.332,67.553,231.103
218.782,253.159,67.553,231.103
210.300,248.070,67.553,231.103
202.949,241.851,67.553,231.103
197.860,237.892,67.553,231.103
192.771,237.327,67.553,231.103
185.571,233.011,69.048,236.216
180.369,231.277,69.048,236.216
176.324,229.543,69.048,236.216
173.761,221.533,70.576,241.442
177.896,220.942,70.576,241.442
180.850,220.352,70.576,241.442
183.804,218.579,70.576,241.442
189.120,219.170,70.576,241.442
196.800,224.487,70.576,241.442
204.479,226.259,70.576,241.442
213.340,229.213,70.576,241.442
222.201,228.622,70.576,241.442
231.063,235.120,70.576,241.442
239.924,232.166,70.576,241.442
247.603,230.394,70.576,241.442
256.016,228.336,72.137,246.784
263.362,232.497,73.733,252.245
268.916,235.583,73.733,252.245
272.002,241.137,73.733,252.245
276.322,245.457,73.733,252.245
281.876,247.309,73.733,252.245
280.025,242.989,73.733,252.245
281.130,243.400,75.364,257.825
286.808,238.984,75.364,257.825
288.700,238.353,75.364,257.825
291.854,236.461,75.364,257.825
288.700,237.092,75.364,257.825
293.116,232.676,75.364,257.825
295.008,238.353,75.364,257.825
294.377,237.722,75.364,257.825
289.962,232.045,75.364,257.825
287.164,231.156,77.032,263.530
281.361,224.064,77.032,263.530
279.840,217.804,78.736,269.360
275.227,217.145,78.736,269.360
278.522,225.712,78.736,269.360
275.227,235.598,78.736,269.360
275.886,244.165,78.736,269.360
279.181,252.733,78.736,269.360
283.097,254.539,80.478,275.320
287.099,252.193,82.259,281.411
291.918,255.635,82.259,281.411
288.476,250.815,82.259,281.411
293.295,244.619,82.259,281.411
296.738,239.799,82.259,281.411
302.935,234.979,82.259,281.411
307.754,230.160,82.259,281.411
315.328,232.225,82.259,281.411
322.902,232.914,82.259,281.411
331.853,232.225,82.259,281.411
336.673,227.406,82.259,281.411
344.246,223.963,82.259,281.411
350.443,221.897,82.259,281.411
355.263,219.832,82.259,281.411
354.574,209.504,82.259,281.411
360.771,215.701,82.259,281.411
353.432,206.158,84.079,287.638
361.173,204.047,84.079,287.638
355.132,204.516,85.939,294.002
351.535,198.042,85.939,294.002
355.918,194.937,84.106,287.732
350.990,188.601,84.106,287.732
341.839,185.081,84.106,287.732
339.727,180.153,84.106,287.732
331.983,183.673,84.106,287.732
325.647,188.601,84.106,287.732
320.437,199.133,82.313,281.596
314.009,209.440,80.557,275.591
305.244,215.509,80.557,275.591
295.129,213.486,80.557,275.591
283.667,219.554,80.557,275.591
270.855,217.532,80.557,275.591
258.044,220.903,80.557,275.591
243.884,217.532,80.557,275.591
232.394,222.420,78.839,269.714
222.496,217.800,78.839,269.714
211.277,213.181,78.839,269.714
201.379,207.242,78.839,269.714
194.120,202.623,78.839,269.714
186.861,204.602,78.839,269.714
180.921,209.222,78.839,269.714
178.582,210.189,77.158,263.962
175.353,216.002,77.158,263.962
170.832,215.356,77.158,263.962
163.728,218.585,77.158,263.962
160.193,219.532,75.513,258.333
154.504,222.693,75.513,258.333
152.608,223.325,75.513,258.333
151.976,226.485,75.513,258.333
152.608,229.645,75.513,258.333
157.033,234.070,75.513,258.333
161.457,241.022,75.513,258.333
165.882,249.239,75.513,258.333
165.249,251.135,75.513,258.333
168.410,250.503,75.513,258.333
169.042,248.607,75.513,258.333
168.410,242.918,75.513,258.333
172.834,234.702,75.513,258.333
177.259,232.806,75.513,258.333
177.891,230.909,75.513,258.333
183.579,226.485,75.513,258.333
185.475,219.532,75.513,258.333
184.843,208.787,75.513,258.333
188.004,198.042,75.513,258.333
192.428,191.089,75.513,258.333
195.588,194.250,75.513,258.333
197.485,198.674,75.513,258.333
195.588,204.363,75.513,258.333
196.220,210.051,75.513,258.333
195.588,211.948,75.513,258.333
191.164,211.315,75.513,258.333
195.588,214.476,75.513,258.333
192.428,213.844,75.513,258.333
190.532,215.740,75.513,258.333
188.636,216.372,75.513,258.333
186.740,217.004,75.513,258.333
182.315,217.636,75.513,258.333
179.155,215.740,75.513,258.333
175.995,215.108,75.513,258.333
171.570,210.683,75.513,258.333
165.882,203.731,75.513,258.333
163.985,196.778,75.513,258.333
163.353,192.354,75.513,258.333
162.721,190.457,75.513,258.333
162.089,186.033,75.513,258.333
160.193,179.080,75.513,258.333
160.825,174.656,75.513,258.333
162.721,179.080,75.513,258.333
164.617,184.769,75.513,258.333
165.249,192.986,75.513,258.333
163.353,198.674,75.513,258.333
164.485,203.030,77.183,264.049
163.839,203.676,77.183,264.049
165.777,206.906,77.183,264.049
166.423,212.721,77.183,264.049
167.069,215.951,77.183,264.049
166.423,220.473,77.183,264.049
165.777,223.703,77.183,264.049
163.839,225.641,77.183,264.049
161.901,224.995,77.183,264.049
162.547,221.765,77.183,264.049
161.901,219.827,77.183,264.049
162.547,217.889,77.183,264.049
161.901,215.951,77.183,264.049
159.963,210.136,77.183,264.049
158.025,201.738,77.183,264.049
159.963,194.631,77.183,264.049
158.025,184.941,77.183,264.049
157.379,176.542,77.183,264.049
158.025,168.143,77.183,264.049
157.841,159.190,78.891,269.891
157.181,158.530,78.891,269.891
159.162,165.793,78.891,269.891
161.143,171.736,78.891,269.891
160.483,176.359,78.891,269.891
159.822,182.302,78.891,269.891
157.841,185.603,78.891,269.891
157.181,190.226,78.891,269.891
155.200,196.169,78.891,269.891
153.219,203.433,78.891,269.891
149.917,208.055,78.891,269.891
145.619,207.125,80.637,275.862
140.894,206.450,80.637,275.862
137.519,203.075,80.637,275.862
134.145,198.350,80.637,275.862
132.120,193.626,80.637,275.862
132.795,192.951,80.637,275.862
129.420,196.325,80.637,275.862
126.045,195.650,80.637,275.862
125.370,194.976,80.637,275.862
121.996,198.350,80.637,275.862
124.020,194.976,80.637,275.862
119.296,190.251,80.637,275.862
122.671,189.576,80.637,275.862
126.045,195.650,80.637,275.862
128.070,194.976,80.637,275.862
126.045,194.301,80.637,275.862
128.070,201.725,80.637,275.862
127.395,198.350,80.637,275.862
128.070,201.725,80.637,275.862
130.095,202.400,80.637,275.862
130.770,204.425,80.637,275.862
132.795,206.450,80.637,275.862
134.820,209.824,80.637,275.862
132.795,211.849,80.637,275.862
134.820,212.524,80.637,275.862
134.628,210.173,82.421,281.966
131.178,209.483,82.421,281.966
134.628,212.932,82.421,281.966
131.178,212.242,82.421,281.966
134.628,214.312,82.421,281.966
135.863,211.909,84.244,288.204
137.979,211.203,84.244,288.204
140.094,210.498,84.244,288.204
142.210,212.614,84.244,288.204
144.325,211.909,84.244,288.204
145.030,209.793,84.244,288.204
148.556,213.319,84.244,288.204
149.819,210.862,86.108,294.581
152.605,205.360,88.013,301.098
154.815,210.517,88.013,301.098
155.552,206.833,88.013,301.098
157.762,209.044,88.013,301.098
157.025,206.833,88.013,301.098
160.709,210.517,88.013,301.098
159.972,208.307,88.013,301.098
163.656,211.990,88.013,301.098
165.866,212.727,88.013,301.098
168.076,213.464,88.013,301.098
170.286,214.200,88.013,301.098
171.023,211.990,88.013,301.098
171.759,208.307,88.013,301.098
175.443,209.044,88.013,301.098
177.653,205.360,88.013,301.098
179.863,206.097,88.013,301.098
183.546,203.887,88.013,301.098
187.230,206.097,88.013,301.098
190.913,205.360,88.013,301.098
195.402,209.281,86.136,294.677
199.007,208.560,86.136,294.677
202.612,207.839,86.136,294.677
204.775,205.676,86.136,294.677
208.380,206.397,86.136,294.677
209.101,204.234,86.136,294.677
211.264,203.513,86.136,294.677
210.097,204.570,84.300,288.393
213.625,203.864,84.300,288.393
211.124,206.259,82.502,282.243
211.814,204.188,82.502,282.243
209.366,207.863,80.742,276.224
211.393,205.835,80.742,276.224
206.663,203.808,80.742,276.224
204.267,206.102,79.021,270.334
200.959,208.086,79.021,270.334
196.329,206.102,79.021,270.334
192.709,213.447,77.335,264.569
189.473,210.210,77.335,264.569
183.647,210.857,77.335,264.569
180.104,214.302,75.686,258.927
175.670,216.203,75.686,258.927
171.235,216.836,75.686,258.927
166.800,218.737,75.686,258.927
162.366,215.569,75.686,258.927
157.931,214.936,75.686,258.927
152.229,215.569,75.686,258.927
146.528,214.936,75.686,258.927
140.826,218.103,75.686,258.927
133.858,216.203,75.686,258.927
126.889,219.370,75.686,258.927
121.187,218.737,75.686,258.927
116.753,223.171,75.686,258.927
113.585,222.538,75.686,258.927
110.418,223.171,75.686,258.927
107.250,222.538,75.686,258.927
105.349,221.904,75.686,258.927
102.182,221.271,75.686,258.927
99.936,220.979,74.072,253.405
101.796,224.079,74.072,253.405
98.696,219.739,74.072,253.405
99.316,222.839,74.072,253.405
99.936,218.499,74.072,253.405
98.076,220.359,74.072,253.405
97.456,217.259,74.072,253.405
98.076,219.119,74.072,253.405
95.878,218.833,72.493,248.001
97.698,223.080,72.493,248.001
99.518,221.260,72.493,248.001
101.339,225.507,72.493,248.001
101.945,226.114,72.493,248.001
103.766,225.507,72.493,248.001
105.586,226.114,72.493,248.001
108.620,224.294,72.493,248.001
110.440,224.900,72.493,248.001
111.047,221.867,72.493,248.001
112.405,221.587,70.947,242.712
112.999,223.368,70.947,242.712
114.780,221.587,70.947,242.712
112.999,224.556,70.947,242.712
111.217,221.587,70.947,242.712
109.112,223.602,69.434,237.536
106.206,221.859,69.434,237.536
104.462,223.602,69.434,237.536
100.394,220.696,69.434,237.536
97.488,222.440,69.434,237.536
96.907,221.859,69.434,237.536
94.001,224.765,69.434,237.536
90.820,222.256,67.953,232.471
86.839,219.412,67.953,232.471
85.132,215.430,67.953,232.471
85.701,214.862,67.953,232.471
85.132,216.568,67.953,232.471
86.839,218.274,67.953,232.471
85.132,217.706,67.953,232.471
86.839,222.825,67.953,232.471
89.208,222.562,66.504,227.513
90.878,227.572,66.504,227.513
93.661,230.355,66.504,227.513
96.445,233.139,66.504,227.513
100.341,237.035,66.504,227.513
103.124,242.045,66.504,227.513
105.908,243.715,66.504,227.513
104.238,240.932,66.504,227.513
106.557,239.602,65.086,222.662
108.826,238.300,63.698,217.913
107.226,239.900,63.698,217.913
112.531,245.821,62.339,213.266
114.096,249.473,62.339,213.266
111.487,252.082,62.339,213.266
113.052,251.560,62.339,213.266
113.574,248.951,62.339,213.266
110.965,243.212,62.339,213.266
109.400,238.516,62.339,213.266
106.791,232.776,62.339,213.266
107.313,229.123,62.339,213.266
108.480,228.882,61.010,208.718
105.927,228.372,61.010,208.718
103.373,228.882,61.010,208.718
98.777,226.329,61.010,208.718
96.224,224.797,61.010,208.718
95.713,219.180,61.010,208.718
93.160,213.562,61.010,208.718
93.671,209.988,61.010,208.718
91.117,207.434,61.010,208.718
88.564,208.966,61.010,208.718
88.053,211.520,61.010,208.718
85.500,216.116,61.010,208.718
79.883,215.605,61.010,208.718
75.287,223.265,61.010,208.718
71.712,222.754,61.010,208.718
68.137,227.350,61.010,208.718
64.563,223.776,61.010,208.718
58.945,220.201,61.010,208.718
58.119,217.012,59.709,204.267
55.620,221.510,59.709,204.267
57.120,225.009,59.709,204.267
56.620,229.507,59.709,204.267
58.119,224.009,59.709,204.267
52.622,229.507,59.709,204.267
54.121,222.010,59.709,204.267
52.349,225.633,58.436,199.911
55.329,222.579,57.189,195.648
59.638,228.802,57.189,195.648
63.946,224.494,57.189,195.648
70.169,231.674,57.189,195.648
75.434,230.238,57.189,195.648
77.828,227.845,57.189,195.648
77.692,227.170,58.455,199.977
82.095,223.745,58.455,199.977
86.499,227.170,58.455,199.977
93.838,230.595,58.455,199.977
98.242,236.956,58.455,199.977
100.688,238.424,58.455,199.977
101.177,236.956,58.455,199.977
101.667,234.509,58.455,199.977
103.134,231.084,58.455,199.977
101.667,229.617,58.455,199.977
103.134,230.106,58.455,199.977
105.581,230.595,58.455,199.977
107.619,234.142,57.208,195.712
107.140,236.536,57.208,195.712
107.619,234.142,57.208,195.712
107.140,229.833,57.208,195.712
104.746,224.565,57.208,195.712
106.182,222.171,57.208,195.712
103.788,224.565,57.208,195.712
105.225,222.171,57.208,195.712
100.915,222.650,57.208,195.712
98.521,218.340,57.208,195.712
97.084,219.777,57.208,195.712
93.732,214.509,57.208,195.712
91.338,214.988,57.208,195.712
87.986,218.340,57.208,195.712
82.719,219.777,57.208,195.712
77.451,220.256,57.208,195.712
72.184,223.608,57.208,195.712
65.959,228.875,57.208,195.712
60.692,234.142,57.208,195.712
59.255,238.452,57.208,195.712
53.988,242.762,57.208,195.712
48.721,237.494,57.208,195.712
50.157,244.677,57.208,195.712
47.763,248.029,57.208,195.712
48.620,252.322,58.474,200.042
51.528,255.695,59.768,204.468
54.500,259.142,61.090,208.992
55.416,252.056,62.442,213.616
61.774,245.897,63.823,218.342
68.719,249.636,63.823,218.342
75.218,251.101,65.235,223.173
80.728,242.400,66.679,228.111
84.044,236.982,68.154,233.158
89.178,232.988,68.154,233.158
95.453,228.995,68.154,233.158
101.210,230.559,69.662,238.316
105.884,223.688,71.203,243.589
112.440,220.708,71.203,243.589
118.996,217.728,71.203,243.589
124.359,221.900,71.203,243.589
129.723,226.072,71.203,243.589
132.027,223.995,72.778,248.979
134.382,223.137,74.389,254.487
136.789,222.260,76.034,260.118
139.972,224.169,76.034,260.118
139.791,224.593,77.717,265.873
141.742,221.340,77.717,265.873
142.393,224.593,77.717,265.873
146.946,222.641,77.717,265.873
146.296,227.195,77.717,265.873
150.849,225.243,77.717,265.873
154.102,228.496,77.717,265.873
157.354,226.544,77.717,265.873
161.908,228.496,77.717,265.873
165.161,227.845,77.717,265.873
169.714,228.496,77.717,265.873
169.529,228.929,79.436,271.755
174.184,228.264,79.436,271.755
174.848,227.599,79.436,271.755
176.039,228.042,81.194,277.768
175.360,224.644,81.194,277.768
177.398,225.324,81.194,277.768
175.360,221.926,81.194,277.768
173.756,220.968,82.990,283.913
171.672,217.495,82.990,283.913
170.978,214.022,82.990,283.913
173.062,213.327,82.990,283.913
175.146,212.633,82.990,283.913
177.230,213.327,82.990,283.913
175.146,211.243,82.990,283.913
180.008,214.717,82.990,283.913
179.314,211.243,82.990,283.913
182.787,216.106,82.990,283.913
176.824,210.803,84.826,290.195
175.149,209.803,86.703,296.616
174.423,210.528,86.703,296.616
173.697,212.705,86.703,296.616
171.520,211.980,86.703,296.616
170.794,211.254,86.703,296.616
168.617,209.077,86.703,296.616
169.343,212.705,86.703,296.616
167.631,211.683,88.621,303.178
168.373,206.490,88.621,303.178
166.147,208.716,88.621,303.178
169.856,207.974,88.621,303.178
169.114,211.683,88.621,303.178
172.823,212.425,88.621,303.178
169.114,214.650,88.621,303.178
172.823,215.392,88.621,303.178
169.114,217.617,88.621,303.178
174.307,213.908,88.621,303.178
173.565,217.617,88.621,303.178
175.790,216.875,88.621,303.178
176.532,216.134,88.621,303.178
181.725,216.875,88.621,303.178
176.896,217.370,90.582,309.886
182.204,210.546,90.582,309.886
179.929,214.337,90.582,309.886
184.433,210.122,92.586,316.742
180.997,209.030,94.635,323.750
184.958,203.485,94.635,323.750
178.158,205.657,96.729,330.913
180.587,198.370,96.729,330.913
175.317,200.589,98.869,338.235
176.799,199.423,101.056,345.718
169.186,190.119,101.056,345.718
170.701,195.948,103.292,353.367
166.378,198.541,103.292,353.367
163.784,190.760,103.292,353.367
163.539,193.130,105.577,361.185
159.120,185.177,105.577,361.185
161.771,182.525,105.577,361.185
163.354,188.615,107.913,369.177
168.720,192.965,110.301,377.345
169.643,193.889,110.301,377.345
175.128,196.419,112.741,385.693
177.959,199.250,112.741,385.693
182.678,203.969,112.741,385.693
185.509,204.912,112.741,385.693
188.340,200.194,112.741,385.693
191.171,197.363,112.741,385.693
195.889,192.645,112.741,385.693
198.720,189.814,112.741,385.693
201.551,186.983,112.741,385.693
198.720,178.490,112.741,385.693
197.776,169.996,112.741,385.693
198.720,163.391,112.741,385.693
197.776,156.785,112.741,385.693
194.945,150.179,112.741,385.693
194.002,145.461,112.741,385.693
193.058,142.630,112.741,385.693
190.227,143.574,112.741,385.693
194.945,146.405,112.741,385.693
192.114,147.348,112.741,385.693
196.833,153.954,112.741,385.693
197.776,164.334,112.741,385.693
196.250,176.633,110.337,377.468
195.326,184.945,110.337,377.468
190.708,191.410,110.337,377.468
184.244,192.333,110.337,377.468
179.626,191.410,110.337,377.468
173.161,186.792,110.337,377.468
170.390,185.868,110.337,377.468
162.078,179.404,110.337,377.468
157.461,174.786,110.337,377.468
152.843,170.168,110.337,377.468
150.072,161.856,110.337,377.468
149.149,157.238,110.337,377.468
149.435,160.373,107.984,369.419
155.762,161.277,107.984,369.419
156.666,156.758,107.984,369.419
157.570,154.046,107.984,369.419
158.474,147.719,107.984,369.419
162.993,150.431,107.984,369.419
165.704,154.950,107.984,369.419
166.608,157.662,107.984,369.419
163.897,160.373,107.984,369.419
168.416,164.892,107.984,369.419
165.704,165.796,107.984,369.419
173.839,168.508,107.984,369.419
177.604,175.060,105.681,361.541
182.027,179.483,105.681,361.541
179.373,180.368,105.681,361.541
184.763,181.665,103.428,353.831
187.360,184.262,103.428,353.831
188.226,185.128,103.428,353.831
190.823,182.531,103.428,353.831
186.495,178.202,103.428,353.831
185.629,175.605,103.428,353.831
188.226,176.471,103.428,353.831
189.092,170.411,103.428,353.831
191.689,162.619,103.428,353.831
190.823,153.096,103.428,353.831
195.152,145.305,103.428,353.831
199.480,142.708,103.428,353.831
203.809,145.305,103.428,353.831
209.869,149.633,103.428,353.831
214.197,152.231,103.428,353.831
218.526,153.096,103.428,353.831
215.929,152.231,103.428,353.831
216.795,156.559,103.428,353.831
219.392,162.619,103.428,353.831
213.332,168.679,103.428,353.831
214.197,174.739,103.428,353.831
211.600,179.068,103.428,353.831
205.540,181.665,103.428,353.831
206.406,184.262,103.428,353.831
200.771,177.653,105.716,361.659
201.656,182.078,105.716,361.659
199.001,179.423,105.716,361.659
199.886,180.308,105.716,361.659
200.771,179.423,105.716,361.659
201.656,182.078,105.716,361.659
204.310,184.732,105.716,361.659
203.426,180.308,105.716,361.659
202.541,177.653,105.716,361.659
203.426,176.768,105.716,361.659
202.541,179.423,105.716,361.659
203.426,182.078,105.716,361.659
206.080,184.732,105.716,361.659
205.195,185.617,105.716,361.659
199.001,186.502,105.716,361.659
201.656,183.847,105.716,361.659
195.462,184.732,105.716,361.659
189.702,174.305,108.055,369.661
190.606,177.018,108.055,369.661
182.466,170.687,108.055,369.661
185.180,177.018,108.055,369.661
177.040,170.687,108.055,369.661
173.029,167.536,110.446,377.840
173.954,172.158,110.446,377.840
169.331,169.385,110.446,377.840
170.256,172.158,110.446,377.840
165.634,169.385,110.446,377.840
166.558,172.158,110.446,377.840
161.936,167.536,110.446,377.840
159.162,168.461,110.446,377.840
160.087,167.536,110.446,377.840
155.465,166.612,110.446,377.840
158.238,165.687,110.446,377.840
155.465,164.763,110.446,377.840
150.842,160.140,110.446,377.840
157.314,164.763,110.446,377.840
152.691,163.838,110.446,377.840
155.465,166.612,110.446,377.840
154.540,167.536,110.446,377.840
151.767,164.763,110.446,377.840
158.238,171.234,110.446,377.840
153.616,168.461,110.446,377.840
156.389,171.234,110.446,377.840
153.616,168.461,110.446,377.840
156.389,171.234,110.446,377.840
151.767,168.461,110.446,377.840
156.389,173.083,110.446,377.840
151.767,170.309,110.446,377.840
152.691,171.234,110.446,377.840
155.465,172.158,110.446,377.840
150.842,171.234,110.446,377.840
155.465,174.007,110.446,377.840
152.691,173.083,110.446,377.840
157.314,172.158,110.446,377.840
152.691,169.385,110.446,377.840
156.542,174.305,108.090,369.782
152.018,175.210,108.090,369.782
158.352,181.543,108.090,369.782
158.094,180.268,110.482,377.964
153.471,177.494,110.482,377.964
156.245,180.268,110.482,377.964
151.621,177.494,110.482,377.964
158.094,180.268,110.482,377.964
151.621,175.644,110.482,377.964
156.245,180.268,110.482,377.964
151.621,179.343,110.482,377.964
153.277,178.040,112.926,386.326
144.770,171.424,112.926,386.326
150.386,172.053,115.425,394.874
142.092,160.669,117.978,403.610
149.005,167.581,117.978,403.610
142.092,164.619,117.978,403.610
147.030,167.581,117.978,403.610
138.142,160.669,117.978,403.610
147.030,167.581,117.978,403.610
138.553,155.944,120.589,412.540
145.618,163.010,120.589,412.540
144.609,162.001,120.589,412.540
149.656,169.066,120.589,412.540
144.609,172.094,120.589,412.540
147.637,175.122,120.589,412.540
150.665,178.150,120.589,412.540
147.637,177.141,120.589,412.540
154.703,180.169,120.589,412.540
159.749,187.235,120.589,412.540
158.740,192.281,120.589,412.540
155.712,187.235,120.589,412.540
162.777,194.300,120.589,412.540
161.145,189.943,118.017,403.742
166.084,198.833,118.017,403.742
160.677,196.474,115.500,395.133
161.644,193.573,115.500,395.133
160.677,188.739,115.500,395.133
163.578,180.039,115.500,395.133
158.744,173.271,115.500,395.133
159.710,162.637,115.500,395.133
160.677,159.736,115.500,395.133
161.644,154.903,115.500,395.133
164.544,152.002,115.500,395.133
163.578,149.102,115.500,395.133
166.478,142.335,115.500,395.133
165.511,147.168,115.500,395.133
166.478,140.401,115.500,395.133
168.641,149.273,113.037,386.706
169.587,154.004,113.037,386.706
170.533,149.273,113.037,386.706
173.372,155.896,113.037,386.706
168.641,143.596,113.037,386.706
175.264,157.789,113.037,386.706
174.318,168.196,113.037,386.706
179.049,180.496,113.037,386.706
172.426,171.981,113.037,386.706
175.264,186.173,113.037,386.706
174.318,194.689,113.037,386.706
179.049,201.312,113.037,386.706
176.210,204.150,113.037,386.706
179.049,210.773,113.037,386.706
176.210,207.935,113.037,386.706
175.264,210.773,113.037,386.706
175.558,208.513,110.627,378.460
178.335,211.291,110.627,378.460
177.410,212.217,110.627,378.460
174.632,209.439,110.627,378.460
173.706,202.957,110.627,378.460
176.484,198.327,110.627,378.460
173.706,202.957,110.627,378.460
174.632,190.919,110.627,378.460
179.261,201.105,110.627,378.460
170.928,189.067,110.627,378.460
176.429,197.370,113.074,386.833
169.804,186.959,113.074,386.833
170.750,197.370,113.074,386.833
171.696,205.888,113.074,386.833
166.964,197.370,113.074,386.833
169.804,205.888,113.074,386.833
165.071,195.477,113.074,386.833
166.018,202.102,113.074,386.833
161.285,203.048,113.074,386.833
162.232,205.888,113.074,386.833
155.607,201.156,113.074,386.833
154.660,198.316,113.074,386.833
151.821,197.370,113.074,386.833
148.981,196.423,113.074,386.833
149.928,201.156,113.074,386.833
148.981,198.316,113.074,386.833
151.821,199.263,113.074,386.833
148.981,190.744,113.074,386.833
155.607,195.477,113.074,386.833
148.981,196.423,113.074,386.833
153.714,197.370,113.074,386.833
145.196,192.637,113.074,386.833
149.928,193.584,113.074,386.833
141.410,185.066,113.074,386.833
144.249,187.905,113.074,386.833
136.124,184.608,115.576,395.392
139.027,187.510,115.576,395.392
134.737,190.162,118.133,404.140
139.681,187.195,118.133,404.140
140.670,192.139,118.133,404.140
139.681,195.106,118.133,404.140
140.670,190.162,118.133,404.140
141.659,197.083,118.133,404.140
134.737,188.184,118.133,404.140
138.560,190.894,120.747,413.081
135.528,183.820,120.747,413.081
140.581,190.894,120.747,413.081
135.528,185.841,120.747,413.081
138.560,192.916,120.747,413.081
137.549,189.884,120.747,413.081
134.517,186.852,120.747,413.081
133.506,189.884,120.747,413.081
138.560,194.937,120.747,413.081
135.528,193.926,120.747,413.081
136.538,198.980,120.747,413.081
139.570,204.033,120.747,413.081
138.560,207.065,120.747,413.081
139.570,212.119,120.747,413.081
132.496,203.023,120.747,413.081
133.506,204.033,120.747,413.081
130.474,209.087,120.747,413.081
131.485,212.119,120.747,413.081
126.431,211.108,120.747,413.081
121.378,206.055,120.747,413.081
122.389,203.023,120.747,413.081
125.421,208.076,120.747,413.081
118.346,194.937,120.747,413.081
125.421,204.033,120.747,413.081
116.325,192.916,120.747,413.081
119.357,191.905,120.747,413.081
116.325,184.830,120.747,413.081
121.378,189.884,120.747,413.081
120.367,182.809,120.747,413.081
127.442,187.862,120.747,413.081
122.389,182.809,120.747,413.081
129.464,187.862,120.747,413.081
134.517,190.894,120.747,413.081
130.934,188.480,118.172,404.272
139.836,195.404,118.172,404.272
144.781,198.371,118.172,404.272
141.814,193.426,118.172,404.272
144.781,194.415,118.172,404.272
143.792,187.491,118.172,404.272
146.760,190.458,118.172,404.272
139.836,181.556,118.172,404.272
146.760,182.545,118.172,404.272
141.814,183.534,118.172,404.272
140.825,178.589,118.172,404.272
137.858,177.599,118.172,404.272
136.257,179.050,115.652,395.651
133.353,176.146,115.652,395.651
132.385,175.178,115.652,395.651
125.609,172.274,115.652,395.651
126.577,171.306,115.652,395.651
121.737,174.210,115.652,395.651
122.705,175.178,115.652,395.651
113.993,176.146,115.652,395.651
116.897,180.986,115.652,395.651
110.120,183.890,115.652,395.651
113.025,182.922,115.652,395.651
104.312,187.762,115.652,395.651
109.152,190.666,115.652,395.651
100.440,193.570,115.652,395.651
101.408,194.538,115.652,395.651
96.568,195.507,115.652,395.651
101.408,200.347,115.652,395.651
94.632,195.507,115.652,395.651
101.408,200.347,115.652,395.651
100.440,205.187,115.652,395.651
97.536,208.091,115.652,395.651
94.632,210.995,115.652,395.651
95.600,204.219,115.652,395.651
94.632,210.995,115.652,395.651
95.600,217.771,115.652,395.651
86.888,207.123,115.652,395.651
85.920,215.835,115.652,395.651
77.207,205.187,115.652,395.651
70.431,210.027,115.652,395.651
71.399,199.379,115.652,395.651
66.559,202.283,115.652,395.651
69.463,203.251,115.652,395.651
66.559,192.602,115.652,395.651
69.463,197.443,115.652,395.651
60.751,186.794,115.652,395.651
61.719,193.570,115.652,395.651
51.070,180.986,115.652,395.651
53.974,191.634,115.652,395.651
49.134,179.050,115.652,395.651
50.102,189.698,115.652,395.651
43.326,179.050,115.652,395.651
50.102,183.890,115.652,395.651
45.262,171.306,115.652,395.651
53.974,174.210,115.652,395.651
60.751,175.178,115.652,395.651
65.591,176.146,115.652,395.651
66.559,182.922,115.652,395.651
72.457,188.074,113.186,387.214
77.194,192.811,113.186,387.214
80.036,193.758,113.186,387.214
85.809,191.495,110.772,378.956
94.154,203.548,110.772,378.956
98.016,208.483,108.410,370.875
104.368,220.279,108.410,370.875
110.720,224.816,108.410,370.875
121.496,222.648,106.098,362.966
133.041,227.089,106.098,362.966
144.586,231.529,106.098,362.966
154.355,239.522,106.098,362.966
158.795,231.529,106.098,362.966
165.012,239.522,106.098,362.966
167.676,231.529,106.098,362.966
172.116,227.089,106.098,362.966
180.109,227.977,106.098,362.966
182.773,230.641,106.098,362.966
188.184,231.943,103.835,355.225
183.838,232.812,103.835,355.225
