136.000,35.000,52.000,182.000
131.132,31.902,52.000,182.000
127.150,32.345,52.000,182.000
123.167,31.017,52.000,182.000
120.070,35.000,52.000,182.000
118.742,36.328,52.000,182.000
116.530,39.425,52.000,182.000
115.202,38.098,52.000,182.000
120.070,42.080,52.000,182.000
116.972,37.213,52.000,182.000
111.347,32.904,53.151,186.027
119.036,39.688,53.151,186.027
111.409,35.284,54.326,190.143
120.193,43.143,54.326,190.143
129.901,49.153,54.326,190.143
135.382,50.735,53.168,186.088
140.746,54.027,52.034,182.119
145.995,52.128,50.924,178.236
142.095,50.828,50.924,178.236
149.739,35.603,49.838,174.435
154.404,30.090,49.838,174.435
156.525,22.880,49.838,174.435
157.465,19.426,48.776,170.715
156.785,19.246,47.736,167.074
159.251,19.853,46.718,163.511
157.067,19.680,45.721,160.024
159.430,17.261,44.746,156.612
156.764,19.927,44.746,156.612
160.545,14.623,43.792,153.272
158.681,16.487,43.792,153.272
161.290,7.916,43.792,153.272
164.644,5.307,43.792,153.272
165.762,2.698,43.792,153.272
169.461,-1.773,42.858,150.004
172.014,-7.244,42.858,150.004
70.512,48.233,43.806,153.322
70.139,47.860,43.806,153.322
68.494,47.324,44.776,156.715
71.542,50.097,43.821,153.373
69.678,49.724,43.821,153.373
69.305,53.080,43.821,153.373
71.169,52.707,43.821,153.373
69.305,51.588,43.821,153.373
71.169,55.690,43.821,153.373
70.796,53.080,43.821,153.373
70.423,50.470,43.821,153.373
71.542,53.826,43.821,153.373
71.169,51.215,43.821,153.373
70.558,51.773,42.886,150.102
73.113,49.948,42.886,150.102
71.288,56.152,42.886,150.102
72.383,51.408,42.886,150.102
72.018,56.152,42.886,150.102
73.843,51.408,42.886,150.102
74.938,55.422,42.886,150.102
75.599,51.111,43.835,153.423
75.972,49.246,43.835,153.423
78.956,48.365,42.900,150.151
77.861,51.651,42.900,150.151
78.956,49.825,42.900,150.151
78.103,53.088,43.849,153.473
76.237,55.700,43.849,153.473
76.139,52.067,44.820,156.869
74.232,50.922,44.820,156.869
72.325,49.778,44.820,156.869
69.655,49.397,44.820,156.869
66.986,50.541,44.820,156.869
68.566,50.376,43.864,153.524
67.235,50.214,42.928,150.250
65.932,49.351,42.013,147.045
64.145,44.703,42.013,147.045
61.491,34.210,41.117,143.910
59.742,26.863,41.117,143.910
59.843,24.687,40.240,140.841
58.622,23.879,39.382,137.837
56.946,21.533,39.382,137.837
54.600,6.452,39.382,137.837
50.914,95.261,39.382,137.837
48.568,90.904,39.382,137.837
48.665,88.821,38.542,134.898
46.863,88.679,37.720,132.021
49.110,83.222,37.720,132.021
46.863,77.765,37.720,132.021
46.542,73.592,37.720,132.021
44.937,68.778,37.720,132.021
43.332,63.963,37.720,132.021
41.569,59.492,36.916,129.206
39.237,54.511,36.129,126.450
36.956,48.451,35.358,123.754
34.849,42.734,35.358,123.754
31.456,44.344,34.604,121.115
29.271,45.919,33.866,118.532
27.253,44.478,33.866,118.532
23.448,46.575,33.144,116.004
21.474,46.858,33.144,116.004
18.935,47.140,33.144,116.004
16.298,49.736,32.437,113.530
13.262,50.012,32.437,113.530
10.778,52.496,32.437,113.530
9.261,55.037,31.746,111.109
6.290,56.388,31.746,111.109
4.399,59.899,31.746,111.109
2.508,63.411,31.746,111.109
1.157,61.520,31.746,111.109
-0.327,62.965,31.069,108.740
-1.649,63.230,31.069,108.740
-3.500,73.012,31.069,108.740
-4.293,84.380,31.069,108.740
-5.236,91.401,30.406,106.421
-6.159,96.775,29.758,104.152
-8.438,101.080,29.758,104.152
-9.829,106.828,29.123,101.930
-11.190,111.498,28.502,99.757
-11.588,115.601,27.894,97.629
-10.147,115.955,27.299,95.547
-8.288,113.615,26.717,93.510
0.543,109.572,26.147,91.516
3.881,104.900,26.147,91.516
0.129,101.810,26.726,93.541
-3.313,104.342,26.156,91.546
-6.652,105.009,26.156,91.546
-6.248,102.380,26.735,93.571
