0.00634432
0.01476073
0.01396894
0.01372409
0.01310468
0.01324201
0.01319075
0.01323366
0.01312232
0.01310802
0.01346850
0.01314902
0.01321507
0.01302791
0.01318836
0.01310039
0.01306748
0.01335764
0.01324773
0.01319051
0.01315570
0.01326180
0.01320505
0.01308322
0.01321793
0.01317501
0.01320958
0.01334739
0.01300502
0.01296473
0.01297593
0.01310706
0.01279545
0.01335692
0.01317692
0.01319957
0.01309299
0.01304340
0.01306772
0.01304746
0.01316118
0.01295185
0.01324058
0.01312160
0.01312232
0.01304364
0.01321936
0.01306772
0.01307678
0.01315045
0.01325130
0.01300454
0.01310587
0.01314425
0.01307297
0.01314855
0.01311827
0.01311111
0.01321983
0.01314783
0.01316667
0.01294136
0.01313901
0.01307964
0.01310778
0.01323605
0.01323819
0.01325417
0.01312876
0.01308489
0.01332355
0.01312780
0.01323295
0.01344800
0.01305771
0.01330400
0.01304960
0.01301003
0.01315594
0.01303291
0.01333618
0.01322412
0.01318002
0.01325083
0.01307678
0.01317310
0.01316881
0.01315761
0.01316285
0.01324534
0.01349115
0.01307821
0.01331878
0.01346993
0.01326942
0.01312160
0.01319361
0.01321530
0.01308036
0.01266837
0.01297951
0.01344848
0.01309633
0.01323295
0.01286697
0.01310134
0.01313806
0.01292658
0.01309657
0.01301265
0.01291370
0.01319218
0.01312757
0.01307940
0.01324558
0.01311088
0.01311255
0.01302481
0.01327157
0.01309085
0.01311636
0.01320958
0.01330066
0.01301265
0.01323390
0.01318979
0.01308322
0.01311398
0.01310325
0.01324940
0.01312709
0.01301837
0.01323724
0.01318836
0.01332068
0.01312065
0.01332521
0.01311183
0.01306868
0.01331472
0.01316381
0.01320887
0.01322317
0.01322103
0.01326489
0.01317024
0.01321435
0.01318598
0.01318264
0.01320386
0.01323390
0.01325798
0.01311564
0.01323652
0.01329875
0.01324940
0.01312375
0.01300359
0.01302266
0.01316929
0.01314235
0.01315188
0.01315856
0.01314116
0.01332688
0.01311803
0.01307321
0.01314402
0.01319504
0.01313567
0.01313353
0.01288462
0.01309443
0.01309443
0.01319647
0.01336360
0.01325440
0.01322675
0.01298118
0.01310945
0.01314449
0.01321840
0.01331210
0.01314330
0.01333857
0.01325440
0.01328969
0.01325154
0.01323366
0.01313782
0.01359487
0.01311612
0.01314306
0.01332402
0.01322198
0.01309037
0.01323318
0.01318097
0.01317120
0.01321125
0.01328230
0.01316333
0.01329637
0.01315594
0.01335478
0.01298141
0.01322532
0.01320291
0.01349878
0.01303744
0.01316690
0.01305985
0.01296091
0.01307273
0.01311922
0.01321793
0.01310158
0.01320386
0.01327324
0.01273608
0.01326466
0.01327991
0.01322627
0.01329637
0.01314187
0.01292729
0.01329184
0.01325440
0.01309848
0.01312518
0.01314139
0.01320982
0.01310706
0.01322770
0.01320338
0.01322222
0.01318908
0.01303840
0.01312947
0.01306248
0.01311016
0.01330614
0.01308680
0.01335263
0.01306987
0.01308775
0.01324058
0.01309681
0.01322222
0.01307297
0.01313901
0.01337266
0.01310086
0.01329970
0.01321435
0.01329589
0.01318526
0.01306725
0.01349092
0.01330829
0.01317406
0.01332569
0.01320219
0.01321936
0.01329494
0.01310205
0.01316166
0.01313686
0.01315737
0.01312327
0.01320577
0.01322412
0.01305151
0.01326013
0.01329255
0.01326609
0.01314616
0.01318526
0.01332378
0.01307631
0.01314735
0.01328874
0.01317358
0.01322484
0.01311445
0.01287818
0.01307774
0.01330471
0.01311231
0.01329660
0.01328063
0.01307964
0.01326752
0.01316714
0.01324224
0.01345372
0.01317239
0.01314306
0.01315379
0.01309538
0.01335692
0.01312184
0.01313353
0.01329470
0.01320243
0.01331878
0.01317739
0.01322055
0.01319933
0.01325417
0.01330590
0.01315856
0.01315188
0.01324582
0.01307654
0.01317906
0.01310897
0.01322722
0.01285720
0.01313186
0.01316833
0.01321864
0.01321459
0.01332045
0.01325631
0.01321578
0.01327538
0.01341128
0.01377988
0.01334620
0.01338124
0.01340389
0.01331902
0.01329923
0.01329327
0.01313257
0.01315570
0.01328635
0.01328015
0.01330423
0.01318884
0.01329565
0.01327181
0.01319528
0.01315904
0.01305413
0.01305246
0.01311755
0.01310825
0.01314664
0.01315808
0.01323390
0.01288319
0.01312733
