142.000,125.000,91.000,40.000
139.218,124.241,91.000,40.000
135.424,125.506,91.000,40.000
130.112,123.735,91.000,40.000
125.812,125.506,91.000,40.000
122.018,122.724,91.000,40.000
117.212,122.976,91.000,40.000
111.394,122.218,91.000,40.000
107.094,122.976,91.000,40.000
102.288,121.206,91.000,40.000
96.976,119.941,91.000,40.000
92.676,119.688,91.000,40.000
87.871,117.918,91.000,40.000
83.571,119.182,91.000,40.000
78.259,117.412,91.000,40.000
73.453,117.159,91.000,40.000
68.647,115.894,91.000,40.000
63.335,116.147,91.000,40.000
57.518,115.388,91.000,40.000
52.206,115.135,91.000,40.000
46.388,114.376,91.000,40.000
41.076,113.618,91.000,40.000
35.259,113.871,91.000,40.000
28.935,112.100,91.000,40.000
23.624,114.882,91.000,40.000
16.794,114.124,91.000,40.000
11.482,116.400,91.000,40.000
6.676,117.665,91.000,40.000
1.871,118.424,91.000,40.000
-3.441,121.206,91.000,40.000
-9.259,121.459,91.000,40.000
-13.559,124.241,91.000,40.000
-17.353,124.494,91.000,40.000
-20.641,126.771,91.000,40.000
-20.402,127.441,89.059,39.147
-21.640,128.184,89.059,39.147
-21.392,127.936,89.059,39.147
-21.636,129.069,87.160,38.312
-20.425,127.373,87.160,38.312
-22.120,128.585,87.160,38.312
-19.556,127.359,85.301,37.495
-20.268,129.018,85.301,37.495
-19.082,125.936,85.301,37.495
-18.371,125.225,85.301,37.495
-17.185,123.565,85.301,37.495
-16.000,124.276,85.301,37.495
-15.763,121.194,85.301,37.495
-15.052,119.534,85.301,37.495
-13.392,120.720,85.301,37.495
-10.784,118.112,85.301,37.495
-10.072,117.400,85.301,37.495
-8.413,115.266,85.301,37.495
-6.753,113.607,85.301,37.495
-5.567,113.370,85.301,37.495
-3.434,111.236,85.301,37.495
1.071,110.050,85.301,37.495
3.679,107.916,85.301,37.495
9.133,106.257,85.301,37.495
12.215,106.494,85.301,37.495
16.246,104.834,85.301,37.495
23.596,103.648,85.301,37.495
27.153,104.834,85.301,37.495
34.503,102.700,85.301,37.495
38.533,104.360,85.301,37.495
43.038,102.700,85.301,37.495
48.492,104.360,85.301,37.495
52.997,103.648,85.301,37.495
57.027,105.308,85.301,37.495
58.687,107.442,85.301,37.495
59.873,108.628,85.301,37.495
58.213,109.813,85.301,37.495
59.398,110.999,85.301,37.495
60.584,112.184,85.301,37.495
61.295,113.844,85.301,37.495
62.007,115.504,85.301,37.495
60.347,117.163,85.301,37.495
61.532,117.875,85.301,37.495
61.295,118.586,85.301,37.495
62.007,120.246,85.301,37.495
60.347,120.008,85.301,37.495
62.007,121.194,85.301,37.495
62.244,122.854,85.301,37.495
60.584,122.142,85.301,37.495
62.244,124.276,85.301,37.495
60.110,124.513,85.301,37.495
61.295,125.699,85.301,37.495
59.161,127.359,85.301,37.495
59.873,126.173,85.301,37.495
60.110,128.307,85.301,37.495
59.873,129.018,85.301,37.495
58.213,129.255,85.301,37.495
60.347,130.915,85.301,37.495
58.213,130.678,85.301,37.495
59.873,133.286,85.301,37.495
57.739,133.049,85.301,37.495
60.347,134.709,85.301,37.495
61.058,135.420,85.301,37.495
63.192,136.606,85.301,37.495
64.852,137.791,85.301,37.495
66.986,137.080,85.301,37.495
68.171,139.688,85.301,37.495
69.357,139.925,85.301,37.495
71.016,141.585,85.301,37.495
71.728,141.822,85.301,37.495
73.862,143.007,85.301,37.495
76.944,144.667,85.301,37.495
80.500,145.378,85.301,37.495
84.531,147.038,85.301,37.495
87.139,147.749,85.301,37.495
92.118,148.935,85.301,37.495
95.201,150.120,85.301,37.495
100.654,149.883,85.301,37.495
104.685,151.069,85.301,37.495
107.767,152.254,85.301,37.495
113.220,152.491,85.301,37.495
116.777,154.151,85.301,37.495
120.808,153.914,85.301,37.495
126.261,155.099,85.301,37.495
129.007,156.407,87.189,38.325
133.127,157.618,87.189,38.325
136.762,157.861,87.189,38.325
139.428,158.588,87.189,38.325
143.548,159.315,87.189,38.325
147.183,160.042,87.189,38.325
152.757,160.769,87.189,38.325
156.393,161.496,87.189,38.325
160.997,162.708,87.189,38.325
165.117,162.465,87.189,38.325
168.752,163.677,87.189,38.325
172.872,164.404,87.189,38.325
175.538,164.646,87.189,38.325
179.658,164.889,87.189,38.325
182.324,166.100,87.189,38.325
186.928,166.827,87.189,38.325
191.048,167.555,87.189,38.325
194.683,169.251,87.189,38.325
197.834,168.524,87.189,38.325
202.923,170.220,87.189,38.325
205.104,169.978,87.189,38.325
208.740,170.705,87.189,38.325
208.982,173.371,87.189,38.325
211.163,171.190,87.189,38.325
212.375,173.856,87.189,38.325
213.102,174.098,87.189,38.325
214.798,174.825,87.189,38.325
216.010,177.491,87.189,38.325
217.222,177.248,87.189,38.325
218.433,177.975,87.189,38.325
215.206,178.809,89.118,39.173
218.922,179.552,89.118,39.173
214.215,180.790,89.118,39.173
211.986,180.047,89.118,39.173
212.233,182.772,89.118,39.173
210.004,181.038,89.118,39.173
210.252,183.763,89.118,39.173
210.500,182.524,89.118,39.173
207.279,185.249,89.118,39.173
205.050,186.983,89.118,39.173
207.279,186.240,89.118,39.173
209.013,188.469,89.118,39.173
209.756,187.231,89.118,39.173
207.527,190.946,89.118,39.173
208.766,190.203,89.118,39.173
206.041,192.928,89.118,39.173
196.465,194.765,92.070,40.470
196.716,194.189,89.118,39.173
194.982,194.437,89.118,39.173
194.239,193.198,89.118,39.173
192.010,194.437,89.118,39.173
192.258,193.198,89.118,39.173
193.991,192.950,89.118,39.173
191.762,192.207,89.118,39.173
190.028,192.455,89.118,39.173
188.790,190.226,89.118,39.173
187.551,189.978,89.118,39.173
186.808,188.739,89.118,39.173
185.074,186.510,89.118,39.173
185.322,185.271,89.118,39.173
185.074,184.528,89.118,39.173
185.817,182.794,89.118,39.173
182.101,181.060,89.118,39.173
182.349,179.822,89.118,39.173
179.624,177.592,89.118,39.173
177.890,175.363,89.118,39.173
177.643,176.106,89.118,39.173
175.413,173.877,89.118,39.173
178.138,172.143,89.118,39.173
176.404,171.400,89.118,39.173
174.175,171.152,89.118,39.173
172.936,168.427,89.118,39.173
171.202,165.702,89.118,39.173
169.468,163.473,89.118,39.173
167.734,161.739,89.118,39.173
167.982,163.968,89.118,39.173
170.211,161.243,89.118,39.173
171.945,159.510,89.118,39.173
169.716,157.776,89.118,39.173
168.973,160.005,89.118,39.173
167.734,157.776,89.118,39.173
164.514,154.555,89.118,39.173
157.826,155.794,89.118,39.173
155.101,153.564,89.118,39.173
156.340,151.831,89.118,39.173
159.560,149.106,89.118,39.173
160.798,146.876,89.118,39.173
157.578,150.097,89.118,39.173
153.863,150.840,89.118,39.173
150.147,151.087,89.118,39.173
144.450,148.858,89.118,39.173
145.193,147.619,89.118,39.173
140.982,148.363,89.118,39.173
137.761,146.629,89.118,39.173
139.000,147.867,89.118,39.173
135.780,145.142,89.118,39.173
133.055,146.876,89.118,39.173
130.826,145.142,89.118,39.173
130.082,145.390,89.118,39.173
126.862,146.133,89.118,39.173
125.128,143.904,89.118,39.173
127.358,143.656,89.118,39.173
127.605,142.418,89.118,39.173
124.881,141.674,89.118,39.173
122.156,141.427,89.118,39.173
118.440,142.665,89.118,39.173
117.697,142.913,89.118,39.173
115.468,142.665,89.118,39.173
118.192,142.418,89.118,39.173
117.449,141.179,89.118,39.173
112.743,141.922,89.118,39.173
110.513,140.684,89.118,39.173
108.284,141.427,89.118,39.173
105.559,140.684,89.118,39.173
103.825,139.445,89.118,39.173
102.587,140.188,89.118,39.173
100.357,140.931,89.118,39.173
100.110,140.188,89.118,39.173
96.889,141.427,89.118,39.173
94.660,140.684,89.118,39.173
91.935,141.427,89.118,39.173
92.678,140.684,89.118,39.173
94.412,140.436,89.118,39.173
96.146,141.674,89.118,39.173
97.880,139.940,89.118,39.173
99.614,141.179,89.118,39.173
102.339,139.445,89.118,39.173
106.550,138.207,89.118,39.173
109.770,138.950,89.118,39.173
112.990,136.225,89.118,39.173
116.706,137.463,89.118,39.173
120.422,134.739,89.118,39.173
125.128,133.995,89.118,39.173
128.844,132.261,89.118,39.173
132.560,131.023,89.118,39.173
135.284,130.280,89.118,39.173
139.991,129.537,89.118,39.173
143.706,127.803,89.118,39.173
145.440,127.555,89.118,39.173
150.642,125.821,89.118,39.173
151.385,127.060,89.118,39.173
157.083,125.326,89.118,39.173
159.808,125.573,89.118,39.173
162.532,123.344,89.118,39.173
165.257,123.096,89.118,39.173
167.982,122.849,89.118,39.173
172.688,121.610,89.118,39.173
174.918,120.867,89.118,39.173
177.147,120.124,89.118,39.173
177.395,121.362,89.118,39.173
179.129,120.619,89.118,39.173
179.377,121.362,89.118,39.173
180.615,122.601,89.118,39.173
182.349,120.867,89.118,39.173
183.092,123.096,89.118,39.173
179.377,122.353,89.118,39.173
180.120,124.582,89.118,39.173
175.413,125.821,89.118,39.173
173.184,127.060,89.118,39.173
172.441,129.784,89.118,39.173
168.725,130.528,89.118,39.173
167.982,133.252,89.118,39.173
162.780,135.482,89.118,39.173
161.542,136.225,89.118,39.173
157.826,139.445,89.118,39.173
156.092,139.693,89.118,39.173
151.385,143.408,89.118,39.173
151.633,145.638,89.118,39.173
146.927,146.381,89.118,39.173
144.697,148.610,89.118,39.173
142.468,147.372,89.118,39.173
140.734,150.097,89.118,39.173
140.486,148.363,89.118,39.173
138.752,147.619,89.118,39.173
135.532,145.885,89.118,39.173
132.312,144.647,89.118,39.173
133.055,143.904,89.118,39.173
129.835,141.674,89.118,39.173
127.110,140.436,89.118,39.173
126.862,138.207,89.118,39.173
122.156,136.968,89.118,39.173
122.899,135.234,89.118,39.173
117.697,133.995,89.118,39.173
117.449,132.261,89.118,39.173
114.229,131.518,89.118,39.173
112.472,129.286,91.090,40.039
111.713,129.539,91.090,40.039
108.927,128.273,91.090,40.039
106.649,129.033,91.090,40.039
105.889,128.273,91.090,40.039
107.662,129.539,91.090,40.039
107.915,128.273,91.090,40.039
109.687,130.046,91.090,40.039
109.434,129.792,91.090,40.039
110.193,129.033,91.090,40.039
111.966,129.792,91.090,40.039
112.219,129.539,91.090,40.039
113.485,128.780,91.090,40.039
116.270,128.020,91.090,40.039
119.561,128.780,91.090,40.039
122.853,127.007,91.090,40.039
127.157,127.767,91.090,40.039
128.930,125.995,91.090,40.039
132.727,124.222,91.090,40.039
137.032,125.488,91.090,40.039
139.817,123.209,91.090,40.039
143.615,120.931,91.090,40.039
146.906,119.158,91.090,40.039
150.704,116.880,91.090,40.039
153.489,114.095,91.090,40.039
154.755,112.829,91.090,40.039
156.527,109.031,91.090,40.039
158.300,107.258,91.090,40.039
157.540,105.993,91.090,40.039
160.325,105.233,91.090,40.039
158.046,106.499,91.090,40.039
159.819,105.233,91.090,40.039
161.591,108.018,91.090,40.039
160.831,108.778,91.090,40.039
162.604,108.018,91.090,40.039
163.870,110.297,91.090,40.039
163.110,111.563,91.090,40.039
161.844,110.297,91.090,40.039
164.629,113.082,91.090,40.039
165.389,112.322,91.090,40.039
168.174,114.601,91.090,40.039
165.895,114.854,91.090,40.039
169.187,116.120,91.090,40.039
171.465,117.386,91.090,40.039
169.693,118.652,91.090,40.039
168.934,118.399,91.090,40.039
166.148,121.184,91.090,40.039
166.908,120.424,91.090,40.039
167.668,122.197,91.090,40.039
169.946,119.918,91.090,40.039
169.187,121.184,91.090,40.039
169.946,121.437,91.090,40.039
170.706,122.703,91.090,40.039
167.921,122.956,91.090,40.039
170.706,123.209,91.090,40.039
170.959,124.475,91.090,40.039
172.225,124.729,91.090,40.039
172.985,123.463,91.090,40.039
173.238,125.235,91.090,40.039
172.478,124.475,91.090,40.039
174.757,126.248,91.090,40.039
175.516,124.475,91.090,40.039
174.757,126.248,91.090,40.039
176.529,124.982,91.090,40.039
173.744,125.235,91.090,40.039
175.516,126.501,91.090,40.039
172.225,124.222,91.090,40.039
169.946,126.501,91.090,40.039
170.199,124.729,91.090,40.039
165.895,127.007,91.090,40.039
163.617,126.248,91.090,40.039
160.325,128.020,91.090,40.039
157.540,127.260,91.090,40.039
154.755,128.020,91.090,40.039
152.476,129.286,91.090,40.039
152.223,128.020,91.090,40.039
149.944,129.286,91.090,40.039
147.666,128.526,91.090,40.039
146.400,128.273,91.090,40.039
144.627,129.539,91.090,40.039
143.868,127.767,91.090,40.039
142.095,129.033,91.090,40.039
139.817,127.767,91.090,40.039
136.525,129.539,91.090,40.039
133.740,128.273,91.090,40.039
130.955,129.539,91.090,40.039
128.676,129.792,91.090,40.039
128.930,129.033,91.090,40.039
125.132,130.805,91.090,40.039
122.347,129.539,91.090,40.039
119.561,130.299,91.090,40.039
116.270,132.071,91.090,40.039
114.498,130.805,91.090,40.039
112.725,132.071,91.090,40.039
110.953,130.299,91.090,40.039
109.181,132.577,91.090,40.039
105.383,131.818,91.090,40.039
102.598,131.565,91.090,40.039
99.306,133.337,91.090,40.039
96.015,132.071,91.090,40.039
94.242,133.843,91.090,40.039
90.951,133.084,91.090,40.039
91.204,133.337,91.090,40.039
87.406,133.590,91.090,40.039
84.621,131.818,91.090,40.039
81.330,134.097,91.090,40.039
78.038,133.337,91.090,40.039
75.760,135.109,91.090,40.039
73.481,133.843,91.090,40.039
71.709,133.590,91.090,40.039
68.923,134.856,91.090,40.039
66.645,133.084,91.090,40.039
65.379,134.856,91.090,40.039
60.062,135.109,91.090,40.039
56.770,134.856,91.090,40.039
55.504,135.109,91.090,40.039
52.719,134.350,91.090,40.039
50.441,135.616,91.090,40.039
48.162,134.350,91.090,40.039
44.870,135.109,91.090,40.039
42.592,135.869,91.090,40.039
39.300,134.097,91.090,40.039
39.047,135.869,91.090,40.039
36.262,134.097,91.090,40.039
34.996,134.350,91.090,40.039
32.211,135.109,91.090,40.039
30.945,133.843,91.090,40.039
28.666,134.097,91.090,40.039
27.907,132.324,91.090,40.039
25.122,133.590,91.090,40.039
22.843,130.805,91.090,40.039
20.564,131.058,91.090,40.039
18.285,130.299,91.090,40.039
16.007,129.033,91.090,40.039
13.728,129.286,91.090,40.039
11.956,127.514,91.090,40.039
9.677,125.235,91.090,40.039
10.437,125.488,91.090,40.039
10.690,122.703,91.090,40.039
12.462,121.437,91.090,40.039
12.209,120.678,91.090,40.039
13.981,117.892,91.090,40.039
14.741,116.120,91.090,40.039
16.513,114.854,91.090,40.039
17.273,112.575,91.090,40.039
18.539,110.803,91.090,40.039
17.779,110.550,91.090,40.039
20.058,107.765,91.090,40.039
18.792,108.524,91.090,40.039
21.071,106.246,91.090,40.039
21.324,108.018,91.090,40.039
20.058,108.271,91.090,40.039
20.817,107.005,91.090,40.039
22.590,108.778,91.090,40.039
21.830,107.005,91.090,40.039
23.602,108.778,91.090,40.039
23.349,110.044,91.090,40.039
23.096,109.790,91.090,40.039
24.868,112.069,91.090,40.039
23.602,112.829,91.090,40.039
25.881,113.082,91.090,40.039
26.134,115.361,91.090,40.039
24.868,116.626,91.090,40.039
28.160,117.892,91.090,40.039
26.387,117.133,91.090,40.039
28.666,118.905,91.090,40.039
28.919,118.146,91.090,40.039
30.185,120.424,91.090,40.039
28.413,123.209,91.090,40.039
30.692,122.450,91.090,40.039
31.958,125.235,91.090,40.039
30.692,123.969,91.090,40.039
33.983,126.754,91.090,40.039
32.717,127.007,91.090,40.039
34.996,128.780,91.090,40.039
35.249,129.539,91.090,40.039
37.021,131.312,91.090,40.039
35.756,133.084,91.090,40.039
39.553,133.843,91.090,40.039
37.781,135.109,91.090,40.039
40.566,135.869,91.090,40.039
41.832,137.135,91.090,40.039
44.617,138.401,91.090,40.039
46.896,139.667,91.090,40.039
48.162,139.414,91.090,40.039
45.883,141.692,91.090,40.039
50.187,140.933,91.090,40.039
50.441,143.211,91.090,40.039
52.213,143.971,91.090,40.039
54.492,144.224,91.090,40.039
55.758,146.503,91.090,40.039
59.555,144.731,91.090,40.039
53.765,144.138,99.470,43.723
54.836,144.169,99.329,43.661
56.900,146.198,99.200,43.604
56.103,147.287,98.795,43.426
58.710,151.155,89.147,39.186
62.922,152.890,89.147,39.186
65.648,151.651,89.147,39.186
65.400,153.881,89.147,39.186
69.117,156.606,89.147,39.186
73.329,157.350,89.147,39.186
71.099,160.571,89.147,39.186
70.356,157.845,89.147,39.186
72.090,160.076,89.147,39.186
75.807,158.341,89.147,39.186
80.818,156.132,87.246,38.350
83.485,158.799,87.246,38.350
85.183,160.012,87.246,38.350
83.970,157.344,87.246,38.350
75.337,160.950,100.327,44.100
75.266,161.919,100.468,44.162
87.500,155.412,87.246,38.350
95.502,157.110,87.246,38.350
99.140,158.322,87.246,38.350
110.538,156.625,87.246,38.350
81.826,167.605,97.348,42.790
83.632,166.519,97.736,42.961
86.840,167.611,97.321,42.778
86.437,167.434,98.125,43.132
83.126,167.297,98.749,43.406
86.323,163.427,85.385,37.532
90.358,165.563,85.385,37.532
98.524,165.887,87.275,38.362
101.837,166.721,89.206,39.211
102.651,167.573,91.179,40.079
113.042,165.292,91.179,40.079
117.555,167.215,93.197,40.966
95.137,168.302,98.726,43.396
96.363,166.401,98.274,43.197
97.463,166.445,98.074,43.110
98.359,164.399,98.283,43.201
96.340,153.060,95.258,41.872
101.055,149.575,97.366,42.798
111.069,152.552,97.366,42.798
118.376,149.034,97.366,42.798
122.435,150.387,97.366,42.798
108.544,160.481,97.911,43.038
108.493,159.459,98.014,43.083
108.324,159.384,98.352,43.232
111.328,158.386,98.344,43.228
115.389,156.413,98.222,43.174
116.304,155.375,98.393,43.250
118.058,153.267,98.884,43.465
112.101,147.580,103.973,45.702
116.436,144.401,103.973,45.702
123.083,141.222,103.973,45.702
126.262,142.667,103.973,45.702
122.831,148.168,99.338,43.665
125.963,147.226,99.073,43.549
124.961,146.225,99.078,43.551
128.690,143.105,99.621,43.789
129.828,143.166,99.344,43.668
128.586,142.060,99.828,43.881
110.852,130.255,99.586,43.774
113.343,131.639,99.586,43.774
118.049,127.487,99.586,43.774
121.647,130.532,99.586,43.774
126.353,129.701,99.586,43.774
131.058,129.978,99.586,43.774
129.121,128.594,99.586,43.774
105.113,139.852,100.774,44.296
98.722,140.680,101.557,44.640
95.577,139.616,101.846,44.768
90.500,139.582,102.000,44.835
81.858,139.675,99.586,43.774
78.813,141.613,99.586,43.774
79.644,140.783,99.586,43.774
82.135,141.059,99.586,43.774
79.090,140.783,99.586,43.774
77.706,138.291,99.586,43.774
78.537,138.568,99.586,43.774
74.384,138.845,99.586,43.774
73.000,136.354,99.586,43.774
74.384,137.738,99.586,43.774
70.232,134.693,99.586,43.774
68.848,134.970,99.586,43.774
65.803,133.032,99.586,43.774
64.419,133.309,99.586,43.774
64.143,132.478,99.586,43.774
62.205,131.094,99.586,43.774
62.482,130.818,99.586,43.774
59.437,129.987,99.586,43.774
59.160,130.264,99.586,43.774
56.115,130.541,99.586,43.774
55.838,128.603,99.586,43.774
52.794,129.987,99.586,43.774
51.963,127.496,99.586,43.774
52.794,128.880,99.586,43.774
50.856,126.942,99.586,43.774
50.579,125.558,99.586,43.774
51.410,127.496,99.586,43.774
46.704,126.112,99.586,43.774
48.088,126.942,99.586,43.774
42.829,125.005,99.586,43.774
41.445,125.282,99.586,43.774
40.061,125.558,99.586,43.774
38.123,124.728,99.586,43.774
38.953,122.790,99.586,43.774
35.908,124.174,99.586,43.774
35.632,121.129,99.586,43.774
33.694,123.067,99.586,43.774
35.632,120.576,99.586,43.774
37.016,119.192,99.586,43.774
31.756,118.915,99.586,43.774
33.140,120.299,99.586,43.774
37.292,120.576,99.586,43.774
40.891,118.085,99.586,43.774
42.829,120.022,99.586,43.774
46.981,121.406,99.586,43.774
51.133,120.576,99.586,43.774
54.731,120.299,99.586,43.774
59.437,120.576,99.586,43.774
64.143,118.638,99.586,43.774
68.295,118.915,99.586,43.774
71.340,118.085,99.586,43.774
76.599,117.808,99.586,43.774
81.305,117.531,99.586,43.774
86.010,116.701,99.586,43.774
88.502,115.317,99.586,43.774
90.993,115.040,99.586,43.774
92.377,113.656,99.586,43.774
94.868,112.825,99.586,43.774
96.252,111.995,99.586,43.774
98.190,113.379,99.586,43.774
100.681,113.102,99.586,43.774
103.172,112.825,99.586,43.774
104.556,113.102,99.586,43.774
107.047,114.486,99.586,43.774
106.217,113.102,99.586,43.774
109.816,113.379,99.586,43.774
111.753,113.656,99.586,43.774
114.798,111.164,99.586,43.774
117.843,113.656,99.586,43.774
118.120,112.272,99.586,43.774
121.718,113.656,99.586,43.774
120.334,113.933,99.586,43.774
124.486,111.441,99.586,43.774
127.531,113.379,99.586,43.774
127.808,112.548,99.586,43.774
129.746,113.379,99.586,43.774
131.683,111.995,99.586,43.774
135.835,111.164,99.586,43.774
137.219,111.441,99.586,43.774
138.050,111.718,99.586,43.774
135.558,110.334,99.586,43.774
131.960,111.718,99.586,43.774
129.469,109.227,99.586,43.774
124.209,111.164,99.586,43.774
117.289,109.227,99.586,43.774
113.691,109.504,99.586,43.774
111.200,109.227,99.586,43.774
112.584,110.057,99.586,43.774
110.646,108.120,99.586,43.774
89.886,107.843,99.586,43.774
82.412,109.780,99.586,43.774
82.689,107.289,99.586,43.774
87.394,105.352,99.586,43.774
94.314,107.289,99.586,43.774
108.985,104.244,99.586,43.774
121.441,103.414,99.586,43.774
134.451,103.691,99.586,43.774
152.444,100.646,99.586,43.774
164.900,99.815,99.586,43.774
177.910,98.985,99.586,43.774
186.491,100.369,99.586,43.774
192.304,97.878,99.586,43.774
197.563,95.940,99.586,43.774
203.376,97.324,99.586,43.774
208.081,94.279,99.586,43.774
211.126,94.003,99.586,43.774
214.725,93.172,99.586,43.774
219.431,90.681,99.586,43.774
218.046,89.850,99.586,43.774
220.538,87.913,99.586,43.774
223.583,85.422,99.586,43.774
227.181,86.806,99.586,43.774
233.312,83.270,97.462,42.840
236.292,83.541,97.462,42.840
200.171,96.317,98.658,43.366
202.517,95.029,99.966,43.941
201.071,94.834,100.857,44.333
198.480,95.574,102.040,44.853
197.167,95.436,102.667,45.128
197.279,95.485,102.442,45.029
190.704,94.016,97.462,42.840
193.684,95.371,97.462,42.840
196.664,96.183,97.462,42.840
200.185,95.371,97.462,42.840
199.915,97.267,97.462,42.840
198.018,95.371,97.462,42.840
197.206,96.183,97.462,42.840
198.018,94.829,97.462,42.840
198.289,96.183,97.462,42.840
199.102,94.287,97.462,42.840
197.206,94.558,97.462,42.840
198.560,94.287,97.462,42.840
196.664,95.642,97.462,42.840
198.560,93.204,97.462,42.840
196.664,94.558,97.462,42.840
194.767,94.829,97.462,42.840
195.038,93.474,97.462,42.840
193.142,94.829,97.462,42.840
193.413,93.474,97.462,42.840
194.767,93.745,97.462,42.840
192.871,93.474,97.462,42.840
191.517,92.662,97.462,42.840
193.955,93.474,97.462,42.840
191.517,92.120,97.462,42.840
189.078,92.933,97.462,42.840
185.015,93.745,97.462,42.840
182.577,93.474,97.462,42.840
179.597,93.204,97.462,42.840
176.617,93.474,97.462,42.840
174.179,94.287,97.462,42.840
169.573,93.474,97.462,42.840
166.052,95.371,97.462,42.840
161.988,95.642,97.462,42.840
162.259,95.913,97.462,42.840
156.570,97.809,97.462,42.840
151.423,96.454,97.462,42.840
145.734,97.809,97.462,42.840
136.794,99.705,97.462,42.840
131.105,98.351,97.462,42.840
123.791,101.331,97.462,42.840
115.393,99.976,97.462,42.840
111.871,101.872,97.462,42.840
104.015,104.311,97.462,42.840
98.326,102.956,97.462,42.840
92.095,105.394,97.462,42.840
80.447,106.749,97.462,42.840
76.925,105.394,97.462,42.840
72.319,108.374,97.462,42.840
69.340,109.187,97.462,42.840
69.069,109.458,97.462,42.840
67.714,111.354,97.462,42.840
71.236,110.541,97.462,42.840
73.132,111.354,97.462,42.840
71.778,111.625,97.462,42.840
75.841,111.354,97.462,42.840
75.570,112.167,97.462,42.840
78.008,112.438,97.462,42.840
77.738,111.625,97.462,42.840
80.717,112.438,97.462,42.840
83.156,112.167,97.462,42.840
84.510,110.812,97.462,42.840
86.948,112.709,97.462,42.840
87.761,113.521,97.462,42.840
90.741,113.250,97.462,42.840
92.637,114.605,97.462,42.840
95.075,113.792,97.462,42.840
95.888,116.772,97.462,42.840
95.075,115.959,97.462,42.840
99.139,116.230,97.462,42.840
97.217,117.724,99.618,43.788
101.371,115.232,99.618,43.788
103.863,117.724,99.618,43.788
103.032,118.001,99.618,43.788
106.632,118.831,99.618,43.788
108.570,118.554,99.618,43.788
111.616,120.493,99.618,43.788
113.001,119.108,99.618,43.788
116.046,120.493,99.618,43.788
117.985,120.216,99.618,43.788
120.477,119.939,99.618,43.788
124.076,118.554,99.618,43.788
128.230,119.385,99.618,43.788
132.383,118.554,99.618,43.788
135.429,118.831,99.618,43.788
139.029,117.447,99.618,43.788
142.075,117.724,99.618,43.788
138.475,114.124,99.618,43.788
144.844,111.078,99.618,43.788
147.889,109.694,99.618,43.788
140.045,116.822,100.910,44.356
141.360,107.253,99.618,43.788
141.637,104.761,99.618,43.788
146.344,101.715,99.618,43.788
131.791,116.710,101.419,44.580
123.313,115.500,102.374,44.999
122.289,115.490,102.422,45.021
118.976,114.352,103.047,45.296
115.865,114.303,103.270,45.394
112.907,113.322,103.186,45.357
103.706,113.612,95.415,41.941
102.380,115.999,95.415,41.941
102.115,118.386,95.415,41.941
103.441,115.469,95.415,41.941
99.993,117.856,95.415,41.941
97.076,115.999,95.415,41.941
94.158,116.265,95.415,41.941
92.302,114.408,95.415,41.941
88.324,116.795,95.415,41.941
85.406,114.408,95.415,41.941
81.959,116.265,95.415,41.941
82.754,113.347,95.415,41.941
78.246,115.204,95.415,41.941
75.859,113.878,95.415,41.941
72.941,115.204,95.415,41.941
73.737,112.286,95.415,41.941
71.880,113.612,95.415,41.941
73.207,113.347,95.415,41.941
72.941,113.082,95.415,41.941
73.207,111.756,95.415,41.941
70.820,113.612,95.415,41.941
72.676,112.286,95.415,41.941
70.289,114.143,95.415,41.941
71.615,111.225,95.415,41.941
70.289,112.552,95.415,41.941
67.902,112.286,95.415,41.941
70.820,112.021,95.415,41.941
72.146,113.347,95.415,41.941
74.533,111.491,95.415,41.941
72.146,113.347,95.415,41.941
68.167,113.612,95.415,41.941
64.189,112.286,95.415,41.941
59.681,111.491,95.415,41.941
56.763,110.695,95.415,41.941
53.316,112.552,95.415,41.941
51.459,111.756,95.415,41.941
48.542,112.552,95.415,41.941
45.624,111.756,95.415,41.941
43.768,113.082,95.415,41.941
41.381,111.756,95.415,41.941
37.933,111.491,95.415,41.941
38.729,111.225,95.415,41.941
36.872,112.552,95.415,41.941
35.546,112.286,95.415,41.941
35.812,111.491,95.415,41.941
36.607,111.756,95.415,41.941
36.872,110.960,95.415,41.941
35.546,111.756,95.415,41.941
36.872,110.960,95.415,41.941
36.077,112.286,95.415,41.941
37.403,110.430,95.415,41.941
35.016,110.165,95.415,41.941
34.220,111.491,95.415,41.941
36.607,109.634,95.415,41.941
31.975,111.647,97.526,42.868
32.788,109.749,97.526,42.868
34.143,108.936,97.526,42.868
32.246,110.833,97.526,42.868
30.890,108.394,97.526,42.868
34.414,110.833,97.526,42.868
33.059,108.936,97.526,42.868
36.041,108.665,97.526,42.868
33.601,110.562,97.526,42.868
35.499,109.207,97.526,42.868
32.517,111.647,97.526,42.868
31.704,109.207,97.526,42.868
34.143,111.104,97.526,42.868
31.161,111.376,97.526,42.868
34.143,112.189,97.526,42.868
31.161,113.002,97.526,42.868
31.432,111.647,97.526,42.868
28.993,113.002,97.526,42.868
27.095,112.189,97.526,42.868
30.077,112.460,97.526,42.868
26.553,112.731,97.526,42.868
28.451,110.833,97.526,42.868
24.927,112.731,97.526,42.868
25.740,111.918,97.526,42.868
24.384,112.731,97.526,42.868
22.487,113.544,97.526,42.868
21.674,113.273,97.526,42.868
22.487,113.544,97.526,42.868
19.505,114.900,97.526,42.868
20.318,111.918,97.526,42.868
18.963,114.357,97.526,42.868
19.234,113.002,97.526,42.868
20.589,113.815,97.526,42.868
16.523,114.629,97.526,42.868
20.047,112.731,97.526,42.868
21.403,114.629,97.526,42.868
22.216,113.273,97.526,42.868
25.740,115.713,97.526,42.868
23.300,114.900,97.526,42.868
25.198,116.797,97.526,42.868
28.180,115.442,97.526,42.868
31.161,115.171,97.526,42.868
32.517,115.442,97.526,42.868
34.957,115.713,97.526,42.868
36.312,114.900,97.526,42.868
37.125,114.629,97.526,42.868
41.191,114.357,97.526,42.868
41.462,115.713,97.526,42.868
44.986,113.815,97.526,42.868
46.884,116.255,97.526,42.868
44.444,117.068,97.526,42.868
48.511,115.713,97.526,42.868
46.613,117.610,97.526,42.868
51.221,115.171,97.526,42.868
53.119,117.610,97.526,42.868
51.763,116.255,97.526,42.868
54.203,117.610,97.526,42.868
57.185,116.255,97.526,42.868
57.456,117.610,97.526,42.868
60.980,116.797,97.526,42.868
59.625,117.610,97.526,42.868
63.691,116.797,97.526,42.868
61.793,117.610,97.526,42.868
65.860,116.797,97.526,42.868
64.504,117.610,97.526,42.868
68.570,116.255,97.526,42.868
69.384,118.695,97.526,42.868
69.655,116.255,97.526,42.868
73.179,118.695,97.526,42.868
70.739,117.881,97.526,42.868
74.805,118.153,97.526,42.868
73.450,119.508,97.526,42.868
76.432,119.237,97.526,42.868
78.329,119.508,97.526,42.868
76.432,120.321,97.526,42.868
80.498,118.966,97.526,42.868
80.769,120.321,97.526,42.868
83.209,120.592,97.526,42.868
86.191,119.237,97.526,42.868
86.462,121.134,97.526,42.868
86.733,121.406,97.526,42.868
89.173,121.677,97.526,42.868
91.612,120.863,97.526,42.868
89.715,122.219,97.526,42.868
92.697,123.032,97.526,42.868
92.968,122.761,97.526,42.868
95.950,123.032,97.526,42.868
97.305,122.761,97.526,42.868
98.660,122.490,97.526,42.868
100.558,123.845,97.526,42.868
100.829,124.116,97.526,42.868
103.269,124.387,97.526,42.868
103.540,125.201,97.526,42.868
102.727,126.014,97.526,42.868
105.708,126.285,97.526,42.868
105.980,126.556,97.526,42.868
108.961,126.285,97.526,42.868
111.943,124.930,97.526,42.868
112.757,125.201,97.526,42.868
115.196,124.930,97.526,42.868
113.841,127.369,97.526,42.868
114.112,127.098,97.526,42.868
116.552,126.285,97.526,42.868
117.907,128.725,97.526,42.868
