0.00779366
0.01102591
0.01136136
0.01109385
0.01117802
0.01094174
0.01101351
0.01090479
0.01100516
0.01088333
0.01106811
0.01089025
0.01111960
0.01088738
0.01097584
0.01087022
0.01106620
0.01089525
0.01101851
0.01085544
0.01099586
0.01084590
0.01093459
0.01096201
0.01103067
0.01092100
0.01099634
0.01087856
0.01097345
0.01082945
0.01091218
0.01084161
0.01101947
0.01086617
0.01168323
0.01133657
0.01114702
0.01093864
0.01114869
0.01099372
0.01117945
0.01121593
0.01112247
0.01119781
0.01121426
0.01129937
0.01112580
0.01094604
0.01105762
0.01092958
0.01105213
0.01095605
0.01104975
0.01084018
0.01096201
0.01090789
0.01100969
0.01091123
0.01097536
0.01086426
0.01104927
0.01085830
0.01102257
0.01090193
0.01105762
0.01092768
0.01106048
0.01083541
0.01101327
0.01091623
0.01117396
0.01090026
0.01109433
0.01089525
0.01146197
0.01107812
0.01112223
0.01103735
0.01108718
0.01084423
0.01106143
0.01090431
0.01109123
0.01091695
0.01103210
0.01092553
0.01102948
0.01101661
0.01104236
0.01093268
0.01103210
0.01095200
0.01107693
0.01098347
0.01115370
0.01106572
0.01108575
0.01102519
0.01116586
0.01113153
0.01104903
0.01092386
0.01105261
0.01110315
0.01114011
0.01092696
0.01095390
0.01084137
0.01099777
0.01082277
0.01091433
0.01087499
0.01094198
0.01182461
0.01103902
0.01099300
0.01109409
0.01093245
0.01102972
0.01095128
0.01112032
0.01104927
0.01105976
0.01094890
0.01104999
0.01087379
0.01107574
0.01089239
0.01096916
0.01088595
0.01104975
0.01088881
0.01101565
0.01102281
0.01105523
0.01094413
0.01098919
0.01086545
0.01099062
0.01098871
0.01102591
0.01106405
0.01100540
0.01091743
0.01090574
0.01088715
0.01102352
0.01094222
0.01100397
0.01075983
0.01090384
0.01082420
0.01093864
0.01133990
0.01103520
0.01093531
0.01104045
0.01084423
0.01098299
0.01092172
0.01102424
0.01088262
0.01097417
0.01087761
0.01097178
0.01084900
0.01115966
0.01084328
0.01102233
0.01084232
0.01101208
0.01086879
0.01099396
0.01092505
0.01104331
0.01088309
0.01100445
0.01078725
0.01096320
0.01086044
0.01099825
0.01086831
0.01101136
0.01083565
0.01090503
0.01086020
0.01104784
0.01101518
0.01103354
0.01092505
0.01109076
0.01096773
0.01174498
0.01166201
0.01118731
0.01118135
0.01124310
0.01111126
0.01111531
0.01088572
0.01102829
0.01084590
0.01110816
0.01101160
0.01102805
0.01087761
0.01100206
0.01088905
0.01091313
0.01092362
0.01095104
0.01084948
0.01092553
0.01083088
0.01084256
0.01080608
0.01098275
0.01093483
0.01088691
0.01088881
0.01082706
0.01078892
0.01088929
0.01089215
0.01095152
0.01084375
0.01086783
0.01082444
0.01077342
0.01080275
0.01084805
0.01100731
0.01152802
0.01094794
0.01105285
0.01095510
0.01109576
0.01091075
0.01105738
0.01096797
0.01108360
0.01087832
0.01099110
0.01095581
0.01094937
0.01087928
0.01091719
0.01081848
0.01091027
0.01085234
0.01092434
0.01085448
0.01095104
0.01083636
0.01093769
0.01087499
0.01104283
0.01096106
0.01100373
0.01093960
0.01098084
0.01082873
0.01098919
0.01086617
0.01111770
0.01090264
0.01096058
0.01090312
0.01103091
0.01084328
0.01096869
0.01140714
0.01151323
0.01093149
0.01099658
0.01089191
0.01100755
0.01097560
0.01109934
0.01092052
0.01106548
0.01095366
0.01147151
0.01106143
0.01115370
0.01099157
0.01119924
0.01106858
0.01114273
0.01099229
0.01111722
0.01102281
0.01105905
0.01098418
0.01111817
0.01099634
0.01123929
0.01100779
0.01111054
0.01094818
0.01104975
0.01088595
0.01112819
0.01089597
0.01107955
0.01099753
0.01106596
0.01106048
0.01105094
0.01097083
0.01106453
0.01125669
0.01129007
0.01098800
0.01136827
0.01109290
0.01116586
0.01105618
0.01129961
0.01106262
0.01128173
0.01125097
0.01119924
0.01129961
0.01123405
0.01122832
0.01134396
0.01131392
0.01164246
0.01165700
0.01166105
0.01164794
0.01172924
0.01170611
0.01170492
0.01174092
0.01167631
0.01161456
0.01164579
0.01164865
0.01158905
0.01136065
0.01138854
0.01136780
0.01124620
0.01136994
0.01131797
0.01144600
0.01133347
0.01171398
0.01148319
0.01139617
0.01130581
0.01132751
0.01130557
0.01122928
0.01120806
0.01119995
0.01128149
0.01118851
0.01115799
0.01131105
0.01129293
0.01127410
0.01119494
0.01131201
0.01124859
0.01127553
0.01109958
0.01099062
0.01125932
0.01105428
0.01121974
0.01095366
0.01114082
0.01095581
0.01117778
0.01115632
0.01113796
0.01102948
0.01116896
0.01103544
0.01115513
0.01097083
0.01107788
0.01098466
0.01119113
0.01111555
0.01145554
0.01104116
0.01112914
0.01119161
0.01121187
0.01106095
0.01113367
0.01103425
0.01121664
0.01099801
0.01123381
0.01104236
0.01119685
0.01112580
0.01120591
0.01101661
0.01123714
0.01107049
0.01122046
0.01099300
0.01119971
0.01087284
0.01117539
0.01120400
0.01118898
0.01117158
0.01113343
0.01098061
0.01122046
0.01097775
0.01110983
0.01097775
0.01101971
0.01094437
0.01116085
0.01097822
0.01109099
0.01097441
0.01125240
0.01151729
0.01122093
0.01092124
0.01113701
0.01105523
0.01111460
0.01104927
0.01117516
0.01101828
0.01113605
0.01108670
0.01114702
0.01096010
0.01107931
0.01087213
0.01101017
0.01104236
0.01115227
0.01091242
0.01107764
0.01094294
0.01109123
0.01098776
0.01115131
0.01101327
0.01111460
0.01108503
0.01119351
0.01098847
0.01119590
0.01098371
0.01116347
0.01110482
0.01112890
0.01094508
0.01108170
0.01095676
0.01114535
0.01110172
0.01208401
0.01135206
0.01127052
0.01113892
0.01133394
0.01125193
0.01128864
0.01134944
0.01132870
0.01103258
0.01123166
0.01110125
0.01128054
0.01097298
0.01122212
0.01126456
0.01117516
0.01109815
0.01113725
0.01097846
0.01130772
0.01124167
0.01118731
0.01114678
0.01116204
0.01124382
0.01110435
0.01113987
0.01114440
0.01100850
0.01120949
0.01122165
0.01113129
0.01115441
0.01125121
0.01123977
0.01124740
0.01131392
0.01122117
0.01179147
0.01126862
0.01127839
0.01128030
0.01140261
0.01132107
0.01127577
0.01133752
0.01132917
0.01128411
0.01133037
0.01137972
0.01140642
0.01132989
0.01129985
0.01134491
0.01129746
0.01128125
0.01136971
0.01124477
0.01124549
0.01122975
0.01124239
0.01131034
0.01132083
0.01119733
0.01125431
0.01127386
0.01125884
0.01120019
0.01127052
0.01140046
0.01133227
0.01115084
0.01121211
0.01137400
0.01129007
0.01128268
0.01223636
0.01178169
0.01163816
0.01166010
0.01166749
0.01158667
0.01164293
0.01170492
0.01176357
0.01177168
0.01180124
0.01159620
0.01171327
0.01174736
0.01165199
0.01168728
0.01167846
0.01166987
0.01174593
0.01173925
0.01161218
0.01167440
0.01173043
0.01179504
0.01171613
0.01164055
0.01162601
0.01147175
0.01160645
0.01151419
0.01154852
0.01158667
0.01162171
0.01160121
0.01162124
0.01168919
0.01165938
0.01178145
0.01224637
0.01175690
0.01165104
0.01166010
0.01164103
0.01150537
0.01165628
0.01163816
0.01158595
0.01169944
0.01162982
0.01164246
0.01174641
0.01175952
0.01172543
0.01170421
0.01186109
0.01170087
0.01170683
0.01176786
0.01181769
0.01175284
0.01170826
0.01183462
0.01171446
0.01168036
0.01188517
0.01182818
0.01173377
0.01185560
0.01185083
0.01184416
0.01178432
0.01179957
0.01188684
0.01188445
0.01183510
0.01229262
0.01183629
0.01187205
0.01190615
0.01185584
0.01181173
0.01177120
0.01180911
0.01188016
0.01195860
0.01197004
0.01201344
0.01186490
0.01181245
0.01172805
0.01188660
0.01179695
0.01164985
0.01163864
0.01166081
0.01159835
0.01160145
0.01167297
0.01159906
0.01168871
0.01162028
0.01154184
0.01154208
0.01163125
0.01161218
0.01159906
0.01160288
0.01158500
0.01158786
0.01166320
0.01160192
0.01163816
0.01238585
0.01182961
0.01180291
0.01170301
0.01156688
0.01160693
0.01153111
0.01163554
0.01170397
0.01163387
0.01161838
0.01155925
0.01152134
0.01176453
0.01162171
0.01170802
0.01171422
0.01172948
0.01169252
0.01161671
0.01170659
0.01170063
0.01175690
0.01179552
0.01172280
0.01156759
0.01177359
0.01160979
0.01138759
0.01127982
0.01131749
0.01128721
0.01124310
0.01118493
0.01122379
0.01130152
0.01133227
0.01129317
0.01174927
0.01138067
0.01128650
0.01125193
0.01135921
0.01125431
0.01127434
0.01121831
0.01130748
0.01128101
0.01098871
0.01117969
0.01102400
0.01122236
