0.00415373
0.01124454
0.01188016
0.01049876
0.01098752
0.01062727
0.01028895
0.01020074
0.01027369
0.01025391
0.01045036
0.01034093
0.01035690
0.01041961
0.01035142
0.01055026
0.01121569
0.01064992
0.01046228
0.01034546
0.01028824
0.01031017
0.01035666
0.01023531
0.01034856
0.01044106
0.01021433
0.01028061
0.01034451
0.01024675
0.01033163
0.01026058
0.01024127
0.01024771
0.01029921
0.01026630
0.01024389
0.01029778
0.01034307
0.01026297
0.01029611
0.01028609
0.01053905
0.01024055
0.01026583
0.01027656
0.01025486
0.01019049
0.01028514
0.01018643
0.01031303
0.01033068
0.01024127
0.01028943
0.01030684
0.01026297
0.01028061
0.01031113
0.01025581
0.01027918
0.01025891
0.01056647
0.01089334
0.01018167
0.01029158
0.01024604
0.01023722
0.01029229
0.01040030
0.01021528
0.01022124
0.01031828
0.01025820
0.01036572
0.01035786
0.01028061
0.01022434
0.01032686
0.01028848
0.01024556
0.01023555
0.01036453
0.01024675
0.01034045
0.01032662
0.01028395
0.01022553
0.01035690
0.01025486
0.01026392
0.01034975
0.01034474
0.01019025
0.01030803
0.01030731
0.01017308
0.01036596
0.01027775
0.01023817
0.01032591
0.01034856
0.01026392
0.01019764
0.01030254
0.01035762
0.01023006
0.01029348
0.01048756
0.01093721
0.01038861
0.01036215
0.01032186
0.01033401
0.01035190
0.01030111
0.01033473
0.01046252
0.01089311
0.01039600
0.01062012
0.01025486
0.01038384
0.01038790
0.01036429
0.01041126
0.01035213
0.01036668
0.01037693
0.01031756
0.01040101
0.01027250
0.01017475
0.01035094
0.01031923
0.01027369
0.01028252
0.01042843
0.01025963
0.01032948
0.01037240
0.01024175
0.01027346
0.01034856
0.01020288
0.01028180
0.01025248
0.01033044
0.01027036
0.01035166
0.01036930
0.01031423
0.01024723
0.01034665
0.01025605
0.01117325
0.01035285
0.01033783
0.01026034
0.01027608
0.01029491
0.01034546
0.01026678
0.01024795
0.01031613
0.01025605
0.01023364
0.01026869
0.01020861
0.01029849
0.01035762
0.01030374
0.01027203
0.01030350
0.01037836
0.01022053
0.01032305
0.01040745
0.01016045
0.01033926
0.01031828
0.01029181
0.01029038
0.01029897
0.01031160
0.01026917
0.01034999
0.01034594
0.01024961
0.01025534
0.01033878
0.01026845
0.01035953
0.01024270
0.01034594
0.01023412
0.01036096
0.01033306
0.01022029
0.01034975
0.01037645
0.01103687
0.01044846
0.01036310
0.01032281
0.01039577
0.01040387
0.01032805
0.01048636
0.01040125
0.01036072
0.01037455
0.01037931
0.01039004
0.01042295
0.01037192
0.01028752
0.01031113
0.01030779
0.01026535
0.01027799
0.01027703
0.01034188
0.01030540
0.01025939
0.01041770
0.01030922
0.01037025
0.01034188
0.01029587
0.01026940
0.01044869
0.01037169
0.01024699
0.01035929
0.01026249
0.01030064
0.01034951
0.01034021
0.01028204
0.01034355
0.01032400
0.01045847
0.01028991
0.01031232
0.01031852
0.01020551
0.01095796
0.01056767
0.01035571
0.01029181
0.01043463
0.01040673
0.01043701
0.01036763
0.01038623
0.01037407
0.01041174
0.01037669
0.01038551
0.01050210
0.01029921
0.01037955
0.01039076
0.01034427
0.01040769
0.01036859
0.01044846
0.01035333
0.01040030
0.01042366
0.01033711
0.01034689
0.01040173
0.01052213
0.01035786
0.01036334
0.01047206
0.01051950
0.01032257
0.01063728
0.01041293
0.01045418
0.01042032
