0.00601125
0.01174498
0.01142359
0.01140308
0.01126409
0.01122999
0.01119041
0.01119399
0.01111007
0.01126504
0.01117325
0.01133943
0.01151180
0.01123309
0.01125741
0.01118731
0.01123214
0.01120639
0.01119781
0.01129961
0.01124072
0.01115060
0.01120853
0.01112318
0.01110935
0.01105213
0.01123452
0.01114774
0.01110339
0.01113081
0.01115513
0.01118779
0.01122355
0.01132870
0.01124525
0.01115632
0.01120687
0.01116204
0.01118231
0.01104283
0.01114202
0.01113272
0.01132607
0.01113820
0.01126909
0.01113153
0.01108551
0.01106620
0.01113844
0.01185799
0.01138306
0.01122069
0.01110339
0.01116419
0.01132917
0.01114583
0.01123142
0.01107812
0.01122117
0.01114082
0.01114464
0.01131344
0.01119280
0.01110005
0.01110315
0.01115060
0.01111412
0.01097846
0.01108360
0.01110768
0.01113129
0.01107955
0.01087737
0.01119566
0.01091838
0.01111794
0.01085258
0.01119685
0.01090693
0.01118207
0.01081944
0.01099730
0.01084185
0.01116419
0.01094794
0.01093030
0.01087689
0.01112628
0.01153851
0.01110625
0.01091647
0.01104665
0.01101470
0.01092911
0.01086307
0.01089740
0.01096916
0.01091766
0.01087213
0.01085615
0.01083231
0.01097560
0.01076913
0.01076674
0.01076913
0.01088572
0.01089191
0.01080227
0.01081848
0.01081753
0.01071072
0.01073718
0.01085687
0.01087427
0.01081848
0.01070189
0.01073480
0.01074672
0.01084065
0.01083302
0.01082397
0.01078224
0.01089382
0.01086688
0.01081777
0.01085567
0.01083899
0.01152110
0.01091099
0.01092029
0.01085615
0.01095390
0.01084375
0.01080585
0.01082182
0.01106691
0.01080966
0.01076674
0.01073575
0.01083994
0.01093411
0.01086354
0.01082039
0.01073909
0.01089311
0.01078176
0.01072884
0.01073074
0.01077056
0.01081800
0.01078200
0.01077604
0.01075745
0.01081109
0.01083159
0.01080942
0.01105165
0.01077247
0.01081586
0.01070929
0.01082706
0.01075673
0.01074290
0.01078057
0.01080370
0.01080394
0.01120853
0.01077938
0.01082373
0.01076603
0.01080298
0.01077008
0.01072168
0.01086736
0.01074696
0.01070023
0.01076555
0.01078010
0.01084161
0.01083875
0.01072168
0.01072669
0.01069331
0.01084471
0.01073861
0.01070094
0.01070714
0.01068187
0.01078010
0.01076269
0.01077080
0.01072025
0.01072073
0.01074314
0.01077867
0.01074767
0.01081014
0.01071143
0.01070738
0.01080036
0.01083040
0.01066041
0.01062131
0.01063037
0.01079750
0.01130629
0.01077914
0.01072240
0.01075029
0.01081681
0.01072025
0.01070690
0.01066303
0.01073432
0.01078248
0.01072645
0.01068115
0.01068473
0.01066017
0.01080537
0.01082802
0.01071954
0.01065183
0.01073456
0.01069427
0.01069045
0.01076984
0.01066351
0.01063132
0.01067662
0.01082516
0.01078629
0.01076651
0.01071024
0.01074672
0.01084733
0.01070714
0.01064444
0.01067424
0.01080871
0.01068854
0.01064730
0.01061082
0.01067209
0.01129627
0.01077652
0.01066732
0.01062369
0.01057506
0.01055765
0.01065111
0.01060224
0.01058435
0.01049757
0.01052094
0.01056075
0.01073647
0.01058555
0.01055980
0.01057315
0.01062989
0.01051831
0.01050448
0.01064920
0.01059771
0.01055288
0.01050162
0.01055479
0.01054287
0.01066399
0.01057124
0.01058054
0.01053786
0.01052928
0.01045561
0.01058912
0.01061916
0.01061845
0.01043153
0.01058626
0.01054478
0.01060224
0.01060462
0.01103950
0.01074648
0.01062870
0.01053786
0.01061583
0.01057887
0.01063561
0.01060486
0.01055050
0.01058197
0.01067948
0.01052117
0.01045036
0.01049519
0.01083755
0.01047921
0.01048899
0.01060128
0.01055670
0.01054740
0.01045799
0.01046658
0.01052332
0.01045561
0.01044297
0.01054239
0.01059604
0.01050043
0.01047921
0.01048732
0.01054382
0.01051450
0.01051259
0.01048040
0.01056004
0.01054239
0.01053500
0.01052165
0.01049972
0.01046729
0.01107240
0.01069522
0.01062441
0.01057553
0.01051331
0.01084208
0.01062369
0.01050925
0.01054907
0.01054287
0.01067615
0.01062036
0.01056933
0.01046014
0.01056886
0.01047111
0.01048422
0.01046395
0.01059628
0.01050830
0.01064348
0.01052833
0.01060581
0.01055908
0.01046300
0.01048851
0.01054096
0.01050758
