0.00734568
0.01120186
0.01130176
0.01116586
0.01113319
0.01119256
0.01115775
0.01111722
0.01114559
0.01116180
0.01121187
0.01140499
0.01107192
0.01107073
0.01096296
0.01097536
0.01107931
0.01115274
0.01094532
0.01110482
0.01103473
0.01107144
0.01098347
0.01110172
0.01108432
0.01099491
0.01103950
0.01091599
0.01107883
0.01097393
0.01112652
0.01114225
0.01148057
0.01130295
0.01110053
0.01110148
0.01096940
0.01108360
0.01103210
0.01108265
0.01114202
0.01134586
0.01118970
0.01102948
0.01106739
0.01102161
0.01100683
0.01104712
0.01106739
0.01091456
0.01104975
0.01109004
0.01108217
0.01115656
0.01109362
0.01109815
0.01110029
0.01107669
0.01099586
0.01105595
0.01109385
0.01106668
0.01103568
0.01104879
0.01101875
0.01106215
0.01120400
0.01112843
0.01145959
0.01108599
0.01116323
0.01099300
0.01114702
0.01117516
0.01112938
0.01104236
0.01097941
0.01100206
0.01104665
0.01101351
0.01101136
0.01139212
0.01143193
0.01122618
0.01120925
0.01109242
0.01108003
0.01093245
0.01112342
0.01105905
0.01117945
0.01135468
0.01142621
0.01121759
0.01114869
0.01110792
0.01108456
0.01102638
0.01103973
0.01106310
0.01116228
0.01099110
0.01109409
0.01098895
0.01106119
0.01105571
0.01111817
0.01109529
0.01110625
0.01101542
0.01115203
0.01106286
0.01107526
0.01112223
0.01106858
0.01096606
0.01103115
0.01103640
0.01097870
0.01105666
0.01105475
0.01108551
0.01103520
0.01103902
0.01105666
0.01108551
0.01109886
0.01095629
0.01110387
0.01104069
0.01107645
0.01088238
0.01104355
0.01095581
0.01097107
0.01102543
0.01104498
0.01098108
0.01102471
0.01111937
0.01108742
0.01115060
0.01101732
0.01100445
0.01100016
0.01101732
0.01103950
0.01101971
0.01105475
0.01109195
0.01103640
0.01111650
0.01115751
0.01105952
0.01116490
0.01110792
0.01109719
0.01104426
0.01109195
0.01108837
0.01106334
0.01103902
0.01102018
0.01110673
0.01104522
0.01113439
0.01115847
0.01114631
0.01096606
0.01102686
0.01096773
0.01102757
0.01104975
0.01110530
0.01099968
0.01112223
0.01108813
0.01112723
0.01108551
0.01103377
0.01109505
0.01100349
0.01115179
0.01112533
0.01107049
0.01096439
0.01106048
0.01100445
0.01111174
0.01099253
0.01103806
0.01099062
0.01104307
0.01101089
0.01099944
0.01110983
0.01101327
0.01111054
0.01099753
0.01103401
0.01103306
0.01103520
0.01099062
0.01105094
0.01105905
0.01137900
0.01148701
0.01144385
0.01143146
0.01110506
0.01110673
0.01098657
0.01100850
0.01104903
0.01104259
0.01103759
0.01110959
0.01113439
0.01110554
0.01121855
0.01108909
0.01106811
0.01110244
0.01117706
0.01100993
0.01105356
0.01104379
0.01108527
0.01105547
0.01112199
0.01143050
0.01140118
0.01132298
0.01171041
0.01133657
0.01122928
0.01101160
0.01109290
0.01112723
0.01116443
0.01120734
0.01109314
0.01113844
0.01111317
0.01109743
0.01104379
0.01105881
0.01111603
0.01105070
0.01102209
0.01107383
0.01101995
0.01093864
0.01125932
0.01102567
0.01106691
0.01099324
0.01134658
0.01104426
0.01109815
0.01097488
0.01088381
0.01113319
0.01088834
0.01113248
0.01099038
0.01113677
0.01103449
0.01106358
0.01106215
0.01112580
0.01100898
0.01106143
0.01102400
0.01112175
0.01125145
0.01119184
0.01109362
0.01098943
0.01109123
0.01108837
0.01111388
0.01109338
0.01105785
0.01112890
0.01099205
0.01113725
0.01103592
0.01110172
0.01103425
0.01133347
0.01107693
0.01102233
0.01128316
0.01109171
0.01115012
0.01101518
0.01106071
0.01103449
0.01118207
0.01149917
0.01121473
0.01120830
0.01116300
0.01107144
0.01111007
0.01096392
0.01105022
0.01109672
0.01103783
0.01106882
0.01107001
0.01102901
0.01116061
0.01102424
0.01116943
0.01105261
0.01109719
0.01115990
0.01107979
0.01103711
0.01113820
0.01122499
0.01112676
0.01125765
0.01101422
0.01102448
0.01099801
0.01105285
0.01109838
0.01103830
0.01107264
0.01105881
0.01104426
0.01097202
0.01103544
0.01106381
0.01111531
0.01104975
0.01103973
0.01112390
0.01107693
0.01116204
0.01103306
0.01106715
0.01097631
0.01104999
0.01104045
0.01108575
0.01101661
0.01110148
0.01111031
0.01099634
0.01106429
0.01105213
0.01097870
0.01092982
0.01095009
0.01101971
0.01101542
0.01097393
0.01105070
0.01101136
0.01104212
0.01121974
0.01106524
0.01107073
0.01106095
0.01102638
0.01102996
0.01116896
0.01110101
0.01114011
0.01115870
0.01110792
0.01109934
0.01107049
0.01118422
0.01112294
0.01115155
