0.00425839
0.01128864
0.01177740
0.01068401
0.01055074
0.01038980
0.01055956
0.01050401
0.01045489
0.01045465
0.01049781
0.01061010
0.01047254
0.01039481
0.01048660
0.01052642
0.01040339
0.01044655
0.01042676
0.01043940
0.01037645
0.01040196
0.01041937
0.01035810
0.01035833
0.01042819
0.01051664
0.01038671
0.01038766
0.01046848
0.01040912
0.01036835
0.01044941
0.01045728
0.01035929
0.01041412
0.01053357
0.01051736
0.01038980
0.01040792
0.01037979
0.01044130
0.01035261
0.01043344
0.01046181
0.01035452
0.01038694
0.01047468
0.01054764
0.01036048
0.01045322
0.01050735
0.01034546
0.01037169
0.01045370
0.01049042
0.01040387
0.01045537
0.01044178
0.01050854
0.01033401
0.01035762
0.01043892
0.01045799
0.01039815
0.01040506
0.01044369
0.01039028
0.01038146
0.01036429
0.01048875
0.01040530
0.01035094
0.01051354
0.01040292
0.01042199
0.01057410
0.01035953
0.01041389
0.01038766
0.01046276
0.01048231
0.01040983
0.01043129
0.01049542
0.01050973
0.01036286
0.01045489
0.01047158
0.01037097
0.01031899
0.01033211
0.01048613
0.01043320
0.01035881
0.01044059
0.01048088
0.01043940
0.01040888
0.01035690
0.01045942
0.01037955
0.01040554
0.01052022
0.01037502
0.01043057
0.01040649
0.01050425
0.01042247
0.01043892
0.01032925
0.01045203
0.01031256
0.01045632
0.01042986
0.01038766
0.01035714
0.01034927
0.01043534
0.01037502
0.01048684
0.01049089
0.01044297
0.01040506
0.01032424
0.01051497
0.01040530
0.01047063
0.01048207
0.01042867
0.01038265
0.01045442
0.01040387
0.01036739
0.01042175
0.01037955
0.01052880
0.01036549
0.01039410
0.01040792
0.01050377
0.01038504
0.01045203
0.01041961
0.01044703
0.01034355
0.01039863
0.01053095
0.01042962
0.01038313
0.01042914
0.01034117
0.01037812
0.01044321
0.01039028
0.01033044
0.01041794
0.01047444
0.01041842
0.01040363
0.01081300
0.01044989
0.01077533
0.01040554
0.01033068
0.01042747
0.01049042
0.01048470
0.01057124
0.01044536
0.01044869
0.01041102
0.01042223
0.01047206
0.01033354
0.01043749
0.01041245
0.01048660
0.01040769
0.01039743
0.01045823
0.01050758
0.01038957
0.01045203
0.01044440
0.01038837
0.01037192
0.01039553
0.01051807
0.01044393
0.01045370
0.01042795
0.01041627
0.01038480
0.01043439
0.01050901
0.01031303
0.01040268
0.01044893
0.01049137
0.01038742
0.01047254
0.01044774
0.01048732
0.01039457
0.01043391
0.01039267
0.01044607
0.01036835
0.01048326
0.01049542
0.01041102
0.01043415
0.01046133
0.01053715
0.01044536
0.01042867
0.01048660
0.01050472
0.01155829
0.01051354
0.01045322
0.01043749
0.01035476
0.01047277
0.01047254
0.01043701
0.01045942
0.01034665
0.01045203
0.01050758
0.01039982
0.01045394
0.01042867
0.01042056
0.01043987
0.01052427
0.01043320
0.01043391
0.01043558
0.01043463
0.01052690
0.01040936
0.01035309
0.01047778
0.01057792
0.01039982
0.01045752
0.01045799
0.01043153
0.01048470
0.01048636
0.01042223
0.01042604
0.01045442
0.01043987
0.01051879
0.01034832
0.01047158
0.01060057
0.01056123
0.01036859
0.01050067
0.01048493
0.01049352
0.01045370
0.01097012
0.01106334
0.01075053
0.01054597
0.01051497
0.01059699
0.01050377
0.01054835
0.01055670
0.01039624
0.01060295
0.01060843
0.01047826
0.01045084
0.01060605
0.01056910
0.01055050
