57.000,156.000,198.000,173.000
60.650,155.270,198.000,173.000
62.839,154.540,198.000,173.000
66.489,155.270,198.000,173.000
67.219,154.540,198.000,173.000
69.408,155.270,198.000,173.000
71.598,154.540,198.000,173.000
70.868,158.190,198.000,173.000
73.058,157.460,198.000,173.000
75.247,159.649,198.000,173.000
78.897,160.379,198.000,173.000
76.707,164.029,198.000,173.000
84.736,163.299,198.000,173.000
84.006,165.489,198.000,173.000
89.116,166.219,198.000,173.000
88.386,168.408,198.000,173.000
94.955,172.058,198.000,173.000
94.225,174.247,198.000,173.000
102.254,176.437,198.000,173.000
105.903,177.167,198.000,173.000
108.093,176.437,198.000,173.000
114.662,174.247,198.000,173.000
115.392,176.437,198.000,173.000
121.961,174.247,198.000,173.000
127.070,174.977,198.000,173.000
132.180,175.707,198.000,173.000
137.289,170.598,198.000,173.000
142.398,169.868,198.000,173.000
150.427,170.598,198.000,173.000
158.456,168.408,198.000,173.000
163.565,169.138,198.000,173.000
164.295,165.489,198.000,173.000
169.405,169.138,198.000,173.000
58.924,140.720,202.381,176.828
49.226,139.974,202.381,176.828
45.496,137.736,202.381,176.828
44.749,139.974,202.381,176.828
46.988,137.736,202.381,176.828
46.242,142.958,202.381,176.828
46.988,137.736,202.381,176.828
46.242,142.958,202.381,176.828
44.003,137.736,202.381,176.828
47.734,141.466,202.381,176.828
46.988,140.720,202.381,176.828
46.242,138.482,202.381,176.828
48.480,143.704,202.381,176.828
46.242,138.482,202.381,176.828
46.988,142.212,202.381,176.828
44.749,138.482,202.381,176.828
45.496,137.736,202.381,176.828
44.749,136.990,202.381,176.828
46.988,139.228,202.381,176.828
44.749,138.482,202.381,176.828
46.988,137.736,202.381,176.828
44.749,139.974,202.381,176.828
45.496,136.244,202.381,176.828
47.734,141.466,202.381,176.828
46.988,137.736,202.381,176.828
47.734,141.466,202.381,176.828
48.480,139.228,202.381,176.828
47.734,139.974,202.381,176.828
46.988,137.736,202.381,176.828
47.734,141.466,202.381,176.828
46.988,139.228,202.381,176.828
46.242,139.974,202.381,176.828
46.988,137.736,202.381,176.828
47.734,141.466,202.381,176.828
48.480,139.228,202.381,176.828
47.734,139.974,202.381,176.828
46.988,137.736,202.381,176.828
49.226,142.958,202.381,176.828
46.988,137.736,202.381,176.828
47.734,141.466,202.381,176.828
48.480,139.228,202.381,176.828
49.226,141.466,202.381,176.828
49.972,139.228,202.381,176.828
47.734,138.482,202.381,176.828
49.972,143.704,202.381,176.828
49.226,138.482,202.381,176.828
49.972,142.212,202.381,176.828
50.718,139.974,202.381,176.828
48.480,137.736,202.381,176.828
49.226,141.466,202.381,176.828
51.464,139.228,202.381,176.828
47.734,139.974,202.381,176.828
48.480,139.228,202.381,176.828
50.718,142.958,202.381,176.828
51.464,139.228,202.381,176.828
49.226,141.466,202.381,176.828
51.464,139.228,202.381,176.828
50.718,142.958,202.381,176.828
51.464,139.228,202.381,176.828
49.226,141.466,202.381,176.828
51.464,140.720,202.381,176.828
49.226,138.482,202.381,176.828
51.464,143.704,202.381,176.828
50.718,138.482,202.381,176.828
51.464,143.704,202.381,176.828
52.210,138.482,202.381,176.828
46.988,143.704,202.381,176.828
49.226,138.482,202.381,176.828
49.972,143.704,202.381,176.828
49.226,138.482,202.381,176.828
49.972,143.704,202.381,176.828
50.718,139.974,202.381,176.828
48.480,139.228,202.381,176.828
49.226,142.958,202.381,176.828
48.480,139.228,202.381,176.828
49.226,144.450,202.381,176.828
49.972,140.720,202.381,176.828
49.226,139.974,202.381,176.828
49.972,142.212,202.381,176.828
50.718,141.466,202.381,176.828
49.972,140.720,202.381,176.828
49.226,139.974,202.381,176.828
49.972,142.212,202.381,176.828
49.226,139.974,202.381,176.828
48.480,142.212,202.381,176.828
49.226,141.466,202.381,176.828
49.972,140.720,202.381,176.828
47.734,139.974,202.381,176.828
46.988,142.212,202.381,176.828
47.734,139.974,202.381,176.828
46.988,142.212,202.381,176.828
47.734,139.974,202.381,176.828
46.988,142.212,202.381,176.828
47.734,139.974,202.381,176.828
46.988,142.212,202.381,176.828
47.734,139.974,202.381,176.828
45.496,142.212,202.381,176.828
47.734,139.974,202.381,176.828
45.496,142.212,202.381,176.828
47.734,139.974,202.381,176.828
45.496,140.720,202.381,176.828
46.242,138.482,202.381,176.828
46.988,143.704,202.381,176.828
47.734,139.974,202.381,176.828
45.496,142.212,202.381,176.828
46.242,138.482,202.381,176.828
46.988,143.704,202.381,176.828
47.734,138.482,202.381,176.828
46.988,145.196,202.381,176.828
47.734,139.974,202.381,176.828
45.496,142.212,202.381,176.828
46.242,138.482,202.381,176.828
46.988,143.704,202.381,176.828
47.734,138.482,202.381,176.828
45.496,145.196,202.381,176.828
49.226,139.974,202.381,176.828
45.496,140.720,202.381,176.828
46.242,138.482,202.381,176.828
46.988,143.704,202.381,176.828
47.734,139.974,202.381,176.828
45.496,142.212,202.381,176.828
46.242,139.974,202.381,176.828
44.003,139.228,202.381,176.828
46.242,142.958,202.381,176.828
45.496,137.736,202.381,176.828
47.734,142.958,202.381,176.828
45.496,139.228,202.381,176.828
46.242,142.958,202.381,176.828
45.496,137.736,202.381,176.828
47.734,142.958,202.381,176.828
45.496,139.228,202.381,176.828
46.242,141.466,202.381,176.828
44.003,139.228,202.381,176.828
46.242,141.466,202.381,176.828
44.003,139.228,202.381,176.828
46.242,141.466,202.381,176.828
44.003,139.228,202.381,176.828
44.749,141.466,202.381,176.828
45.496,139.228,202.381,176.828
46.242,141.466,202.381,176.828
44.003,139.228,202.381,176.828
46.242,141.466,202.381,176.828
44.003,139.228,202.381,176.828
44.749,141.466,202.381,176.828
45.496,139.228,202.381,176.828
46.242,142.958,202.381,176.828
45.496,137.736,202.381,176.828
46.242,142.958,202.381,176.828
45.496,139.228,202.381,176.828
46.242,142.958,202.381,176.828
45.496,139.228,202.381,176.828
46.242,142.958,202.381,176.828
44.003,137.736,202.381,176.828
46.242,142.958,202.381,176.828
45.496,139.228,202.381,176.828
46.242,142.958,202.381,176.828
44.003,137.736,202.381,176.828
46.242,142.958,202.381,176.828
44.003,137.736,202.381,176.828
46.242,142.958,202.381,176.828
44.003,137.736,202.381,176.828
46.242,142.958,202.381,176.828
44.003,137.736,202.381,176.828
46.242,142.958,202.381,176.828
44.003,137.736,202.381,176.828
44.749,141.466,202.381,176.828
45.496,139.228,202.381,176.828
46.242,142.958,202.381,176.828
45.496,137.736,202.381,176.828
46.242,142.958,202.381,176.828
45.496,137.736,202.381,176.828
46.242,142.958,202.381,176.828
45.496,137.736,202.381,176.828
46.242,142.958,202.381,176.828
44.003,137.736,202.381,176.828
46.242,142.958,202.381,176.828
44.003,137.736,202.381,176.828
46.242,142.958,202.381,176.828
44.003,137.736,202.381,176.828
44.749,141.466,202.381,176.828
45.496,139.228,202.381,176.828
46.242,142.958,202.381,176.828
44.003,137.736,202.381,176.828
46.242,142.958,202.381,176.828
44.003,137.736,202.381,176.828
46.242,142.958,202.381,176.828
45.496,137.736,202.381,176.828
46.242,142.958,202.381,176.828
45.496,137.736,202.381,176.828
46.242,142.958,202.381,176.828
44.003,137.736,202.381,176.828
46.242,142.958,202.381,176.828
44.003,137.736,202.381,176.828
46.242,142.958,202.381,176.828
44.003,137.736,202.381,176.828
46.242,142.958,202.381,176.828
45.496,139.228,202.381,176.828
46.242,142.958,202.381,176.828
45.496,137.736,202.381,176.828
46.242,142.958,202.381,176.828
44.003,137.736,202.381,176.828
44.749,141.466,202.381,176.828
45.496,139.228,202.381,176.828
46.242,142.958,202.381,176.828
44.003,137.736,202.381,176.828
46.242,142.958,202.381,176.828
44.003,137.736,202.381,176.828
46.242,142.958,202.381,176.828
45.496,137.736,202.381,176.828
46.242,142.958,202.381,176.828
44.003,139.228,202.381,176.828
44.749,142.958,202.381,176.828
45.496,139.228,202.381,176.828
46.242,142.958,202.381,176.828
44.003,139.228,202.381,176.828
44.749,142.958,202.381,176.828
45.496,139.228,202.381,176.828
46.242,142.958,202.381,176.828
45.496,139.228,202.381,176.828
46.242,142.958,202.381,176.828
44.003,139.228,202.381,176.828
44.749,142.958,202.381,176.828
45.496,139.228,202.381,176.828
44.749,142.958,202.381,176.828
45.496,139.228,202.381,176.828
44.749,142.958,202.381,176.828
45.496,139.228,202.381,176.828
44.749,142.958,202.381,176.828
45.496,139.228,202.381,176.828
47.734,144.450,202.381,176.828
46.988,140.720,202.381,176.828
47.734,142.958,202.381,176.828
48.480,139.228,202.381,176.828
49.226,144.450,202.381,176.828
48.480,140.720,202.381,176.828
47.734,139.974,202.381,176.828
45.496,142.212,202.381,176.828
46.242,139.974,202.381,176.828
44.003,140.720,202.381,176.828
44.749,138.482,202.381,176.828
46.988,143.704,202.381,176.828
44.749,139.974,202.381,176.828
44.003,140.720,202.381,176.828
41.765,138.482,202.381,176.828
44.003,145.196,202.381,176.828
46.242,139.974,202.381,176.828
41.019,139.228,202.381,176.828
41.765,142.958,202.381,176.828
42.511,137.736,202.381,176.828
43.257,142.958,202.381,176.828
42.511,137.736,202.381,176.828
43.257,142.958,202.381,176.828
42.511,137.736,202.381,176.828
44.749,142.958,202.381,176.828
45.496,137.736,202.381,176.828
46.242,142.958,202.381,176.828
44.003,137.736,202.381,176.828
44.749,142.958,202.381,176.828
44.003,137.736,202.381,176.828
44.749,142.958,202.381,176.828
44.003,137.736,202.381,176.828
44.749,142.958,202.381,176.828
42.511,137.736,202.381,176.828
41.765,142.958,202.381,176.828
43.204,139.810,198.065,173.057
42.474,143.461,198.065,173.057
43.204,139.810,198.065,173.057
42.474,143.461,198.065,173.057
44.664,139.810,198.065,173.057
43.934,143.461,198.065,173.057
46.125,141.270,198.065,173.057
42.474,142.000,198.065,173.057
44.664,139.810,198.065,173.057
45.395,143.461,198.065,173.057
43.204,139.810,198.065,173.057
43.934,142.000,198.065,173.057
43.935,140.327,193.841,169.366
46.079,142.471,193.841,169.366
46.793,141.756,193.841,169.366
47.508,143.900,193.841,169.366
46.793,140.327,193.841,169.366
47.508,143.900,193.841,169.366
46.793,140.327,193.841,169.366
45.390,143.643,198.130,173.113
43.199,138.530,198.130,173.113
43.929,143.643,198.130,173.113
46.121,138.530,198.130,173.113
42.469,143.643,198.130,173.113
46.121,138.530,198.130,173.113
43.929,143.643,198.130,173.113
46.121,138.530,198.130,173.113
43.929,143.643,198.130,173.113
47.581,139.991,198.130,173.113
46.851,145.104,198.130,173.113
44.660,139.991,198.130,173.113
45.390,143.643,198.130,173.113
43.199,138.530,198.130,173.113
43.929,145.104,198.130,173.113
46.121,141.452,198.130,173.113
42.469,139.261,198.130,173.113
44.660,144.373,198.130,173.113
46.851,140.721,198.130,173.113
43.199,141.452,198.130,173.113
43.929,139.261,198.130,173.113
44.660,144.373,198.130,173.113
45.390,140.721,198.130,173.113
43.199,141.452,198.130,173.113
45.390,142.182,198.130,173.113
43.199,139.991,198.130,173.113
43.929,143.643,198.130,173.113
46.120,139.991,198.130,173.113
42.469,143.643,198.130,173.113
46.120,139.991,198.130,173.113
43.929,143.643,198.130,173.113
46.120,138.530,198.130,173.113
43.929,143.643,198.130,173.113
46.120,138.530,198.130,173.113
45.390,142.182,198.130,173.113
44.660,138.530,198.130,173.113
45.390,142.182,198.130,173.113
44.660,138.530,198.130,173.113
45.390,142.182,198.130,173.113
44.660,138.530,198.130,173.113
46.851,142.182,198.130,173.113
46.120,138.530,198.130,173.113
46.851,143.643,198.130,173.113
44.660,138.530,198.130,173.113
46.851,143.643,198.130,173.113
44.660,138.530,198.130,173.113
46.851,143.643,198.130,173.113
44.660,138.530,198.130,173.113
46.851,143.643,198.130,173.113
44.660,138.530,198.130,173.113
46.851,143.643,198.130,173.113
44.660,138.530,198.130,173.113
46.851,143.643,198.130,173.113
44.660,138.530,198.130,173.113
46.851,143.643,198.130,173.113
44.660,138.530,198.130,173.113
46.851,143.643,198.130,173.113
44.660,138.530,198.130,173.113
46.851,143.643,198.130,173.113
44.660,138.530,198.130,173.113
45.390,143.643,198.130,173.113
44.660,138.530,198.130,173.113
45.390,143.643,198.130,173.113
44.660,138.530,198.130,173.113
45.390,143.643,198.130,173.113
44.660,138.530,198.130,173.113
45.390,143.643,198.130,173.113
44.660,138.530,198.130,173.113
45.390,142.182,198.130,173.113
43.199,138.530,198.130,173.113
43.929,142.182,198.130,173.113
43.930,139.100,193.905,169.422
47.504,145.533,193.905,169.422
43.930,139.100,193.905,169.422
46.074,145.533,193.905,169.422
42.500,139.100,193.905,169.422
44.645,144.104,193.905,169.422
45.360,139.100,193.905,169.422
43.215,144.104,193.905,169.422
36.782,139.100,193.905,169.422
36.067,146.963,193.905,169.422
39.113,138.414,198.195,173.170
63.451,144.837,202.580,177.002
74.382,143.653,207.062,180.918
84.305,139.837,207.062,180.918
78.962,136.020,207.062,180.918
73.618,133.730,207.062,180.918
68.275,137.547,207.062,180.918
62.932,135.257,207.062,180.918
59.116,137.547,207.062,180.918
58.352,135.257,207.062,180.918
56.062,137.547,207.062,180.918
56.826,136.784,207.062,180.918
57.589,139.074,207.062,180.918
58.352,138.310,207.062,180.918
60.642,140.600,207.062,180.918
61.406,138.310,207.062,180.918
62.169,142.127,207.062,180.918
62.932,138.310,207.062,180.918
62.169,140.600,207.062,180.918
62.932,136.784,207.062,180.918
60.642,137.547,207.062,180.918
61.406,135.257,207.062,180.918
60.642,136.020,207.062,180.918
59.879,133.730,207.062,180.918
59.116,136.020,207.062,180.918
59.879,133.730,207.062,180.918
62.169,136.020,207.062,180.918
64.459,136.784,207.062,180.918
66.749,136.020,207.062,180.918
67.512,133.730,207.062,180.918
74.382,132.967,207.062,180.918
82.778,135.257,207.062,180.918
75.908,139.074,207.062,180.918
82.329,136.280,211.643,184.921
72.703,136.663,216.326,189.012
62.863,135.399,221.112,193.194
66.939,142.735,221.112,193.194
54.712,140.290,221.112,193.194
31.144,136.850,216.397,189.074
32.682,133.484,211.782,185.042
38.703,134.705,207.266,181.096
40.995,136.997,207.266,181.096
40.231,134.705,207.266,181.096
39.467,138.525,207.266,181.096
38.703,134.705,207.266,181.096
39.467,140.053,207.266,181.096
37.175,134.705,207.266,181.096
40.995,140.053,207.266,181.096
38.703,134.705,207.266,181.096
40.995,140.053,207.266,181.096
40.231,134.705,207.266,181.096
40.995,140.053,207.266,181.096
41.759,134.705,207.266,181.096
44.051,140.053,207.266,181.096
44.815,137.761,207.266,181.096
42.523,138.525,207.266,181.096
41.759,136.233,207.266,181.096
42.523,140.053,207.266,181.096
43.287,136.233,207.266,181.096
45.579,140.053,207.266,181.096
42.634,136.829,202.846,177.234
44.878,142.063,202.846,177.234
44.130,138.325,202.846,177.234
46.373,142.063,202.846,177.234
45.625,138.325,202.846,177.234
46.373,142.063,202.846,177.234
44.130,138.325,202.846,177.234
46.373,142.063,202.846,177.234
45.625,138.325,202.846,177.234
46.373,142.063,202.846,177.234
45.625,138.325,202.846,177.234
46.373,143.559,202.846,177.234
47.121,138.325,202.846,177.234
44.878,143.559,202.846,177.234
45.625,138.325,202.846,177.234
46.373,143.559,202.846,177.234
47.121,138.325,202.846,177.234
44.878,143.559,202.846,177.234
45.625,138.325,202.846,177.234
44.878,142.063,202.846,177.234
44.130,138.325,202.846,177.234
46.373,142.063,202.846,177.234
44.130,138.325,202.846,177.234
44.878,142.063,202.846,177.234
44.130,138.325,202.846,177.234
44.878,142.063,202.846,177.234
42.634,138.325,202.846,177.234
44.878,142.063,202.846,177.234
42.634,138.325,202.846,177.234
44.878,142.063,202.846,177.234
41.139,138.325,202.846,177.234
41.887,142.063,202.846,177.234
41.139,136.829,202.846,177.234
41.887,142.063,202.846,177.234
42.634,138.325,202.846,177.234
43.382,142.063,202.846,177.234
44.130,136.829,202.846,177.234
44.878,142.063,202.846,177.234
42.634,138.325,202.846,177.234
44.878,142.063,202.846,177.234
42.634,138.325,202.846,177.234
44.878,142.063,202.846,177.234
42.634,138.325,202.846,177.234
43.382,142.063,202.846,177.234
42.634,136.829,202.846,177.234
43.382,142.063,202.846,177.234
42.634,136.829,202.846,177.234
43.382,142.063,202.846,177.234
42.634,136.829,202.846,177.234
43.382,142.063,202.846,177.234
42.634,136.829,202.846,177.234
43.382,142.063,202.846,177.234
42.634,136.829,202.846,177.234
43.382,142.063,202.846,177.234
42.634,136.829,202.846,177.234
43.382,140.568,202.846,177.234
44.130,136.829,202.846,177.234
44.878,142.063,202.846,177.234
42.634,138.325,202.846,177.234
43.382,140.568,202.846,177.234
42.634,136.829,202.846,177.234
43.382,140.568,202.846,177.234
42.634,136.829,202.846,177.234
43.382,142.063,202.846,177.234
42.634,136.829,202.846,177.234
43.382,142.063,202.846,177.234
42.634,136.829,202.846,177.234
43.382,142.063,202.846,177.234
42.634,136.829,202.846,177.234
41.887,142.063,202.846,177.234
41.139,138.325,202.846,177.234
41.887,142.063,202.846,177.234
41.139,138.325,202.846,177.234
41.887,142.063,202.846,177.234
41.139,138.325,202.846,177.234
41.887,143.559,202.846,177.234
42.634,138.325,202.846,177.234
43.382,142.063,202.846,177.234
42.634,136.829,202.846,177.234
43.382,142.063,202.846,177.234
42.634,138.325,202.846,177.234
43.382,142.063,202.846,177.234
42.634,136.829,202.846,177.234
43.382,142.063,202.846,177.234
42.634,136.829,202.846,177.234
43.382,142.063,202.846,177.234
42.634,136.829,202.846,177.234
43.382,142.063,202.846,177.234
44.130,136.829,202.846,177.234
44.878,142.063,202.846,177.234
42.634,138.325,202.846,177.234
44.878,142.063,202.846,177.234
42.634,138.325,202.846,177.234
44.878,142.063,202.846,177.234
42.634,138.325,202.846,177.234
44.878,142.063,202.846,177.234
42.634,138.325,202.846,177.234
44.878,142.063,202.846,177.234
42.634,138.325,202.846,177.234
44.878,142.063,202.846,177.234
44.130,138.325,202.846,177.234
44.878,142.063,202.846,177.234
42.634,138.325,202.846,177.234
44.878,142.063,202.846,177.234
42.634,138.325,202.846,177.234
44.878,142.063,202.846,177.234
42.634,138.325,202.846,177.234
44.878,142.063,202.846,177.234
42.634,138.325,202.846,177.234
44.878,142.063,202.846,177.234
42.634,138.325,202.846,177.234
44.878,142.063,202.846,177.234
42.634,138.325,202.846,177.234
44.878,142.063,202.846,177.234
44.130,138.325,202.846,177.234
44.878,142.063,202.846,177.234
42.634,138.325,202.846,177.234
44.878,142.063,202.846,177.234
42.634,138.325,202.846,177.234
44.878,142.063,202.846,177.234
42.634,138.325,202.846,177.234
44.878,142.063,202.846,177.234
42.634,138.325,202.846,177.234
44.878,142.063,202.846,177.234
44.130,138.325,202.846,177.234
46.373,142.063,202.846,177.234
44.130,138.325,202.846,177.234
44.878,142.063,202.846,177.234
44.130,138.325,202.846,177.234
44.878,142.063,202.846,177.234
42.634,138.325,202.846,177.234
44.878,142.063,202.846,177.234
44.130,138.325,202.846,177.234
46.373,142.063,202.846,177.234
44.130,138.325,202.846,177.234
44.878,142.063,202.846,177.234
42.634,138.325,202.846,177.234
44.878,142.063,202.846,177.234
42.634,138.325,202.846,177.234
44.878,142.063,202.846,177.234
42.634,138.325,202.846,177.234
44.878,142.063,202.846,177.234
42.634,138.325,202.846,177.234
43.382,140.568,202.846,177.234
44.130,136.829,202.846,177.234
44.878,142.063,202.846,177.234
42.634,138.325,202.846,177.234
43.382,139.072,202.846,177.234
44.130,138.325,202.846,177.234
44.878,140.568,202.846,177.234
44.130,136.829,202.846,177.234
46.373,142.063,202.846,177.234
45.625,138.325,202.846,177.234
44.878,142.063,202.846,177.234
42.634,138.325,202.846,177.234
44.878,140.568,202.846,177.234
42.634,136.829,202.846,177.234
43.382,142.063,202.846,177.234
44.130,136.829,202.846,177.234
44.878,142.063,202.846,177.234
42.634,138.325,202.846,177.234
43.382,140.568,202.846,177.234
42.634,136.829,202.846,177.234
41.886,140.568,202.846,177.234
41.139,136.829,202.846,177.234
41.886,142.063,202.846,177.234
41.139,136.829,202.846,177.234
40.391,142.063,202.846,177.234
44.716,138.908,198.520,173.454
41.057,141.103,198.520,173.454
43.252,137.444,198.520,173.454
43.984,144.031,198.520,173.454
43.252,138.908,198.520,173.454
42.521,142.567,198.520,173.454
44.716,138.908,198.520,173.454
43.984,141.103,198.520,173.454
44.716,138.908,198.520,173.454
46.911,142.567,198.520,173.454
43.252,138.908,198.520,173.454
42.521,142.567,198.520,173.454
44.716,138.908,198.520,173.454
45.448,142.567,198.520,173.454
43.252,138.908,198.520,173.454
43.984,142.567,198.520,173.454
44.716,141.835,198.520,173.454
43.984,139.640,198.520,173.454
43.252,144.763,198.520,173.454
42.521,141.103,198.520,173.454
43.252,141.835,198.520,173.454
43.984,139.640,198.520,173.454
43.252,141.835,198.520,173.454
41.057,136.713,198.520,173.454
42.468,143.500,194.286,169.755
43.185,138.486,194.286,169.755
41.036,142.067,194.286,169.755
41.037,139.045,190.143,166.135
38.335,144.194,186.088,162.592
43.137,140.764,186.088,162.592
42.451,145.566,186.088,162.592
43.137,140.764,186.088,162.592
45.195,146.938,186.088,162.592
39.021,142.136,186.088,162.592
43.823,149.682,186.088,162.592
95.143,178.487,190.206,166.190
89.401,171.557,194.414,169.867
85.818,167.973,194.414,169.867
80.801,171.557,194.414,169.867
74.351,167.973,194.414,169.867
65.508,165.351,198.715,173.625
67.706,163.153,198.715,173.625
59.648,163.885,198.715,173.625
53.055,164.618,198.715,173.625
52.323,160.955,198.715,173.625
48.660,161.688,198.715,173.625
49.392,159.490,198.715,173.625
47.195,158.758,198.715,173.625
47.927,159.490,198.715,173.625
44.265,160.223,198.715,173.625
44.997,160.955,198.715,173.625
42.800,163.153,198.715,173.625
43.532,162.420,198.715,173.625
42.800,164.618,198.715,173.625
43.532,163.885,198.715,173.625
42.800,166.083,198.715,173.625
43.532,165.351,198.715,173.625
44.265,163.153,198.715,173.625
42.067,166.816,198.715,173.625
45.730,163.153,198.715,173.625
42.771,163.512,203.112,177.466
45.018,161.266,203.112,177.466
42.771,163.512,203.112,177.466
45.018,164.261,203.112,177.466
45.766,165.010,203.112,177.466
48.013,165.758,203.112,177.466
48.761,168.005,203.112,177.466
51.008,165.758,203.112,177.466
48.761,171.000,203.112,177.466
52.505,168.753,203.112,177.466
50.259,171.000,203.112,177.466
52.505,170.251,203.112,177.466
51.756,172.497,203.112,177.466
