40.000,199.000,61.000,103.000
39.680,197.399,61.000,103.000
39.360,197.079,61.000,103.000
40.320,196.118,61.000,103.000
39.360,195.798,61.000,103.000
39.680,194.838,61.000,103.000
38.079,193.877,61.000,103.000
39.039,193.557,61.000,103.000
38.079,191.956,61.000,103.000
37.759,191.636,61.000,103.000
37.439,189.395,61.000,103.000
37.759,188.434,61.000,103.000
36.158,184.912,61.000,103.000
36.478,179.469,61.000,103.000
36.798,175.307,61.000,103.000
35.197,169.864,61.000,103.000
36.798,162.500,61.000,103.000
35.838,155.136,61.000,103.000
37.439,147.772,61.000,103.000
39.680,141.048,61.000,103.000
41.256,136.283,59.699,100.803
44.076,130.329,59.699,100.803
46.270,123.749,59.699,100.803
49.090,118.422,59.699,100.803
52.537,112.468,59.699,100.803
57.237,107.141,59.699,100.803
60.803,99.849,61.020,103.034
65.607,93.764,61.020,103.034
71.692,85.116,61.020,103.034
78.418,80.312,61.020,103.034
85.785,76.148,61.020,103.034
93.792,71.985,61.020,103.034
102.089,67.854,62.370,105.313
110.928,62.944,62.370,105.313
118.457,58.688,62.370,105.313
126.379,56.340,61.040,103.068
135.671,57.301,61.040,103.068
147.525,54.418,61.040,103.068
159.379,52.175,61.040,103.068
169.311,49.291,61.040,103.068
181.388,48.229,59.738,100.870
192.764,46.788,61.060,103.101
205.056,43.319,62.411,105.382
212.183,45.212,63.792,107.714
218.349,41.520,62.431,105.417
222.609,44.469,62.431,105.417
229.738,47.043,63.813,107.749
236.772,47.378,63.813,107.749
242.668,48.618,65.225,110.133
249.858,48.961,65.225,110.133
255.678,49.988,65.225,110.133
260.128,51.699,65.225,110.133
265.264,54.781,65.225,110.133
269.029,57.177,65.225,110.133
272.795,58.889,65.225,110.133
275.876,61.970,65.225,110.133
278.958,62.997,65.225,110.133
282.723,66.078,65.225,110.133
285.805,69.844,65.225,110.133
290.940,73.610,65.225,110.133
295.390,78.061,65.225,110.133
299.841,82.511,65.225,110.133
304.976,86.277,65.225,110.133
309.427,90.728,65.225,110.133
313.193,95.178,65.225,110.133
318.328,99.629,65.225,110.133
322.779,104.764,65.225,110.133
327.229,111.269,65.225,110.133
331.680,117.089,65.225,110.133
335.446,122.909,65.225,110.133
339.211,129.413,65.225,110.133
343.818,134.943,66.668,112.570
349.978,139.144,68.143,115.061
353.912,145.940,68.143,115.061
358.562,152.735,68.143,115.061
361.890,157.029,69.650,117.606
364.449,163.975,69.650,117.606
367.008,169.458,69.650,117.606
369.567,175.673,69.650,117.606
370.664,181.157,69.650,117.606
371.030,185.909,69.650,117.606
372.126,189.200,69.650,117.606
371.030,191.759,69.650,117.606
371.395,194.318,69.650,117.606
368.836,195.415,69.650,117.606
369.933,195.049,69.650,117.606
369.567,196.146,69.650,117.606
366.900,192.190,71.191,120.208
369.516,190.321,71.191,120.208
365.406,188.453,71.191,120.208
368.686,190.815,69.673,117.645
366.858,188.255,69.673,117.645
370.149,185.695,69.673,117.645
369.052,183.135,69.673,117.645
371.612,181.307,69.673,117.645
368.320,177.284,69.673,117.645
370.880,174.724,69.673,117.645
369.783,171.433,69.673,117.645
370.880,167.410,69.673,117.645
370.515,162.656,69.673,117.645
370.880,157.171,69.673,117.645
371.977,152.417,69.673,117.645
370.880,146.931,69.673,117.645
368.971,140.697,71.215,120.248
369.345,136.586,71.215,120.248
365.843,129.438,72.790,122.908
364.696,126.000,72.790,122.908
359.730,122.561,72.790,122.908
356.291,119.887,72.790,122.908
351.324,116.448,72.790,122.908
346.159,112.314,74.401,125.628
341.863,111.142,74.401,125.628
335.224,109.971,74.401,125.628
325.461,111.142,74.401,125.628
316.480,110.752,74.401,125.628
307.498,110.361,74.401,125.628
299.297,109.971,74.401,125.628
291.877,110.361,74.401,125.628
283.676,112.314,74.401,125.628
274.694,110.361,74.401,125.628
268.837,110.752,74.401,125.628
261.936,108.957,76.047,128.407
255.949,108.558,76.047,128.407
248.067,106.723,77.729,131.248
241.948,111.211,77.729,131.248
234.738,109.336,79.449,134.152
230.151,113.089,79.449,134.152
224.730,111.838,79.449,134.152
221.811,116.425,79.449,134.152
220.499,119.700,81.207,137.120
217.516,120.979,81.207,137.120
217.971,126.960,79.475,134.196
218.388,129.880,79.475,134.196
217.971,134.469,79.475,134.196
218.388,136.554,79.475,134.196
218.805,140.309,79.475,134.196
220.057,144.063,79.475,134.196
222.977,145.314,79.475,134.196
225.897,149.903,79.475,134.196
228.817,149.486,79.475,134.196
232.698,149.300,81.234,137.165
236.536,148.873,81.234,137.165
241.226,148.447,81.234,137.165
244.211,146.315,81.234,137.165
249.753,145.036,81.234,137.165
255.296,144.610,81.234,137.165
262.545,145.036,81.234,137.165
267.932,146.910,79.501,134.240
273.356,147.327,79.501,134.240
278.628,149.160,77.806,131.377
283.121,149.569,77.806,131.377
289.067,152.938,76.147,128.576
293.464,152.538,76.147,128.576
296.262,152.138,76.147,128.576
301.458,154.137,76.147,128.576
303.456,154.536,76.147,128.576
303.856,152.538,76.147,128.576
310.446,158.917,74.523,125.834
316.142,162.144,72.934,123.150
318.026,164.564,71.378,120.524
321.315,166.210,69.856,117.954
324.534,169.235,68.366,115.438
326.328,168.158,68.366,115.438
327.405,167.082,68.366,115.438
330.555,169.350,66.909,112.977
332.284,170.893,65.482,110.567
335.301,170.416,64.085,108.210
338.254,171.246,62.719,105.902
339.900,170.916,62.719,105.902
343.424,171.094,61.381,103.644
345.679,170.127,61.381,103.644
349.346,167.978,62.739,105.937
364.823,168.307,62.739,105.937
370.421,167.978,62.739,105.937
374.702,167.648,62.739,105.937
378.983,167.319,62.739,105.937
381.288,166.990,62.739,105.937
380.936,164.793,64.127,108.281
383.965,165.130,64.127,108.281
385.648,164.120,64.127,108.281
388.678,162.437,64.127,108.281
391.707,161.427,64.127,108.281
395.409,159.744,64.127,108.281
399.785,157.388,64.127,108.281
404.161,155.032,64.127,108.281
408.537,152.676,64.127,108.281
412.239,150.993,64.127,108.281
415.942,148.637,64.127,108.281
418.971,146.280,64.127,108.281
421.327,143.924,64.127,108.281
423.683,142.241,64.127,108.281
426.039,140.558,64.127,108.281
428.395,140.222,64.127,108.281
430.752,139.212,64.127,108.281
432.435,140.895,64.127,108.281
433.444,139.212,64.127,108.281
435.800,142.915,64.127,108.281
438.157,141.232,64.127,108.281
441.111,145.306,62.760,105.971
444.003,147.388,61.421,103.712
445.615,149.000,61.421,103.712
446.582,151.257,61.421,103.712
448.839,149.645,61.421,103.712
450.451,150.612,61.421,103.712
452.063,148.356,61.421,103.712
455.514,142.936,60.112,101.500
457.676,137.632,58.830,99.335
459.791,131.846,57.575,97.217
459.531,127.931,56.347,95.144
459.277,125.239,55.146,93.115
457.830,121.476,55.146,93.115
454.646,112.503,55.146,93.115
451.462,106.425,55.146,93.115
447.699,99.189,55.146,93.115
444.515,91.374,55.146,93.115
440.752,85.295,55.146,93.115
433.516,80.954,55.146,93.115
419.993,74.218,56.366,95.175
412.005,70.963,56.366,95.175
401.058,66.526,56.366,95.175
387.153,60.904,56.366,95.175
375.023,57.058,56.366,95.175
359.359,52.629,57.613,97.281
343.937,47.488,57.613,97.281
328.515,44.162,57.613,97.281
314.302,42.650,57.613,97.281
290.762,40.005,58.888,99.433
275.038,32.812,60.190,101.633
260.821,26.809,60.190,101.633
239.022,22.070,60.190,101.633
224.174,26.809,60.190,101.633
218.803,32.180,60.190,101.633
193.845,21.755,60.190,101.633
180.784,20.098,58.907,99.466
164.414,18.677,60.210,101.666
149.560,16.464,60.210,101.666
137.104,16.635,58.926,99.498
126.279,18.181,58.926,99.498
118.546,21.583,58.926,99.498
105.865,21.892,58.926,99.498
95.040,22.820,58.926,99.498
84.834,24.367,58.926,99.498
74.008,25.913,58.926,99.498
68.132,30.553,58.926,99.498
60.399,35.192,58.926,99.498
53.904,41.069,58.926,99.498
49.265,47.564,58.926,99.498
45.244,53.440,58.926,99.498
41.842,58.698,58.926,99.498
37.821,65.193,58.926,99.498
34.419,72.926,58.926,99.498
31.017,81.895,58.926,99.498
27.615,89.009,58.926,99.498
22.791,99.139,60.230,101.700
18.517,104.902,61.563,103.950
14.819,108.781,62.925,106.250
12.507,113.735,62.925,106.250
12.176,119.350,62.925,106.250
10.525,123.643,62.925,106.250
9.534,127.937,62.925,106.250
8.543,129.588,62.925,106.250
8.896,134.860,61.583,103.984
9.866,137.122,61.583,103.984
10.834,142.281,60.269,101.766
13.048,145.128,60.269,101.766
12.732,147.343,60.269,101.766
14.946,150.823,60.269,101.766
15.895,154.935,60.269,101.766
17.477,159.047,60.269,101.766
19.691,163.160,60.269,101.766
21.906,167.272,60.269,101.766
23.488,172.017,60.269,101.766
26.335,177.395,60.269,101.766
29.814,183.406,60.269,101.766
32.661,190.049,60.269,101.766
34.876,195.427,60.269,101.766
36.458,197.641,60.269,101.766
38.039,199.856,60.269,101.766
39.621,202.070,60.269,101.766
41.203,203.019,60.269,101.766
41.519,204.601,60.269,101.766
42.468,204.917,60.269,101.766
42.784,205.866,60.269,101.766
43.733,205.550,60.269,101.766
44.050,206.499,60.269,101.766
42.468,205.550,60.269,101.766
44.050,207.131,60.269,101.766
43.101,206.182,60.269,101.766
43.417,206.499,60.269,101.766
43.733,206.815,60.269,101.766
44.050,207.131,60.269,101.766
43.055,205.677,61.603,104.018
44.025,206.001,61.603,104.018
44.348,206.324,61.603,104.018
45.318,207.294,61.603,104.018
44.348,205.677,61.603,104.018
45.965,205.354,61.603,104.018
44.277,204.539,62.966,106.319
45.930,203.547,62.966,106.319
45.599,202.556,62.966,106.319
45.269,201.564,62.966,106.319
46.260,201.895,62.966,106.319
45.930,199.581,62.966,106.319
46.260,201.234,62.966,106.319
46.591,198.920,62.966,106.319
45.599,197.929,62.966,106.319
45.930,196.938,62.966,106.319
46.260,196.607,62.966,106.319
46.591,196.277,62.966,106.319
45.599,194.624,62.966,106.319
45.930,195.616,62.966,106.319
46.260,194.624,62.966,106.319
46.591,194.294,62.966,106.319
45.599,193.963,62.966,106.319
45.930,194.294,62.966,106.319
45.599,194.624,62.966,106.319
45.269,194.955,62.966,106.319
45.599,193.963,62.966,106.319
44.608,194.294,62.966,106.319
45.599,194.624,62.966,106.319
43.947,195.616,62.966,106.319
45.599,195.285,62.966,106.319
44.608,194.955,62.966,106.319
45.599,194.624,62.966,106.319
45.269,196.938,62.966,106.319
46.921,195.285,62.966,106.319
45.269,197.599,62.966,106.319
45.601,194.022,64.359,108.672
45.938,196.387,64.359,108.672
44.249,196.049,64.359,108.672
45.263,197.062,64.359,108.672
42.223,197.400,64.359,108.672
43.912,198.414,64.359,108.672
40.871,198.076,64.359,108.672
41.912,195.822,65.783,111.076
40.185,197.549,65.783,111.076
40.531,197.203,65.783,111.076
40.876,196.858,65.783,111.076
39.150,197.894,65.783,111.076
40.876,197.549,65.783,111.076
39.840,196.513,65.783,111.076
39.495,197.549,65.783,111.076
41.221,197.203,65.783,111.076
39.495,196.168,65.783,111.076
40.531,197.203,65.783,111.076
40.876,196.168,65.783,111.076
39.150,197.203,65.783,111.076
40.876,196.858,65.783,111.076
39.150,197.894,65.783,111.076
40.876,197.549,65.783,111.076
39.150,196.513,65.783,111.076
40.185,197.549,65.783,111.076
39.840,196.513,65.783,111.076
39.495,197.549,65.783,111.076
41.221,197.203,65.783,111.076
39.495,196.858,65.783,111.076
40.531,198.585,65.783,111.076
40.876,196.858,65.783,111.076
39.149,197.894,65.783,111.076
40.213,194.874,67.238,113.534
41.272,193.815,67.238,113.534
41.625,193.462,67.238,113.534
42.682,195.013,65.805,111.113
43.027,193.977,65.805,111.113
44.063,192.941,65.805,111.113
43.027,195.358,65.805,111.113
44.063,192.941,65.805,111.113
43.027,193.977,65.805,111.113
44.062,192.831,64.401,108.743
42.372,193.845,64.401,108.743
44.062,192.831,64.401,108.743
42.372,194.521,64.401,108.743
44.062,197.564,64.401,108.743
45.076,201.958,64.401,108.743
46.090,204.324,64.401,108.743
46.428,201.958,64.401,108.743
48.118,199.592,64.401,108.743
47.104,197.226,64.401,108.743
48.794,192.831,64.401,108.743
51.160,187.085,64.401,108.743
50.146,180.662,64.401,108.743
51.836,170.183,64.401,108.743
53.526,161.057,64.401,108.743
55.893,154.634,64.401,108.743
59.512,147.648,63.028,106.424
61.778,142.725,61.684,104.155
64.692,136.573,61.684,104.155
68.253,131.069,61.684,104.155
73.757,126.860,61.684,104.155
79.261,122.004,61.684,104.155
85.413,116.500,61.684,104.155
92.212,110.996,61.684,104.155
100.306,106.787,61.684,104.155
108.400,101.283,61.684,104.155
116.494,98.369,61.684,104.155
124.954,97.295,60.368,101.933
131.608,96.344,60.368,101.933
144.162,100.180,59.081,99.760
155.852,98.553,57.821,97.632
167.688,100.071,57.821,97.632
180.738,97.339,57.821,97.632
195.002,99.464,57.821,97.632
212.908,103.409,57.821,97.632
220.140,98.866,59.100,99.792
227.895,95.453,59.100,99.792
241.234,100.727,59.100,99.792
253.132,104.450,60.408,102.000
262.327,109.207,60.408,102.000
270.254,113.963,60.408,102.000
276.494,120.400,61.744,104.257
282.871,128.998,63.111,106.564
288.703,134.349,64.507,108.921
293.961,139.818,65.934,111.331
296.463,145.409,67.393,113.795
298.939,151.422,67.393,113.795
297.827,154.200,68.884,116.312
299.635,158.900,68.884,116.312
295.658,160.708,68.884,116.312
294.573,165.408,68.884,116.312
291.185,164.497,70.408,118.886
287.120,167.084,70.408,118.886
285.272,168.192,70.408,118.886
282.817,172.666,68.907,116.350
280.285,170.857,68.907,116.350
279.200,171.219,68.907,116.350
276.669,171.581,68.907,116.350
273.414,174.113,68.907,116.350
273.102,177.096,67.437,113.869
271.433,177.287,65.999,111.441
270.394,180.405,65.999,111.441
267.276,181.444,65.999,111.441
264.749,179.852,67.459,113.906
263.687,183.746,67.459,113.906
262.700,184.620,66.021,111.477
260.967,187.045,66.021,111.477
259.235,189.471,66.021,111.477
258.145,189.316,67.481,113.944
259.971,191.363,68.974,116.465
257.565,192.256,67.503,113.981
257.211,194.736,67.503,113.981
256.223,196.293,66.064,111.551
255.183,198.027,66.064,111.551
254.216,201.556,64.655,109.172
254.579,205.664,63.276,106.844
252.372,205.202,61.927,104.565
255.298,210.728,61.927,104.565
254.323,213.654,61.927,104.565
255.948,217.879,61.927,104.565
253.672,219.504,61.927,104.565
251.513,218.426,60.606,102.335
253.104,221.289,60.606,102.335
250.990,219.008,59.314,100.153
248.922,217.975,58.049,98.017
247.485,216.377,56.811,95.927
245.994,213.097,56.811,95.927
244.504,209.221,56.811,95.927
242.947,204.137,58.068,98.049
243.253,196.412,59.353,100.219
241.696,189.247,59.353,100.219
243.229,182.809,58.087,98.081
242.315,172.138,58.087,98.081
244.403,162.898,56.848,95.990
241.718,152.455,56.848,95.990
237.839,142.608,56.848,95.990
241.234,136.283,58.106,98.114
242.149,126.219,58.106,98.114
245.504,121.644,58.106,98.114
249.469,117.069,58.106,98.114
252.824,111.884,58.106,98.114
256.179,108.530,58.106,98.114
259.534,105.785,58.106,98.114
264.108,104.260,58.106,98.114
268.073,103.955,58.106,98.114
272.038,101.820,58.106,98.114
275.509,103.582,59.392,100.284
279.056,99.562,60.706,102.503
283.344,102.726,62.049,104.771
287.726,103.932,63.422,107.089
292.719,108.259,63.422,107.089
297.046,112.587,63.422,107.089
295.309,117.274,64.825,109.458
292.826,122.770,66.259,111.880
288.124,129.110,67.725,114.355
283.318,137.065,69.224,116.886
279.160,145.950,70.755,119.472
274.332,154.491,70.755,119.472
268.018,165.261,70.755,119.472
260.220,180.488,70.755,119.472
252.887,197.276,72.321,122.115
242.241,207.346,73.921,124.817
231.359,215.224,75.556,127.578
222.238,221.172,75.556,127.578
214.703,227.121,75.556,127.578
208.754,232.276,75.556,127.578
201.219,227.121,75.556,127.578
194.762,223.512,73.945,124.858
190.493,220.019,73.945,124.858
185.448,215.750,73.945,124.858
183.507,209.928,73.945,124.858
185.418,203.403,72.368,122.195
185.797,193.907,72.368,122.195
187.697,184.411,72.368,122.195
190.356,173.395,72.368,122.195
193.774,160.861,72.368,122.195
195.673,155.163,72.368,122.195
199.092,150.225,72.368,122.195
205.549,146.806,72.368,122.195
213.526,142.628,72.368,122.195
219.224,137.690,72.368,122.195
223.402,131.992,72.368,122.195
229.860,128.574,72.368,122.195
238.123,130.769,73.969,124.899
249.792,133.818,75.606,127.662
262.542,136.935,77.278,130.487
273.494,140.585,77.278,130.487
286.068,145.047,77.278,130.487
297.020,151.131,77.278,130.487
310.405,157.216,77.278,130.487
327.847,163.300,77.278,130.487
347.722,166.950,77.278,130.487
359.071,166.769,78.988,133.374
368.607,167.184,78.988,133.374
378.972,166.769,78.988,133.374
390.995,165.526,78.988,133.374
401.360,163.453,78.988,133.374
410.066,162.209,78.988,133.374
416.285,161.794,78.988,133.374
422.322,160.419,77.304,130.529
425.163,156.767,77.304,130.529
427.160,151.511,75.655,127.746
423.586,143.966,75.655,127.746
419.218,138.803,75.655,127.746
414.850,135.230,75.655,127.746
409.688,131.656,75.655,127.746
402.937,128.082,75.655,127.746
391.421,124.508,75.655,127.746
374.346,120.934,75.655,127.746
362.385,116.637,77.329,130.572
347.633,112.245,79.040,133.461
316.518,114.319,79.040,133.461
282.501,108.969,80.789,136.414
258.331,102.608,80.789,136.414
227.376,101.336,80.789,136.414
201.405,104.666,82.576,139.432
170.363,113.466,84.403,142.517
143.339,122.770,84.403,142.517
110.113,121.441,84.403,142.517
88.405,116.568,84.403,142.517
56.951,119.669,84.403,142.517
35.334,121.310,86.271,145.670
11.335,117.234,86.271,145.670
-9.042,110.442,86.271,145.670
-17.646,104.555,86.271,145.670
-22.627,98.669,86.271,145.670
-26.702,91.876,86.271,145.670
-24.438,85.084,86.271,145.670
-23.985,79.197,86.271,145.670
-19.910,73.311,86.271,145.670
-15.834,67.424,86.271,145.670
-7.231,58.821,86.271,145.670
4.090,50.217,86.271,145.670
28.141,45.224,84.431,142.564
45.425,42.122,84.431,142.564
55.617,37.247,84.431,142.564
71.128,39.463,84.431,142.564
83.980,31.929,84.431,142.564
100.684,20.207,82.630,139.523
111.527,11.967,82.630,139.523
130.177,12.401,82.630,139.523
151.541,7.618,80.868,136.548
171.632,11.119,79.144,133.636
192.896,14.546,77.456,130.786
207.939,16.579,77.456,130.786
214.850,17.799,77.456,130.786
222.574,18.205,77.456,130.786
232.738,20.238,77.456,130.786
244.528,23.084,77.456,130.786
253.066,28.369,77.456,130.786
262.416,36.093,77.456,130.786
270.141,43.005,77.456,130.786
276.239,49.103,77.456,130.786
280.711,56.828,77.456,130.786
285.064,66.451,75.804,127.997
287.849,76.398,75.804,127.997
289.043,85.549,75.804,127.997
287.849,94.701,75.804,127.997
286.655,104.648,75.804,127.997
283.870,116.186,75.804,127.997
283.472,126.133,75.804,127.997
282.279,132.897,75.804,127.997
279.493,139.661,75.804,127.997
279.096,145.629,75.804,127.997
277.106,153.189,75.804,127.997
276.764,161.840,74.188,125.268
279.432,170.307,72.606,122.596
279.813,177.548,72.606,122.596
280.194,184.789,72.606,122.596
282.804,191.606,71.057,119.982
284.669,197.200,71.057,119.982
282.911,198.839,69.542,117.423
287.522,204.665,68.059,114.919
288.592,204.857,66.608,112.469
291.039,203.109,66.608,112.469
293.434,201.949,65.187,110.070
295.830,198.870,65.187,110.070
298.225,195.106,65.187,110.070
299.988,190.694,66.629,112.505
303.136,188.246,66.629,112.505
305.584,185.798,66.629,112.505
309.431,184.049,66.629,112.505
312.578,184.399,66.629,112.505
313.656,182.066,68.104,114.995
309.564,179.681,69.610,117.539
307.657,180.276,71.151,120.139
304.158,180.884,72.725,122.797
303.749,183.090,74.334,125.514
299.284,183.726,75.978,128.291
296.375,185.203,77.659,131.130
290.863,187.558,79.378,134.031
286.280,191.308,79.378,134.031
280.031,188.391,79.378,134.031
272.948,189.641,79.378,134.031
264.722,191.184,81.134,136.997
254.075,193.314,81.134,136.997
243.016,194.891,82.929,140.028
231.711,192.890,84.764,143.126
220.589,192.445,84.764,143.126
210.356,192.000,84.764,143.126
191.225,192.445,84.764,143.126
180.102,198.229,84.764,143.126
172.539,200.454,84.764,143.126
163.196,205.348,84.764,143.126
156.522,207.572,84.764,143.126
151.628,208.907,84.764,143.126
146.734,209.352,84.764,143.126
142.730,208.907,84.764,143.126
136.715,210.555,86.639,146.292
134.570,214.306,84.792,143.173
133.235,222.762,84.792,143.173
131.900,232.108,84.792,143.173
135.015,238.784,84.792,143.173
137.241,243.680,84.792,143.173
139.466,248.575,84.792,143.173
142.581,253.471,84.792,143.173
145.697,257.476,84.792,143.173
148.812,259.702,84.792,143.173
151.037,261.927,84.792,143.173
154.153,261.482,84.792,143.173
154.598,263.707,84.792,143.173
157.713,264.152,84.792,143.173
159.938,261.927,84.792,143.173
163.054,260.592,84.792,143.173
165.279,259.257,84.792,143.173
167.504,256.141,84.792,143.173
172.269,258.097,82.983,140.119
174.447,257.661,82.983,140.119
179.950,260.415,81.214,137.131
184.639,261.694,81.214,137.131
190.180,259.562,81.214,137.131
199.132,257.431,81.214,137.131
208.084,257.005,81.214,137.131
215.330,254.873,81.214,137.131
223.430,251.889,81.214,137.131
230.934,248.161,83.011,140.165
237.470,245.111,83.011,140.165
247.491,242.932,83.011,140.165
263.612,245.111,83.011,140.165
272.762,245.547,83.011,140.165
291.705,249.981,81.240,137.176
301.513,250.407,81.240,137.176
312.173,251.687,81.240,137.176
329.656,250.407,81.240,137.176
353.962,251.687,81.240,137.176
366.328,249.555,81.240,137.176
378.694,246.570,81.240,137.176
389.354,243.585,81.240,137.176
400.014,242.305,81.240,137.176
411.527,234.204,81.240,137.176
428.423,227.857,79.508,134.251
442.544,224.864,77.812,131.388
450.853,225.084,76.153,128.586
456.849,227.083,76.153,128.586
462.845,225.084,76.153,128.586
470.206,224.529,74.529,125.844
470.597,220.226,74.529,125.844
471.771,215.923,74.529,125.844
472.189,208.592,72.940,123.160
473.337,195.959,72.940,123.160
470.794,185.833,71.384,120.534
465.174,171.220,71.384,120.534
452.060,156.607,71.384,120.534
441.943,140.496,71.384,120.534
429.579,122.137,71.384,120.534
414.406,100.978,72.964,123.201
400.236,86.042,72.964,123.201
383.003,71.872,72.964,123.201
362.705,57.702,72.964,123.201
343.940,50.426,72.964,123.201
324.458,35.951,74.578,125.927
294.798,25.217,76.228,128.713
276.793,20.816,76.228,128.713
255.610,19.807,77.914,131.560
233.957,22.170,79.638,134.471
213.561,32.392,81.400,137.446
189.167,32.202,83.201,140.487
167.858,36.538,85.042,143.596
145.986,45.019,85.042,143.596
133.041,53.500,85.042,143.596
127.238,68.230,85.042,143.596
123.412,86.540,83.229,140.533
120.510,106.144,81.454,137.537
122.714,124.583,83.256,140.580
122.277,134.634,83.256,140.580
124.462,144.685,83.256,140.580
128.395,152.988,83.256,140.580
135.181,160.047,85.098,143.690
145.455,168.533,85.098,143.690
153.941,178.806,85.098,143.690
162.428,182.826,85.098,143.690
169.128,187.740,85.098,143.690
177.614,190.866,85.098,143.690
185.840,197.134,83.283,140.626
205.689,203.268,81.507,137.627
217.240,202.840,81.507,137.627
226.768,208.019,79.769,134.692
237.235,209.275,79.769,134.692
250.215,207.182,79.769,134.692
263.194,205.088,79.769,134.692
272.824,205.507,79.769,134.692
283.291,204.251,79.769,134.692
292.921,202.157,79.769,134.692
302.551,200.901,79.769,134.692
310.506,199.645,79.769,134.692
325.160,199.227,79.769,134.692
337.302,195.458,79.769,134.692
346.095,192.527,79.769,134.692
350.860,187.128,81.534,137.672
353.855,184.132,81.534,137.672
353.427,181.137,81.534,137.672
349.576,177.285,81.534,137.672
349.148,173.433,81.534,137.672
346.305,172.839,79.795,134.736
340.022,170.745,79.795,134.736
325.129,170.970,78.093,131.863
316.085,171.191,76.428,129.051
307.661,168.383,76.428,129.051
300.039,166.377,76.428,129.051
294.280,165.820,74.798,126.299
287.606,162.287,74.798,126.299
280.147,157.968,74.798,126.299
274.258,153.649,74.798,126.299
269.939,148.546,74.798,126.299
265.817,145.730,73.203,123.605
259.028,139.180,74.823,126.340
253.137,134.075,74.823,126.340
246.461,128.969,74.823,126.340
238.999,123.078,74.823,126.340
232.323,117.187,74.823,126.340
225.646,112.082,74.823,126.340
220.541,108.547,74.823,126.340
216.221,105.013,74.823,126.340
212.097,104.467,73.227,123.646
205.563,101.777,73.227,123.646
198.261,96.011,73.227,123.646
186.684,92.650,74.847,126.381
176.862,89.900,74.847,126.381
166.255,84.007,74.847,126.381
156.434,81.257,74.847,126.381
147.398,82.435,74.847,126.381
136.791,80.471,74.847,126.381
119.898,79.292,74.847,126.381
114.259,84.805,73.251,123.686
107.723,90.572,73.251,123.686
100.418,96.340,73.251,123.686
91.575,101.338,73.251,123.686
77.601,101.166,74.872,126.423
67.776,107.061,74.872,126.423
56.379,111.384,74.872,126.423
48.127,115.707,74.872,126.423
40.660,120.030,74.872,126.423
33.193,124.352,74.872,126.423
27.298,129.461,74.872,126.423
22.415,134.976,73.275,123.727
16.646,138.437,73.275,123.727
10.877,142.668,73.275,123.727
6.646,146.129,73.275,123.727
3.954,151.899,73.275,123.727
5.138,160.506,74.896,126.464
9.463,170.333,74.896,126.464
14.573,177.803,74.896,126.464
18.897,182.913,74.896,126.464
22.435,186.451,74.896,126.464
26.760,189.989,74.896,126.464
30.968,193.232,73.299,123.767
33.604,193.439,71.736,121.128
36.909,195.094,70.206,118.545
36.541,197.673,70.206,118.545
37.646,196.568,70.206,118.545
38.015,199.147,70.206,118.545
40.594,198.779,70.206,118.545
39.489,199.884,70.206,118.545
40.594,198.779,70.206,118.545
41.700,200.621,70.206,118.545
42.068,197.305,70.206,118.545
43.174,199.884,70.206,118.545
42.068,198.779,70.206,118.545
43.174,201.358,70.206,118.545
42.068,198.042,70.206,118.545
42.462,202.503,68.709,116.017
41.380,202.863,68.709,116.017
41.019,203.945,68.709,116.017
41.380,202.863,68.709,116.017
39.577,204.666,68.709,116.017
39.937,204.306,68.709,116.017
38.855,205.388,68.709,116.017
38.495,205.748,68.709,116.017
35.970,207.551,68.709,116.017
37.774,204.306,68.709,116.017
35.249,206.830,68.709,116.017
35.610,203.584,68.709,116.017
34.528,204.666,68.709,116.017
35.610,202.863,68.709,116.017
33.085,204.666,68.709,116.017
34.888,202.863,68.709,116.017
31.643,204.666,68.709,116.017
34.167,201.421,68.709,116.017
30.200,205.388,68.709,116.017
33.446,201.421,68.709,116.017
29.479,204.666,68.709,116.017
24.069,207.912,68.709,116.017
29.479,203.224,68.709,116.017
24.069,207.191,68.709,116.017
29.479,202.502,68.709,116.017
24.790,205.027,68.709,116.017
29.479,201.060,68.709,116.017
28.397,201.421,68.709,116.017
30.921,199.617,68.709,116.017
29.118,201.421,68.709,116.017
31.643,200.339,68.709,116.017
30.561,201.421,68.709,116.017
33.085,199.617,68.709,116.017
32.003,200.699,68.709,116.017
33.806,198.896,68.709,116.017
32.725,200.699,68.709,116.017
34.528,198.896,68.709,116.017
34.888,199.257,68.709,116.017
35.970,198.896,68.709,116.017
36.331,197.814,68.709,116.017
35.970,198.175,68.709,116.017
37.774,197.814,68.709,116.017
38.134,197.453,68.709,116.017
39.216,197.093,68.709,116.017
38.134,196.732,68.709,116.017
39.216,195.650,68.709,116.017
38.855,195.290,68.709,116.017
39.216,194.929,68.709,116.017
38.134,193.847,68.709,116.017
39.216,193.486,68.709,116.017
38.134,192.404,68.709,116.017
38.497,194.489,70.229,118.584
37.391,190.434,70.229,118.584
37.761,192.564,71.783,121.208
36.631,188.419,71.783,121.208
36.254,185.028,71.783,121.208
38.138,186.159,71.783,121.208
37.008,185.028,71.783,121.208
37.384,185.405,71.783,121.208
36.981,182.892,73.371,123.889
36.596,184.047,73.371,123.889
36.983,183.076,74.995,126.630
36.589,182.682,74.995,126.630
36.196,182.289,74.995,126.630
35.802,182.682,74.995,126.630
36.983,182.289,74.995,126.630
35.802,181.895,74.995,126.630
36.983,181.501,74.995,126.630
35.802,181.108,74.995,126.630
36.222,182.079,73.395,123.930
37.378,181.693,73.395,123.930
36.993,182.079,73.395,123.930
38.149,180.152,73.395,123.930
39.304,178.997,73.395,123.930
38.149,180.152,73.395,123.930
40.845,178.997,73.395,123.930
39.689,180.152,73.395,123.930
40.845,178.997,73.395,123.930
41.256,183.660,71.830,121.287
40.932,189.677,70.298,118.701
43.515,192.260,70.298,118.701
43.909,194.593,68.799,116.169
44.991,194.787,67.332,113.692
46.758,193.727,67.332,113.692
49.232,194.080,67.332,113.692
49.609,195.633,65.896,111.267
47.879,193.904,65.896,111.267
44.915,193.423,64.491,108.895
41.361,196.868,63.116,106.572
39.799,197.047,61.770,104.300
39.475,197.371,61.770,104.300
38.571,200.671,60.452,102.075
38.910,203.288,59.163,99.899
41.083,202.357,59.163,99.899
42.015,202.667,59.163,99.899
42.326,202.978,59.163,99.899
43.257,203.288,59.163,99.899
43.568,202.357,59.163,99.899
43.257,203.288,59.163,99.899
44.810,202.357,59.163,99.899
43.257,203.288,59.163,99.899
44.810,202.357,59.163,99.899
43.257,203.288,59.163,99.899
44.810,202.357,59.163,99.899
43.257,203.909,59.163,99.899
44.189,202.978,59.163,99.899
44.499,203.909,59.163,99.899
42.947,203.599,59.163,99.899
43.878,202.667,59.163,99.899
43.568,204.220,59.163,99.899
43.878,202.667,59.163,99.899
43.568,203.599,59.163,99.899
43.878,202.667,59.163,99.899
43.568,203.599,59.163,99.899
43.878,202.667,59.163,99.899
43.568,203.599,59.163,99.899
43.878,202.667,59.163,99.899
44.189,203.599,59.163,99.899
44.499,202.667,59.163,99.899
42.947,203.599,59.163,99.899
43.878,202.667,59.163,99.899
43.568,203.599,59.163,99.899
43.878,202.667,59.163,99.899
43.568,203.599,59.163,99.899
43.878,202.667,59.163,99.899
44.189,203.599,59.163,99.899
44.499,202.667,59.163,99.899
42.947,203.599,59.163,99.899
44.499,202.667,59.163,99.899
42.947,203.599,59.163,99.899
43.878,202.667,59.163,99.899
43.568,203.599,59.163,99.899
43.257,202.667,59.163,99.899
44.189,203.599,59.163,99.899
43.878,202.667,59.163,99.899
43.568,203.599,59.163,99.899
43.878,202.667,59.163,99.899
43.568,203.599,59.163,99.899
43.257,202.667,59.163,99.899
44.189,203.599,59.163,99.899
43.878,202.667,59.163,99.899
42.947,203.599,59.163,99.899
43.878,202.667,59.163,99.899
43.568,203.599,59.163,99.899
43.257,202.667,59.163,99.899
43.568,203.599,59.163,99.899
43.257,202.667,59.163,99.899
44.189,202.978,59.163,99.899
43.878,203.909,59.163,99.899
43.568,202.978,59.163,99.899
43.257,203.909,59.163,99.899
44.189,202.978,59.163,99.899
43.878,203.909,59.163,99.899
43.568,202.978,59.163,99.899
42.636,203.909,59.163,99.899
43.568,202.978,59.163,99.899
43.257,203.909,59.163,99.899
44.189,202.978,59.163,99.899
43.257,203.909,59.163,99.899
44.189,202.978,59.163,99.899
43.257,203.909,59.163,99.899
44.189,202.978,59.163,99.899
43.257,203.909,59.163,99.899
44.189,202.978,59.163,99.899
43.257,203.909,59.163,99.899
44.189,202.978,59.163,99.899
43.878,203.909,59.163,99.899
43.568,202.978,59.163,99.899
43.257,203.909,59.163,99.899
44.189,202.978,59.163,99.899
43.878,203.909,59.163,99.899
43.568,202.978,59.163,99.899
42.636,203.909,59.163,99.899
43.568,202.978,59.163,99.899
42.636,203.909,59.163,99.899
43.568,202.978,59.163,99.899
42.636,203.909,59.163,99.899
43.568,202.978,59.163,99.899
42.636,203.909,59.163,99.899
43.568,202.978,59.163,99.899
42.636,203.909,59.163,99.899
43.568,202.978,59.163,99.899
42.636,204.530,59.163,99.899
43.568,202.978,59.163,99.899
42.636,203.909,59.163,99.899
43.568,202.978,59.163,99.899
42.636,203.909,59.163,99.899
43.568,202.978,59.163,99.899
42.636,203.909,59.163,99.899
43.568,202.978,59.163,99.899
43.257,203.909,59.163,99.899
44.189,202.978,59.163,99.899
43.257,203.909,59.163,99.899
44.189,202.978,59.163,99.899
43.257,203.909,59.163,99.899
44.189,202.978,59.163,99.899
43.257,203.909,59.163,99.899
44.189,202.978,59.163,99.899
43.878,203.909,59.163,99.899
43.568,202.978,59.163,99.899
42.636,203.909,59.163,99.899
43.568,202.978,59.163,99.899
43.257,203.909,59.163,99.899
44.189,202.978,59.163,99.899
43.257,203.909,59.163,99.899
44.189,202.978,59.163,99.899
43.257,203.909,59.163,99.899
44.189,202.978,59.163,99.899
43.878,203.909,59.163,99.899
43.568,202.978,59.163,99.899
43.257,203.909,59.163,99.899
44.189,202.978,59.163,99.899
43.878,203.909,59.163,99.899
43.568,202.978,59.163,99.899
42.636,203.909,59.163,99.899
43.568,202.978,59.163,99.899
43.257,203.909,59.163,99.899
44.189,202.978,59.163,99.899
43.257,203.909,59.163,99.899
44.189,202.978,59.163,99.899
43.878,203.909,59.163,99.899
43.568,202.978,59.163,99.899
42.636,203.909,59.163,99.899
43.568,202.978,59.163,99.899
42.636,204.530,59.163,99.899
43.568,202.978,59.163,99.899
42.636,204.530,59.163,99.899
43.568,202.978,59.163,99.899
42.636,204.530,59.163,99.899
43.568,202.978,59.163,99.899
42.636,204.530,59.163,99.899
43.568,202.978,59.163,99.899
43.257,203.909,59.163,99.899
44.189,202.978,59.163,99.899
43.257,204.530,59.163,99.899
44.189,202.978,59.163,99.899
43.257,204.530,59.163,99.899
44.189,202.978,59.163,99.899
43.257,204.530,59.163,99.899
44.189,202.978,59.163,99.899
43.878,203.909,59.163,99.899
43.568,202.978,59.163,99.899
43.257,204.530,59.163,99.899
44.189,202.978,59.163,99.899
43.257,204.530,59.163,99.899
44.189,202.978,59.163,99.899
43.257,204.530,59.163,99.899
44.189,202.978,59.163,99.899
43.257,204.530,59.163,99.899
44.189,202.978,59.163,99.899
43.878,204.530,59.163,99.899
43.568,202.978,59.163,99.899
42.636,204.530,59.163,99.899
43.568,202.978,59.163,99.899
42.636,204.530,59.163,99.899
43.568,202.978,59.163,99.899
42.636,204.530,59.163,99.899
43.568,202.978,59.163,99.899
43.257,203.909,59.163,99.899
44.189,202.978,59.163,99.899
43.878,203.909,59.163,99.899
43.568,202.978,59.163,99.899
43.257,203.909,59.163,99.899
44.189,202.978,59.163,99.899
43.257,203.909,59.163,99.899
44.189,202.978,59.163,99.899
43.878,203.909,59.163,99.899
43.568,202.978,59.163,99.899
43.257,203.909,59.163,99.899
44.189,202.978,59.163,99.899
43.878,203.909,59.163,99.899
43.568,202.978,59.163,99.899
43.257,203.909,59.163,99.899
44.810,202.978,59.163,99.899
43.257,203.909,59.163,99.899
44.189,202.978,59.163,99.899
43.257,203.909,59.163,99.899
44.189,202.978,59.163,99.899
43.878,203.909,59.163,99.899
43.568,202.978,59.163,99.899
43.257,203.909,59.163,99.899
44.189,202.978,59.163,99.899
43.878,203.909,59.163,99.899
43.568,202.978,59.163,99.899
42.636,203.909,59.163,99.899
43.568,202.978,59.163,99.899
43.257,203.909,59.163,99.899
44.189,202.978,59.163,99.899
43.878,203.909,59.163,99.899
43.568,202.978,59.163,99.899
42.636,203.909,59.163,99.899
43.568,202.978,59.163,99.899
43.257,203.909,59.163,99.899
44.189,202.978,59.163,99.899
43.257,203.909,59.163,99.899
44.189,202.978,59.163,99.899
43.257,203.909,59.163,99.899
44.189,202.978,59.163,99.899
43.878,203.288,59.163,99.899
43.568,202.357,59.163,99.899
42.636,203.288,59.163,99.899
43.568,202.357,59.163,99.899
42.636,203.288,59.163,99.899
43.568,202.357,59.163,99.899
42.636,203.288,59.163,99.899
43.568,202.357,59.163,99.899
43.257,202.667,59.163,99.899
44.189,202.978,59.163,99.899
43.257,203.909,59.163,99.899
44.189,202.978,59.163,99.899
43.257,203.909,59.163,99.899
44.189,202.978,59.163,99.899
43.257,203.909,59.163,99.899
44.189,202.978,59.163,99.899
43.257,203.909,59.163,99.899
44.189,202.978,59.163,99.899
43.257,203.909,59.163,99.899
44.189,202.978,59.163,99.899
43.878,203.288,59.163,99.899
43.568,202.357,59.163,99.899
43.257,202.667,59.163,99.899
44.189,202.357,59.163,99.899
43.878,202.667,59.163,99.899
43.568,202.978,59.163,99.899
43.257,203.288,59.163,99.899
44.810,201.735,59.163,99.899
42.636,203.909,59.163,99.899
43.568,202.357,59.163,99.899
43.257,202.667,59.163,99.899
44.189,202.357,59.163,99.899
43.878,202.667,59.163,99.899
43.568,202.978,59.163,99.899
43.257,202.667,59.163,99.899
44.189,202.978,59.163,99.899
43.878,203.288,59.163,99.899
43.568,202.357,59.163,99.899
42.636,202.667,59.163,99.899
43.568,202.357,59.163,99.899
43.257,202.667,59.163,99.899
44.189,202.978,59.163,99.899
43.878,203.288,59.163,99.899
44.189,201.735,59.163,99.899
43.257,203.909,59.163,99.899
44.189,202.357,59.163,99.899
43.878,202.667,59.163,99.899
43.568,202.978,59.163,99.899
43.257,203.288,59.163,99.899
44.189,201.735,59.163,99.899
43.257,203.909,59.163,99.899
44.189,202.978,59.163,99.899
43.878,203.288,59.163,99.899
44.189,201.735,59.163,99.899
43.257,203.909,59.163,99.899
44.189,202.357,59.163,99.899
43.878,202.667,59.163,99.899
43.568,202.978,59.163,99.899
43.257,203.288,59.163,99.899
44.189,201.735,59.163,99.899
43.257,203.909,59.163,99.899
44.189,202.357,59.163,99.899
43.878,202.667,59.163,99.899
42.946,203.599,59.163,99.899
43.878,202.667,59.163,99.899
43.568,202.978,59.163,99.899
42.636,203.909,59.163,99.899
43.568,202.978,59.163,99.899
43.257,203.288,59.163,99.899
44.189,202.357,59.163,99.899
43.878,202.667,59.163,99.899
43.568,202.978,59.163,99.899
42.636,203.909,59.163,99.899
43.568,202.978,59.163,99.899
43.257,203.288,59.163,99.899
44.189,202.357,59.163,99.899
43.878,202.667,59.163,99.899
43.568,203.599,59.163,99.899
43.257,202.667,59.163,99.899
44.189,202.978,59.163,99.899
43.878,203.909,59.163,99.899
44.189,202.978,59.163,99.899
43.878,203.909,59.163,99.899
43.568,202.978,59.163,99.899
43.257,203.909,59.163,99.899
44.189,202.978,59.163,99.899
43.257,203.909,59.163,99.899
44.189,202.978,59.163,99.899
43.257,203.909,59.163,99.899
44.189,202.978,59.163,99.899
43.257,203.909,59.163,99.899
44.189,202.978,59.163,99.899
43.257,203.909,59.163,99.899
44.189,202.978,59.163,99.899
43.257,203.909,59.163,99.899
44.189,202.357,59.163,99.899
43.257,202.667,59.163,99.899
43.568,202.978,59.163,99.899
42.636,203.288,59.163,99.899
42.946,201.735,59.163,99.899
42.636,203.909,59.163,99.899
42.946,202.978,59.163,99.899
43.257,203.288,59.163,99.899
44.189,202.356,59.163,99.899
43.257,202.667,59.163,99.899
43.568,202.978,59.163,99.899
42.636,203.909,59.163,99.899
42.946,202.978,59.163,99.899
43.257,203.288,59.163,99.899
44.189,202.356,59.163,99.899
43.257,202.667,59.163,99.899
43.568,202.978,59.163,99.899
42.636,203.288,59.163,99.899
43.568,202.356,59.163,99.899
42.636,202.667,59.163,99.899
42.946,202.978,59.163,99.899
43.257,203.288,59.163,99.899
44.189,202.356,59.163,99.899
43.257,203.288,59.163,99.899
44.189,202.356,59.163,99.899
43.257,203.288,59.163,99.899
44.189,202.356,59.163,99.899
43.257,203.288,59.163,99.899
44.189,202.356,59.163,99.899
43.257,203.288,59.163,99.899
44.189,202.356,59.163,99.899
43.257,202.667,59.163,99.899
43.568,203.599,59.163,99.899
42.636,202.667,59.163,99.899
42.946,202.978,59.163,99.899
43.257,203.909,59.163,99.899
43.568,202.978,59.163,99.899
42.636,203.909,59.163,99.899
43.568,202.978,59.163,99.899
42.636,203.909,59.163,99.899
43.568,202.978,59.163,99.899
42.636,203.909,59.163,99.899
43.568,202.978,59.163,99.899
42.636,203.909,59.163,99.899
43.568,202.978,59.163,99.899
42.636,203.909,59.163,99.899
43.568,202.978,59.163,99.899
42.636,203.909,59.163,99.899
43.568,202.978,59.163,99.899
42.636,203.909,59.163,99.899
43.568,202.978,59.163,99.899
42.636,203.909,59.163,99.899
43.568,202.978,59.163,99.899
42.636,203.909,59.163,99.899
43.568,202.978,59.163,99.899
42.636,203.909,59.163,99.899
43.568,202.978,59.163,99.899
42.636,203.909,59.163,99.899
43.568,202.978,59.163,99.899
42.636,203.909,59.163,99.899
43.568,202.978,59.163,99.899
42.636,203.288,59.163,99.899
43.568,202.356,59.163,99.899
42.636,203.288,59.163,99.899
43.568,202.356,59.163,99.899
42.636,203.288,59.163,99.899
43.568,202.356,59.163,99.899
42.636,203.288,59.163,99.899
43.568,202.356,59.163,99.899
42.636,203.288,59.163,99.899
43.568,202.356,59.163,99.899
42.636,203.909,59.163,99.899
43.568,202.977,59.163,99.899
42.636,204.530,59.163,99.899
43.568,202.977,59.163,99.899
42.636,203.909,59.163,99.899
43.568,202.977,59.163,99.899
42.636,203.909,59.163,99.899
43.568,202.977,59.163,99.899
42.636,203.909,59.163,99.899
43.568,202.977,59.163,99.899
42.636,203.909,59.163,99.899
43.568,202.977,59.163,99.899
42.636,203.909,59.163,99.899
43.568,202.977,59.163,99.899
42.636,203.909,59.163,99.899
43.568,202.977,59.163,99.899
42.636,203.909,59.163,99.899
43.568,202.977,59.163,99.899
42.636,203.909,59.163,99.899
43.568,202.977,59.163,99.899
42.636,203.909,59.163,99.899
43.568,202.977,59.163,99.899
43.257,203.909,59.163,99.899
44.189,202.977,59.163,99.899
43.257,203.909,59.163,99.899
44.189,202.977,59.163,99.899
43.878,203.909,59.163,99.899
43.568,202.977,59.163,99.899
43.257,203.909,59.163,99.899
44.189,202.977,59.163,99.899
43.878,203.909,59.163,99.899
43.568,202.977,59.163,99.899
43.257,203.909,59.163,99.899
44.189,202.977,59.163,99.899
43.878,203.909,59.163,99.899
44.189,202.977,59.163,99.899
43.878,203.909,59.163,99.899
44.189,202.977,59.163,99.899
43.878,203.909,59.163,99.899
44.189,202.977,59.163,99.899
43.878,203.909,59.163,99.899
44.189,202.977,59.163,99.899
43.878,204.530,59.163,99.899
43.568,202.977,59.163,99.899
43.257,203.909,59.163,99.899
44.189,202.977,59.163,99.899
43.878,203.909,59.163,99.899
44.189,202.977,59.163,99.899
43.878,203.909,59.163,99.899
44.189,202.977,59.163,99.899
43.878,203.909,59.163,99.899
43.568,202.977,59.163,99.899
43.257,203.909,59.163,99.899
44.189,202.977,59.163,99.899
43.878,204.530,59.163,99.899
44.189,202.977,59.163,99.899
43.878,204.530,59.163,99.899
44.189,202.977,59.163,99.899
43.878,204.530,59.163,99.899
44.189,202.977,59.163,99.899
43.878,204.530,59.163,99.899
44.189,202.977,59.163,99.899
43.257,205.772,59.163,99.899
44.189,204.220,59.163,99.899
