76.000,79.000,64.000,52.000
76.684,77.860,64.000,52.000
75.544,79.456,64.000,52.000
75.772,78.772,64.000,52.000
75.544,79.000,64.000,52.000
75.316,78.316,64.000,52.000
74.632,78.544,64.000,52.000
75.316,78.772,64.000,52.000
74.176,79.000,64.000,52.000
73.948,76.948,64.000,52.000
75.088,78.544,64.000,52.000
73.492,78.316,64.000,52.000
74.632,77.176,64.000,52.000
73.948,77.404,64.000,52.000
75.088,77.176,64.000,52.000
73.035,76.492,64.000,52.000
73.720,77.176,64.000,52.000
74.404,76.492,64.000,52.000
73.720,76.264,64.000,52.000
74.860,76.492,64.000,52.000
74.176,76.720,64.000,52.000
73.035,77.404,64.000,52.000
73.720,76.720,64.000,52.000
74.860,76.492,64.000,52.000
74.176,77.176,64.000,52.000
73.492,76.492,64.000,52.000
74.176,77.176,64.000,52.000
73.948,77.404,64.000,52.000
74.632,78.088,64.000,52.000
74.404,76.948,64.000,52.000
73.720,77.632,64.000,52.000
74.860,78.316,64.000,52.000
74.632,77.632,64.000,52.000
73.948,78.772,64.000,52.000
75.088,79.456,64.000,52.000
73.948,78.316,64.000,52.000
75.088,78.544,64.000,52.000
73.948,78.316,64.000,52.000
75.544,78.088,64.000,52.000
74.404,77.860,64.000,52.000
74.632,78.088,64.000,52.000
74.860,77.404,64.000,52.000
75.544,77.176,64.000,52.000
74.404,77.404,64.000,52.000
75.088,77.176,64.000,52.000
73.948,76.492,64.000,52.000
75.544,77.176,64.000,52.000
74.404,76.492,64.000,52.000
75.544,76.720,64.000,52.000
74.860,76.492,64.000,52.000
76.000,76.264,64.000,52.000
76.228,76.492,64.000,52.000
74.632,76.720,64.000,52.000
75.772,76.492,64.000,52.000
74.632,76.720,64.000,52.000
75.316,76.948,64.000,52.000
74.632,77.632,64.000,52.000
75.316,77.860,64.000,52.000
75.088,77.176,64.000,52.000
74.860,76.035,64.000,52.000
75.544,75.807,64.000,52.000
75.127,77.021,62.635,50.891
77.582,76.352,62.635,50.891
75.574,76.129,62.635,50.891
76.243,76.798,62.635,50.891
76.913,76.575,62.635,50.891
74.904,77.691,62.635,50.891
72.449,77.468,62.635,50.891
74.193,77.795,61.299,49.806
73.101,78.450,61.299,49.806
73.756,76.921,61.299,49.806
71.790,77.140,61.299,49.806
73.319,74.737,61.299,49.806
72.227,76.266,61.299,49.806
73.512,75.324,59.992,48.744
71.161,77.247,59.992,48.744
72.229,74.896,59.992,48.744
73.899,76.858,58.713,47.704
73.272,77.904,58.713,47.704
73.899,76.858,58.713,47.704
72.016,78.323,58.713,47.704
72.226,75.603,58.713,47.704
70.343,77.067,58.713,47.704
70.552,79.369,58.713,47.704
74.527,76.649,58.713,47.704
74.318,77.277,58.713,47.704
74.109,75.812,58.713,47.704
75.991,76.440,58.713,47.704
77.037,77.067,58.713,47.704
75.573,76.021,58.713,47.704
73.690,77.067,58.713,47.704
72.226,77.695,58.713,47.704
73.690,77.904,58.713,47.704
72.226,78.532,58.713,47.704
73.860,79.242,57.461,46.687
72.836,79.447,57.461,46.687
73.450,79.242,57.461,46.687
72.836,79.447,57.461,46.687
73.450,79.242,57.461,46.687
72.836,77.809,57.461,46.687
73.041,78.014,57.461,46.687
73.655,77.399,57.461,46.687
72.631,77.604,57.461,46.687
72.836,77.399,57.461,46.687
73.041,77.195,57.461,46.687
73.655,76.990,57.461,46.687
72.631,76.376,57.461,46.687
72.836,76.171,57.461,46.687
73.041,75.966,57.461,46.687
72.836,76.171,57.461,46.687
72.631,76.376,57.461,46.687
72.836,76.171,57.461,46.687
73.860,76.376,57.461,46.687
73.246,76.990,57.461,46.687
72.631,76.785,57.461,46.687
75.293,73.305,57.461,46.687
75.708,74.394,56.235,45.691
74.306,73.392,56.235,45.691
74.712,72.914,55.036,44.717
75.301,75.463,55.036,44.717
77.211,73.861,53.863,43.763
78.554,75.588,53.863,43.763
76.827,77.699,53.863,43.763
74.716,74.821,53.863,43.763
76.215,75.842,52.714,42.830
73.773,76.030,52.714,42.830
74.878,78.840,51.590,41.917
76.900,76.818,51.590,41.917
76.716,78.840,51.590,41.917
74.327,80.495,51.590,41.917
77.084,79.943,51.590,41.917
79.106,82.333,51.590,41.917
76.716,82.884,51.590,41.917
76.165,82.333,51.590,41.917
76.716,81.781,51.590,41.917
75.797,83.436,51.590,41.917
76.716,83.620,51.590,41.917
75.062,82.700,51.590,41.917
75.246,83.252,51.590,41.917
73.959,82.700,51.590,41.917
75.246,82.517,51.590,41.917
73.591,83.803,51.590,41.917
75.614,82.517,51.590,41.917
77.268,84.539,51.590,41.917
76.349,83.620,51.590,41.917
76.900,85.274,51.590,41.917
78.187,83.987,51.590,41.917
77.268,84.906,51.590,41.917
77.084,84.355,51.590,41.917
78.371,83.068,51.590,41.917
76.716,82.149,51.590,41.917
78.003,81.230,51.590,41.917
78.922,80.678,51.590,41.917
77.636,79.759,51.590,41.917
78.187,78.840,51.590,41.917
79.106,78.289,51.590,41.917
77.819,77.737,51.590,41.917
78.738,77.553,51.590,41.917
77.819,77.370,51.590,41.917
78.738,76.818,51.590,41.917
77.452,78.105,51.590,41.917
78.371,76.818,51.590,41.917
77.084,78.105,51.590,41.917
79.106,76.083,51.590,41.917
78.555,75.899,51.590,41.917
78.003,76.450,51.590,41.917
79.290,75.531,51.590,41.917
77.268,76.818,51.590,41.917
78.922,75.899,51.590,41.917
78.161,77.533,52.731,42.844
77.597,76.594,52.731,42.844
78.161,78.285,52.731,42.844
77.221,77.345,52.731,42.844
77.785,77.909,52.731,42.844
78.725,77.721,52.731,42.844
77.785,77.533,52.731,42.844
78.725,77.345,52.731,42.844
77.785,76.406,52.731,42.844
78.725,77.345,52.731,42.844
77.785,76.030,52.731,42.844
78.349,76.970,52.731,42.844
77.034,77.533,52.731,42.844
78.725,76.218,52.731,42.844
77.034,77.533,52.731,42.844
77.035,78.424,53.898,43.792
77.227,78.232,53.898,43.792
77.419,78.424,53.898,43.792
77.227,78.616,53.898,43.792
77.419,78.040,53.898,43.792
77.227,79.000,53.898,43.792
76.651,78.040,53.898,43.792
76.075,77.848,53.898,43.792
77.035,78.424,53.898,43.792
76.843,77.464,53.898,43.792
75.883,78.808,53.898,43.792
76.843,77.464,53.898,43.792
76.651,76.887,53.898,43.792
75.691,76.695,53.898,43.792
76.651,75.735,53.898,43.792
75.307,76.311,53.898,43.792
77.035,76.119,53.898,43.792
76.459,75.159,53.898,43.792
76.267,76.503,53.898,43.792
76.843,75.543,53.898,43.792
75.115,76.119,53.898,43.792
76.843,75.159,53.898,43.792
75.499,75.735,53.898,43.792
77.227,75.159,53.898,43.792
75.499,76.503,53.898,43.792
76.843,77.079,53.898,43.792
75.499,76.119,53.898,43.792
76.843,77.848,53.898,43.792
74.730,76.887,53.898,43.792
75.307,78.616,53.898,43.792
74.511,77.534,55.090,44.761
74.315,78.515,55.090,44.761
74.119,77.534,55.090,44.761
73.530,78.123,55.090,44.761
74.511,77.141,55.090,44.761
73.922,76.945,55.090,44.761
73.726,79.104,55.090,44.761
73.922,78.122,55.090,44.761
74.119,77.141,55.090,44.761
71.959,77.337,55.090,44.761
71.554,77.046,56.309,45.751
72.155,79.253,56.309,45.751
71.152,77.046,56.309,45.751
70.550,79.253,56.309,45.751
71.955,77.046,56.309,45.751
70.550,76.845,56.309,45.751
71.955,76.645,56.309,45.751
70.149,75.641,56.309,45.751
71.152,75.842,56.309,45.751
70.952,75.240,56.309,45.751
69.948,74.638,56.309,45.751
69.748,75.240,56.309,45.751
71.152,74.237,56.309,45.751
68.945,74.036,56.309,45.751
69.547,75.039,56.309,45.751
68.945,75.240,56.309,45.751
69.547,74.237,56.309,45.751
68.945,75.240,56.309,45.751
68.745,74.638,56.309,45.751
69.748,75.240,56.309,45.751
68.745,73.836,56.309,45.751
68.945,74.438,56.309,45.751
67.541,73.434,56.309,45.751
68.945,72.431,56.309,45.751
66.738,73.836,56.309,45.751
68.945,73.234,56.309,45.751
67.139,72.231,56.309,45.751
67.741,72.431,56.309,45.751
68.343,72.632,56.309,45.751
66.939,72.832,56.309,45.751
68.343,73.434,56.309,45.751
67.741,72.030,56.309,45.751
67.139,73.836,56.309,45.751
66.939,72.431,56.309,45.751
67.541,71.829,56.309,45.751
66.939,73.635,56.309,45.751
67.139,72.632,56.309,45.751
66.939,72.431,56.309,45.751
66.738,73.836,56.309,45.751
68.143,73.234,56.309,45.751
66.738,74.237,56.309,45.751
68.143,74.036,56.309,45.751
66.337,75.842,56.309,45.751
68.143,76.444,56.309,45.751
66.738,75.441,56.309,45.751
68.544,75.641,56.309,45.751
67.541,75.039,56.309,45.751
68.143,74.839,56.309,45.751
67.942,74.237,56.309,45.751
67.340,74.036,56.309,45.751
68.745,76.243,56.309,45.751
68.544,75.641,56.309,45.751
68.745,77.447,56.309,45.751
69.346,76.845,56.309,45.751
68.343,78.250,56.309,45.751
69.346,77.648,56.309,45.751
68.343,79.052,56.309,45.751
69.748,78.852,56.309,45.751
69.547,78.250,56.309,45.751
70.149,77.648,56.309,45.751
69.547,78.250,56.309,45.751
70.550,77.246,56.309,45.751
71.152,76.645,56.309,45.751
69.748,76.043,56.309,45.751
71.554,76.645,56.309,45.751
70.952,76.043,56.309,45.751
70.350,76.243,56.309,45.751
72.155,75.641,56.309,45.751
71.152,75.039,56.309,45.751
71.754,75.641,56.309,45.751
72.757,74.237,56.309,45.751
72.155,74.036,56.309,45.751
72.757,75.039,56.309,45.751
72.958,74.438,56.309,45.751
71.955,74.237,56.309,45.751
72.958,73.635,56.309,45.751
73.365,74.703,55.108,44.776
74.347,75.292,55.108,44.776
73.758,75.096,55.108,44.776
75.525,76.470,55.108,44.776
74.543,76.274,55.108,44.776
75.525,77.256,55.108,44.776
74.936,76.274,55.108,44.776
76.310,77.256,55.108,44.776
75.329,76.667,55.108,44.776
76.310,76.470,55.108,44.776
75.721,76.274,55.108,44.776
77.096,75.685,55.108,44.776
76.114,75.488,55.108,44.776
76.703,75.292,55.108,44.776
77.685,74.703,55.108,44.776
76.703,75.292,55.108,44.776
78.078,76.274,55.108,44.776
77.096,75.685,55.108,44.776
78.078,77.059,55.108,44.776
77.489,77.256,55.108,44.776
79.256,75.881,55.108,44.776
78.274,77.256,55.108,44.776
79.256,75.881,55.108,44.776
79.059,77.256,55.108,44.776
78.863,77.059,55.108,44.776
80.630,78.041,55.108,44.776
80.434,79.023,55.108,44.776
81.968,78.175,53.933,43.821
81.007,79.521,53.933,43.821
81.968,79.328,53.933,43.821
81.391,79.905,53.933,43.821
82.737,78.944,53.933,43.821
82.385,81.078,52.783,42.886
82.574,79.010,52.783,42.886
83.514,80.326,52.783,42.886
82.574,79.010,52.783,42.886
83.514,80.326,52.783,42.886
83.326,79.010,52.783,42.886
82.762,80.326,52.783,42.886
84.078,79.010,52.783,42.886
83.890,78.822,52.783,42.886
84.454,77.881,52.783,42.886
82.762,76.565,52.783,42.886
84.830,75.248,52.783,42.886
84.266,74.308,52.783,42.886
84.830,73.744,52.783,42.886
85.771,73.932,52.783,42.886
84.078,74.872,52.783,42.886
86.523,74.308,52.783,42.886
85.207,74.872,52.783,42.886
85.771,76.189,52.783,42.886
83.431,76.690,53.951,43.835
84.932,78.454,52.800,42.900
84.744,78.642,52.800,42.900
84.556,78.454,52.800,42.900
86.026,79.093,51.674,41.985
84.737,79.645,51.674,41.985
85.289,79.461,51.674,41.985
85.842,81.855,51.674,41.985
85.289,82.775,51.674,41.985
85.842,82.591,51.674,41.985
85.289,83.144,51.674,41.985
85.473,81.855,51.674,41.985
86.026,81.302,51.674,41.985
84.737,80.014,51.674,41.985
84.921,78.725,51.674,41.985
84.369,78.172,51.674,41.985
85.658,78.725,51.674,41.985
84.966,80.060,50.572,41.090
86.228,79.159,50.572,41.090
84.966,79.699,50.572,41.090
85.867,80.600,50.572,41.090
86.047,80.060,50.572,41.090
86.228,79.159,50.572,41.090
84.606,79.699,50.572,41.090
86.228,79.519,50.572,41.090
84.966,78.978,50.572,41.090
86.721,80.632,49.494,40.214
87.603,80.809,49.494,40.214
86.369,80.985,49.494,40.214
84.781,82.220,49.494,40.214
83.547,84.512,49.494,40.214
86.624,82.051,48.438,39.356
87.833,80.843,48.438,39.356
88.695,79.635,48.438,39.356
87.142,81.188,48.438,39.356
88.695,80.325,48.438,39.356
87.715,81.577,47.406,38.517
89.573,80.394,47.406,38.517
87.471,81.546,48.454,39.369
88.680,81.028,48.454,39.369
88.852,81.891,48.454,39.369
90.201,80.813,47.421,38.530
89.356,82.334,47.421,38.530
90.201,81.151,47.421,38.530
88.680,81.658,47.421,38.530
90.539,80.813,47.421,38.530
90.230,81.712,46.410,37.708
89.734,82.208,46.410,37.708
90.892,83.035,46.410,37.708
89.073,83.531,46.410,37.708
89.569,84.358,46.410,37.708
90.396,84.524,46.410,37.708
88.907,83.366,46.410,37.708
89.073,82.539,46.410,37.708
90.561,81.051,46.410,37.708
89.073,83.531,46.410,37.708
88.907,82.043,46.410,37.708
88.411,83.531,46.410,37.708
89.900,82.043,46.410,37.708
88.411,83.201,46.410,37.708
89.238,82.705,46.410,37.708
88.742,83.862,46.410,37.708
88.907,84.358,46.410,37.708
87.419,82.870,46.410,37.708
85.931,85.350,46.410,37.708
84.112,86.839,46.410,37.708
86.592,83.366,46.410,37.708
87.884,82.971,45.420,36.904
87.722,83.457,45.420,36.904
88.531,84.266,45.420,36.904
87.075,82.162,45.420,36.904
89.179,83.942,45.420,36.904
88.046,81.515,45.420,36.904
89.179,83.295,45.420,36.904
88.370,81.515,45.420,36.904
88.531,82.971,45.420,36.904
87.722,80.867,45.420,36.904
88.855,82.324,45.420,36.904
87.399,80.220,45.420,36.904
88.208,80.382,45.420,36.904
87.722,80.867,45.420,36.904
87.884,79.411,45.420,36.904
86.751,80.544,45.420,36.904
87.237,80.705,45.420,36.904
87.399,81.191,45.420,36.904
85.049,79.943,46.425,37.720
85.394,80.727,47.452,38.555
85.737,79.997,46.440,37.733
87.226,81.156,46.440,37.733
86.068,82.314,46.440,37.733
86.895,83.141,46.440,37.733
85.737,83.638,46.440,37.733
87.557,84.465,46.440,37.733
87.722,82.976,46.440,37.733
87.557,84.465,46.440,37.733
88.384,83.307,46.440,37.733
87.226,84.134,46.440,37.733
88.384,82.976,46.440,37.733
88.219,83.472,46.440,37.733
89.046,82.314,46.440,37.733
88.550,81.156,46.440,37.733
89.708,80.328,46.440,37.733
90.535,80.163,46.440,37.733
90.193,78.544,47.468,38.568
90.701,80.066,47.468,38.568
90.193,79.220,47.468,38.568
91.716,79.728,47.468,38.568
91.885,78.882,47.468,38.568
92.730,80.404,47.468,38.568
91.885,81.250,47.468,38.568
93.407,80.404,47.468,38.568
92.561,81.250,47.468,38.568
93.745,81.419,47.468,38.568
94.591,80.235,47.468,38.568
94.083,79.728,47.468,38.568
95.606,78.882,47.468,38.568
94.760,79.728,47.468,38.568
95.944,80.573,47.468,38.568
96.113,80.404,47.468,38.568
96.282,81.250,47.468,38.568
95.775,80.743,47.468,38.568
96.959,81.250,47.468,38.568
97.128,81.757,47.468,38.568
97.974,80.573,47.468,38.568
97.466,82.434,47.468,38.568
98.312,81.926,47.468,38.568
97.466,81.419,47.468,38.568
98.650,82.265,47.468,38.568
99.157,81.419,47.468,38.568
99.665,81.926,47.468,38.568
99.834,81.081,47.468,38.568
100.003,81.588,47.468,38.568
101.187,82.772,47.468,38.568
100.341,83.618,47.468,38.568
99.496,84.802,47.468,38.568
100.680,84.971,47.468,38.568
101.525,84.463,47.468,38.568
100.680,85.986,47.468,38.568
101.864,85.140,47.468,38.568
101.356,85.647,47.468,38.568
100.849,85.140,47.468,38.568
102.371,84.633,47.468,38.568
102.540,85.140,47.468,38.568
103.386,83.956,47.468,38.568
102.878,82.772,47.468,38.568
104.401,82.941,47.468,38.568
104.908,82.772,47.468,38.568
105.754,81.926,47.468,38.568
105.923,83.110,47.468,38.568
106.768,83.280,47.468,38.568
107.614,82.772,47.468,38.568
108.798,81.926,47.468,38.568
109.644,81.081,47.468,38.568
109.813,81.250,47.468,38.568
112.012,80.066,47.468,38.568
112.857,80.912,47.468,38.568
113.365,79.389,47.468,38.568
114.549,80.235,47.468,38.568
116.071,79.051,47.468,38.568
116.578,79.220,47.468,38.568
116.071,79.389,47.468,38.568
118.270,80.573,47.468,38.568
117.762,81.081,47.468,38.568
119.961,80.573,47.468,38.568
120.807,81.757,47.468,38.568
121.991,80.573,47.468,38.568
123.175,81.757,47.468,38.568
124.697,80.573,47.468,38.568
124.866,80.743,47.468,38.568
126.388,79.897,47.468,38.568
127.234,78.713,47.468,38.568
129.094,79.559,47.468,38.568
129.940,79.389,47.468,38.568
131.462,77.867,47.468,38.568
131.969,78.036,47.468,38.568
133.830,76.852,47.468,38.568
134.676,77.360,47.468,38.568
135.521,77.867,47.468,38.568
136.367,77.022,47.468,38.568
137.213,78.206,47.468,38.568
139.411,77.698,47.468,38.568
139.919,78.544,47.468,38.568
141.779,78.713,47.468,38.568
142.625,78.206,47.468,38.568
143.809,78.375,47.468,38.568
145.331,77.867,47.468,38.568
146.177,78.375,47.468,38.568
147.699,79.220,47.468,38.568
149.020,79.469,46.455,37.745
149.848,80.627,46.455,37.745
150.675,80.793,46.455,37.745
152.496,80.296,46.455,37.745
153.655,78.806,46.455,37.745
154.814,78.972,46.455,37.745
154.317,79.469,46.455,37.745
156.138,78.310,46.455,37.745
156.966,79.469,46.455,37.745
158.124,80.296,46.455,37.745
158.952,79.800,46.455,37.745
160.111,81.620,46.455,37.745
161.269,82.448,46.455,37.745
162.759,82.614,46.455,37.745
163.918,84.103,46.455,37.745
164.573,84.984,45.465,36.940
166.355,85.146,45.465,36.940
166.841,85.956,45.465,36.940
168.298,85.146,45.465,36.940
170.080,85.632,45.465,36.940
171.862,84.174,45.465,36.940
171.052,85.308,45.465,36.940
172.834,84.822,45.465,36.940
173.320,84.336,45.465,36.940
173.482,84.498,45.465,36.940
174.616,84.984,45.465,36.940
174.778,83.850,45.465,36.940
175.912,83.364,45.465,36.940
176.722,84.498,45.465,36.940
176.884,83.040,45.465,36.940
178.018,82.554,45.465,36.940
178.504,81.420,45.465,36.940
178.990,82.554,45.465,36.940
180.124,81.744,45.465,36.940
181.258,81.258,45.465,36.940
181.420,82.392,45.465,36.940
180.934,82.230,45.465,36.940
182.392,81.744,45.465,36.940
181.582,80.934,45.465,36.940
183.688,82.068,45.465,36.940
183.526,81.582,45.465,36.940
184.660,80.772,45.465,36.940
184.822,81.906,45.465,36.940
185.632,81.744,45.465,36.940
186.118,82.230,45.465,36.940
187.252,82.716,45.465,36.940
187.414,81.258,45.465,36.940
186.928,82.716,45.465,36.940
188.386,81.258,45.465,36.940
188.224,82.392,45.465,36.940
190.006,81.906,45.465,36.940
189.844,81.096,45.465,36.940
190.654,80.610,45.465,36.940
190.492,80.772,45.465,36.940
191.302,80.610,45.465,36.940
191.788,80.124,45.465,36.940
192.274,81.258,45.465,36.940
192.112,81.096,45.465,36.940
193.894,80.934,45.465,36.940
192.760,80.124,45.465,36.940
193.894,81.582,45.465,36.940
194.056,80.772,45.465,36.940
194.542,81.258,45.465,36.940
194.704,82.068,45.465,36.940
194.866,80.610,45.465,36.940
196.000,80.772,45.465,36.940
196.486,79.962,45.465,36.940
196.000,81.096,45.465,36.940
197.458,81.582,45.465,36.940
196.648,80.772,45.465,36.940
198.430,81.582,45.465,36.940
197.620,80.772,45.465,36.940
199.078,81.906,45.465,36.940
200.212,81.420,45.465,36.940
200.050,82.554,45.465,36.940
200.212,80.448,45.465,36.940
201.346,80.934,45.465,36.940
200.212,78.828,45.465,36.940
201.670,78.342,45.465,36.940
201.832,79.476,45.465,36.940
201.346,78.666,45.465,36.940
200.860,79.152,45.465,36.940
201.994,79.638,45.465,36.940
200.651,78.053,46.471,37.757
202.141,79.212,46.471,37.757
200.768,77.249,47.499,38.593
201.953,78.433,47.499,38.593
201.106,77.926,47.499,38.593
202.630,76.741,47.499,38.593
201.783,76.910,47.499,38.593
202.291,76.741,47.499,38.593
201.106,75.218,47.499,38.593
202.630,76.741,47.499,38.593
201.783,75.218,47.499,38.593
201.614,75.725,47.499,38.593
200.768,74.879,47.499,38.593
201.614,75.048,47.499,38.593
200.429,75.556,47.499,38.593
199.583,75.387,47.499,38.593
200.091,75.895,47.499,38.593
199.922,75.725,47.499,38.593
198.737,75.556,47.499,38.593
197.552,76.402,47.499,38.593
197.722,75.556,47.499,38.593
197.552,76.064,47.499,38.593
196.368,75.556,47.499,38.593
195.860,76.741,47.499,38.593
196.368,74.879,47.499,38.593
194.844,76.064,47.499,38.593
196.029,75.556,47.499,38.593
194.844,75.725,47.499,38.593
194.337,75.556,47.499,38.593
193.490,75.725,47.499,38.593
194.337,75.556,47.499,38.593
193.152,76.741,47.499,38.593
194.675,75.556,47.499,38.593
193.152,77.079,47.499,38.593
193.321,76.910,47.499,38.593
192.136,76.741,47.499,38.593
192.644,76.233,47.499,38.593
191.459,76.741,47.499,38.593
190.952,75.556,47.499,38.593
191.798,76.402,47.499,38.593
191.290,77.587,47.499,38.593
190.106,77.079,47.499,38.593
191.629,76.233,47.499,38.593
190.106,76.402,47.499,38.593
190.952,75.218,47.499,38.593
189.767,76.064,47.499,38.593
189.259,73.864,47.499,38.593
189.090,74.371,47.499,38.593
188.582,75.218,47.499,38.593
188.075,73.694,47.499,38.593
188.244,76.572,47.499,38.593
188.752,75.725,47.499,38.593
187.228,75.895,47.499,38.593
188.075,76.064,47.499,38.593
187.567,74.541,47.499,38.593
186.721,76.402,47.499,38.593
185.874,74.541,47.499,38.593
187.059,75.725,47.499,38.593
186.213,74.541,47.499,38.593
185.705,75.048,47.499,38.593
185.536,75.895,47.499,38.593
185.028,74.371,47.499,38.593
186.551,75.895,47.499,38.593
185.028,75.725,47.499,38.593
185.536,75.556,47.499,38.593
184.132,76.358,48.550,39.447
185.343,76.185,48.550,39.447
184.478,75.320,48.550,39.447
184.651,76.185,48.550,39.447
183.786,73.936,48.550,39.447
184.506,74.397,49.624,40.319
183.622,72.453,49.624,40.319
184.859,72.276,49.624,40.319
183.268,73.867,49.624,40.319
184.859,72.983,49.624,40.319
183.268,73.867,49.624,40.319
184.152,73.690,49.624,40.319
184.329,74.221,49.624,40.319
183.445,75.458,49.624,40.319
184.683,73.513,49.624,40.319
185.567,74.397,49.624,40.319
185.036,73.160,49.624,40.319
184.506,73.337,49.624,40.319
185.390,73.867,49.624,40.319
185.567,72.629,49.624,40.319
186.097,72.806,49.624,40.319
184.859,74.398,49.624,40.319
185.390,73.160,49.624,40.319
186.274,74.751,49.624,40.319
185.743,73.867,49.624,40.319
185.567,72.629,49.624,40.319
187.865,73.160,49.624,40.319
186.274,71.568,49.624,40.319
185.175,70.572,50.722,41.212
186.078,70.391,50.722,41.212
186.982,69.126,50.722,41.212
187.524,68.945,50.722,41.212
186.620,69.126,50.722,41.212
186.078,68.945,50.722,41.212
188.066,68.403,50.722,41.212
187.524,69.668,50.722,41.212
186.982,69.849,50.722,41.212
188.247,71.476,50.722,41.212
186.620,69.849,50.722,41.212
187.886,71.837,50.722,41.212
188.066,72.379,50.722,41.212
187.163,71.114,50.722,41.212
187.343,70.934,50.722,41.212
187.524,72.199,50.722,41.212
188.428,70.211,50.722,41.212
187.886,70.753,50.722,41.212
189.151,70.934,50.722,41.212
187.886,70.030,50.722,41.212
188.789,69.488,50.722,41.212
188.247,71.114,50.722,41.212
188.066,70.211,50.722,41.212
189.693,71.114,50.722,41.212
188.789,70.934,50.722,41.212
188.970,71.476,50.722,41.212
189.874,70.934,50.722,41.212
188.970,70.391,50.722,41.212
190.958,70.211,50.722,41.212
190.054,69.668,50.722,41.212
190.596,68.765,50.722,41.212
190.054,68.223,50.722,41.212
190.596,66.957,50.722,41.212
189.693,65.692,50.722,41.212
190.596,66.235,50.722,41.212
190.054,65.331,50.722,41.212
190.596,64.789,50.722,41.212
189.693,64.969,50.722,41.212
190.235,64.066,50.722,41.212
190.054,63.885,50.722,41.212
189.874,64.789,50.722,41.212
188.750,64.520,51.844,42.123
187.826,63.227,51.844,42.123
189.489,64.520,51.844,42.123
189.304,63.597,51.844,42.123
188.750,64.520,51.844,42.123
189.304,63.966,51.844,42.123
188.750,64.890,51.844,42.123
188.769,65.873,50.739,41.225
189.673,66.054,50.739,41.225
188.769,65.511,50.739,41.225
189.484,66.822,49.656,40.346
190.015,66.999,49.656,40.346
188.776,66.822,49.656,40.346
188.453,68.446,48.598,39.486
189.319,67.580,48.598,39.486
188.453,69.139,48.598,39.486
189.319,70.005,48.598,39.486
188.799,69.485,48.598,39.486
188.280,68.619,48.598,39.486
189.145,69.832,48.598,39.486
187.933,68.619,48.598,39.486
188.453,68.100,48.598,39.486
188.280,68.619,48.598,39.486
187.760,68.446,48.598,39.486
186.548,67.927,48.598,39.486
188.107,69.485,48.598,39.486
186.894,67.927,48.598,39.486
186.721,69.485,48.598,39.486
187.241,68.273,48.598,39.486
186.721,68.100,48.598,39.486
185.855,68.966,48.598,39.486
187.068,67.754,48.598,39.486
186.202,68.273,48.598,39.486
187.068,67.061,48.598,39.486
186.548,68.619,48.598,39.486
187.414,67.754,48.598,39.486
186.548,68.273,48.598,39.486
187.068,67.754,48.598,39.486
186.548,68.966,48.598,39.486
187.068,69.485,48.598,39.486
186.548,70.005,48.598,39.486
187.414,70.870,48.598,39.486
187.587,72.083,48.598,39.486
187.068,72.602,48.598,39.486
186.548,72.429,48.598,39.486
187.414,72.256,48.598,39.486
186.548,73.814,48.598,39.486
186.375,72.948,48.598,39.486
185.509,72.429,48.598,39.486
187.068,71.909,48.598,39.486
185.855,73.122,48.598,39.486
185.336,73.641,48.598,39.486
186.202,73.814,48.598,39.486
184.990,73.641,48.598,39.486
185.509,74.853,48.598,39.486
185.336,74.334,48.598,39.486
186.202,74.507,48.598,39.486
185.336,74.680,48.598,39.486
185.509,74.853,48.598,39.486
185.682,75.719,48.598,39.486
186.202,76.238,48.598,39.486
184.990,77.797,48.598,39.486
185.163,78.663,48.598,39.486
184.643,78.143,48.598,39.486
185.855,77.970,48.598,39.486
184.990,76.758,48.598,39.486
185.163,74.853,48.598,39.486
185.336,73.295,48.598,39.486
185.855,71.736,48.598,39.486
186.029,72.948,48.598,39.486
185.855,73.122,48.598,39.486
186.029,74.334,48.598,39.486
185.509,74.853,48.598,39.486
186.721,75.373,48.598,39.486
185.163,77.277,48.598,39.486
186.029,76.065,48.598,39.486
186.548,77.970,48.598,39.486
186.029,76.758,48.598,39.486
185.509,75.199,48.598,39.486
187.068,76.065,48.598,39.486
186.202,74.507,48.598,39.486
187.068,74.334,48.598,39.486
186.202,74.853,48.598,39.486
186.562,74.237,49.673,40.359
185.677,75.122,49.673,40.359
184.944,73.757,50.772,41.252
185.849,73.938,50.772,41.252
184.944,73.033,50.772,41.252
185.487,73.214,50.772,41.252
187.115,73.395,50.772,41.252
184.864,71.625,51.895,42.165
186.898,72.919,51.895,42.165
186.561,74.617,50.788,41.266
187.103,74.074,50.788,41.266
187.646,75.340,50.788,41.266
187.103,75.159,50.788,41.266
187.646,75.702,50.788,41.266
186.742,74.436,50.788,41.266
187.646,74.617,50.788,41.266
187.827,74.798,50.788,41.266
187.284,75.340,50.788,41.266
189.275,75.159,50.788,41.266
188.370,76.064,50.788,41.266
189.275,75.159,50.788,41.266
189.456,75.702,50.788,41.266
189.999,75.159,50.788,41.266
189.094,74.979,50.788,41.266
191.205,74.546,49.705,40.386
190.320,74.369,49.705,40.386
191.205,75.255,49.705,40.386
190.674,73.661,49.705,40.386
192.268,74.192,49.705,40.386
192.091,73.307,49.705,40.386
193.331,73.484,49.705,40.386
192.445,73.307,49.705,40.386
192.977,72.775,49.705,40.386
194.216,73.307,49.705,40.386
192.977,72.421,49.705,40.386
194.570,73.661,49.705,40.386
193.685,72.421,49.705,40.386
194.216,73.307,49.705,40.386
195.941,73.908,48.645,39.524
195.075,73.388,48.645,39.524
195.941,73.215,48.645,39.524
196.115,73.388,48.645,39.524
196.981,73.215,48.645,39.524
196.115,73.735,48.645,39.524
197.674,73.215,48.645,39.524
197.155,74.428,48.645,39.524
198.368,73.561,48.645,39.524
197.501,75.121,48.645,39.524
198.714,75.641,48.645,39.524
197.848,75.468,48.645,39.524
199.061,75.295,48.645,39.524
198.888,75.468,48.645,39.524
199.754,75.641,48.645,39.524
199.581,76.161,48.645,39.524
201.141,77.028,48.645,39.524
200.621,77.548,48.645,39.524
201.834,76.335,48.645,39.524
201.661,77.201,48.645,39.524
202.528,78.415,48.645,39.524
202.008,77.548,48.645,39.524
203.221,78.068,48.645,39.524
202.701,78.588,48.645,39.524
203.568,78.761,48.645,39.524
204.434,78.588,48.645,39.524
204.261,79.108,48.645,39.524
205.128,79.628,48.645,39.524
204.954,78.068,48.645,39.524
205.821,79.281,48.645,39.524
206.341,78.068,48.645,39.524
207.554,79.281,48.645,39.524
208.074,78.761,48.645,39.524
206.997,78.863,49.722,40.399
208.237,78.686,49.722,40.399
207.351,79.926,49.722,40.399
