141.000,73.000,27.000,34.000
142.079,73.599,27.000,34.000
141.240,72.760,27.000,34.000
141.839,73.599,27.000,34.000
142.678,73.000,27.000,34.000
143.038,73.839,27.000,34.000
142.199,73.000,27.000,34.000
143.278,73.839,27.000,34.000
143.398,73.240,27.000,34.000
144.237,74.079,27.000,34.000
144.836,73.240,27.000,34.000
145.675,73.839,27.000,34.000
145.795,73.000,27.000,34.000
146.634,73.599,27.000,34.000
146.754,72.760,27.000,34.000
147.594,73.599,27.000,34.000
146.673,72.850,27.597,34.752
148.021,72.483,27.597,34.752
149.124,73.585,27.597,34.752
149.981,73.218,27.597,34.752
151.574,72.605,27.597,34.752
151.650,72.856,28.208,35.521
151.988,72.333,28.832,36.307
153.140,72.717,28.832,36.307
154.548,72.589,28.832,36.307
156.213,72.717,28.832,36.307
157.365,73.358,28.832,36.307
158.773,72.973,28.832,36.307
158.645,73.101,28.832,36.307
160.053,72.973,28.832,36.307
161.973,72.845,28.832,36.307
163.391,73.603,28.217,35.533
164.769,73.728,28.217,35.533
165.897,73.853,28.217,35.533
167.275,72.475,28.217,35.533
168.904,73.352,28.217,35.533
169.808,72.161,27.615,34.775
171.157,73.019,27.615,34.775
172.506,72.652,27.615,34.775
172.628,72.039,27.615,34.775
173.732,72.406,27.615,34.775
174.100,72.774,27.615,34.775
174.713,72.161,27.615,34.775
174.590,72.529,27.615,34.775
174.468,72.897,27.615,34.775
174.345,72.039,27.615,34.775
173.487,72.406,27.615,34.775
173.364,73.020,27.615,34.775
172.261,72.406,27.615,34.775
171.402,72.774,27.615,34.775
169.563,72.161,27.615,34.775
169.195,72.774,27.615,34.775
167.356,72.161,27.615,34.775
165.762,72.284,27.615,34.775
163.923,72.897,27.615,34.775
162.329,73.020,27.615,34.775
160.490,73.387,27.615,34.775
158.896,74.000,27.615,34.775
157.547,73.142,27.615,34.775
155.708,73.020,27.615,34.775
150.441,72.762,28.226,35.544
150.817,71.634,28.226,35.544
149.188,72.762,28.226,35.544
147.809,71.383,28.226,35.544
146.180,72.511,28.226,35.544
145.303,72.637,28.226,35.544
143.673,72.511,28.226,35.544
141.794,72.887,28.226,35.544
140.415,71.759,28.226,35.544
138.535,72.386,28.226,35.544
135.402,72.261,28.226,35.544
134.525,71.383,28.226,35.544
132.895,72.261,28.226,35.544
131.266,71.634,28.226,35.544
129.887,72.762,28.226,35.544
127.506,71.634,28.226,35.544
125.376,73.013,28.226,35.544
124.248,72.386,28.226,35.544
122.619,73.514,28.226,35.544
121.108,73.047,27.625,34.786
118.777,73.906,27.625,34.786
118.164,73.538,27.625,34.786
117.796,74.642,27.625,34.786
116.447,73.538,27.625,34.786
115.098,74.887,27.625,34.786
115.711,75.010,27.625,34.786
114.362,75.868,27.625,34.786
113.748,76.972,27.625,34.786
113.380,78.076,27.625,34.786
112.767,78.444,27.625,34.786
112.154,79.548,27.625,34.786
112.767,79.180,27.625,34.786
112.154,78.567,27.625,34.786
112.522,79.425,27.625,34.786
111.909,79.057,27.625,34.786
110.967,78.291,28.236,35.556
110.524,76.987,28.860,36.343
111.421,76.859,28.860,36.343
110.171,76.058,29.499,37.147
110.302,77.761,29.499,37.147
111.219,76.844,29.499,37.147
110.564,78.285,29.499,37.147
111.481,77.368,29.499,37.147
112.136,76.975,29.499,37.147
112.761,75.884,30.152,37.969
112.895,76.822,30.152,37.969
114.100,76.420,30.152,37.969
114.233,77.625,30.152,37.969
115.438,76.955,30.152,37.969
116.643,77.625,30.152,37.969
119.187,76.420,30.152,37.969
119.856,76.286,30.152,37.969
121.597,75.617,30.152,37.969
123.069,74.947,30.152,37.969
124.810,75.617,30.152,37.969
126.818,74.680,30.152,37.969
129.094,75.617,30.152,37.969
130.288,73.391,30.819,38.809
131.519,74.349,30.819,38.809
132.751,73.665,30.819,38.809
135.077,74.896,30.819,38.809
136.035,74.759,30.819,38.809
136.993,74.623,30.819,38.809
138.245,74.377,30.162,37.981
139.182,75.047,30.162,37.981
140.387,73.841,30.162,37.981
141.325,75.047,30.162,37.981
142.262,73.841,30.162,37.981
142.932,74.779,30.162,37.981
143.899,74.280,29.518,37.171
144.554,74.149,29.518,37.171
145.209,74.018,29.518,37.171
145.603,74.149,29.518,37.171
146.296,75.430,28.889,36.379
147.194,75.045,28.889,36.379
147.836,74.917,28.889,36.379
148.220,75.301,28.889,36.379
149.375,75.686,28.889,36.379
150.529,76.328,28.889,36.379
151.427,76.199,28.889,36.379
152.581,76.584,28.889,36.379
151.427,76.969,28.889,36.379
153.094,76.071,28.889,36.379
152.453,76.712,28.889,36.379
153.864,78.123,28.889,36.379
152.710,77.738,28.889,36.379
153.351,79.149,28.889,36.379
153.992,79.278,28.889,36.379
153.094,79.663,28.889,36.379
153.992,80.817,28.889,36.379
152.838,79.919,28.889,36.379
153.450,80.980,29.528,37.183
153.843,81.374,29.528,37.183
152.663,82.029,29.528,37.183
154.105,82.685,29.528,37.183
153.188,83.603,29.528,37.183
154.105,85.045,29.528,37.183
153.974,85.700,29.528,37.183
154.368,87.142,29.528,37.183
155.023,88.322,29.528,37.183
154.368,89.502,29.528,37.183
155.285,90.158,29.528,37.183
154.892,89.240,29.528,37.183
154.499,90.158,29.528,37.183
155.679,91.076,29.528,37.183
155.285,90.158,29.528,37.183
154.892,91.076,29.528,37.183
154.499,90.420,29.528,37.183
155.679,91.862,29.528,37.183
155.023,90.944,29.528,37.183
154.105,89.765,29.528,37.183
155.003,90.849,30.181,38.006
153.261,90.447,30.181,38.006
154.178,91.000,30.849,38.847
152.672,89.767,30.849,38.847
153.356,89.083,30.849,38.847
151.850,87.576,30.849,38.847
152.809,88.535,30.849,38.847
151.576,86.754,30.849,38.847
150.617,84.700,30.849,38.847
149.230,82.605,30.191,38.019
150.168,83.812,30.191,38.019
148.694,81.801,30.191,38.019
149.632,82.471,30.191,38.019
147.889,80.192,30.191,38.019
148.828,80.595,30.191,38.019
147.353,78.852,30.191,38.019
147.487,79.790,30.191,38.019
147.085,78.584,30.191,38.019
146.683,78.450,30.191,38.019
147.085,77.780,30.191,38.019
145.879,77.377,30.191,38.019
146.817,76.975,30.191,38.019
146.147,77.377,30.191,38.019
145.476,76.439,30.191,38.019
145.879,76.037,30.191,38.019
146.013,75.367,30.191,38.019
145.342,76.037,30.191,38.019
145.744,75.099,30.191,38.019
146.147,74.964,30.191,38.019
145.208,75.903,30.191,38.019
145.610,75.233,30.191,38.019
146.013,74.294,30.191,38.019
145.074,74.160,30.191,38.019
145.476,73.490,30.191,38.019
145.878,74.160,30.191,38.019
146.281,73.222,30.191,38.019
145.342,73.624,30.191,38.019
145.476,74.026,30.191,38.019
145.342,73.088,30.191,38.019
143.868,74.294,30.191,38.019
144.538,73.624,30.191,38.019
143.063,75.099,30.191,38.019
141.589,74.428,30.191,38.019
141.723,75.635,30.191,38.019
139.712,75.501,30.191,38.019
137.701,74.830,30.191,38.019
135.959,76.037,30.191,38.019
133.680,74.830,30.191,38.019
131.937,75.769,30.191,38.019
125.905,75.099,30.191,38.019
124.699,74.160,30.191,38.019
122.956,75.635,30.191,38.019
120.141,75.501,30.191,38.019
117.594,75.903,30.191,38.019
115.315,77.109,30.191,38.019
113.036,76.171,30.191,38.019
110.489,76.037,30.191,38.019
108.747,76.707,30.191,38.019
107.272,76.573,30.191,38.019
104.993,75.903,30.191,38.019
104.323,76.037,30.191,38.019
103.653,75.099,30.191,38.019
102.714,74.696,30.191,38.019
102.580,75.903,30.191,38.019
101.642,75.233,30.191,38.019
101.240,74.294,30.191,38.019
100.489,74.569,30.859,38.860
99.530,74.158,30.859,38.860
99.941,74.843,30.859,38.860
99.255,75.254,30.859,38.860
98.844,74.569,30.859,38.860
99.804,75.802,30.859,38.860
99.118,75.665,30.859,38.860
98.433,75.802,30.859,38.860
99.393,76.761,30.859,38.860
98.981,76.350,30.859,38.860
100.215,77.035,30.859,38.860
99.255,77.720,30.859,38.860
99.941,78.131,30.859,38.860
101.448,78.817,30.859,38.860
100.489,79.502,30.859,38.860
101.448,80.461,30.859,38.860
101.037,80.872,30.859,38.860
101.996,81.557,30.859,38.860
101.311,81.146,30.859,38.860
100.078,81.009,30.859,38.860
99.310,80.721,31.542,39.719
98.049,80.581,31.542,39.719
97.349,81.001,31.542,39.719
94.128,80.861,31.542,39.719
94.268,80.721,31.542,39.719
91.887,80.021,31.542,39.719
90.347,79.321,31.542,39.719
87.966,78.620,31.542,39.719
86.425,79.881,31.542,39.719
84.045,79.181,31.542,39.719
82.224,78.480,31.542,39.719
80.403,78.340,31.542,39.719
77.182,79.041,31.542,39.719
72.281,79.741,31.542,39.719
71.020,79.321,31.542,39.719
69.200,78.620,31.542,39.719
66.539,79.601,31.542,39.719
62.477,79.181,31.542,39.719
59.536,78.760,31.542,39.719
56.595,79.741,31.542,39.719
53.094,79.321,31.542,39.719
50.433,78.900,31.542,39.719
46.652,79.601,31.542,39.719
41.190,79.181,31.542,39.719
41.050,78.760,31.542,39.719
39.229,78.620,31.542,39.719
36.008,80.161,31.542,39.719
34.188,79.181,31.542,39.719
32.367,79.041,31.542,39.719
29.706,80.581,31.542,39.719
27.886,79.601,31.542,39.719
26.065,79.461,31.542,39.719
24.244,79.321,31.542,39.719
20.463,80.021,31.542,39.719
19.763,79.881,31.542,39.719
18.783,79.461,31.542,39.719
17.242,79.041,31.542,39.719
15.702,80.301,31.542,39.719
14.441,79.041,31.542,39.719
13.832,79.599,30.869,38.872
12.873,79.188,30.869,38.872
11.914,78.777,30.869,38.872
11.228,78.914,30.869,38.872
9.721,78.777,30.869,38.872
9.654,79.059,30.211,38.043
10.056,78.657,30.211,38.043
9.117,79.864,30.211,38.043
8.715,79.461,30.211,38.043
9.654,78.791,30.211,38.043
8.983,78.657,30.211,38.043
8.312,78.523,30.211,38.043
8.983,78.388,30.211,38.043
8.312,78.254,30.211,38.043
9.251,78.120,30.211,38.043
8.849,77.986,30.211,38.043
10.056,77.852,30.211,38.043
9.117,79.059,30.211,38.043
9.788,78.120,30.211,38.043
10.995,77.986,30.211,38.043
10.324,77.852,30.211,38.043
11.531,79.059,30.211,38.043
12.470,78.657,30.211,38.043
13.678,80.132,30.211,38.043
16.226,79.730,30.211,38.043
15.824,80.669,30.211,38.043
18.372,80.535,30.211,38.043
20.385,81.742,30.211,38.043
22.665,83.217,30.211,38.043
25.750,83.083,30.211,38.043
28.835,84.559,30.211,38.043
32.189,86.839,30.211,38.043
35.006,88.851,30.211,38.043
38.359,91.400,30.211,38.043
45.468,95.558,30.211,38.043
46.407,96.497,30.211,38.043
49.492,98.777,30.211,38.043
52.846,101.594,30.211,38.043
55.713,103.539,30.879,38.885
58.866,106.418,30.879,38.885
61.745,109.023,30.879,38.885
64.624,111.903,30.879,38.885
66.955,114.233,30.879,38.885
69.560,116.290,30.879,38.885
72.988,120.266,30.879,38.885
74.222,120.677,30.879,38.885
75.456,123.008,30.879,38.885
77.787,124.791,30.879,38.885
79.843,126.025,30.879,38.885
81.900,127.258,30.879,38.885
83.956,127.670,30.879,38.885
85.464,129.178,30.879,38.885
86.424,129.863,30.879,38.885
87.658,131.646,30.879,38.885
90.263,132.880,30.879,38.885
89.852,132.743,30.879,38.885
92.183,133.428,30.879,38.885
93.142,133.565,30.879,38.885
94.376,134.251,30.879,38.885
95.610,134.662,30.879,38.885
97.118,135.622,30.879,38.885
97.530,136.307,30.879,38.885
99.312,136.170,30.879,38.885
100.820,136.856,30.879,38.885
103.151,138.090,30.879,38.885
102.466,137.404,30.879,38.885
104.522,138.090,30.879,38.885
106.030,137.404,30.879,38.885
107.813,137.267,30.879,38.885
108.772,136.033,30.879,38.885
109.732,135.348,30.879,38.885
109.869,134.114,30.879,38.885
110.829,132.331,30.879,38.885
111.515,131.097,30.879,38.885
113.033,129.530,30.221,38.056
111.826,128.591,30.221,38.056
113.302,127.920,30.221,38.056
113.972,127.517,30.221,38.056
113.570,126.309,30.221,38.056
115.314,125.102,30.221,38.056
115.985,124.163,30.221,38.056
116.388,123.223,30.221,38.056
117.864,122.284,30.221,38.056
119.340,121.345,30.221,38.056
120.547,120.405,30.221,38.056
120.950,120.271,30.221,38.056
121.084,119.600,30.221,38.056
122.023,119.198,30.221,38.056
122.694,118.527,30.221,38.056
123.634,117.856,30.221,38.056
123.768,117.722,30.221,38.056
124.170,117.051,30.221,38.056
122.963,115.843,30.221,38.056
123.365,116.783,30.221,38.056
123.768,115.575,30.221,38.056
124.170,115.172,30.221,38.056
123.231,114.233,30.221,38.056
123.902,113.831,30.221,38.056
124.573,114.501,30.221,38.056
125.512,113.562,30.221,38.056
126.720,112.891,30.221,38.056
127.927,113.025,30.221,38.056
128.598,111.818,30.221,38.056
130.343,111.684,30.221,38.056
133.160,109.939,30.221,38.056
134.636,111.684,30.221,38.056
136.381,109.939,30.221,38.056
138.394,108.463,30.221,38.056
141.211,106.987,30.221,38.056
144.298,105.511,30.221,38.056
149.531,106.719,30.221,38.056
151.812,105.511,30.221,38.056
154.898,104.035,30.221,38.056
157.716,102.828,30.221,38.056
163.486,100.815,30.221,38.056
164.693,101.754,30.221,38.056
166.974,99.473,30.221,38.056
170.061,98.534,30.221,38.056
173.147,98.131,30.221,38.056
175.696,97.192,30.221,38.056
177.977,96.521,30.221,38.056
179.453,96.655,30.221,38.056
180.929,96.521,30.221,38.056
181.869,95.850,30.221,38.056
183.345,95.984,30.221,38.056
182.137,94.508,30.221,38.056
183.076,95.448,30.221,38.056
182.137,94.508,30.221,38.056
183.076,94.911,30.221,38.056
181.600,94.508,30.221,38.056
180.013,93.113,30.890,38.898
181.247,93.524,30.890,38.898
179.190,93.387,30.890,38.898
177.681,92.701,30.890,38.898
175.898,93.661,30.890,38.898
176.036,93.250,30.890,38.898
174.527,92.290,30.890,38.898
173.567,93.250,30.890,38.898
172.332,92.290,30.890,38.898
170.824,92.427,30.890,38.898
169.589,91.467,30.890,38.898
171.098,92.427,30.890,38.898
169.864,91.193,30.890,38.898
171.921,91.604,30.890,38.898
173.704,90.644,30.890,38.898
173.567,91.330,30.890,38.898
175.075,90.370,30.890,38.898
175.487,89.410,30.890,38.898
177.818,88.998,30.890,38.898
179.876,88.587,30.890,38.898
182.207,87.901,30.890,38.898
184.539,87.490,30.890,38.898
186.870,85.981,30.890,38.898
190.025,85.295,30.890,38.898
195.648,83.512,30.890,38.898
196.882,84.747,30.890,38.898
198.665,83.238,30.890,38.898
200.997,82.004,30.890,38.898
204.700,83.238,30.890,38.898
206.483,80.906,30.890,38.898
208.540,82.141,30.890,38.898
210.049,80.358,30.890,38.898
212.655,81.044,30.890,38.898
214.712,81.729,30.890,38.898
219.787,81.318,30.890,38.898
221.021,82.004,30.890,38.898
222.530,81.318,30.890,38.898
224.038,79.535,30.890,38.898
226.096,78.575,30.890,38.898
227.604,77.889,30.890,38.898
229.936,76.655,30.890,38.898
232.542,75.420,30.890,38.898
235.147,76.381,30.890,38.898
236.930,75.146,30.890,38.898
241.731,73.912,30.890,38.898
240.606,73.930,30.231,38.068
242.619,73.527,30.231,38.068
244.364,72.319,30.231,38.068
245.851,72.337,29.586,37.257
246.799,72.354,28.955,36.462
248.223,71.628,28.338,35.685
249.356,72.257,28.338,35.685
248.727,71.125,28.338,35.685
249.859,71.754,28.338,35.685
249.985,71.880,28.338,35.685
250.111,72.005,28.338,35.685
249.482,71.880,28.338,35.685
248.098,72.005,28.338,35.685
247.972,72.886,28.338,35.685
246.588,73.264,28.338,35.685
244.952,74.144,28.338,35.685
244.071,73.767,28.338,35.685
242.687,74.648,28.338,35.685
241.052,76.032,28.338,35.685
238.913,76.661,28.338,35.685
238.366,76.435,27.733,34.924
237.012,77.297,27.733,34.924
235.657,77.174,27.733,34.924
233.810,78.036,27.733,34.924
232.455,79.144,27.733,34.924
231.347,78.528,27.733,34.924
229.746,79.637,27.733,34.924
227.653,80.252,27.733,34.924
226.052,79.883,27.733,34.924
223.618,81.323,27.142,34.179
222.862,81.804,26.563,33.450
221.565,81.214,26.563,33.450
219.560,82.276,26.563,33.450
217.791,81.922,26.563,33.450
216.258,81.804,26.563,33.450
214.017,81.686,26.563,33.450
212.955,82.747,26.563,33.450
211.658,83.337,26.563,33.450
209.889,83.219,26.563,33.450
207.176,83.337,26.563,33.450
206.822,83.219,26.563,33.450
205.525,83.101,26.563,33.450
204.463,82.512,26.563,33.450
203.402,82.865,26.563,33.450
202.576,82.040,26.563,33.450
201.751,83.101,26.563,33.450
202.340,81.804,26.563,33.450
201.515,81.450,26.563,33.450
202.576,81.804,26.563,33.450
201.515,80.742,26.563,33.450
202.105,81.804,26.563,33.450
202.930,80.742,26.563,33.450
203.048,81.096,26.563,33.450
203.874,80.271,26.563,33.450
203.756,79.681,26.563,33.450
204.110,80.742,26.563,33.450
205.171,80.860,26.563,33.450
205.761,80.271,26.563,33.450
206.115,80.153,26.563,33.450
207.648,79.091,26.563,33.450
206.822,79.209,26.563,33.450
208.120,79.091,26.563,33.450
209.417,78.030,26.563,33.450
209.771,78.384,26.563,33.450
210.596,78.266,26.563,33.450
210.714,78.148,26.563,33.450
