0.00596976
0.01090050
0.01245594
0.01085639
0.01063919
0.01050615
0.01070976
0.01066303
0.01077747
0.01068377
0.01078439
0.01069713
0.01072836
0.01077867
0.01073074
0.01069832
0.01062727
0.01060247
0.01059508
0.01071596
0.01070714
0.01066446
0.01069498
0.01064587
0.01076627
0.01083446
0.01079631
0.01074886
0.01074243
0.01076078
0.01078987
0.01081514
0.01087976
0.01083207
0.01079726
0.01081061
0.01096940
0.01085615
0.01082587
0.01075554
0.01073265
0.01074290
0.01087427
0.01075768
0.01080942
0.01071930
0.01076341
0.01075006
0.01080322
0.01076388
0.01080084
0.01074076
0.01102233
0.01084399
0.01082563
0.01077080
0.01078629
0.01080394
0.01075053
0.01082873
0.01086140
0.01075220
0.01075697
0.01072764
0.01079011
0.01081967
0.01077414
0.01076770
0.01079583
0.01079392
0.01084900
0.01071787
0.01072621
0.01060629
0.01069164
0.01056814
0.01073694
0.01076818
0.01074243
0.01067281
0.01076961
0.01068115
0.01080966
0.01075768
0.01083231
0.01080394
0.01077819
0.01074314
0.01081419
0.01079893
0.01091433
0.01067924
0.01084709
0.01080918
0.01075411
0.01072669
0.01071429
0.01062846
0.01077080
0.01080346
0.01080680
0.01072049
0.01078033
0.01061821
0.01063013
0.01066613
0.01072907
0.01070046
0.01066518
0.01057959
0.01064825
0.01070666
0.01081777
0.01072526
0.01069903
0.01076698
0.01073217
0.01075125
0.01080227
0.01084208
0.01077747
0.01071429
0.01080513
0.01074696
0.01078391
0.01069570
0.01071787
0.01071119
0.01073575
0.01074004
0.01083732
0.01090860
0.01079440
0.01070070
0.01072049
0.01071787
0.01076221
0.01072502
0.01073289
0.01077032
0.01080418
0.01080179
0.01078820
0.01075578
0.01076245
0.01070452
0.01075149
0.01075220
0.01081872
0.01070881
0.01070714
0.01072407
0.01077819
0.01064968
0.01074696
0.01075673
0.01075578
0.01069903
0.01070952
0.01069117
0.01072001
0.01065779
0.01068139
0.01058578
0.01074958
0.01075411
