0.00447679
0.01136923
0.01200509
0.01150703
0.01081777
0.01078558
0.01080537
0.01082611
0.01073432
0.01073050
0.01080441
0.01078558
0.01073432
0.01075864
0.01079130
0.01065683
0.01067162
0.01073194
0.01070905
0.01075339
0.01074171
0.01073861
0.01063323
0.01067662
0.01064372
0.01063418
0.01065922
0.01062202
0.01075125
0.01062226
0.01062822
0.01060605
0.01064253
0.01082540
0.01069927
0.01063085
0.01065373
0.01069164
0.01065159
0.01061010
0.01058173
0.01068473
0.01068544
0.01069236
0.01061630
0.01069069
0.01078653
0.01054406
0.01057816
0.01053953
0.01074028
0.01073360
0.01066732
0.01063228
0.01069307
0.01081443
0.01068115
0.01063657
0.01061940
0.01065135
0.01064253
0.01061606
0.01064372
0.01068306
0.01068997
0.01059175
0.01061749
0.01059961
0.01062250
0.01068330
0.01061273
0.01059198
0.01055479
0.01050472
0.01080155
0.01069999
0.01055622
0.01056099
0.01060176
0.01049662
0.01054215
0.01053834
0.01065278
0.01055980
0.01058054
0.01060772
0.01049566
0.01051307
0.01056981
0.01053429
0.01061630
0.01057792
0.01059198
0.01056814
0.01062489
0.01058960
0.01060128
0.01071763
0.01056814
0.01064038
0.01058769
0.01057577
0.01053572
0.01053667
0.01063871
0.01052880
0.01052046
0.01069593
0.01060557
0.01052332
0.01046824
0.01055741
0.01062083
0.01056552
0.01071072
0.01060843
0.01061535
0.01065254
0.01065183
0.01062965
0.01070333
0.01046109
