347.000,58.000,103.000,251.000
340.867,57.319,103.000,251.000
340.185,58.000,103.000,251.000
335.415,55.956,103.000,251.000
333.371,58.000,103.000,251.000
325.875,60.044,103.000,251.000
321.105,59.363,103.000,251.000
312.246,61.407,103.000,251.000
310.201,60.726,103.000,251.000
304.068,61.407,103.000,251.000
306.113,60.726,103.000,251.000
297.254,62.770,103.000,251.000
299.298,66.177,103.000,251.000
293.165,68.222,103.000,251.000
295.209,60.726,103.000,251.000
287.713,65.496,103.000,251.000
282.943,68.903,103.000,251.000
289.076,58.681,103.000,251.000
277.492,66.177,103.000,251.000
284.129,57.038,105.279,256.553
273.570,62.149,107.608,262.230
280.893,56.024,105.313,256.637
287.164,52.540,105.313,256.637
290.302,54.605,103.068,251.165
295.075,59.378,103.068,251.165
299.849,54.605,103.068,251.165
301.894,59.378,103.068,251.165
294.393,69.607,103.068,251.165
304.622,63.470,103.068,251.165
312.123,60.060,103.068,251.165
319.624,53.923,103.068,251.165
317.578,54.605,103.068,251.165
310.077,55.287,103.068,251.165
305.304,55.969,103.068,251.165
296.439,56.651,103.068,251.165
300.251,44.675,105.348,256.722
295.470,49.790,107.679,262.402
304.731,44.803,107.679,262.402
305.444,54.064,107.679,262.402
299.032,66.175,107.679,262.402
302.240,77.899,105.382,256.806
300.004,88.030,103.135,251.329
307.510,87.348,103.135,251.329
321.839,77.112,103.135,251.329
344.357,61.418,103.135,251.329
350.060,55.548,100.936,245.970
344.056,63.964,98.783,240.724
344.479,63.381,96.677,235.591
346.398,62.741,96.677,235.591
341.921,62.102,96.677,235.591
346.398,58.904,96.677,235.591
344.479,56.985,96.677,235.591
350.236,62.741,96.677,235.591
348.317,60.822,96.677,235.591
355.353,58.904,96.677,235.591
352.155,58.264,96.677,235.591
356.632,62.741,96.677,235.591
358.551,58.264,96.677,235.591
355.353,57.624,96.677,235.591
359.830,59.543,96.677,235.591
357.911,57.624,96.677,235.591
353.434,54.426,96.677,235.591
359.191,55.066,96.677,235.591
358.551,53.147,96.677,235.591
356.632,55.066,96.677,235.591
350.876,51.868,96.677,235.591
343.840,46.111,96.677,235.591
343.200,42.913,96.677,235.591
333.606,42.273,96.677,235.591
327.849,48.030,96.677,235.591
318.255,43.553,96.677,235.591
313.778,39.075,96.677,235.591
313.138,46.111,96.677,235.591
308.661,37.796,96.677,235.591
311.859,28.202,96.677,235.591
308.661,21.166,96.677,235.591
310.580,26.923,96.677,235.591
303.538,27.634,98.816,240.803
296.346,24.366,98.816,240.803
295.509,31.344,96.708,235.668
299.624,33.240,94.646,230.642
302.755,32.614,94.646,230.642
308.391,36.997,94.646,230.642
305.260,46.390,94.646,230.642
309.643,55.783,94.646,230.642
314.026,52.652,94.646,230.642
317.157,59.540,94.646,230.642
319.036,65.176,94.646,230.642
320.914,69.559,94.646,230.642
321.541,72.690,94.646,230.642
317.157,73.316,94.646,230.642
319.036,76.447,94.646,230.642
314.652,78.326,94.646,230.642
316.531,78.952,94.646,230.642
313.400,79.578,94.646,230.642
317.783,80.204,94.646,230.642
323.419,82.083,94.646,230.642
326.550,77.699,94.646,230.642
324.541,84.384,92.628,225.724
328.482,89.744,90.652,220.910
321.885,80.747,90.652,220.910
323.684,82.547,90.652,220.910
314.688,75.949,90.652,220.910
309.290,71.751,90.652,220.910
301.493,67.553,90.652,220.910
294.896,62.155,90.652,220.910
289.498,54.358,90.652,220.910
286.418,44.573,88.719,216.199
283.483,47.508,88.719,216.199
283.863,42.459,86.827,211.589
279.842,47.629,86.827,211.589
282.714,71.182,86.827,211.589
278.693,71.756,86.827,211.589
278.329,70.011,88.748,216.270
273.044,65.901,88.748,216.270
275.980,61.791,88.748,216.270
277.741,57.681,88.748,216.270
279.503,55.919,88.748,216.270
284.787,61.204,88.748,216.270
288.898,61.791,88.748,216.270
295.356,60.029,88.748,216.270
299.467,58.268,88.748,216.270
305.186,57.703,90.712,221.055
307.296,57.126,92.719,225.946
313.271,53.990,94.770,230.945
313.898,57.125,94.770,230.945
320.795,60.260,94.770,230.945
321.422,60.887,94.770,230.945
322.049,64.022,94.770,230.945
323.930,67.157,94.770,230.945
323.303,69.038,94.770,230.945
323.930,68.411,94.770,230.945
329.573,65.276,94.770,230.945
326.438,68.411,94.770,230.945
329.573,67.784,94.770,230.945
327.692,68.411,94.770,230.945
325.811,61.514,94.770,230.945
323.930,53.363,94.770,230.945
319.541,52.736,94.770,230.945
315.240,49.530,96.867,236.055
306.908,54.016,96.867,236.055
306.502,53.400,99.010,241.277
300.606,56.675,99.010,241.277
299.951,56.020,99.010,241.277
303.226,55.365,99.010,241.277
299.951,59.950,99.010,241.277
304.537,54.055,99.010,241.277
297.331,57.330,99.010,241.277
290.125,61.916,99.010,241.277
292.090,50.780,99.010,241.277
295.366,46.194,99.010,241.277
292.090,53.400,99.010,241.277
295.366,51.435,99.010,241.277
298.641,53.400,99.010,241.277
302.854,51.553,96.899,236.132
304.777,54.758,96.899,236.132
307.982,56.681,96.899,236.132
312.470,57.323,96.899,236.132
307.982,54.117,96.899,236.132
311.188,56.040,96.899,236.132
315.311,51.761,94.832,231.096
313.428,48.624,94.832,231.096
315.311,45.487,94.832,231.096
318.448,51.134,94.832,231.096
319.075,44.232,94.832,231.096
324.722,51.134,94.832,231.096
330.369,50.506,94.832,231.096
334.404,58.413,92.810,226.168
337.474,52.887,92.810,226.168
338.088,49.816,92.810,226.168
343.220,49.269,90.831,221.345
340.216,46.264,90.831,221.345
342.018,44.461,90.831,221.345
339.014,42.658,90.831,221.345
346.354,42.122,88.894,216.625
342.237,46.239,88.894,216.625
338.120,46.827,88.894,216.625
345.303,47.437,86.998,212.005
350.484,50.315,86.998,212.005
353.361,45.134,86.998,212.005
350.406,51.278,85.143,207.484
355.475,45.082,85.143,207.484
357.165,47.898,85.143,207.484
361.109,39.449,85.143,207.484
357.165,41.139,85.143,207.484
355.475,45.082,85.143,207.484
351.532,43.392,85.143,207.484
357.327,46.147,83.327,203.060
357.684,50.969,81.550,198.729
353.907,48.272,81.550,198.729
356.605,48.811,81.550,198.729
351.749,46.113,81.550,198.729
352.288,50.969,81.550,198.729
348.512,47.192,81.550,198.729
347.821,56.072,79.811,194.491
349.405,51.320,79.811,194.491
344.653,56.072,79.811,194.491
350.461,52.376,79.811,194.491
345.709,55.016,79.811,194.491
353.629,51.320,79.811,194.491
360.494,53.960,79.811,194.491
355.742,52.376,79.811,194.491
362.606,56.072,79.811,194.491
356.798,60.824,79.811,194.491
353.101,62.408,79.811,194.491
349.405,63.993,79.811,194.491
354.157,63.464,79.811,194.491
357.854,67.161,79.811,194.491
354.157,68.745,79.811,194.491
359.966,69.273,79.811,194.491
354.152,61.095,81.577,198.794
350.374,55.158,81.577,198.794
343.312,50.159,83.382,203.193
336.141,52.918,83.382,203.193
328.923,46.663,85.227,207.688
333.997,51.738,85.227,207.688
328.923,54.557,85.227,207.688
335.125,57.377,85.227,207.688
331.178,57.941,85.227,207.688
329.369,67.220,83.409,203.259
329.921,72.187,83.409,203.259
324.960,73.822,81.631,198.925
325.500,73.282,81.631,198.925
319.603,79.047,79.890,194.683
321.983,75.519,78.186,190.531
324.570,80.175,78.186,190.531
325.087,77.588,78.186,190.531
331.812,80.175,78.186,190.531
336.467,74.485,78.186,190.531
343.192,76.036,78.186,190.531
346.813,74.485,78.186,190.531
350.434,67.760,78.186,190.531
350.951,65.173,78.186,190.531
347.330,60.518,78.186,190.531
350.951,57.931,78.186,190.531
343.192,61.552,78.186,190.531
342.675,63.104,78.186,190.531
336.984,58.449,78.186,190.531
340.605,58.966,78.186,190.531
347.330,62.587,78.186,190.531
344.674,63.123,76.519,186.468
336.067,61.604,76.519,186.468
329.486,58.060,76.519,186.468
322.905,55.529,76.519,186.468
323.411,59.073,76.519,186.468
317.842,60.591,76.519,186.468
315.311,64.135,76.519,186.468
310.755,57.554,76.519,186.468
312.274,61.098,76.519,186.468
312.780,63.629,76.519,186.468
316.324,60.085,76.519,186.468
320.555,66.465,74.887,182.491
322.042,60.024,74.887,182.491
315.601,62.501,74.887,182.491
317.087,64.979,74.887,182.491
321.546,70.429,74.887,182.491
325.014,73.897,74.887,182.491
318.573,66.465,74.887,182.491
321.051,74.888,74.887,182.491
324.519,83.311,74.887,182.491
321.051,72.906,74.887,182.491
319.564,76.374,74.887,182.491
321.051,80.833,74.887,182.491
324.519,78.356,74.887,182.491
323.032,73.897,74.887,182.491
319.564,71.420,74.887,182.491
321.051,74.888,74.887,182.491
317.582,72.411,74.887,182.491
319.069,76.870,74.887,182.491
317.726,70.225,76.544,186.529
318.233,73.769,76.544,186.529
318.739,78.327,76.544,186.529
322.284,82.885,76.544,186.529
319.752,85.417,76.544,186.529
318.233,82.885,76.544,186.529
312.662,87.443,76.544,186.529
303.934,79.600,78.237,190.656
298.235,84.472,79.968,194.874
290.215,86.159,81.738,199.186
292.919,81.292,81.738,199.186
288.057,87.064,79.995,194.938
289.644,90.769,79.995,194.938
288.967,86.216,78.289,190.781
292.593,89.842,78.289,190.781
294.147,90.360,78.289,190.781
288.449,86.734,78.289,190.781
284.823,91.396,78.289,190.781
288.449,84.662,78.289,190.781
290.003,90.360,78.289,190.781
292.593,82.590,78.289,190.781
295.183,86.216,78.289,190.781
300.510,81.760,76.619,186.713
301.017,82.267,76.619,186.713
298.483,84.801,76.619,186.713
301.743,85.327,74.985,182.731
303.977,82.971,73.386,178.834
303.491,84.428,73.386,178.834
307.861,85.885,73.386,178.834
310.575,85.417,75.010,182.791
313.057,89.884,75.010,182.791
307.598,87.402,75.010,182.791
307.101,91.869,75.010,182.791
303.596,99.080,73.410,178.893
303.111,104.422,73.410,178.893
303.596,107.822,73.410,178.893
300.196,110.250,73.410,178.893
303.596,113.650,73.410,178.893
298.254,109.279,73.410,178.893
293.883,106.851,73.410,178.893
284.504,98.321,75.034,182.851
280.036,93.853,75.034,182.851
273.583,88.392,75.034,182.851
272.093,79.953,75.034,182.851
268.618,86.407,75.034,182.851
262.123,81.808,76.695,186.896
269.171,79.214,78.391,191.031
274.876,82.845,78.391,191.031
279.544,87.513,78.391,191.031
275.913,90.106,78.391,191.031
280.581,85.438,78.391,191.031
281.100,90.106,78.391,191.031
284.730,93.736,78.391,191.031
288.361,90.106,78.391,191.031
285.768,92.699,78.391,191.031
286.286,88.031,78.391,191.031
281.618,93.736,78.391,191.031
283.174,97.367,78.391,191.031
284.730,94.774,78.391,191.031
287.323,97.367,78.391,191.031
289.917,103.072,78.391,191.031
293.547,96.330,78.391,191.031
296.140,89.587,78.391,191.031
298.734,86.994,78.391,191.031
303.401,88.550,78.391,191.031
305.995,89.069,78.391,191.031
310.662,83.364,78.391,191.031
315.330,88.031,78.391,191.031
313.774,90.625,78.391,191.031
317.405,92.181,78.391,191.031
311.700,90.625,78.391,191.031
313.256,88.031,78.391,191.031
307.550,83.364,78.391,191.031
305.995,86.994,78.391,191.031
300.289,94.774,78.391,191.031
294.584,88.031,78.391,191.031
289.917,84.401,78.391,191.031
294.584,79.733,78.391,191.031
289.917,85.438,78.391,191.031
282.137,106.703,78.391,191.031
282.656,115.519,78.391,191.031
275.913,123.299,78.391,191.031
272.283,127.967,78.391,191.031
269.690,122.262,78.391,191.031
271.513,116.382,80.126,195.258
268.862,113.731,80.126,195.258
273.633,110.020,80.126,195.258
270.983,102.069,80.126,195.258
268.446,102.659,81.899,199.578
271.156,82.610,81.899,199.578
264.066,89.959,83.711,203.994
260.189,88.298,83.711,203.994
262.958,86.636,83.711,203.994
255.758,90.513,83.711,203.994
262.302,83.085,85.563,208.507
270.165,75.493,87.456,213.120
266.196,76.136,89.391,217.836
273.184,75.567,91.368,222.655
279.834,74.963,91.368,222.655
281.647,74.358,91.368,222.655
279.834,77.381,91.368,222.655
284.065,76.776,91.368,222.655
287.088,74.963,91.368,222.655
292.528,81.612,91.368,222.655
296.760,83.426,91.368,222.655
305.827,82.821,91.368,222.655
310.461,78.477,93.390,227.581
313.550,75.387,93.390,227.581
311.697,74.770,93.390,227.581
316.022,64.266,93.390,227.581
319.111,56.233,93.390,227.581
322.200,65.501,93.390,227.581
317.875,68.591,93.390,227.581
321.330,66.714,95.456,232.617
323.224,67.346,95.456,232.617
317.540,69.240,95.456,232.617
321.961,66.083,95.456,232.617
312.488,64.188,95.456,232.617
311.856,61.030,95.456,232.617
318.803,54.083,95.456,232.617
318.172,52.189,95.456,232.617
325.119,52.820,95.456,232.617
328.277,53.452,95.456,232.617
331.434,57.873,95.456,232.617
323.224,66.083,95.456,232.617
313.751,62.925,95.456,232.617
311.856,59.767,95.456,232.617
316.277,50.294,95.456,232.617
306.804,47.136,95.456,232.617
293.542,56.610,95.456,232.617
296.699,57.241,95.456,232.617
301.540,46.150,97.568,237.763
295.731,42.922,97.568,237.763
286.048,44.859,97.568,237.763
276.365,48.086,97.568,237.763
280.884,46.150,97.568,237.763
284.111,44.213,97.568,237.763
280.884,46.150,97.568,237.763
284.111,46.795,97.568,237.763
277.011,48.732,97.568,237.763
274.940,53.134,95.488,232.693
269.260,59.877,93.451,227.731
268.469,66.477,91.458,222.874
263.028,71.769,89.508,218.121
256.514,74.730,89.508,218.121
247.631,75.323,89.508,218.121
241.166,80.502,87.599,213.470
235.950,77.604,87.599,213.470
233.052,78.184,87.599,213.470
235.950,70.650,87.599,213.470
233.052,68.911,87.599,213.470
227.836,75.286,87.599,213.470
229.574,72.388,87.599,213.470
225.517,75.286,87.599,213.470
227.256,74.707,87.599,213.470
223.199,78.764,87.599,213.470
227.256,77.025,87.599,213.470
219.722,75.286,87.599,213.470
219.142,72.388,87.599,213.470
215.085,68.331,87.599,213.470
214.506,71.229,87.599,213.470
215.085,76.445,87.599,213.470
220.301,74.707,87.599,213.470
225.146,83.128,85.731,208.918
221.175,83.695,85.731,208.918
217.205,85.396,85.731,208.918
215.503,85.964,85.731,208.918
214.936,83.128,85.731,208.918
213.234,83.695,85.731,208.918
206.995,84.262,85.731,208.918
207.562,81.426,85.731,208.918
213.802,77.456,85.731,208.918
217.772,75.754,85.731,208.918
221.742,79.724,85.731,208.918
223.444,81.426,85.731,208.918
227.415,84.262,85.731,208.918
230.251,87.098,85.731,208.918
230.618,94.246,83.903,204.462
232.048,100.171,82.114,200.102
229.258,107.018,80.363,195.835
227.663,111.803,80.363,195.835
220.833,120.553,78.649,191.659
219.272,111.707,78.649,191.659
212.507,119.512,78.649,191.659
207.829,128.076,76.972,187.572
215.030,122.713,75.330,183.572
211.510,130.915,73.724,179.657
207.120,135.305,73.724,179.657
206.496,138.631,72.152,175.826
210.792,133.380,72.152,175.826
212.470,133.912,73.748,179.716
218.235,125.343,75.380,183.692
240.685,115.549,77.047,187.756
278.440,105.539,78.752,191.910
290.424,83.135,78.752,191.910
301.986,70.741,80.494,196.156
308.909,65.948,80.494,196.156
312.637,61.155,80.494,196.156
313.169,63.818,80.494,196.156
309.441,67.546,80.494,196.156
305.714,73.404,80.494,196.156
311.572,76.067,80.494,196.156
314.234,78.730,80.494,196.156
320.093,71.806,80.494,196.156
