146.000,54.000,68.000,101.000
147.655,56.318,68.000,101.000
146.000,55.324,68.000,101.000
148.318,55.655,68.000,101.000
150.635,55.987,68.000,101.000
150.304,53.669,68.000,101.000
152.622,54.000,68.000,101.000
152.953,53.669,68.000,101.000
155.270,54.000,68.000,101.000
156.926,53.007,68.000,101.000
156.517,50.172,69.505,103.235
154.695,50.785,71.042,105.519
153.550,52.130,72.614,107.853
150.179,49.837,74.221,110.240
154.877,50.198,74.221,110.240
161.020,52.728,74.221,110.240
169.823,58.431,72.638,107.889
178.438,63.331,71.089,105.588
184.867,62.122,69.573,103.336
190.507,62.244,68.089,101.133
190.913,59.168,66.637,98.976
194.438,57.409,65.216,96.865
197.276,56.300,63.825,94.799
198.855,58.209,62.464,92.778
200.401,62.423,61.132,90.799
202.487,67.121,59.829,88.863
200.598,70.034,58.553,86.968
198.749,71.785,57.304,85.113
199.091,74.575,56.082,83.298
196.794,76.253,54.886,81.522
193.516,75.834,53.716,79.783
189.803,74.416,52.570,78.082
187.156,74.015,51.449,76.417
184.083,73.623,50.352,74.787
181.076,75.129,49.278,73.192
169.827,70.586,50.368,74.812
164.186,67.397,50.368,74.812
160.998,69.605,50.368,74.812
157.319,68.869,50.368,74.812
156.093,68.133,50.368,74.812
157.810,68.869,50.368,74.812
157.074,70.095,50.368,74.812
158.300,69.359,50.368,74.812
156.584,70.586,50.368,74.812
154.376,70.831,50.368,74.812
151.679,71.567,50.368,74.812
147.814,72.011,51.483,76.467
146.561,71.760,51.483,76.467
149.318,71.008,51.483,76.467
150.571,70.256,51.483,76.467
149.318,67.499,51.483,76.467
148.659,65.657,50.385,74.836
152.339,64.430,50.385,74.836
153.075,65.657,50.385,74.836
156.264,67.374,50.385,74.836
157.981,69.582,50.385,74.836
155.773,72.281,50.385,74.836
157.966,75.207,49.310,73.240
156.765,76.887,49.310,73.240
155.565,76.647,49.310,73.240
156.765,74.966,49.310,73.240
158.446,75.687,49.310,73.240
159.166,73.046,49.310,73.240
163.247,69.925,49.310,73.240
167.329,68.244,49.310,73.240
170.450,66.083,49.310,73.240
172.131,63.922,49.310,73.240
174.772,65.603,49.310,73.240
175.972,67.284,49.310,73.240
177.653,69.925,49.310,73.240
178.853,71.605,49.310,73.240
181.014,72.806,49.310,73.240
180.718,73.739,50.401,74.861
180.415,71.129,51.517,76.517
183.174,70.376,51.517,76.517
184.946,69.269,52.656,78.210
182.639,66.962,52.656,78.210
180.844,64.655,52.656,78.210
183.151,62.860,52.656,78.210
180.331,63.629,52.656,78.210
176.998,64.911,52.656,78.210
176.229,67.218,52.656,78.210
173.409,69.013,52.656,78.210
172.127,68.757,52.656,78.210
173.409,69.013,52.656,78.210
171.101,70.808,52.656,78.210
169.820,69.526,52.656,78.210
170.589,67.731,52.656,78.210
168.281,69.013,52.656,78.210
166.487,66.193,52.656,78.210
165.718,64.398,52.656,78.210
161.359,62.604,52.656,78.210
157.513,60.809,52.656,78.210
155.719,60.040,52.656,78.210
157.513,62.860,52.656,78.210
158.282,66.706,52.656,78.210
156.488,69.526,52.656,78.210
158.285,71.101,51.533,76.542
156.027,72.858,51.533,76.542
154.270,71.603,51.533,76.542
155.525,73.359,51.533,76.542
158.285,72.607,51.533,76.542
157.532,71.352,51.533,76.542
159.288,70.599,51.533,76.542
161.045,71.352,51.533,76.542
163.287,71.443,50.434,74.910
165.955,72.005,49.359,73.313
169.956,72.555,48.306,71.749
173.484,75.142,48.306,71.749
174.660,75.848,48.306,71.749
177.247,74.201,48.306,71.749
177.012,75.377,48.306,71.749
175.366,72.790,48.306,71.749
174.190,70.673,48.306,71.749
179.599,71.849,48.306,71.749
189.070,67.883,49.375,73.337
193.157,64.758,49.375,73.337
195.320,63.075,49.375,73.337
192.195,61.873,49.375,73.337
193.878,61.633,49.375,73.337
191.714,60.911,49.375,73.337
193.878,63.556,49.375,73.337
193.157,65.720,49.375,73.337
195.801,68.845,49.375,73.337
198.446,70.528,49.375,73.337
200.128,69.326,49.375,73.337
201.328,67.267,50.468,74.959
200.005,64.653,51.584,76.618
189.205,68.923,51.584,76.618
183.703,68.046,50.484,74.984
181.491,67.308,50.484,74.984
181.245,64.604,50.484,74.984
179.524,62.392,50.484,74.984
177.804,65.096,50.484,74.984
174.117,66.817,50.484,74.984
170.430,67.554,50.484,74.984
167.234,66.817,50.484,74.984
164.530,68.537,50.484,74.984
161.827,67.308,50.484,74.984
160.106,67.062,50.484,74.984
161.335,64.850,50.484,74.984
161.089,63.621,50.484,74.984
162.810,61.900,50.484,74.984
163.056,62.146,50.484,74.984
164.285,63.867,50.484,74.984
166.497,62.146,50.484,74.984
169.201,65.342,50.484,74.984
169.938,68.537,50.484,74.984
171.659,66.817,50.484,74.984
174.854,65.588,50.484,74.984
177.101,63.993,51.601,76.643
177.833,61.842,52.743,78.338
181.779,58.044,53.910,80.072
183.092,54.632,53.910,80.072
181.134,50.206,55.102,81.843
183.012,49.938,55.102,81.843
181.670,52.352,55.102,81.843
184.085,56.377,55.102,81.843
182.207,58.255,55.102,81.843
184.085,59.596,55.102,81.843
181.527,56.742,56.322,83.654
181.801,60.856,56.322,83.654
179.881,62.775,56.322,83.654
177.962,61.404,56.322,83.654
176.591,60.582,56.322,83.654
175.220,59.210,56.322,83.654
177.157,55.155,57.568,85.505
176.316,50.951,57.568,85.505
178.278,48.428,57.568,85.505
174.634,50.951,57.568,85.505
175.475,54.595,57.568,85.505
172.392,53.193,57.568,85.505
173.209,57.773,58.841,87.397
169.289,60.670,60.143,89.330
167.825,63.891,60.143,89.330
165.189,62.427,60.143,89.330
160.797,59.792,60.143,89.330
156.640,58.768,58.861,87.425
144.392,55.125,60.163,89.360
142.815,52.009,61.494,91.337
146.109,55.901,61.494,91.337
148.207,58.895,60.183,89.389
150.844,58.602,60.183,89.389
155.240,61.240,60.183,89.389
156.164,65.300,58.899,87.483
158.727,65.956,57.643,85.617
158.446,69.043,57.643,85.617
160.411,68.763,57.643,85.617
160.692,66.798,57.643,85.617
159.288,64.272,57.643,85.617
178.654,67.359,57.643,85.617
182.302,64.272,57.643,85.617
183.706,58.939,57.643,85.617
186.793,55.291,57.643,85.617
185.951,51.081,57.643,85.617
189.600,54.168,57.643,85.617
195.494,57.817,57.643,85.617
199.703,63.149,57.643,85.617
202.791,66.798,57.643,85.617
204.755,64.833,57.643,85.617
207.843,62.869,57.643,85.617
210.369,67.079,57.643,85.617
211.211,69.605,57.643,85.617
212.614,66.517,57.643,85.617
214.014,60.620,58.919,87.511
214.301,58.612,58.919,87.511
212.293,61.767,58.919,87.511
211.433,60.333,58.919,87.511
213.441,57.751,58.919,87.511
211.433,63.776,58.919,87.511
207.703,69.800,58.919,87.511
207.944,68.534,60.222,89.448
209.434,73.162,58.938,87.540
210.869,71.153,58.938,87.540
209.434,66.849,58.938,87.540
210.295,61.970,58.938,87.540
207.713,59.388,58.938,87.540
205.130,64.266,58.938,87.540
201.399,67.997,58.938,87.540
198.243,67.136,58.938,87.540
199.675,63.488,60.242,89.477
198.208,60.848,60.242,89.477
194.803,57.119,61.575,91.457
193.304,58.618,61.575,91.457
192.405,58.318,61.575,91.457
197.501,55.620,61.575,91.457
200.199,52.322,61.575,91.457
202.898,40.630,61.575,91.457
201.399,34.934,61.575,91.457
204.696,35.234,61.575,91.457
208.594,36.733,61.575,91.457
211.273,39.153,60.262,89.506
207.459,45.901,60.262,89.506
205.992,50.889,60.262,89.506
206.238,43.506,61.595,91.487
247.925,41.407,61.595,91.487
251.224,43.506,61.595,91.487
247.325,41.407,61.595,91.487
242.826,42.906,61.595,91.487
239.528,45.606,61.595,91.487
236.229,57.302,61.595,91.487
233.530,63.000,61.595,91.487
231.430,66.299,61.595,91.487
229.331,62.400,61.595,91.487
231.430,59.101,61.595,91.487
234.729,55.802,61.595,91.487
232.630,51.903,61.595,91.487
234.729,51.604,61.595,91.487
229.631,52.503,61.595,91.487
225.732,50.404,61.595,91.487
223.033,47.705,61.595,91.487
218.534,43.806,61.595,91.487
212.836,39.907,61.595,91.487
207.138,35.409,61.595,91.487
207.438,30.910,61.595,91.487
210.118,26.972,60.281,89.536
231.544,39.006,60.281,89.536
237.562,42.506,58.996,87.626
241.871,40.496,58.996,87.626
247.328,37.910,58.996,87.626
252.786,34.176,58.996,87.626
255.371,30.442,58.996,87.626
257.382,26.133,58.996,87.626
257.095,18.378,58.996,87.626
260.216,15.713,57.738,85.758
258.393,12.563,56.507,83.929
257.017,15.039,56.507,83.929
253.991,13.113,56.507,83.929
231.957,22.175,57.757,85.786
226.942,23.268,59.035,87.684
226.655,20.106,59.035,87.684
225.792,22.118,59.035,87.684
225.591,24.993,57.776,85.814
214.620,26.399,57.776,85.814
204.211,20.492,57.776,85.814
199.133,18.424,56.544,83.984
195.554,19.801,56.544,83.984
191.975,20.076,56.544,83.984
189.129,18.053,55.338,82.193
190.476,16.167,55.338,82.193
188.729,18.861,54.158,80.440
190.574,16.488,54.158,80.440
196.815,16.419,55.356,82.220
196.006,17.227,55.356,82.220
192.180,20.442,54.175,80.466
188.436,38.334,53.020,78.750
190.243,41.174,53.020,78.750
194.115,42.981,53.020,78.750
203.974,45.056,54.193,80.493
207.858,48.203,53.037,78.776
226.593,47.799,51.906,77.096
229.428,46.159,53.055,78.802
232.786,49.001,53.055,78.802
232.528,47.709,53.055,78.802
205.404,36.601,53.055,78.802
202.046,32.726,53.055,78.802
199.047,28.907,54.229,80.546
196.142,26.002,54.229,80.546
194.294,22.570,54.229,80.546
195.614,16.497,54.229,80.546
192.182,13.064,54.229,80.546
186.925,10.804,55.429,82.328
183.956,10.534,55.429,82.328
180.988,9.724,55.429,82.328
179.238,9.301,54.247,80.572
181.087,6.924,54.247,80.572
182.407,5.604,54.247,80.572
184.784,9.037,54.247,80.572
187.198,10.612,55.447,82.355
190.652,11.230,54.264,80.598
192.519,9.516,55.465,82.382
194.949,8.706,55.465,82.382
199.000,10.056,55.465,82.382
203.051,11.406,55.465,82.382
212.503,21.398,55.465,82.382
207.912,30.850,55.465,82.382
195.228,36.154,54.282,80.625
186.507,41.175,54.282,80.625
182.542,42.497,54.282,80.625
176.243,46.668,53.125,78.906
171.328,52.100,53.125,78.906
167.966,54.428,53.125,78.906
166.155,51.065,53.125,78.906
168.467,48.666,51.992,77.223
170.239,51.957,51.992,77.223
167.621,54.488,50.883,75.576
166.382,52.754,50.883,75.576
169.108,53.001,50.883,75.576
171.833,51.267,50.883,75.576
173.092,52.312,49.798,73.964
170.117,54.269,48.736,72.387
167.507,56.879,48.736,72.387
169.168,60.439,48.736,72.387
167.032,71.117,48.736,72.387
169.168,78.947,48.736,72.387
173.677,82.507,48.736,72.387
182.201,84.422,47.697,70.843
200.548,67.934,47.697,70.843
203.567,63.521,47.697,70.843
201.613,61.367,46.679,69.333
200.022,57.503,46.679,69.333
203.431,53.639,46.679,69.333
205.477,49.776,46.679,69.333
201.613,46.821,46.679,69.333
198.825,47.779,45.684,67.854
201.716,51.116,45.684,67.854
209.946,54.007,45.684,67.854
212.393,57.344,45.684,67.854
209.501,60.236,45.684,67.854
211.948,58.679,45.684,67.854
215.366,59.082,46.695,69.355
223.972,58.287,45.699,67.876
226.389,55.365,44.724,66.429
224.138,52.086,43.771,65.012
214.588,48.050,44.739,66.451
212.059,47.089,45.729,67.921
206.702,48.416,46.741,69.424
216.194,46.744,45.744,67.943
226.662,51.421,45.744,67.943
229.511,50.643,44.768,66.494
230.599,49.229,45.759,67.965
227.257,46.778,45.759,67.965
220.350,42.990,45.759,67.965
216.329,41.353,44.783,66.516
212.393,42.692,43.828,65.098
208.952,44.826,42.893,63.709
205.402,43.364,42.893,63.709
202.269,41.903,42.893,63.709
200.389,43.782,42.893,63.709
199.345,45.662,42.893,63.709
197.883,47.959,42.893,63.709
196.839,50.674,42.893,63.709
195.795,52.971,42.893,63.709
195.586,54.851,42.893,63.709
195.377,55.477,42.893,63.709
194.333,54.851,42.893,63.709
192.453,56.731,42.893,63.709
188.485,59.446,42.893,63.709
184.517,63.831,42.893,63.709
182.358,69.543,41.979,62.351
182.562,68.112,41.979,62.351
187.672,69.952,41.979,62.351
192.509,72.019,42.907,63.730
198.567,75.570,42.907,63.730
203.511,77.683,43.857,65.140
209.704,80.886,43.857,65.140
214.188,82.381,43.857,65.140
219.954,80.032,43.857,65.140
223.235,76.431,44.827,66.581
223.871,73.657,45.819,68.055
220.525,69.418,45.819,68.055
223.425,69.195,45.819,68.055
226.325,68.972,45.819,68.055
225.209,66.964,45.819,68.055
222.903,67.475,44.842,66.603
223.558,69.440,44.842,66.603
221.156,67.475,44.842,66.603
218.168,66.058,45.834,68.077
218.819,67.852,46.848,69.583
242.676,77.732,47.885,71.123
245.707,78.431,47.885,71.123
242.676,76.333,47.885,71.123
241.510,74.234,47.885,71.123
240.739,73.206,48.944,72.696
239.653,71.454,47.900,71.146
242.186,69.740,46.879,69.629
244.226,71.143,45.879,68.144
247.084,74.238,44.901,66.691
249.489,76.642,44.901,66.691
251.456,79.484,44.901,66.691
252.987,81.889,44.901,66.691
254.080,83.857,44.901,66.691
250.800,84.950,44.901,66.691
248.396,83.857,44.901,66.691
244.242,81.889,44.901,66.691
246.209,82.545,44.901,66.691
243.367,83.201,44.901,66.691
239.214,80.359,44.901,66.691
236.809,77.954,44.901,66.691
244.898,78.610,44.901,66.691
251.675,80.140,44.901,66.691
253.642,81.233,44.901,66.691
256.047,81.015,44.901,66.691
255.472,83.201,43.943,65.268
253.119,83.843,43.943,65.268
249.482,84.912,43.943,65.268
245.207,83.752,43.006,63.877
239.409,84.635,42.089,62.514
233.340,83.129,41.191,61.181
229.930,81.324,41.191,61.181
226.922,80.722,41.191,61.181
224.075,78.862,40.313,59.877
224.271,75.525,40.313,59.877
228.000,75.329,40.313,59.877
229.767,73.955,40.313,59.877
229.963,54.523,40.313,59.877
232.907,52.756,40.313,59.877
230.748,56.093,40.313,59.877
233.692,59.823,40.313,59.877
238.095,62.920,39.453,58.600
238.701,70.766,38.612,57.350
235.881,74.338,38.612,57.350
233.813,73.774,38.612,57.350
233.249,72.834,38.612,57.350
230.053,73.398,38.612,57.350
226.105,74.338,38.612,57.350
224.789,74.150,38.612,57.350
223.097,75.466,38.612,57.350
222.157,76.030,38.612,57.350
221.535,75.981,39.466,58.619
223.649,76.557,39.466,58.619
226.107,78.849,38.625,57.369
224.525,79.280,37.801,56.145
226.917,76.887,37.801,56.145
226.365,74.126,37.801,56.145
228.429,70.259,38.637,57.388
232.380,68.566,38.637,57.388
236.832,69.688,39.492,58.657
240.186,71.233,40.366,59.955
245.099,73.395,40.366,59.955
249.342,74.975,41.259,61.282
252.429,75.756,42.172,62.638
255.452,77.413,41.272,61.302
258.064,77.614,41.272,61.302
262.572,76.525,40.392,59.994
265.915,76.721,40.392,59.994
269.258,72.591,40.392,59.994
272.911,69.250,39.531,58.715
276.487,68.207,38.688,57.463
278.559,68.772,38.688,57.463
281.008,70.844,38.688,57.463
283.902,72.749,39.544,58.734
274.875,61.911,40.419,60.034
273.104,59.353,40.419,60.034
275.269,57.976,40.419,60.034
276.648,59.185,39.557,58.754
277.996,56.681,39.557,58.754
274.961,55.431,40.432,60.054
273.084,55.380,41.327,61.382
269.663,55.581,41.327,61.382
266.242,56.587,41.327,61.382
263.224,57.996,41.327,61.382
259.980,61.559,40.445,60.073
257.944,65.427,39.583,58.792
255.208,68.840,38.739,57.538
252.379,70.160,38.739,57.538
253.711,71.676,39.596,58.811
255.446,73.026,39.596,58.811
257.181,72.447,39.596,58.811
257.760,70.327,39.596,58.811
256.025,67.820,39.596,58.811
256.603,64.543,39.596,58.811
271.062,66.664,39.596,58.811
274.725,63.386,39.596,58.811
274.147,62.422,39.596,58.811
271.038,65.837,38.751,57.557
267.996,70.270,37.925,56.330
265.965,71.931,37.925,56.330
263.700,73.778,37.116,55.129
256.652,74.320,37.116,55.129
254.554,70.898,37.937,56.348
256.216,68.127,37.937,56.348
253.076,66.095,37.937,56.348
251.878,67.230,37.128,55.147
244.153,64.932,37.950,56.367
228.972,66.417,38.790,57.614
233.572,58.476,37.962,56.385
221.188,61.248,37.962,56.385
212.501,63.282,37.962,56.385
205.292,64.945,37.962,56.385
200.845,66.047,38.802,57.633
195.366,73.415,38.802,57.633
191.399,73.604,38.802,57.633
192.722,72.282,38.802,57.633
190.265,71.337,38.802,57.633
228.842,66.975,39.661,58.908
229.808,69.872,39.661,58.908
225.562,75.431,40.538,60.211
221.023,81.155,40.538,60.211
210.956,84.510,40.538,60.211
207.206,87.471,40.538,60.211
202.048,86.191,41.435,61.543
193.373,82.761,41.435,61.543
178.645,74.893,41.435,61.543
161.233,71.910,42.352,62.905
152.849,67.149,43.289,64.297
149.687,63.987,43.289,64.297
144.616,61.745,44.247,65.719
146.138,63.924,45.226,67.173
142.211,66.608,46.226,68.660
146.136,66.082,47.249,70.179
148.239,70.795,48.294,71.731
145.021,74.637,49.363,73.319
143.727,76.070,50.455,74.941
146.992,71.418,51.571,76.599
149.287,65.621,52.712,78.293
153.650,60.744,52.712,78.293
156.987,60.488,52.712,78.293
157.757,59.718,52.712,78.293
157.500,61.514,52.712,78.293
157.183,64.642,53.879,80.026
156.396,68.052,53.879,80.026
157.161,72.883,55.071,81.796
154.212,76.369,55.071,81.796
155.016,78.245,55.071,81.796
149.385,76.369,55.071,81.796
143.754,74.492,55.071,81.796
140.085,70.527,56.289,83.606
136.903,64.199,57.535,85.456
135.502,57.756,57.535,85.456
135.783,52.994,57.535,85.456
134.382,48.792,57.535,85.456
134.102,50.193,57.535,85.456
134.382,52.714,57.535,85.456
134.102,56.355,57.535,85.456
132.141,60.557,57.535,85.456
131.861,64.759,57.535,85.456
130.460,68.401,57.535,85.456
131.300,68.681,57.535,85.456
132.701,69.522,57.535,85.456
134.662,68.121,57.535,85.456
138.304,67.281,57.535,85.456
143.626,65.320,57.535,85.456
150.069,62.238,57.535,85.456
155.952,60.277,57.535,85.456
162.955,59.437,57.535,85.456
169.959,60.277,57.535,85.456
174.721,62.238,57.535,85.456
180.043,65.320,57.535,85.456
