0.00787497
0.01134825
0.01131654
0.01140356
0.01121259
0.01142597
0.01107574
0.01132512
0.01117492
0.01133394
0.01113343
0.01135087
0.01120543
0.01135898
0.01110959
0.01137829
0.01106167
0.01144338
0.01103640
0.01133704
0.01111603
0.01133633
0.01111913
0.01125073
0.01097298
0.01129365
0.01111937
0.01132560
0.01101327
0.01134181
0.01123905
0.01131010
0.01110268
0.01118159
0.01104927
0.01129651
0.01105499
0.01155972
0.01102567
0.01130390
0.01111937
0.01128244
0.01100254
0.01129365
0.01103926
0.01132774
0.01098871
0.01127529
0.01091862
0.01125383
0.01106071
0.01127791
0.01103377
0.01119423
0.01103282
0.01125360
0.01111078
0.01134086
0.01101065
0.01119494
0.01100826
0.01131082
0.01107407
0.01126027
0.01101971
0.01122952
0.01103282
0.01127720
0.01105428
0.01127815
0.01101232
0.01134825
0.01103449
0.01129174
0.01097727
0.01127815
0.01104021
0.01135898
0.01106930
0.01124406
0.01104808
0.01132774
0.01117134
0.01131153
0.01109815
0.01133060
0.01110649
0.01141095
0.01109385
0.01134658
0.01109648
0.01129723
0.01108456
0.01128244
0.01098537
0.01126671
0.01104617
0.01128244
0.01109648
0.01139235
0.01120400
0.01125336
0.01107454
0.01139426
0.01119232
0.01141691
0.01111460
0.01141858
0.01119685
0.01141548
0.01107192
0.01129150
0.01117134
0.01138020
0.01113510
0.01140356
0.01119995
0.01142049
0.01109481
0.01135993
0.01105928
0.01128030
0.01112723
0.01129770
0.01099277
0.01126552
0.01095653
0.01133752
0.01108050
0.01156926
0.01103354
0.01124811
0.01114368
0.01133513
0.01106524
0.01126528
0.01101637
0.01141381
0.01109171
0.01130080
0.01106596
0.01129150
0.01111197
0.01131177
0.01100993
0.01120830
0.01101637
0.01134801
0.01111078
0.01135564
0.01098990
0.01137543
0.01114750
0.01129961
0.01106071
0.01138091
0.01106811
0.01138544
0.01117778
0.01133609
0.01105142
0.01138163
0.01109910
0.01127434
0.01106930
0.01125336
0.01115561
0.01132393
0.01107550
0.01126862
0.01096797
0.01127362
0.01110697
0.01135993
0.01108885
0.01125646
0.01107001
0.01131129
0.01104546
0.01127934
0.01104593
0.01137710
0.01107025
0.01127958
0.01099253
0.01137400
0.01124430
0.01143050
0.01111197
0.01140237
0.01118612
0.01143765
0.01111650
0.01139641
0.01111674
0.01137066
0.01109028
0.01131797
0.01103449
0.01137567
0.01105452
0.01128411
0.01094198
0.01124835
0.01099467
0.01131177
0.01098657
0.01125574
0.01091099
0.01117110
0.01098847
0.01110125
0.01096249
0.01098633
0.01092339
0.01093221
0.01096821
0.01095676
0.01092291
0.01103878
0.01090169
0.01098084
0.01091027
0.01093125
0.01093984
0.01101160
0.01091623
0.01095128
0.01097250
0.01097298
0.01088214
0.01091051
0.01096177
0.01101828
0.01097941
0.01093006
0.01087427
0.01094460
0.01097322
0.01102543
0.01091814
0.01094985
0.01090097
0.01088715
0.01092219
0.01103354
0.01093459
0.01103377
0.01099062
0.01097703
0.01089621
0.01096344
0.01092196
0.01096201
0.01099038
0.01092196
0.01093936
0.01120520
0.01092339
0.01081085
0.01090455
0.01096272
0.01091409
0.01106429
0.01099706
0.01114249
0.01094723
0.01128745
0.01106620
0.01103640
0.01098847
0.01090097
0.01086330
0.01123142
0.01103091
0.01101303
0.01093125
0.01088166
0.01088738
0.01101041
0.01103449
0.01108408
0.01102877
0.01095271
0.01093554
0.01107121
0.01103115
0.01100779
0.01098347
0.01093912
0.01098132
0.01098061
0.01098084
0.01105976
0.01098037
0.01100397
0.01093626
0.01124334
0.01101398
0.01122451
0.01104712
0.01126480
0.01104212
0.01123476
0.01108623
0.01121020
0.01108932
0.01125717
0.01098275
0.01135206
0.01104689
0.01127505
0.01110172
0.01131845
0.01116395
0.01141810
0.01106739
0.01128960
0.01099229
0.01133275
0.01106215
0.01129889
0.01085925
0.01127100
0.01117206
0.01138401
0.01098418
0.01155710
0.01115489
0.01131582
0.01113057
0.01134896
0.01099658
0.01143980
0.01105213
0.01130867
0.01105690
0.01123691
0.01110506
0.01136398
0.01100898
0.01126003
0.01102400
0.01146007
0.01122069
0.01127982
0.01104927
0.01130009
0.01109457
0.01136231
0.01111984
0.01134276
0.01115990
0.01144075
0.01109195
0.01133728
0.01107764
0.01132607
0.01098990
0.01128650
0.01104259
0.01119113
0.01106524
0.01124644
0.01102185
0.01121759
0.01096010
0.01132083
0.01109385
0.01131201
0.01094937
0.01125717
0.01104975
0.01130009
0.01108289
0.01128888
0.01098275
0.01126504
0.01107240
0.01135349
0.01103377
0.01128531
0.01096296
0.01130795
0.01104259
0.01126528
0.01100802
0.01124048
0.01114058
0.01135612
0.01130056
0.01124334
0.01101160
0.01135588
0.01104474
0.01127863
0.01110387
0.01131678
0.01104379
0.01126742
0.01097441
0.01124430
0.01101089
0.01131725
0.01110458
0.01133561
0.01110220
0.01141286
0.01106906
0.01134682
0.01108789
0.01135039
0.01109171
0.01140118
0.01110625
0.01134968
0.01114368
0.01131678
0.01114035
0.01137996
0.01113296
0.01138139
0.01115417
0.01139855
0.01108313
0.01129603
0.01104856
0.01159143
0.01102138
0.01128364
0.01109052
0.01128078
0.01099586
0.01120424
0.01098847
0.01155806
0.01108217
0.01117611
0.01094198
0.01117468
0.01110792
0.01126719
0.01097488
0.01119733
0.01106095
0.01127291
0.01099896
0.01127410
0.01101923
0.01120996
0.01105046
0.01135564
0.01110458
0.01126575
0.01105046
0.01125026
0.01103520
0.01136041
0.01113200
0.01127696
0.01115060
0.01121950
0.01100731
0.01121235
0.01106429
0.01129556
0.01112556
0.01105857
0.01100850
0.01106691
0.01113772
0.01115608
0.01103830
0.01105046
0.01103091
0.01114202
0.01110506
0.01100063
0.01093340
0.01110673
0.01104474
0.01112747
0.01108575
0.01136327
0.01106191
0.01109934
0.01103163
0.01130366
0.01101589
0.01102877
0.01094389
0.01098871
0.01095366
0.01109266
0.01107669
0.01100993
0.01096129
0.01088953
0.01089239
0.01110458
0.01115036
0.01104712
0.01095247
0.01097989
0.01103616
0.01109076
0.01100969
0.01113677
0.01121473
0.01098442
0.01111650
0.01111007
0.01107621
0.01100779
0.01098347
0.01103973
0.01108050
0.01136446
0.01101160
0.01135516
0.01103854
0.01127601
0.01100802
0.01117229
0.01085639
0.01119018
0.01107168
0.01126289
0.01095605
0.01125383
0.01104832
0.01129198
0.01109028
0.01136303
0.01103067
0.01126981
0.01106334
0.01134181
0.01110625
0.01133966
0.01101828
0.01136541
0.01107287
0.01146793
0.01109123
0.01115918
0.01112318
0.01143432
0.01189852
0.01164365
0.01111174
0.01138949
0.01116085
0.01140642
0.01119995
0.01143456
0.01119733
0.01141500
0.01118684
0.01144743
0.01105380
0.01135826
0.01104355
0.01129222
0.01115775
0.01131368
0.01112890
0.01139760
0.01120830
0.01139283
0.01147652
0.01157355
0.01168823
0.01172161
0.01176834
0.01176763
0.01139784
0.01146102
0.01172066
0.01146555
0.01147628
0.01148653
0.01173306
0.01163435
0.01172280
0.01180696
0.01177096
0.01166701
0.01160431
0.01149011
0.01158285
0.01169658
0.01162195
0.01157904
0.01154661
0.01144862
0.01147604
0.01140261
0.01142430
0.01134205
0.01120496
0.01129174
0.01110506
0.01132059
0.01121306
0.01135516
0.01110530
0.01127148
0.01106691
0.01132965
0.01111126
0.01131868
0.01110291
0.01129866
0.01123428
0.01134634
0.01104832
0.01142740
0.01105189
0.01133275
0.01098919
0.01132894
0.01098537
0.01135778
0.01119685
0.01142406
0.01107216
0.01127195
0.01112771
0.01111650
0.01094842
0.01121902
0.01094651
0.01103854
0.01105475
0.01107407
0.01092434
0.01118517
0.01100707
0.01104832
0.01106405
0.01126385
0.01103163
0.01123190
0.01102233
0.01131511
0.01106310
0.01130819
0.01103902
0.01131749
0.01099968
0.01133847
0.01098943
0.01094222
0.01094651
0.01111794
0.01108766
0.01105690
0.01094937
0.01095557
0.01100206
0.01114702
0.01102829
0.01117063
0.01117611
0.01132679
0.01110816
0.01142144
0.01113105
0.01127720
0.01097536
0.01147938
0.01112652
0.01124263
0.01106858
0.01133990
0.01125240
0.01134801
0.01116896
0.01126885
0.01114082
0.01141858
0.01113677
0.01140666
0.01147604
0.01143289
0.01155996
0.01139665
0.01169729
0.01146984
0.01168084
0.01144361
0.01152587
0.01155090
0.01163435
0.01173353
0.01171589
0.01171565
0.01177716
0.01176453
0.01172376
0.01173568
0.01175356
0.01167798
0.01169348
0.01147509
0.01162386
0.01170015
0.01168132
0.01163459
0.01173782
0.01172566
0.01167631
0.01181078
0.01182079
0.01171255
0.01182699
0.01167250
0.01172209
0.01185679
0.01175714
0.01177049
0.01153135
0.01148510
0.01149583
0.01156902
0.01174998
0.01169395
0.01169276
0.01172996
0.01173306
0.01159334
0.01201415
0.01183033
0.01178575
0.01183248
0.01179457
0.01155782
0.01159716
0.01151800
0.01164293
0.01148891
0.01151013
0.01139379
0.01155949
0.01152039
0.01142764
0.01149249
0.01152587
0.01148248
0.01147270
0.01151013
0.01146388
0.01149297
0.01151156
0.01169276
0.01174474
0.01174617
0.01163435
0.01166487
0.01152492
0.01167011
0.01165938
0.01163626
0.01168060
0.01167965
0.01161623
0.01154613
0.01164556
0.01152539
0.01159644
0.01156926
0.01166606
0.01148248
0.01165533
0.01139355
0.01126790
0.01154542
0.01129746
0.01143503
0.01147103
0.01144481
0.01161861
0.01130605
0.01154041
0.01133609
0.01124334
0.01137114
0.01105070
0.01132703
0.01111913
0.01130247
0.01101565
0.01119757
0.01102662
0.01127505
0.01100421
0.01094413
0.01085663
0.01101136
0.01100540
0.01102161
0.01097226
0.01104617
0.01095915
0.01094127
0.01083970
0.01104283
0.01101041
0.01122808
0.01093435
0.01129293
0.01107788
0.01127338
0.01102114
0.01127839
0.01098585
0.01130462
0.01102114
0.01125193
0.01100397
0.01099324
0.01095414
0.01094961
0.01102710
0.01099324
0.01088428
0.01092267
0.01091385
0.01099372
0.01086855
0.01092148
0.01100135
0.01096487
0.01093888
0.01094031
0.01090169
0.01096892
0.01085687
0.01105404
0.01096988
0.01106906
0.01090002
0.01101089
0.01092005
0.01096940
0.01097178
0.01092100
0.01100016
0.01103997
0.01120853
0.01095915
0.01103425
0.01102853
0.01100421
0.01097560
0.01100206
0.01104140
0.01106024
0.01127815
0.01103973
0.01126027
0.01107001
0.01136279
0.01109648
0.01138663
0.01110435
0.01132679
0.01113033
0.01139951
0.01109004
0.01133990
0.01116872
0.01132417
0.01108336
0.01140308
0.01101899
0.01130414
0.01106477
0.01125073
0.01099753
0.01116276
0.01107121
0.01140213
0.01110315
0.01130223
0.01106429
0.01139522
0.01117659
0.01134658
0.01111507
0.01149750
0.01121974
0.01144457
0.01121998
0.01149702
0.01129699
0.01147008
0.01143980
0.01142192
0.01149321
0.01127458
0.01096272
0.01113605
0.01108646
0.01128006
0.01114178
0.01129341
0.01111507
0.01139259
0.01123476
0.01142788
0.01114631
0.01132631
0.01116443
0.01133299
0.01135111
0.01127648
0.01118851
0.01131535
0.01119161
0.01127076
0.01112437
0.01136899
0.01116133
0.01130462
0.01109648
0.01118898
0.01110172
0.01132011
0.01110506
0.01129246
0.01116538
0.01139498
0.01150131
0.01136065
0.01149654
0.01134324
0.01145864
0.01144624
0.01152587
0.01137710
0.01153469
0.01136231
0.01155138
0.01132059
0.01143360
0.01162505
0.01154089
0.01164103
0.01158690
0.01144767
0.01145315
0.01137710
0.01120138
0.01141143
0.01116800
0.01129699
0.01115537
0.01137590
0.01111364
0.01130223
0.01116395
0.01135707
0.01120543
0.01136231
0.01113820
0.01125026
0.01120639
0.01139569
0.01108980
0.01107264
0.01098585
0.01146364
0.01105762
0.01107359
0.01105809
0.01107812
0.01106763
0.01129651
0.01108909
0.01114154
0.01104116
0.01122451
0.01107907
0.01121998
0.01108789
0.01127362
0.01111984
0.01123881
0.01099992
0.01128435
0.01101637
0.01132846
0.01100993
0.01127911
0.01098204
0.01126266
0.01107883
0.01127553
0.01093006
0.01127839
0.01099944
0.01134467
0.01101017
0.01110911
0.01107454
0.01115656
0.01102400
0.01127124
0.01089311
0.01125932
0.01103020
0.01125312
0.01095414
0.01119208
0.01095963
0.01129651
0.01091838
0.01121426
0.01101041
0.01122832
0.01093197
0.01126027
0.01106763
0.01128006
0.01099634
0.01125312
0.01097941
0.01128006
0.01104784
0.01126289
0.01102972
0.01128697
0.01098776
0.01121879
0.01094651
0.01123285
0.01102924
0.01119256
0.01098657
0.01119113
0.01099944
0.01116705
0.01113749
0.01119804
0.01100087
0.01095986
0.01094747
0.01113296
0.01091623
0.01100993
0.01106000
0.01119566
0.01108027
0.01106262
0.01104736
0.01121426
0.01130128
0.01108265
0.01099730
0.01094794
0.01098585
0.01105618
0.01094604
0.01104951
0.01105714
0.01125979
0.01102066
0.01099300
0.01095915
0.01106882
0.01108050
0.01114726
0.01092958
0.01119447
0.01090956
0.01123977
0.01104403
0.01126099
0.01097512
0.01119351
0.01098514
0.01134086
0.01104832
0.01127005
0.01095891
0.01110339
0.01111794
0.01134944
0.01105237
0.01119971
0.01103687
0.01121902
0.01109338
0.01126051
0.01110220
0.01121879
0.01104045
0.01134014
0.01102352
0.01132846
0.01093960
0.01139522
0.01104379
0.01130867
0.01091051
0.01114583
0.01109004
0.01104879
0.01098561
0.01097608
0.01101565
0.01108122
0.01093531
0.01102448
0.01096153
0.01122785
0.01090884
0.01112556
0.01090217
0.01121902
0.01096749
0.01114440
0.01085186
0.01113582
0.01095819
0.01116610
0.01084113
0.01109934
0.01103854
0.01105595
0.01087737
0.01115823
0.01101542
0.01111579
0.01090360
0.01111698
0.01088381
0.01093245
0.01085353
0.01119137
0.01087570
0.01104712
0.01080012
