561.000,311.000,22.000,51.000
558.324,311.141,22.000,51.000
554.803,312.127,22.000,51.000
551.491,314.047,22.487,52.128
546.165,313.327,22.487,52.128
540.390,317.380,22.984,53.282
537.889,317.233,22.984,53.282
534.505,317.969,22.984,53.282
529.061,317.821,22.984,53.282
526.559,317.086,22.984,53.282
521.409,315.467,22.984,53.282
518.614,316.791,22.984,53.282
516.112,316.939,22.984,53.282
510.374,315.614,22.984,53.282
507.284,316.350,22.984,53.282
505.077,315.614,22.984,53.282
502.281,316.939,22.984,53.282
499.191,315.614,22.984,53.282
496.984,317.527,22.984,53.282
494.189,317.086,22.984,53.282
488.156,318.704,22.984,53.282
485.655,318.851,22.984,53.282
480.505,320.764,22.984,53.282
478.004,319.734,22.984,53.282
476.385,320.176,22.984,53.282
473.884,318.851,22.984,53.282
471.971,320.470,22.984,53.282
470.352,318.851,22.984,53.282
468.186,318.427,22.494,52.145
462.858,318.283,22.494,52.145
461.294,318.978,22.014,51.033
455.798,318.273,22.014,51.033
453.120,318.132,22.014,51.033
451.288,317.427,22.014,51.033
449.213,319.466,21.545,49.945
447.696,317.949,21.545,49.945
445.903,315.880,21.545,49.945
439.798,316.615,22.022,51.050
435.710,319.012,22.022,51.050
434.441,319.717,22.022,51.050
432.890,320.985,22.022,51.050
430.211,319.435,22.022,51.050
428.661,319.576,22.022,51.050
426.042,318.625,21.552,49.962
421.489,320.695,21.552,49.962
419.695,320.281,21.552,49.962
416.522,322.902,21.552,49.962
413.625,324.972,21.552,49.962
411.555,324.558,21.552,49.962
406.450,324.144,21.552,49.962
400.794,326.214,21.552,49.962
399.000,326.627,21.552,49.962
396.378,327.593,21.552,49.962
392.377,329.387,21.552,49.962
390.584,328.973,21.552,49.962
388.238,331.594,21.552,49.962
384.421,332.044,22.029,51.067
381.460,332.467,22.029,51.067
378.498,333.454,22.029,51.067
372.716,334.723,22.029,51.067
370.601,333.736,22.029,51.067
365.665,332.467,22.029,51.067
363.227,330.878,22.516,52.197
361.065,332.175,22.516,52.197
360.056,333.760,22.516,52.197
355.876,335.058,22.516,52.197
350.542,334.049,22.516,52.197
345.209,333.040,22.516,52.197
341.606,332.319,22.516,52.197
340.020,331.598,22.516,52.197
337.570,330.301,22.516,52.197
334.254,329.580,22.516,52.197
332.061,328.554,23.014,53.352
326.020,330.470,23.014,53.352
320.569,331.796,23.014,53.352
318.359,333.122,23.014,53.352
312.613,332.090,23.014,53.352
309.814,331.354,23.014,53.352
307.604,330.617,23.014,53.352
304.805,330.470,23.014,53.352
301.711,330.322,23.014,53.352
299.501,329.880,23.014,53.352
296.407,329.144,23.014,53.352
291.840,329.586,23.014,53.352
290.808,329.733,23.014,53.352
288.304,329.880,23.014,53.352
285.210,327.965,23.014,53.352
283.000,326.639,23.014,53.352
280.495,325.902,23.014,53.352
277.990,325.166,23.014,53.352
276.664,326.197,23.014,53.352
273.571,326.934,23.014,53.352
271.066,325.902,23.014,53.352
268.267,327.523,23.014,53.352
262.815,329.438,23.014,53.352
259.427,329.291,23.014,53.352
257.542,330.002,22.524,52.214
254.226,329.569,22.524,52.214
250.621,329.713,22.524,52.214
249.035,329.281,22.524,52.214
244.277,329.137,22.524,52.214
241.249,328.127,22.524,52.214
238.797,328.848,22.524,52.214
233.462,328.993,22.524,52.214
229.858,327.406,22.524,52.214
227.406,328.704,22.524,52.214
224.955,327.983,22.524,52.214
220.774,326.974,22.524,52.214
218.611,328.272,22.524,52.214
216.160,328.992,22.524,52.214
211.978,328.272,22.524,52.214
209.527,329.281,22.524,52.214
206.499,328.272,22.524,52.214
202.894,328.704,22.524,52.214
200.155,329.137,22.524,52.214
196.838,328.704,22.524,52.214
191.503,328.848,22.524,52.214
189.629,329.858,22.524,52.214
186.889,328.272,22.524,52.214
181.842,326.685,22.524,52.214
180.256,327.983,22.524,52.214
177.517,325.532,22.524,52.214
174.777,325.964,22.524,52.214
172.326,325.532,22.524,52.214
169.586,325.964,22.524,52.214
166.558,324.667,22.524,52.214
163.819,326.253,22.524,52.214
157.330,326.974,22.524,52.214
154.302,326.253,22.524,52.214
152.139,326.974,22.524,52.214
149.400,325.099,22.524,52.214
146.660,324.378,22.524,52.214
144.786,326.830,22.524,52.214
141.181,328.127,22.524,52.214
137.865,326.830,22.524,52.214
134.837,325.244,22.524,52.214
130.078,323.657,22.524,52.214
126.388,324.725,23.022,53.369
123.883,324.873,23.022,53.369
118.430,321.778,23.022,53.369
115.040,320.746,23.022,53.369
112.535,321.188,23.022,53.369
110.324,320.451,23.022,53.369
104.871,322.957,23.022,53.369
103.839,323.104,23.022,53.369
101.629,322.073,23.022,53.369
99.080,321.329,23.531,54.550
96.821,322.384,23.531,54.550
94.841,322.249,24.052,55.757
91.916,323.019,24.052,55.757
88.990,324.405,24.052,55.757
82.985,324.867,24.052,55.757
76.980,322.865,24.052,55.757
74.979,321.171,24.052,55.757
72.119,319.243,23.539,54.568
68.954,318.490,23.539,54.568
67.296,319.846,23.539,54.568
65.639,319.695,23.539,54.568
63.981,318.942,23.539,54.568
62.022,319.695,23.539,54.568
59.762,318.942,23.539,54.568
57.502,319.996,23.539,54.568
58.556,319.846,23.539,54.568
56.899,319.394,23.539,54.568
53.734,318.339,23.539,54.568
52.981,318.791,23.539,54.568
51.323,318.339,23.539,54.568
49.364,317.585,23.539,54.568
48.008,317.736,23.539,54.568
46.652,318.490,23.539,54.568
47.104,317.133,23.539,54.568
45.748,318.490,23.539,54.568
44.392,317.435,23.539,54.568
42.734,318.791,23.539,54.568
41.981,319.243,23.539,54.568
40.022,318.188,23.539,54.568
38.967,319.544,23.539,54.568
40.022,318.489,23.539,54.568
40.474,319.243,23.539,54.568
39.117,317.887,23.539,54.568
39.871,319.243,23.539,54.568
39.419,320.298,23.539,54.568
39.315,320.163,24.060,55.775
38.545,318.777,24.060,55.775
39.315,319.855,24.060,55.775
38.853,320.009,24.060,55.775
40.239,320.471,24.060,55.775
38.853,319.393,24.060,55.775
40.344,319.255,24.592,57.009
38.927,319.728,24.592,57.009
37.196,317.996,24.592,57.009
36.409,318.783,24.592,57.009
37.511,317.681,24.592,57.009
36.723,318.468,24.592,57.009
35.306,319.255,24.592,57.009
36.409,318.468,24.592,57.009
35.936,318.626,24.592,57.009
35.464,317.524,24.592,57.009
36.566,317.051,24.592,57.009
35.779,317.839,24.592,57.009
35.936,317.051,24.592,57.009
35.464,317.839,24.592,57.009
36.881,317.051,24.592,57.009
34.485,316.911,25.136,58.270
35.934,317.072,25.136,58.270
34.485,316.589,25.136,58.270
35.290,315.462,25.136,58.270
33.842,315.302,25.136,58.270
34.968,316.428,25.136,58.270
34.485,314.980,25.136,58.270
34.968,315.784,25.136,58.270
33.842,315.623,25.136,58.270
35.290,315.784,25.136,58.270
33.842,315.623,25.136,58.270
34.968,315.462,25.136,58.270
33.520,314.980,25.136,58.270
34.324,315.784,25.136,58.270
34.485,315.945,25.136,58.270
34.968,315.462,25.136,58.270
34.164,315.623,25.136,58.270
35.290,315.141,25.136,58.270
34.807,315.945,25.136,58.270
36.255,315.462,25.136,58.270
35.451,314.658,25.136,58.270
36.899,315.462,25.136,58.270
37.382,314.658,25.136,58.270
36.577,315.784,25.136,58.270
37.382,315.301,25.136,58.270
36.255,316.106,25.136,58.270
37.382,315.301,25.136,58.270
36.255,315.784,25.136,58.270
37.060,314.980,25.136,58.270
35.934,315.784,25.136,58.270
35.773,315.301,25.136,58.270
36.899,316.106,25.136,58.270
36.095,315.301,25.136,58.270
35.934,315.462,25.136,58.270
36.738,314.980,25.136,58.270
37.865,315.141,25.136,58.270
38.347,315.301,25.136,58.270
37.865,315.784,25.136,58.270
38.991,314.658,25.136,58.270
37.221,315.141,25.136,58.270
38.347,315.301,25.136,58.270
37.543,314.819,25.136,58.270
38.026,315.301,25.136,58.270
36.899,314.819,25.136,58.270
38.347,314.980,25.136,58.270
37.543,314.497,25.136,58.270
38.669,314.658,25.136,58.270
38.508,314.819,25.136,58.270
38.991,315.301,25.136,58.270
37.221,315.462,25.136,58.270
38.026,314.980,25.136,58.270
36.899,315.784,25.136,58.270
38.347,314.980,25.136,58.270
37.865,314.497,25.136,58.270
39.313,313.692,25.136,58.270
37.221,314.175,25.136,58.270
38.669,314.336,25.136,58.270
37.543,314.175,25.136,58.270
38.026,314.658,25.136,58.270
36.577,313.531,25.136,58.270
37.704,314.014,25.136,58.270
37.221,313.853,25.136,58.270
37.382,313.692,25.136,58.270
37.221,313.210,25.136,58.270
37.382,314.336,25.136,58.270
37.865,314.175,25.136,58.270
38.669,314.014,25.136,58.270
38.186,313.853,25.136,58.270
38.991,314.014,25.136,58.270
39.474,314.497,25.136,58.270
39.635,313.371,25.136,58.270
39.152,314.175,25.136,58.270
38.347,315.301,25.136,58.270
39.474,315.462,25.136,58.270
40.278,315.301,25.136,58.270
41.727,316.750,25.136,58.270
42.531,316.911,25.136,58.270
42.048,317.072,25.136,58.270
40.922,317.876,25.136,58.270
42.048,319.003,25.136,58.270
40.278,319.485,25.136,58.270
40.117,320.612,25.136,58.270
40.922,320.773,25.136,58.270
40.117,320.934,25.136,58.270
37.669,322.459,25.692,59.560
36.518,321.637,25.692,59.560
37.998,324.104,25.692,59.560
36.847,322.295,25.692,59.560
36.682,323.775,25.692,59.560
35.860,321.966,25.692,59.560
35.037,323.117,25.692,59.560
36.518,321.637,25.692,59.560
35.695,323.117,25.692,59.560
35.202,320.979,25.692,59.560
36.353,322.130,25.692,59.560
35.531,320.979,25.692,59.560
35.366,322.130,25.692,59.560
33.557,320.650,25.692,59.560
34.708,322.130,25.692,59.560
32.241,319.663,25.692,59.560
33.393,321.143,25.692,59.560
31.912,319.005,25.692,59.560
31.090,317.525,25.692,59.560
31.912,318.676,25.692,59.560
29.445,316.538,25.692,59.560
29.939,315.387,25.692,59.560
28.458,314.235,25.692,59.560
26.978,314.071,25.692,59.560
25.169,313.578,25.692,59.560
26.649,314.729,25.692,59.560
25.827,313.249,25.692,59.560
24.018,314.071,25.692,59.560
22.537,313.249,25.692,59.560
23.689,314.729,25.692,59.560
22.210,312.876,26.261,60.877
21.033,311.699,26.261,60.877
11.787,309.513,26.261,60.877
12.291,311.026,26.261,60.877
9.433,308.505,26.261,60.877
7.931,309.316,25.701,59.579
6.143,308.207,25.153,58.309
6.304,309.978,25.153,58.309
6.787,309.173,25.153,58.309
7.915,310.300,25.153,58.309
8.398,311.749,25.153,58.309
6.626,309.656,25.153,58.309
8.076,311.427,25.153,58.309
8.559,312.876,25.153,58.309
8.720,311.427,25.153,58.309
5.982,309.334,25.153,58.309
5.177,311.105,25.153,58.309
5.660,311.910,25.153,58.309
5.821,312.715,25.153,58.309
5.710,313.908,25.709,59.599
3.900,311.768,25.709,59.599
3.077,310.945,25.709,59.599
4.779,311.105,25.161,58.328
5.262,312.555,25.161,58.328
5.423,312.393,25.161,58.328
4.604,310.997,24.624,57.084
3.816,312.101,24.624,57.084
1.452,311.943,24.624,57.084
2.240,311.155,24.624,57.084
0.821,312.574,24.624,57.084
