310.000,102.000,39.000,50.000
308.077,102.175,39.000,50.000
306.503,100.601,39.000,50.000
305.279,98.678,39.000,50.000
303.705,98.153,39.000,50.000
302.831,96.929,39.000,50.000
301.956,96.404,39.000,50.000
301.082,95.180,39.000,50.000
298.459,92.907,39.000,50.000
297.235,92.033,39.000,50.000
296.361,90.809,39.000,50.000
295.487,90.284,39.000,50.000
294.962,90.109,39.000,50.000
294.787,89.235,39.000,50.000
293.213,87.661,39.000,50.000
291.989,86.437,39.000,50.000
292.164,86.962,39.000,50.000
290.241,85.038,39.000,50.000
289.366,84.164,39.000,50.000
288.842,84.689,39.000,50.000
287.967,83.465,39.000,50.000
287.443,83.639,39.000,50.000
285.869,82.415,39.000,50.000
285.694,83.989,39.000,50.000
283.771,82.765,39.000,50.000
283.596,82.241,39.000,50.000
281.672,83.115,39.000,50.000
280.099,82.241,39.000,50.000
278.525,83.115,39.000,50.000
276.601,82.241,39.000,50.000
275.377,81.716,39.000,50.000
273.104,80.492,39.000,50.000
270.831,81.716,39.000,50.000
269.957,80.142,39.000,50.000
268.383,81.366,39.000,50.000
265.760,80.492,39.000,50.000
264.886,81.366,39.000,50.000
262.962,80.842,39.000,50.000
261.388,81.716,39.000,50.000
259.815,81.541,39.000,50.000
258.591,82.415,39.000,50.000
256.667,83.989,39.000,50.000
255.443,83.115,39.000,50.000
253.520,84.339,39.000,50.000
252.645,84.863,39.000,50.000
250.722,84.339,39.000,50.000
249.498,85.563,39.000,50.000
248.973,83.989,39.000,50.000
248.798,84.863,39.000,50.000
248.973,84.689,39.000,50.000
249.498,83.465,39.000,50.000
248.623,83.989,39.000,50.000
250.547,81.716,39.000,50.000
252.121,79.093,39.000,50.000
253.345,78.568,39.000,50.000
256.317,75.246,39.000,50.000
258.591,72.973,39.000,50.000
262.263,69.650,39.000,50.000
265.585,65.978,39.000,50.000
268.558,63.705,39.000,50.000
272.230,60.383,39.000,50.000
274.853,58.459,39.000,50.000
278.875,56.186,39.000,50.000
282.547,53.913,39.000,50.000
284.820,52.689,39.000,50.000
288.492,51.115,39.000,50.000
290.415,50.940,39.000,50.000
293.038,49.366,39.000,50.000
296.011,48.142,39.000,50.000
297.944,48.507,38.168,48.934
300.853,46.967,38.168,48.934
304.447,45.084,38.168,48.934
306.338,43.792,37.354,47.890
308.851,43.289,37.354,47.890
312.368,41.447,37.354,47.890
313.875,42.284,37.354,47.890
316.722,39.772,37.354,47.890
316.890,39.270,37.354,47.890
317.727,37.092,37.354,47.890
318.565,34.915,37.354,47.890
319.402,35.752,37.354,47.890
320.909,33.575,37.354,47.890
322.082,31.733,37.354,47.890
322.249,29.556,37.354,47.890
321.747,28.383,37.354,47.890
321.338,28.410,36.558,46.869
321.502,28.573,36.558,46.869
321.010,26.770,36.558,46.869
320.294,28.376,35.778,45.869
321.417,29.499,35.778,45.869
319.973,29.980,35.778,45.869
318.850,29.499,35.778,45.869
319.011,30.301,35.778,45.869
318.209,30.141,35.778,45.869
318.369,31.264,35.778,45.869
317.567,31.745,35.778,45.869
316.444,30.301,35.778,45.869
315.000,32.066,35.778,45.869
313.372,34.256,35.015,44.891
312.587,36.296,35.015,44.891
311.174,39.279,35.015,44.891
309.761,40.378,35.015,44.891
308.662,42.105,35.015,44.891
306.621,43.832,35.015,44.891
304.266,46.501,35.015,44.891
305.679,44.460,35.015,44.891
303.324,46.187,35.015,44.891
306.307,45.088,35.015,44.891
308.034,43.989,35.015,44.891
306.935,45.088,35.015,44.891
309.275,43.902,34.268,43.934
307.585,45.900,34.268,43.934
310.765,44.739,33.538,42.997
312.118,42.484,33.538,42.997
313.471,44.138,33.538,42.997
313.020,45.792,33.538,42.997
315.276,44.739,33.538,42.997
316.629,44.288,33.538,42.997
318.283,45.341,33.538,42.997
321.140,44.589,33.538,42.997
325.200,43.837,33.538,42.997
328.358,43.386,33.538,42.997
329.110,45.040,33.538,42.997
331.666,46.694,33.538,42.997
331.215,46.243,33.538,42.997
333.471,48.198,33.538,42.997
334.222,49.852,33.538,42.997
334.673,51.205,33.538,42.997
333.320,50.153,33.538,42.997
331.967,51.506,33.538,42.997
330.914,51.356,33.538,42.997
329.260,52.709,33.538,42.997
328.508,52.559,33.538,42.997
327.456,53.310,33.538,42.997
325.057,54.863,34.280,43.948
323.366,55.324,34.280,43.948
321.552,53.084,35.038,44.921
319.045,53.402,35.813,45.915
316.483,55.060,36.606,46.930
312.843,52.667,37.416,47.969
310.662,53.506,37.416,47.969
310.422,52.801,38.243,49.030
308.536,52.287,38.243,49.030
309.002,51.567,39.090,50.115
305.842,51.194,39.954,51.224
304.843,50.070,40.838,52.357
301.730,48.422,40.838,52.357
302.279,47.140,40.838,52.357
300.067,46.816,39.968,51.240
299.285,47.880,39.115,50.148
298.758,45.951,39.115,50.148
299.285,44.022,39.115,50.148
297.706,45.250,39.115,50.148
296.478,44.022,39.115,50.148
297.319,45.469,39.981,51.257
295.706,44.573,39.981,51.257
297.319,45.469,39.981,51.257
294.631,43.856,39.981,51.257
292.811,45.612,39.128,50.164
292.284,44.033,39.128,50.164
291.518,43.384,38.294,49.094
289.629,44.929,38.294,49.094
288.771,44.757,38.294,49.094
288.256,44.242,38.294,49.094
286.711,44.757,38.294,49.094
285.852,44.586,38.294,49.094
284.440,44.282,37.477,48.047
284.944,44.786,37.477,48.047
285.112,45.962,37.477,48.047
284.944,45.122,37.477,48.047
283.432,44.282,37.477,48.047
283.264,44.786,37.477,48.047
283.096,45.626,37.477,48.047
282.158,45.618,38.306,49.111
283.017,45.102,38.306,49.111
281.815,46.648,38.306,49.111
283.017,46.820,38.306,49.111
283.128,47.524,39.154,50.197
284.357,48.402,39.154,50.197
286.288,47.173,39.154,50.197
285.308,47.528,40.020,51.308
286.923,46.631,40.020,51.308
287.820,47.169,40.020,51.308
288.358,48.784,40.020,51.308
291.725,48.121,39.167,50.214
291.110,49.205,40.033,51.325
292.725,49.743,40.033,51.325
294.709,50.464,39.179,50.230
295.939,51.693,39.179,50.230
298.925,52.572,39.179,50.230
301.205,52.938,38.344,49.159
303.097,53.110,38.344,49.159
305.332,52.594,38.344,49.159
307.895,53.615,37.526,48.111
309.409,53.111,37.526,48.111
312.890,54.759,36.726,47.085
315.031,56.241,36.726,47.085
316.513,56.405,36.726,47.085
317.666,57.229,36.726,47.085
320.120,58.524,35.943,46.080
321.893,58.041,35.943,46.080
323.344,60.458,35.943,46.080
324.794,61.909,35.943,46.080
325.567,62.235,36.738,47.100
324.989,62.226,37.551,48.142
325.797,63.615,38.382,49.207
325.969,64.820,38.382,49.207
327.173,66.025,38.382,49.207
329.755,64.820,38.382,49.207
330.993,66.506,37.563,48.158
330.488,66.674,37.563,48.158
332.341,68.190,37.563,48.158
333.553,70.164,36.762,47.131
331.740,70.329,36.762,47.131
332.926,72.579,35.978,46.126
332.532,74.160,35.211,45.142
333.364,75.097,34.460,44.179
331.974,74.943,34.460,44.179
333.055,73.552,34.460,44.179
332.901,71.853,34.460,44.179
332.746,71.698,34.460,44.179
333.519,71.544,34.460,44.179
333.055,70.462,34.460,44.179
333.828,70.617,34.460,44.179
333.364,69.535,34.460,44.179
332.592,70.308,34.460,44.179
332.128,70.462,34.460,44.179
332.283,69.072,34.460,44.179
330.583,70.771,34.460,44.179
331.356,70.308,34.460,44.179
329.656,71.389,34.460,44.179
330.429,71.853,34.460,44.179
328.729,73.243,34.460,44.179
329.811,73.398,34.460,44.179
328.420,74.788,34.460,44.179
327.338,75.252,34.460,44.179
326.257,74.170,34.460,44.179
327.338,75.252,34.460,44.179
325.330,75.097,34.460,44.179
323.939,76.179,34.460,44.179
323.476,76.951,34.460,44.179
322.085,76.488,34.460,44.179
321.622,77.260,34.460,44.179
320.231,78.342,34.460,44.179
319.459,79.424,34.460,44.179
318.377,78.651,34.460,44.179
316.059,79.733,34.460,44.179
314.978,81.123,34.460,44.179
313.896,81.278,34.460,44.179
311.888,82.359,34.460,44.179
310.806,81.896,34.460,44.179
309.725,82.977,34.460,44.179
307.716,82.205,34.460,44.179
306.326,83.286,34.460,44.179
304.626,84.059,34.460,44.179
302.926,84.522,34.460,44.179
300.918,83.441,34.460,44.179
299.836,84.213,34.460,44.179
298.137,85.295,34.460,44.179
297.673,85.449,34.460,44.179
295.665,84.368,34.460,44.179
294.583,85.758,34.460,44.179
293.502,85.604,34.460,44.179
293.038,86.376,34.460,44.179
291.957,88.076,34.460,44.179
291.184,89.157,34.460,44.179
290.102,90.239,34.460,44.179
289.948,91.011,34.460,44.179
289.175,92.711,34.460,44.179
289.639,93.793,34.460,44.179
289.175,95.492,34.460,44.179
290.566,97.192,34.460,44.179
289.175,101.054,34.460,44.179
289.639,102.754,34.460,44.179
289.175,105.690,34.460,44.179
289.639,107.080,34.460,44.179
289.175,109.398,34.460,44.179
290.566,111.097,34.460,44.179
288.866,114.651,34.460,44.179
290.875,116.042,34.460,44.179
293.502,117.432,34.460,44.179
291.037,119.668,35.222,45.157
288.668,120.774,35.222,45.157
256.609,122.511,35.222,45.157
254.872,122.985,35.222,45.157
257.556,124.406,35.222,45.157
259.297,123.087,36.002,46.156
257.844,122.603,36.002,46.156
258.974,122.119,36.002,46.156
257.844,121.635,36.002,46.156
255.269,118.612,36.798,47.177
254.006,114.838,37.612,48.221
254.174,111.971,37.612,48.221
255.683,107.763,38.445,49.288
253.787,104.833,38.445,49.288
293.260,80.873,38.445,49.288
295.156,77.943,38.445,49.288
292.570,71.565,38.445,49.288
290.330,68.635,38.445,49.288
287.937,65.407,39.295,50.378
288.818,59.240,39.295,50.378
291.108,56.598,39.295,50.378
288.818,53.955,39.295,50.378
284.413,50.960,39.295,50.378
281.771,47.965,39.295,50.378
280.890,42.150,39.295,50.378
280.009,38.803,39.295,50.378
281.242,35.103,39.295,50.378
280.361,32.460,39.295,50.378
279.128,27.703,39.295,50.378
279.304,24.356,39.295,50.378
278.423,22.065,39.295,50.378
276.485,19.423,39.295,50.378
276.661,16.780,39.295,50.378
276.485,15.899,39.295,50.378
274.899,14.666,39.295,50.378
273.314,12.375,39.295,50.378
274.195,11.847,39.295,50.378
272.961,12.023,39.295,50.378
272.785,12.199,39.295,50.378
272.257,12.023,39.295,50.378
271.376,11.494,39.295,50.378
270.495,10.966,39.295,50.378
269.966,11.494,39.295,50.378
269.438,11.318,39.295,50.378
269.966,11.494,39.295,50.378
269.085,12.023,39.295,50.378
269.261,13.608,39.295,50.378
270.495,12.727,39.295,50.378
270.319,13.961,39.295,50.378
271.199,15.194,39.295,50.378
272.080,15.723,39.295,50.378
273.348,17.109,38.457,49.304
272.831,16.936,38.457,49.304
273.693,18.143,38.457,49.304
274.900,20.730,38.457,49.304
276.107,21.937,38.457,49.304
277.659,22.454,38.457,49.304
275.763,24.696,38.457,49.304
278.004,26.592,38.457,49.304
279.211,27.799,38.457,49.304
278.694,29.696,38.457,49.304
280.246,32.627,38.457,49.304
279.384,34.524,38.457,49.304
279.901,36.076,38.457,49.304
280.763,37.628,38.457,49.304
280.159,39.766,39.308,50.395
281.004,40.854,40.178,51.510
281.184,41.755,40.178,51.510
281.364,45.538,40.178,51.510
281.544,47.880,40.178,51.510
280.913,50.113,41.067,52.650
281.032,51.250,41.975,53.814
281.973,53.697,41.975,53.814
284.043,54.261,41.975,53.814
286.489,57.084,41.975,53.814
285.667,59.653,41.080,52.667
288.430,62.785,41.080,52.667
289.756,65.654,40.204,51.544
289.215,68.358,40.204,51.544
290.837,70.341,40.204,51.544
290.297,72.324,40.204,51.544
