125.000,86.000,15.000,16.000
126.525,85.451,15.000,16.000
127.807,84.902,15.000,16.000
130.064,83.620,15.000,16.000
130.857,82.461,15.000,16.000
132.505,82.766,15.000,16.000
133.298,81.729,15.000,16.000
134.457,82.034,15.000,16.000
136.593,82.583,15.000,16.000
138.729,82.522,15.000,16.000
140.986,82.949,15.000,16.000
143.244,83.498,15.000,16.000
144.281,84.047,15.000,16.000
146.050,83.498,15.000,16.000
146.966,84.047,15.000,16.000
148.979,83.132,15.000,16.000
149.894,82.583,15.000,16.000
151.054,81.424,15.000,16.000
151.847,80.997,15.000,16.000
153.738,79.715,15.000,16.000
154.532,78.434,15.000,16.000
155.447,77.763,15.000,16.000
156.362,76.482,15.000,16.000
157.399,76.176,15.000,16.000
158.925,75.383,15.000,16.000
159.708,74.763,15.332,16.354
160.519,74.451,15.332,16.354
161.080,74.139,15.332,16.354
161.891,75.075,15.332,16.354
162.827,74.888,15.332,16.354
165.009,74.576,15.332,16.354
165.321,73.765,15.332,16.354
166.007,73.204,15.332,16.354
165.446,73.391,15.332,16.354
166.381,72.580,15.332,16.354
166.943,73.017,15.332,16.354
166.381,73.453,15.332,16.354
168.689,72.393,15.332,16.354
169.001,73.204,15.332,16.354
168.814,75.262,15.332,16.354
169.624,76.322,15.332,16.354
170.435,75.512,15.332,16.354
171.371,78.567,15.332,16.354
170.560,78.131,15.332,16.354
176.859,71.458,15.332,16.354
177.272,66.165,15.671,16.716
171.726,77.958,15.671,16.716
172.809,79.042,15.671,16.716
172.108,77.066,15.671,16.716
161.463,72.540,15.671,16.716
156.461,65.278,16.018,17.086
174.333,77.730,16.372,17.464
175.332,78.330,16.372,17.464
176.331,77.730,16.372,17.464
177.197,78.729,16.372,17.464
178.595,79.462,16.372,17.464
179.062,80.061,16.372,17.464
179.927,80.527,16.372,17.464
180.660,82.059,16.372,17.464
181.541,83.080,16.023,17.091
183.040,83.275,16.023,17.091
182.453,86.078,16.023,17.091
183.300,84.970,16.023,17.091
184.800,85.557,16.023,17.091
185.256,86.274,16.023,17.091
186.364,85.426,16.023,17.091
187.863,85.752,16.023,17.091
188.449,84.905,16.023,17.091
205.852,67.502,16.023,17.091
209.697,76.562,16.023,17.091
210.153,75.193,16.023,17.091
208.785,64.178,16.023,17.091
212.056,66.491,16.378,17.469
217.059,72.173,16.740,17.856
220.259,75.101,16.740,17.856
221.840,77.659,17.110,18.251
225.390,76.197,17.110,18.251
226.851,72.926,17.110,18.251
226.225,71.047,17.110,18.251
225.042,70.838,17.110,18.251
215.785,74.388,17.110,18.251
212.202,73.103,17.489,18.655
192.302,69.575,17.876,19.068
188.739,69.793,17.876,19.068
187.503,70.593,17.876,19.068
186.994,71.247,17.876,19.068
185.363,72.319,18.271,19.489
184.248,73.136,18.271,19.489
182.241,74.103,18.271,19.489
178.748,75.069,18.271,19.489
175.403,75.886,18.271,19.489
173.991,76.704,18.271,19.489
170.628,77.336,18.676,19.921
168.728,77.564,18.676,19.921
165.462,77.033,18.676,19.921
164.626,77.564,18.676,19.921
163.791,76.425,18.676,19.921
162.195,75.437,18.676,19.921
161.512,74.905,18.676,19.921
160.828,74.981,18.676,19.921
159.688,74.298,18.676,19.921
158.701,73.158,18.676,19.921
157.257,73.994,18.676,19.921
158.245,73.158,18.676,19.921
157.561,72.019,18.676,19.921
157.333,72.551,18.676,19.921
156.194,71.715,18.676,19.921
155.358,71.943,18.676,19.921
154.371,72.626,18.676,19.921
153.383,73.158,18.676,19.921
151.940,73.386,18.676,19.921
150.344,74.374,18.676,19.921
149.053,75.361,18.676,19.921
147.002,76.501,18.676,19.921
144.951,77.792,18.676,19.921
142.900,79.236,18.676,19.921
141.153,80.831,18.676,19.921
139.557,83.642,18.676,19.921
137.962,85.845,18.676,19.921
135.303,89.111,18.676,19.921
134.012,91.618,18.676,19.921
132.416,95.493,18.676,19.921
130.973,99.215,18.676,19.921
129.226,103.089,18.676,19.921
128.542,107.571,18.676,19.921
126.996,111.213,19.089,20.361
125.520,114.707,19.089,20.361
123.734,117.735,19.089,20.361
122.725,119.366,19.089,20.361
121.871,120.531,19.089,20.361
122.299,121.421,18.682,19.927
121.399,122.439,18.283,19.502
120.949,121.859,17.893,19.086
120.368,121.852,17.512,18.679
119.250,119.373,17.138,18.281
118.484,116.097,17.138,18.281
117.209,110.615,17.518,18.685
116.283,105.270,17.518,18.685
113.504,99.926,17.518,18.685
112.862,94.582,17.518,18.685
111.794,90.805,17.518,18.685
112.150,85.746,17.518,18.685
114.074,84.535,17.518,18.685
114.715,83.751,17.518,18.685
114.501,80.972,17.518,18.685
114.858,79.618,17.518,18.685
115.784,77.979,17.518,18.685
106.449,72.492,17.518,18.685
105.381,69.571,17.518,18.685
104.454,68.502,17.518,18.685
103.528,68.716,17.518,18.685
102.459,67.504,17.518,18.685
100.963,68.003,17.518,18.685
99.894,66.934,17.518,18.685
98.255,66.721,17.518,18.685
95.048,66.079,17.518,18.685
93.980,67.148,17.518,18.685
90.345,59.809,17.518,18.685
80.868,65.153,17.518,18.685
99.894,67.077,17.518,18.685
97.115,65.723,17.518,18.685
95.476,64.797,17.518,18.685
94.321,65.255,17.905,19.099
95.105,66.178,18.301,19.521
95.907,66.193,18.706,19.953
96.896,66.269,18.706,19.953
97.715,66.443,19.120,20.395
99.660,67.299,19.120,20.395
102.757,68.122,19.543,20.846
103.778,67.479,19.976,21.307
106.507,67.496,20.417,21.779
107.919,66.480,20.869,22.260
110.041,65.546,20.869,22.260
111.823,65.801,20.869,22.260
113.606,65.376,20.869,22.260
116.106,64.338,21.331,22.753
118.120,65.256,21.803,23.256
121.756,66.409,21.803,23.256
123.815,69.004,22.285,23.771
127.425,70.904,22.778,24.297
129.384,74.577,23.282,24.834
133.077,78.460,23.282,24.834
136.771,82.343,23.282,24.834
138.192,85.468,23.282,24.834
140.370,89.730,23.282,24.834
141.790,93.802,23.282,24.834
144.916,95.602,23.282,24.834
143.495,99.485,23.282,24.834
149.624,105.204,23.797,25.384
152.819,109.947,23.797,25.384
160.272,106.172,23.797,25.384
160.950,104.913,23.797,25.384
161.857,104.531,23.290,24.843
161.383,105.383,23.290,24.843
160.720,104.720,23.290,24.843
161.383,103.299,23.290,24.843
159.166,103.107,22.793,24.313
160.928,103.756,22.793,24.313
160.650,107.372,22.793,24.313
159.815,105.796,22.793,24.313
159.467,104.084,23.298,24.851
158.803,102.852,23.298,24.851
132.294,85.961,23.813,25.401
128.322,81.602,23.813,25.401
122.607,76.856,23.813,25.401
121.154,66.298,23.813,25.401
117.183,68.719,23.813,25.401
115.211,67.333,24.340,25.963
113.924,65.848,24.340,25.963
112.043,64.561,24.340,25.963
110.233,62.938,24.878,26.537
108.917,61.622,24.878,26.537
107.399,62.128,24.878,26.537
106.488,60.813,24.878,26.537
105.478,60.204,25.429,27.124
103.587,60.226,25.991,27.724
102.636,59.063,25.991,27.724
101.896,58.112,25.991,27.724
101.155,57.372,25.991,27.724
100.204,57.689,25.991,27.724
98.618,56.314,25.991,27.724
96.609,57.054,25.991,27.724
94.600,57.583,25.991,27.724
92.592,58.957,25.991,27.724
90.583,60.755,25.991,27.724
88.574,63.186,25.991,27.724
86.354,66.887,25.991,27.724
84.557,69.530,25.991,27.724
81.068,74.076,25.991,27.724
77.790,77.988,25.991,27.724
74.090,81.477,25.991,27.724
71.235,84.543,25.991,27.724
68.169,87.398,25.991,27.724
65.103,89.618,25.991,27.724
62.460,92.895,25.991,27.724
60.028,95.116,25.991,27.724
58.019,96.701,25.991,27.724
56.964,97.601,26.567,28.338
54.478,95.764,26.567,28.338
53.074,84.417,26.567,28.338
52.749,76.529,26.567,28.338
54.154,74.043,26.567,28.338
63.708,71.950,26.000,27.733
71.640,72.690,26.000,27.733
75.130,76.392,26.000,27.733
47.103,90.881,26.000,27.733
50.437,85.856,26.575,28.347
52.274,82.963,27.163,28.974
54.151,76.796,27.764,29.615
56.070,70.024,28.378,30.270
57.802,63.906,28.378,30.270
59.764,58.480,28.378,30.270
61.727,55.363,28.378,30.270
64.382,53.632,28.378,30.270
65.882,51.439,28.378,30.270
67.365,50.026,29.006,30.940
68.391,50.785,29.648,31.625
68.438,50.310,30.304,32.324
66.440,51.360,30.975,33.040
65.705,52.170,31.660,33.771
62.549,52.465,32.360,34.518
59.323,53.312,33.076,35.281
54.072,53.620,33.808,36.062
50.131,55.076,34.556,36.860
44.086,57.184,34.556,36.860
37.761,59.293,34.556,36.860
31.108,61.072,35.321,37.675
26.079,62.366,35.321,37.675
27.660,62.222,35.321,37.675
-1.219,59.205,35.321,37.675
-4.523,57.912,35.321,37.675
-6.679,57.481,35.321,37.675
-6.535,55.613,35.321,37.675
-7.828,54.032,35.321,37.675
-7.110,52.452,35.321,37.675
-7.828,50.872,35.321,37.675
-5.928,50.027,34.567,36.872
-6.912,48.480,34.567,36.872
-5.866,46.840,33.830,36.086
-6.554,44.501,33.830,36.086
-6.857,43.957,33.109,35.316
-5.914,44.900,33.109,35.316
-5.779,45.035,33.109,35.316
