99.000,237.000,27.000,82.000
100.869,238.453,27.000,82.000
103.983,240.322,27.000,82.000
106.682,240.945,27.000,82.000
108.136,241.152,27.000,82.000
109.174,242.606,27.000,82.000
110.212,242.813,27.000,82.000
112.080,243.436,27.000,82.000
113.119,243.644,27.000,82.000
114.987,240.114,27.000,82.000
113.119,240.737,27.000,82.000
116.648,237.623,27.000,82.000
119.763,235.339,27.000,82.000
120.801,233.055,27.000,82.000
120.178,230.356,27.000,82.000
121.216,227.657,27.000,82.000
121.424,226.203,27.000,82.000
122.462,225.581,27.000,82.000
123.915,224.127,27.000,82.000
126.199,224.750,27.000,82.000
126.822,223.712,27.000,82.000
129.521,222.674,27.000,82.000
132.220,221.636,27.000,82.000
132.843,222.259,27.000,82.000
134.712,223.712,27.000,82.000
136.165,221.843,27.000,82.000
135.542,223.297,27.000,82.000
137.411,223.089,27.000,82.000
138.449,222.881,27.000,82.000
139.902,222.259,27.000,82.000
142.601,222.881,27.000,82.000
144.470,221.428,27.000,82.000
145.508,221.636,27.000,82.000
144.885,220.598,27.000,82.000
146.754,220.390,27.000,82.000
145.301,221.428,27.000,82.000
141.771,221.636,27.000,82.000
139.902,222.674,27.000,82.000
138.449,222.881,27.000,82.000
136.165,221.843,27.000,82.000
133.466,222.466,27.000,82.000
132.013,223.504,27.000,82.000
130.144,221.636,27.000,82.000
129.936,221.843,27.000,82.000
128.898,222.051,27.000,82.000
126.614,223.504,27.000,82.000
127.652,222.466,27.000,82.000
127.445,224.335,27.000,82.000
129.729,224.127,27.000,82.000
127.860,225.165,27.000,82.000
125.161,226.619,27.000,82.000
126.199,226.411,27.000,82.000
129.313,227.864,27.000,82.000
128.275,228.487,27.000,82.000
127.652,228.695,27.000,82.000
130.352,226.411,27.000,82.000
132.635,225.373,27.000,82.000
133.674,224.750,27.000,82.000
133.881,224.542,27.000,82.000
136.165,226.411,27.000,82.000
136.653,228.286,26.424,80.251
137.669,226.051,26.424,80.251
139.904,224.222,26.424,80.251
141.327,224.425,26.424,80.251
141.123,225.035,26.424,80.251
144.171,224.019,26.424,80.251
146.407,224.222,26.424,80.251
148.235,224.425,26.424,80.251
150.877,223.816,26.424,80.251
152.706,224.832,26.424,80.251
152.503,225.848,26.424,80.251
153.112,226.457,26.424,80.251
152.096,227.880,26.424,80.251
155.551,225.644,26.424,80.251
158.842,224.124,27.009,82.027
159.465,223.501,27.009,82.027
159.258,221.216,27.009,82.027
157.804,221.424,27.009,82.027
159.673,220.801,27.009,82.027
159.465,221.424,27.009,82.027
159.673,222.047,27.009,82.027
162.373,222.255,27.009,82.027
164.242,222.878,27.009,82.027
165.281,223.916,27.009,82.027
167.150,224.540,27.009,82.027
166.837,226.815,26.433,80.278
169.480,228.238,26.433,80.278
171.309,226.815,26.433,80.278
170.611,225.908,25.869,78.566
172.004,224.516,25.869,78.566
174.590,225.510,25.869,78.566
176.380,225.709,25.869,78.566
178.382,226.739,25.318,76.890
177.798,227.712,25.318,76.890
180.329,229.075,25.318,76.890
184.028,229.659,25.318,76.890
186.169,228.686,25.318,76.890
189.090,227.323,25.318,76.890
192.399,225.571,25.318,76.890
193.762,224.597,25.318,76.890
195.904,224.013,25.318,76.890
197.656,224.208,25.318,76.890
198.629,225.571,25.318,76.890
197.656,225.765,25.318,76.890
197.461,227.517,25.318,76.890
196.098,228.102,25.318,76.890
194.736,228.296,25.318,76.890
193.762,228.880,25.318,76.890
194.346,227.907,25.318,76.890
193.373,228.491,25.318,76.890
191.621,230.243,25.318,76.890
191.426,230.827,25.318,76.890
190.453,231.801,25.318,76.890
190.258,233.164,25.318,76.890
190.842,234.526,25.318,76.890
189.090,236.279,25.318,76.890
187.727,237.641,25.318,76.890
187.532,238.615,25.318,76.890
189.866,239.247,24.778,75.251
190.819,239.438,24.778,75.251
190.628,240.771,24.778,75.251
191.200,241.724,24.778,75.251
194.586,241.975,24.249,73.646
198.381,242.128,24.786,75.275
201.468,239.911,25.334,76.941
203.007,240.879,25.895,78.643
204.580,238.150,26.468,80.383
207.877,234.515,27.053,82.161
205.635,230.369,27.652,83.979
202.446,231.879,27.062,82.188
205.342,231.351,26.485,80.436
207.175,229.111,26.485,80.436
206.476,230.558,25.920,78.720
206.560,229.668,25.367,77.042
208.899,230.677,24.826,75.399
210.820,232.769,24.297,73.791
212.501,232.956,24.297,73.791
214.556,233.891,24.297,73.791
214.370,233.704,24.297,73.791
215.169,232.870,23.779,72.217
216.449,234.150,23.779,72.217
218.460,232.138,23.779,72.217
221.043,232.288,24.305,73.815
223.644,230.373,23.787,72.241
225.656,232.019,23.787,72.241
228.766,233.299,23.787,72.241
232.241,232.385,23.787,72.241
233.887,233.665,23.787,72.241
236.471,233.815,24.313,73.839
238.153,235.124,24.313,73.839
239.462,232.693,24.313,73.839
241.343,233.300,23.794,72.265
244.242,234.953,23.287,70.724
248.003,234.057,23.287,70.724
252.566,235.674,22.790,69.215
255.195,236.551,22.790,69.215
254.669,237.427,22.790,69.215
256.948,237.953,22.790,69.215
258.875,239.530,22.790,69.215
261.154,237.602,22.790,69.215
264.133,238.479,22.790,69.215
266.411,235.499,22.790,69.215
267.989,233.571,22.790,69.215
267.918,233.715,23.295,70.747
268.962,230.144,23.810,72.312
271.342,231.792,23.810,72.312
271.891,232.708,23.810,72.312
272.074,233.623,23.810,72.312
271.525,236.004,23.810,72.312
273.720,234.127,23.302,70.770
272.161,235.390,23.818,72.336
276.374,232.642,23.818,72.336
279.982,230.765,23.310,70.793
282.476,231.693,22.813,69.283
284.579,232.263,22.326,67.806
287.155,231.748,22.326,67.806
287.670,232.263,22.326,67.806
289.558,232.434,22.326,67.806
291.790,233.636,22.326,67.806
292.305,234.495,22.326,67.806
291.447,235.010,22.326,67.806
292.649,236.898,22.326,67.806
293.851,238.100,22.326,67.806
291.619,236.555,22.326,67.806
292.820,237.070,22.326,67.806
292.992,238.615,22.326,67.806
294.194,239.817,22.326,67.806
296.082,240.675,22.326,67.806
294.194,241.190,22.326,67.806
295.052,238.958,22.326,67.806
293.851,240.504,22.326,67.806
291.619,239.302,22.326,67.806
291.104,238.443,22.326,67.806
290.322,237.871,22.820,69.306
289.796,236.292,22.820,69.306
288.269,234.615,23.325,70.840
287.080,234.762,23.841,72.407
289.097,236.412,23.841,72.407
290.545,236.942,24.369,74.009
289.303,234.374,24.908,75.646
287.239,235.325,25.459,77.320
290.176,234.347,25.459,77.320
289.691,230.038,26.022,79.031
290.692,231.439,26.022,79.031
290.092,231.239,26.022,79.031
288.350,228.911,26.598,80.779
290.600,230.752,26.598,80.779
293.259,232.184,26.598,80.779
291.418,231.161,26.598,80.779
295.305,237.911,26.598,80.779
297.964,239.342,26.598,80.779
296.867,232.121,26.031,79.057
299.267,231.999,25.476,77.371
299.463,232.587,25.476,77.371
298.413,231.335,24.932,75.721
299.972,233.066,24.401,74.106
299.409,231.753,24.401,74.106
300.113,233.464,24.941,75.746
301.673,234.826,24.409,74.130
305.370,235.797,23.888,72.549
307.927,232.853,23.379,71.002
307.028,234.471,23.379,71.002
306.848,233.212,23.379,71.002
308.657,233.449,22.880,69.488
307.073,229.755,22.880,69.488
305.542,226.248,23.386,71.026
305.722,226.068,23.386,71.026
306.981,226.607,23.386,71.026
308.029,224.142,23.904,72.597
310.051,225.062,23.904,72.597
309.131,227.084,23.904,72.597
308.212,229.106,23.904,72.597
306.164,232.183,23.394,71.049
305.893,234.501,22.895,69.534
304.610,234.733,22.407,68.051
306.344,233.964,21.929,66.600
304.152,231.435,21.929,66.600
303.983,228.568,21.929,66.600
303.140,227.725,21.929,66.600
302.971,228.568,21.929,66.600
304.826,230.086,21.929,66.600
306.006,231.266,21.929,66.600
308.199,228.737,21.929,66.600
306.681,229.917,21.929,66.600
307.861,229.748,21.929,66.600
309.379,228.568,21.929,66.600
311.571,227.050,21.929,66.600
312.414,227.219,21.929,66.600
311.234,225.364,21.929,66.600
312.077,226.207,21.929,66.600
313.932,226.376,21.929,66.600
313.426,227.556,21.929,66.600
314.269,228.399,21.929,66.600
315.787,229.580,21.929,66.600
315.719,230.418,22.414,68.073
318.450,230.313,21.936,66.622
317.944,230.144,21.936,66.622
319.316,230.042,21.469,65.201
320.659,228.986,21.011,63.810
322.113,228.825,21.011,63.810
324.214,227.371,21.011,63.810
323.729,227.209,21.011,63.810
321.629,228.340,21.011,63.810
323.083,229.471,21.011,63.810
324.860,228.340,21.011,63.810
326.314,229.471,21.011,63.810
327.122,228.663,21.011,63.810
328.576,227.209,21.011,63.810
325.829,227.694,21.011,63.810
332.131,228.502,21.011,63.810
335.524,225.432,21.011,63.810
333.746,226.240,21.011,63.810
334.438,228.010,20.563,62.450
333.963,228.801,20.563,62.450
332.540,229.275,20.563,62.450
333.331,228.801,20.563,62.450
331.275,227.694,20.563,62.450
329.536,228.485,20.563,62.450
328.429,227.061,20.563,62.450
326.690,227.852,20.563,62.450
327.480,228.959,20.563,62.450
333.643,230.692,20.124,61.118
333.709,231.493,19.695,59.814
333.773,233.736,19.275,58.539
334.121,235.360,18.864,57.291
333.623,235.272,18.462,56.069
333.197,234.278,18.462,56.069
331.889,233.918,18.068,54.873
329.805,234.057,18.068,54.873
330.500,234.474,18.068,54.873
331.750,232.668,18.068,54.873
332.723,234.196,18.068,54.873
330.916,235.169,18.068,54.873
333.118,236.423,17.683,53.703
334.224,237.389,17.306,52.558
334.889,235.659,17.306,52.558
334.490,236.058,17.306,52.558
336.752,234.595,17.306,52.558
337.803,231.942,17.688,53.721
336.902,229.796,18.080,54.909
338.577,227.024,18.480,56.124
337.298,228.019,18.480,56.124
336.019,229.298,18.480,56.124
337.732,229.709,18.889,57.366
339.039,230.436,18.889,57.366
341.620,230.627,18.486,56.142
344.695,229.719,18.092,54.945
346.225,227.910,18.092,54.945
345.592,224.849,18.492,56.161
348.009,223.284,18.492,56.161
349.858,222.005,18.492,56.161
348.578,222.431,18.492,56.161
349.574,222.858,18.492,56.161
348.041,223.269,18.901,57.403
350.512,224.287,18.901,57.403
351.820,222.106,18.901,57.403
352.256,221.089,18.901,57.403
351.820,220.944,18.901,57.403
352.838,219.926,18.901,57.403
350.938,220.959,18.498,56.179
349.373,220.247,18.498,56.179
347.788,222.080,18.104,54.981
345.421,222.776,18.104,54.981
344.447,224.029,18.104,54.981
343.194,224.447,18.104,54.981
342.984,227.046,17.717,53.809
344.210,227.727,17.717,53.809
342.712,226.501,17.717,53.809
342.031,226.092,17.717,53.809
343.529,225.411,17.717,53.809
342.848,225.002,17.717,53.809
342.167,226.501,17.717,53.809
340.416,227.461,18.109,54.999
337.470,228.730,18.510,56.216
336.159,230.016,18.115,55.017
334.626,228.205,18.115,55.017
370.669,264.641,17.729,53.844
368.362,264.559,17.351,52.696
365.332,266.792,16.981,51.572
363.634,266.400,16.981,51.572
364.287,265.225,16.981,51.572
363.112,264.311,16.981,51.572
361.675,264.442,16.981,51.572
363.112,266.139,16.981,51.572
362.720,267.053,16.981,51.572
361.313,265.535,17.357,52.713
361.813,263.982,17.741,53.879
360.060,265.226,18.133,55.071
362.029,261.868,18.534,56.290
363.747,261.985,18.945,57.535
362.436,266.209,18.945,57.535
362.290,269.269,18.945,57.535
360.687,269.706,18.945,57.535
359.959,271.600,18.945,57.535
358.357,273.202,18.945,57.535
376.567,234.305,18.945,57.535
376.130,232.120,18.945,57.535
377.441,230.226,18.945,57.535
379.335,230.955,18.945,57.535
380.354,227.313,18.945,57.535
381.666,223.962,18.945,57.535
383.851,222.651,18.945,57.535
386.036,221.340,18.945,57.535
387.347,219.737,18.945,57.535
388.950,220.757,18.945,57.535
390.843,222.068,18.945,57.535
391.280,220.466,18.945,57.535
390.552,219.737,18.945,57.535
390.894,219.930,18.541,56.308
391.037,218.076,18.541,56.308
392.320,218.789,18.541,56.308
394.744,219.787,18.541,56.308
395.172,220.785,18.541,56.308
394.459,221.783,18.541,56.308
393.746,222.211,18.541,56.308
395.314,222.353,18.541,56.308
397.032,223.062,18.951,57.554
395.429,220.876,18.951,57.554
394.701,219.564,18.951,57.554
392.525,220.893,19.370,58.828
395.355,219.850,19.370,58.828
394.611,220.595,19.370,58.828
397.545,219.643,18.957,57.573
399.293,219.555,18.553,56.345
400.291,221.124,18.553,56.345
401.727,219.937,18.157,55.144
407.172,221.473,18.157,55.144
414.014,223.288,18.157,55.144
416.108,223.428,18.157,55.144
415.360,224.689,17.770,53.968
416.208,222.235,17.391,52.817
415.004,219.426,17.391,52.817
414.335,216.083,17.391,52.817
415.681,217.033,17.020,51.690
416.859,218.473,17.020,51.690
418.176,220.159,16.657,50.588
420.353,220.543,16.657,50.588
421.395,219.478,16.302,49.509
423.275,218.600,16.302,49.509
426.159,219.478,16.302,49.509
428.290,219.102,16.302,49.509
427.860,219.025,15.954,48.454
429.700,217.431,15.954,48.454
430.068,216.326,15.954,48.454
429.209,215.958,15.954,48.454
428.105,214.609,15.954,48.454
427.001,216.204,15.954,48.454
428.596,216.572,15.954,48.454
429.945,217.431,15.954,48.454
431.049,216.817,15.954,48.454
431.172,215.958,15.954,48.454
431.049,216.572,15.954,48.454
432.154,216.694,15.954,48.454
433.503,215.836,15.954,48.454
433.871,214.486,15.954,48.454
433.258,215.590,15.954,48.454
433.718,213.909,16.307,49.526
432.338,212.028,16.307,49.526
431.460,211.150,16.307,49.526
429.830,209.770,16.307,49.526
427.949,208.140,16.307,49.526
424.062,206.259,16.307,49.526
420.676,203.124,16.307,49.526
418.544,200.742,16.307,49.526
417.416,199.111,16.307,49.526
415.544,197.913,16.668,50.621
414.134,198.041,16.668,50.621
414.929,200.434,16.313,49.542
414.741,202.292,15.965,48.485
415.976,204.584,15.624,47.451
415.332,205.669,15.291,46.439
418.271,205.317,15.291,46.439
420.176,205.901,15.629,47.467
410.402,203.006,15.975,48.517
405.611,203.866,15.975,48.517
403.522,203.744,15.975,48.517
401.680,204.142,15.634,47.483
399.877,205.692,15.301,46.470
398.347,206.515,15.301,46.470
399.984,208.258,14.975,45.479
398.027,209.755,14.975,45.479
396.069,209.870,14.975,45.479
394.786,210.910,14.655,44.509
393.997,210.572,14.655,44.509
393.393,212.024,14.343,43.560
393.062,211.473,14.343,43.560
391.416,210.190,14.660,44.524
390.812,211.643,14.348,43.574
390.858,213.277,14.042,42.645
389.655,212.795,13.742,41.736
388.070,214.169,13.742,41.736
388.387,215.543,13.742,41.736
387.013,217.339,13.742,41.736
386.273,218.924,13.742,41.736
384.892,219.267,13.449,40.846
383.134,220.612,13.449,40.846
382.449,220.911,13.747,41.749
381.074,221.863,13.747,41.749
378.432,221.545,13.747,41.749
376.423,222.920,13.747,41.749
375.041,222.448,13.454,40.859
373.091,221.787,13.167,39.988
368.638,220.819,13.458,40.872
366.487,221.554,13.171,40.001
364.563,220.643,13.171,40.001
360.950,221.146,13.462,40.886
356.912,222.285,13.462,40.886
352.875,221.767,13.462,40.886
350.900,220.778,13.760,41.790
348.890,219.825,13.760,41.790
346.432,218.155,14.065,42.715
345.459,217.398,14.065,42.715
343.404,217.290,14.065,42.715
342.407,219.101,13.765,41.804
341.031,219.842,13.765,41.804
339.866,221.006,13.765,41.804
338.726,221.532,14.069,42.729
337.969,222.506,14.069,42.729
329.843,230.676,14.381,43.674
330.258,230.996,14.699,44.641
330.823,229.979,14.699,44.641
331.388,228.961,14.699,44.641
333.762,229.301,14.699,44.641
335.231,230.318,14.699,44.641
337.379,231.561,14.699,44.641
339.526,231.900,14.699,44.641
341.535,232.049,14.385,43.689
340.303,233.475,14.079,42.757
339.545,232.500,14.079,42.757
337.929,231.017,14.390,43.703
335.359,229.041,14.708,44.670
343.842,230.511,14.708,44.670
339.883,228.588,14.708,44.670
335.472,226.892,14.708,44.670
333.775,225.297,14.395,43.717
328.573,224.522,14.395,43.717
323.591,225.739,14.395,43.717
319.274,227.400,14.395,43.717
316.761,228.826,14.088,42.785
312.536,230.451,14.088,42.785
312.999,231.847,13.787,41.873
312.469,231.529,13.787,41.873
311.515,231.847,13.787,41.873
310.333,231.783,13.493,40.980
308.777,232.924,13.493,40.980
307.621,233.661,13.206,40.106
306.707,234.575,13.206,40.106
307.215,235.692,13.206,40.106
306.910,237.012,13.206,40.106
305.582,238.712,12.924,39.250
304.489,238.016,12.924,39.250
303.794,238.911,12.924,39.250
302.899,239.010,12.924,39.250
302.999,239.308,12.924,39.250
301.707,238.414,12.924,39.250
301.210,240.104,12.924,39.250
302.700,240.998,12.924,39.250
302.999,242.489,12.924,39.250
304.688,242.787,12.924,39.250
305.781,244.278,12.924,39.250
306.874,245.371,12.924,39.250
306.378,244.675,12.924,39.250
305.079,245.956,12.648,38.413
305.645,244.421,12.928,39.263
305.744,244.321,12.928,39.263
305.247,243.824,12.928,39.263
306.937,239.351,12.928,39.263
307.434,235.275,12.928,39.263
308.528,232.590,12.928,39.263
308.694,229.990,13.214,40.132
307.373,228.263,13.214,40.132
305.443,226.535,13.214,40.132
304.122,225.011,13.214,40.132
304.924,222.775,13.507,41.020
304.197,221.424,13.507,41.020
302.224,219.866,13.507,41.020
300.027,220.598,13.805,41.928
297.161,223.464,13.805,41.928
292.272,226.415,14.111,42.855
289.527,226.053,14.423,43.803
285.201,226.608,14.423,43.803
282.165,225.088,14.742,44.773
277.415,223.534,15.068,45.763
275.204,221.946,15.402,46.776
276.167,224.385,15.073,45.778
277.906,222.878,15.073,45.778
278.718,224.153,15.073,45.778
279.761,223.110,15.073,45.778
281.731,222.299,15.073,45.778
282.774,223.110,15.073,45.778
284.281,222.067,15.073,45.778
285.325,221.487,15.073,45.778
285.904,223.226,15.073,45.778
287.411,224.037,15.073,45.778
290.309,221.835,15.073,45.778
292.279,220.096,15.073,45.778
294.945,219.749,15.073,45.778
299.697,218.474,15.073,45.778
299.350,219.981,15.073,45.778
301.552,219.633,15.073,45.778
304.682,220.444,15.073,45.778
306.420,221.256,15.073,45.778
306.304,221.835,15.073,45.778
309.898,222.646,15.073,45.778
312.332,220.444,15.073,45.778
312.448,221.951,15.073,45.778
313.259,223.226,15.073,45.778
317.548,222.415,15.073,45.778
319.055,223.458,15.073,45.778
320.692,221.148,15.407,46.791
321.758,222.925,15.407,46.791
323.431,223.759,15.748,47.826
328.638,221.701,15.748,47.826
334.059,219.759,15.412,46.806
335.125,217.745,15.412,46.806
337.003,216.302,15.083,45.808
338.743,215.258,15.083,45.808
341.028,215.635,14.762,44.831
342.958,215.521,14.762,44.831
345.114,214.272,14.762,44.831
347.271,215.067,14.762,44.831
349.289,216.530,14.447,43.875
352.066,215.974,14.447,43.875
353.954,217.196,14.447,43.875
358.713,216.058,14.139,42.940
360.855,217.878,13.837,42.024
362.541,219.659,13.542,41.128
367.227,217.264,13.542,41.128
369.414,215.494,13.542,41.128
371.392,214.765,13.542,41.128
376.078,214.244,13.542,41.128
377.849,213.515,13.542,41.128
378.578,213.620,13.542,41.128
379.931,214.765,13.542,41.128
381.702,214.244,13.542,41.128
384.097,213.307,13.542,41.128
385.242,212.162,13.542,41.128
386.713,210.518,13.842,42.038
389.220,211.685,13.546,41.141
391.616,210.539,13.546,41.141
391.459,210.074,13.258,40.264
389.726,208.676,13.551,41.155
391.498,207.322,13.551,41.155
390.136,206.857,13.262,40.277
391.358,205.418,12.979,39.418
392.170,204.203,12.702,38.578
393.530,205.839,12.431,37.755
395.044,206.333,12.166,36.950
399.816,208.111,12.166,36.950
403.277,206.333,12.166,36.950
406.552,204.556,12.166,36.950
406.772,204.860,11.907,36.162
407.305,205.124,12.170,36.962
410.592,205.068,11.911,36.174
409.767,204.060,11.911,36.174
408.943,205.068,11.911,36.174
408.629,206.248,11.657,35.402
409.436,207.592,11.657,35.402
409.992,209.093,11.408,34.647
408.676,210.223,11.165,33.908
409.449,210.309,11.165,33.908
410.221,210.223,11.165,33.908
409.277,210.824,11.165,33.908
410.311,211.073,11.412,34.659
411.277,211.687,11.412,34.659
411.540,211.248,11.412,34.659
413.032,209.932,11.412,34.659
414.173,209.844,11.412,34.659
415.314,209.230,11.412,34.659
419.263,207.914,11.412,34.659
420.754,209.054,11.412,34.659
422.773,207.914,11.412,34.659
425.844,208.703,11.412,34.659
427.266,207.501,11.664,35.425
428.341,208.656,11.416,34.670
427.727,209.271,11.416,34.670
428.868,207.954,11.416,34.670
427.558,208.755,11.668,35.437
428.724,209.383,11.668,35.437
429.532,207.857,11.668,35.437
430.519,206.512,11.668,35.437
430.070,207.678,11.668,35.437
431.057,208.665,11.668,35.437
432.044,210.549,11.668,35.437
432.134,211.895,11.668,35.437
432.403,213.062,11.668,35.437
434.108,213.869,11.668,35.437
435.184,214.161,11.419,34.681
436.575,215.631,11.176,33.942
437.692,214.857,11.176,33.942
439.325,215.803,11.176,33.942
441.130,214.513,11.176,33.942
442.763,213.740,11.176,33.942
443.976,212.562,11.423,34.693
448.808,213.528,11.423,34.693
450.828,213.967,11.423,34.693
451.619,214.407,11.423,34.693
452.761,212.562,11.423,34.693
452.146,211.069,11.423,34.693
451.531,211.332,11.423,34.693
452.146,210.015,11.423,34.693
451.180,208.697,11.423,34.693
451.619,209.136,11.423,34.693
452.409,209.048,11.423,34.693
451.619,208.433,11.423,34.693
452.234,206.589,11.423,34.693
451.794,205.447,11.423,34.693
