450.000,91.000,31.000,37.000
445.587,97.285,31.000,37.000
440.891,103.222,30.339,36.211
439.070,106.257,29.692,35.439
435.355,113.046,29.692,35.439
433.434,114.967,29.692,35.439
424.491,116.703,29.059,34.683
419.847,116.469,28.439,33.943
415.066,115.766,27.833,33.220
411.081,115.079,27.239,32.511
406.954,117.351,26.658,31.818
405.460,118.616,26.658,31.818
404.195,119.881,26.658,31.818
402.240,121.836,26.658,31.818
402.191,123.173,26.090,31.139
400.625,125.783,25.533,30.475
400.579,128.550,24.989,29.825
399.178,132.754,24.989,29.825
394.974,135.233,24.989,29.825
396.806,140.084,24.989,29.825
395.620,144.719,24.989,29.825
397.237,149.139,24.989,29.825
398.208,151.834,24.989,29.825
397.747,152.464,24.456,29.189
390.256,158.477,24.456,29.189
393.466,156.653,23.934,28.567
393.156,152.420,23.934,28.567
387.478,147.154,23.934,28.567
386.755,146.018,23.934,28.567
381.489,141.992,23.934,28.567
379.528,140.856,23.934,28.567
380.870,141.992,23.934,28.567
380.353,140.649,23.934,28.567
378.598,142.611,23.934,28.567
377.463,146.638,23.934,28.567
378.812,147.042,23.424,27.958
380.530,145.930,23.424,27.958
378.812,149.871,23.424,27.958
380.530,151.387,23.424,27.958
373.457,152.231,23.942,28.576
371.908,151.508,23.942,28.576
371.068,153.704,23.432,27.967
374.533,155.074,22.932,27.370
373.919,154.126,22.443,26.787
374.403,153.448,22.443,26.787
376.823,153.545,22.443,26.787
376.339,153.836,22.443,26.787
377.211,152.383,22.443,26.787
377.308,154.029,22.443,26.787
377.985,154.707,22.443,26.787
378.239,156.721,22.939,27.379
377.883,156.931,23.447,27.985
379.595,158.692,22.947,27.388
377.912,163.147,22.947,27.388
375.834,167.799,22.947,27.388
375.066,170.269,23.455,27.994
376.179,168.549,23.455,27.994
374.771,173.431,22.955,27.397
376.830,172.673,22.465,26.813
378.657,171.558,21.986,26.241
379.299,170.579,22.472,26.822
381.529,170.094,22.472,26.822
383.565,169.610,22.472,26.822
384.825,169.125,22.472,26.822
384.728,169.997,22.472,26.822
386.958,171.258,22.472,26.822
386.730,175.561,21.993,26.250
386.388,175.369,22.480,26.831
388.231,174.885,22.480,26.831
389.125,179.377,22.000,26.258
387.621,183.590,21.531,25.699
384.185,185.355,21.531,25.699
385.764,187.120,21.531,25.699
381.607,188.736,21.072,25.150
381.744,187.690,20.623,24.614
383.250,187.524,20.183,24.089
385.426,186.741,20.183,24.089
387.429,186.479,20.183,24.089
388.213,185.696,20.183,24.089
387.603,187.002,20.183,24.089
386.895,187.007,19.752,23.576
388.003,187.092,19.752,23.576
387.236,188.541,19.752,23.576
386.810,187.433,19.752,23.576
386.384,188.711,19.752,23.576
384.541,190.851,19.331,23.073
383.290,191.602,19.331,23.073
384.541,193.353,19.331,23.073
383.290,194.604,19.331,23.073
384.375,194.521,19.331,23.073
383.124,194.771,19.331,23.073
382.373,194.687,19.331,23.073
382.957,195.605,19.331,23.073
381.206,195.188,19.331,23.073
382.123,196.605,19.331,23.073
380.372,195.521,19.331,23.073
378.787,196.272,19.331,23.073
378.037,197.189,19.331,23.073
378.787,197.940,19.331,23.073
376.237,197.425,19.759,23.583
373.901,198.251,19.338,23.080
371.870,196.698,19.765,23.591
370.678,197.233,20.203,24.113
371.463,196.797,20.203,24.113
372.770,197.756,20.203,24.113
371.288,198.366,20.203,24.113
374.687,197.930,20.203,24.113
373.903,198.715,20.203,24.113
372.247,197.756,20.203,24.113
368.151,196.274,20.203,24.113
366.770,195.943,19.772,23.599
365.832,195.176,19.772,23.599
363.659,194.359,19.350,23.095
362.407,195.444,19.350,23.095
361.728,194.805,18.938,22.603
360.503,195.214,18.938,22.603
361.891,195.949,18.938,22.603
360.012,195.050,18.938,22.603
361.081,194.897,18.534,22.121
359.561,193.698,18.534,22.121
360.281,191.539,18.534,22.121
363.792,190.928,18.139,21.649
363.558,190.067,18.139,21.649
361.758,189.519,18.139,21.649
358.550,190.693,18.139,21.649
356.594,187.954,18.139,21.649
357.141,186.937,18.139,21.649
352.055,185.920,18.139,21.649
348.202,186.411,18.540,22.128
352.440,184.572,18.540,22.128
353.314,184.576,18.950,22.618
356.175,180.080,18.950,22.618
355.112,176.238,18.950,22.618
352.714,177.345,18.546,22.135
351.601,176.425,18.150,21.663
352.776,175.524,17.763,21.201
353.006,176.367,17.763,21.201
353.849,176.137,17.763,21.201
353.078,175.846,17.385,20.749
352.403,175.021,17.385,20.749
349.028,173.896,17.385,20.749
356.903,175.921,17.385,20.749
357.410,174.991,17.769,21.208
363.880,174.848,17.390,20.756
358.006,188.550,17.775,21.215
352.209,191.806,17.396,20.763
353.029,191.187,17.781,21.222
360.094,190.157,17.402,20.770
359.418,190.832,17.402,20.770
356.791,189.857,17.402,20.770
372.030,174.618,17.402,20.770
363.397,163.883,17.402,20.770
380.007,144.786,17.031,20.327
376.260,138.835,17.031,20.327
383.680,136.558,17.031,20.327
378.023,127.668,17.031,20.327
377.068,127.154,17.031,20.327
375.819,125.905,17.031,20.327
386.410,136.248,16.667,19.893
392.119,116.111,17.036,20.333
394.103,116.184,17.036,20.333
401.615,122.745,17.413,20.783
400.570,142.153,17.042,20.340
402.746,149.479,17.419,20.790
423.368,156.187,17.804,21.250
419.298,176.694,17.804,21.250
422.447,179.536,17.804,21.250
422.677,171.625,17.804,21.250
422.293,172.316,17.804,21.250
421.379,171.364,18.198,21.720
424.843,171.042,18.601,22.201
425.886,170.547,19.012,22.692
424.569,173.955,19.433,23.194
423.982,180.242,19.433,23.194
423.396,184.685,19.433,23.194
421.970,187.284,19.433,23.194
423.713,208.943,19.019,22.700
422.154,209.189,19.019,22.700
421.518,217.535,19.439,23.202
423.130,218.583,19.869,23.715
399.345,231.215,20.309,24.240
375.953,220.264,20.309,24.240
375.515,224.031,20.309,24.240
376.836,224.400,20.758,24.776
376.746,225.743,20.758,24.776
375.224,241.055,20.758,24.776
374.239,241.682,20.758,24.776
373.970,243.025,20.758,24.776
375.134,243.652,20.758,24.776
376.119,244.100,20.758,24.776
377.117,244.105,20.316,24.248
376.504,243.667,20.316,24.248
377.643,244.631,20.316,24.248
378.607,244.543,20.316,24.248
379.396,244.105,20.316,24.248
378.257,244.018,20.316,24.248
376.942,244.631,20.316,24.248
375.627,244.018,20.316,24.248
376.591,244.281,20.316,24.248
376.386,244.961,19.882,23.731
376.077,245.678,20.322,24.256
375.288,244.363,20.322,24.256
376.252,245.152,20.322,24.256
375.989,243.837,20.322,24.256
375.614,242.321,19.889,23.738
376.571,243.649,19.465,23.232
375.479,242.390,19.465,23.232
368.846,238.947,19.465,23.232
367.082,238.191,19.465,23.232
367.856,239.491,19.050,22.737
368.103,238.587,19.050,22.737
367.199,238.012,19.050,22.737
367.281,238.587,19.050,22.737
367.363,238.505,19.050,22.737
367.774,239.245,19.050,22.737
368.349,238.998,19.050,22.737
369.418,239.738,19.050,22.737
368.349,239.655,19.050,22.737
369.582,239.245,19.050,22.737
368.514,238.834,19.050,22.737
367.445,238.751,19.050,22.737
367.856,238.176,19.050,22.737
368.596,237.437,19.050,22.737
368.349,237.026,19.050,22.737
368.736,236.518,19.471,23.240
368.652,236.266,19.471,23.240
368.736,235.510,19.471,23.240
368.819,235.426,19.471,23.240
367.560,234.839,19.471,23.240
367.812,234.923,19.471,23.240
367.056,233.999,19.471,23.240
368.148,233.075,19.471,23.240
368.568,233.159,19.471,23.240
368.987,232.907,19.471,23.240
369.071,232.151,19.471,23.240
368.819,231.395,19.471,23.240
368.736,231.479,19.471,23.240
369.659,230.891,19.471,23.240
369.407,230.303,19.471,23.240
370.331,231.059,19.471,23.240
369.911,229.967,19.471,23.240
369.323,228.539,19.471,23.240
370.079,228.623,19.471,23.240
369.659,228.707,19.471,23.240
370.583,227.783,19.471,23.240
369.995,227.363,19.471,23.240
370.583,226.103,19.471,23.240
371.675,225.011,19.471,23.240
372.431,224.591,19.471,23.240
372.683,225.011,19.471,23.240
372.767,223.919,19.471,23.240
371.843,222.155,19.471,23.240
372.095,221.063,19.471,23.240
372.179,220.643,19.471,23.240
372.767,220.559,19.471,23.240
373.056,220.079,19.056,22.744
373.338,219.766,18.650,22.259
373.580,220.491,18.650,22.259
373.701,220.030,18.252,21.784
373.780,220.581,18.252,21.784
374.331,220.030,18.252,21.784
374.905,219.731,17.863,21.320
374.674,220.116,17.863,21.320
374.442,219.423,17.863,21.320
374.057,219.038,17.863,21.320
375.059,218.190,17.863,21.320
375.290,217.959,17.863,21.320
374.905,217.419,17.863,21.320
375.136,216.726,17.863,21.320
374.597,216.032,17.863,21.320
375.598,215.185,17.863,21.320
375.830,215.108,17.863,21.320
375.907,214.722,17.863,21.320
376.292,214.491,17.863,21.320
375.598,213.644,17.863,21.320
376.138,213.721,17.863,21.320
375.598,213.644,17.863,21.320
375.213,214.029,17.863,21.320
375.136,214.106,17.863,21.320
375.367,213.721,17.863,21.320
376.061,212.719,17.863,21.320
376.908,212.488,17.863,21.320
377.139,212.103,17.863,21.320
377.182,211.147,18.258,21.792
377.733,210.753,18.258,21.792
378.267,209.777,18.662,22.274
378.645,209.447,19.075,22.767
378.519,208.085,19.497,23.270
378.740,207.741,19.928,23.785
378.654,207.311,19.928,23.785
378.568,208.256,19.928,23.785
378.998,207.311,19.928,23.785
379.255,206.709,19.928,23.785
378.826,206.795,19.928,23.785
379.427,206.021,19.928,23.785
379.118,207.096,20.369,24.311
379.348,205.824,20.820,24.849
380.516,204.338,21.280,25.399
381.342,203.879,21.280,25.399
380.630,204.646,21.751,25.961
379.598,205.490,21.751,25.961
380.234,204.132,22.232,26.535
380.905,205.379,22.232,26.535
380.425,204.708,22.232,26.535
380.330,204.612,22.232,26.535
381.576,204.132,22.232,26.535
381.480,205.571,22.232,26.535
380.809,206.818,22.232,26.535
382.248,205.954,22.232,26.535
382.499,204.765,22.724,27.123
382.960,205.787,23.227,27.723
382.183,203.921,23.741,28.336
382.285,205.662,23.741,28.336
382.979,204.393,24.266,28.963
382.874,205.544,24.266,28.963
382.280,204.029,24.803,29.604
384.313,205.420,24.803,29.604
385.062,206.383,24.803,29.604
385.343,205.056,25.352,30.259
385.176,205.516,25.913,30.928
385.933,204.826,26.486,31.612
385.521,204.358,27.072,32.312
386.312,205.091,27.671,33.027
385.635,204.354,28.283,33.757
386.001,205.940,28.283,33.757
387.831,207.038,28.283,33.757
388.685,207.404,28.283,33.757
389.539,208.990,28.283,33.757
389.905,209.600,28.283,33.757
390.759,210.698,28.283,33.757
390.149,210.088,28.283,33.757
391.003,211.918,28.283,33.757
390.393,211.796,28.283,33.757
389.783,212.894,28.283,33.757
389.173,213.504,28.283,33.757
389.783,215.091,28.283,33.757
388.685,215.945,28.283,33.757
387.343,217.043,28.283,33.757
386.001,217.653,28.283,33.757
384.415,219.239,28.283,33.757
382.952,221.833,27.680,33.038
381.400,223.863,27.680,33.038
379.979,224.860,28.293,33.769
377.904,226.447,28.293,33.769
375.945,226.960,28.919,34.516
374.073,228.831,28.919,34.516
372.202,229.704,28.919,34.516
370.580,231.076,28.919,34.516
368.460,231.201,28.919,34.516
369.564,230.690,29.558,35.279
368.161,231.838,29.558,35.279
369.818,229.198,30.212,36.060
405.317,229.476,30.881,36.858
408.114,228.809,30.881,36.858
410.645,228.143,30.881,36.858
412.111,226.678,30.881,36.858
413.310,226.278,30.881,36.858
413.976,225.079,30.881,36.858
413.842,223.081,30.881,36.858
413.176,221.882,30.881,36.858
413.576,223.081,30.881,36.858
412.377,221.349,30.881,36.858
414.109,222.738,31.564,37.673
411.794,221.513,31.564,37.673
412.475,222.194,31.564,37.673
411.368,221.677,30.891,36.870
413.110,223.483,30.232,36.084
413.240,225.178,30.232,36.084
414.153,223.222,30.232,36.084
416.631,224.135,30.232,36.084
418.326,225.309,30.232,36.084
420.283,226.482,30.232,36.084
422.500,228.178,30.232,36.084
422.891,228.830,30.232,36.084
424.065,229.482,30.232,36.084
426.021,228.569,30.232,36.084
427.456,230.786,30.232,36.084
429.421,233.228,30.901,36.882
429.021,234.161,30.901,36.882
431.554,235.361,30.901,36.882
430.354,236.827,30.901,36.882
428.491,237.664,31.585,37.698
426.720,238.073,31.585,37.698
428.491,239.844,31.585,37.698
429.990,241.070,31.585,37.698
427.832,240.816,30.911,36.894
430.098,242.283,30.911,36.894
421.164,239.749,30.911,36.894
423.679,242.070,30.252,36.107
431.171,246.606,29.607,35.337
438.451,249.544,29.607,35.337
447.264,256.568,29.607,35.337
460.674,258.484,29.607,35.337
472.296,257.079,29.607,35.337
484.174,290.924,29.607,35.337
480.470,289.519,29.607,35.337
474.723,291.946,29.607,35.337
467.954,293.862,29.607,35.337
460.674,295.778,29.607,35.337
451.095,300.248,29.607,35.337
441.261,301.908,29.607,35.337
430.916,303.313,29.607,35.337
416.994,305.229,29.607,35.337
400.008,307.400,29.607,35.337
382.766,310.848,29.607,35.337
386.725,288.753,29.607,35.337
365.396,290.924,29.607,35.337
338.959,293.351,29.607,35.337
