51.000,53.000,87.000,290.000
54.574,55.144,87.000,290.000
58.147,54.429,87.000,290.000
61.721,58.003,87.000,290.000
61.500,52.570,88.925,296.416
63.692,50.379,88.925,296.416
65.883,51.109,88.925,296.416
70.997,48.918,88.925,296.416
73.189,52.570,88.925,296.416
76.841,50.379,88.925,296.416
79.033,51.109,88.925,296.416
82.686,50.379,88.925,296.416
86.338,51.109,88.925,296.416
89.991,51.840,88.925,296.416
90.721,54.031,88.925,296.416
94.374,48.918,88.925,296.416
97.435,55.599,87.029,290.095
99.580,53.454,87.029,290.095
101.724,51.309,87.029,290.095
105.299,54.884,87.029,290.095
108.874,55.599,87.029,290.095
112.449,54.884,87.029,290.095
116.024,54.169,87.029,290.095
116.738,56.314,87.029,290.095
121.743,55.599,87.029,290.095
122.458,60.604,87.029,290.095
127.463,55.599,87.029,290.095
126.748,60.604,87.029,290.095
130.323,54.169,87.029,290.095
133.318,55.195,85.173,283.909
135.417,57.294,85.173,283.909
136.117,59.393,85.173,283.909
141.015,57.294,85.173,283.909
140.315,55.195,85.173,283.909
147.293,56.199,83.356,277.854
142.499,60.992,83.356,277.854
145.923,65.786,83.356,277.854
149.347,60.992,83.356,277.854
154.141,57.568,83.356,277.854
156.195,63.731,83.356,277.854
160.989,60.308,83.356,277.854
161.674,58.253,83.356,277.854
167.837,58.938,83.356,277.854
160.304,55.514,83.356,277.854
164.493,57.817,81.579,271.929
159.549,62.654,79.839,266.130
164.790,59.029,81.605,272.018
166.802,61.041,81.605,272.018
168.813,60.370,81.605,272.018
172.165,59.700,81.605,272.018
177.522,57.386,83.411,278.037
179.072,62.332,81.632,272.107
183.766,58.979,81.632,272.107
186.342,56.665,83.438,278.128
181.544,61.463,83.438,278.128
189.084,56.665,83.438,278.128
180.173,58.721,83.438,278.128
188.495,60.622,85.284,284.281
190.597,51.514,85.284,284.281
196.903,46.610,85.284,284.281
191.998,55.718,85.284,284.281
197.635,55.373,83.466,278.219
191.464,56.058,83.466,278.219
199.006,56.744,83.466,278.219
203.201,61.693,81.686,272.286
204.718,57.482,79.944,266.479
210.629,58.138,79.944,266.479
206.032,62.736,79.944,266.479
213.847,63.678,78.239,260.796
209.348,64.321,78.239,260.796
216.997,65.243,76.570,255.235
213.852,67.130,76.570,255.235
218.255,61.469,76.570,255.235
212.594,67.130,76.570,255.235
220.080,66.820,74.938,249.792
217.001,68.667,74.938,249.792
222.542,63.126,74.938,249.792
217.002,64.973,74.938,249.792
222.542,59.433,74.938,249.792
226.852,56.354,74.938,249.792
223.497,63.172,73.340,244.465
228.919,58.954,73.340,244.465
232.605,63.303,71.776,239.252
237.912,62.713,71.776,239.252
233.784,65.661,71.776,239.252
239.665,66.507,70.245,234.150
238.745,72.898,68.747,229.156
241.569,70.074,68.747,229.156
239.580,74.150,67.281,224.270
244.555,68.070,67.281,224.270
242.608,76.322,65.846,219.487
249.641,71.453,65.846,219.487
253.427,74.158,65.846,219.487
257.214,69.290,65.846,219.487
254.266,75.280,64.442,214.806
253.737,72.633,64.442,214.806
254.266,74.221,64.442,214.806
255.854,69.456,64.442,214.806
256.031,76.339,63.068,210.225
257.586,72.712,63.068,210.225
257.759,77.451,61.723,205.742
263.793,74.268,60.406,201.355
262.045,79.764,59.118,197.061
266.889,76.715,57.858,192.859
264.299,81.063,56.624,188.746
264.764,82.458,56.624,188.746
266.160,79.202,56.624,188.746
265.694,78.737,56.624,188.746
264.299,81.993,56.624,188.746
268.485,79.667,56.624,188.746
268.020,78.271,56.624,188.746
271.276,78.737,56.624,188.746
270.811,77.341,56.624,188.746
270.346,80.597,56.624,188.746
268.951,82.923,56.624,188.746
263.834,82.458,56.624,188.746
259.829,83.748,57.877,192.922
265.059,81.371,57.877,192.922
267.436,83.748,57.877,192.922
269.814,80.420,57.877,192.922
269.338,78.994,57.877,192.922
266.961,79.469,57.877,192.922
268.387,78.994,57.877,192.922
267.912,76.616,57.877,192.922
267.154,79.132,56.642,188.808
271.795,81.593,55.434,184.781
266.929,78.132,56.661,188.870
271.118,80.459,56.661,188.870
273.966,80.230,55.453,184.842
269.866,82.508,55.453,184.842
274.877,79.319,55.453,184.842
270.777,83.419,55.453,184.842
274.877,79.319,55.453,184.842
275.333,83.419,55.453,184.842
276.363,83.194,54.270,180.900
274.134,86.315,54.270,180.900
273.688,84.086,54.270,180.900
277.700,80.965,54.270,180.900
279.038,80.519,54.270,180.900
275.917,83.640,54.270,180.900
281.223,81.701,53.113,177.042
284.277,79.520,53.113,177.042
280.350,84.319,53.113,177.042
284.277,81.265,53.113,177.042
287.331,79.956,53.113,177.042
284.954,84.788,51.980,173.267
289.651,81.798,51.980,173.267
285.808,84.788,51.980,173.267
290.505,81.798,51.980,173.267
291.786,83.934,51.980,173.267
292.213,80.944,51.980,173.267
294.348,83.934,51.980,173.267
294.775,82.653,51.980,173.267
292.640,87.350,51.980,173.267
296.483,85.215,51.980,173.267
297.764,88.204,51.980,173.267
293.921,88.631,51.980,173.267
297.764,85.642,51.980,173.267
299.046,87.777,51.980,173.267
298.618,85.642,51.980,173.267
295.629,82.653,51.980,173.267
297.764,87.350,51.980,173.267
294.088,83.218,53.130,177.100
297.600,82.161,51.997,173.324
298.027,85.152,51.997,173.324
300.162,81.307,51.997,173.324
300.590,81.734,51.997,173.324
296.745,83.870,51.997,173.324
300.590,81.734,51.997,173.324
299.308,82.161,51.997,173.324
303.568,82.774,50.888,169.627
301.478,86.537,50.888,169.627
302.732,83.610,50.888,169.627
303.986,86.537,50.888,169.627
306.544,87.137,49.803,166.010
306.417,84.027,50.905,169.683
306.835,87.790,50.905,169.683
306.417,83.190,50.905,169.683
308.508,84.445,50.905,169.683
308.090,82.354,50.905,169.683
309.842,88.597,49.819,166.065
311.070,86.551,49.819,166.065
308.205,88.597,49.819,166.065
308.614,85.732,49.819,166.065
309.023,87.778,49.819,166.065
310.251,85.732,49.819,166.065
311.479,87.778,49.819,166.065
311.616,86.788,48.757,162.523
312.817,85.586,48.757,162.523
310.014,86.788,48.757,162.523
311.215,83.984,48.757,162.523
314.019,85.987,48.757,162.523
316.823,87.188,48.757,162.523
318.025,86.788,48.757,162.523
317.386,91.995,47.717,159.057
319.346,90.035,47.717,159.057
318.170,88.859,47.717,159.057
320.130,91.603,47.717,159.057
322.528,91.410,46.700,155.665
319.843,91.026,46.700,155.665
322.528,93.712,46.700,155.665
322.912,91.794,46.700,155.665
324.063,92.177,46.700,155.665
322.912,91.026,46.700,155.665
321.761,90.643,46.700,155.665
325.214,89.492,46.700,155.665
326.365,89.108,46.700,155.665
324.446,91.026,46.700,155.665
327.132,89.108,46.700,155.665
326.748,90.259,46.700,155.665
327.899,87.574,46.700,155.665
328.027,92.561,45.704,152.346
330.656,89.933,45.704,152.346
328.027,92.561,45.704,152.346
330.656,90.684,45.704,152.346
328.027,93.312,45.704,152.346
331.772,92.404,44.729,149.097
328.465,94.976,44.729,149.097
332.507,91.669,44.729,149.097
330.669,92.771,44.729,149.097
332.507,90.934,44.729,149.097
334.046,93.586,43.775,145.917
331.529,92.507,43.775,145.917
335.808,94.410,42.842,142.806
333.345,94.762,42.842,142.806
334.401,93.002,42.842,142.806
333.161,98.256,41.928,139.760
334.883,95.156,41.928,139.760
336.327,96.314,41.034,136.780
333.293,95.977,41.034,136.780
336.327,95.640,41.034,136.780
333.293,96.651,41.034,136.780
337.304,95.835,40.159,133.863
334.995,98.805,40.159,133.863
337.013,98.642,39.302,131.008
335.399,100.256,39.302,131.008
337.996,100.720,38.464,128.215
338.944,100.404,38.464,128.215
336.100,100.720,38.464,128.215
338.312,99.140,38.464,128.215
336.100,102.616,38.464,128.215
338.312,99.772,38.464,128.215
339.636,103.880,37.644,125.480
340.335,103.131,36.841,122.804
339.853,104.732,36.056,120.186
340.149,106.213,36.056,120.186
340.819,106.067,35.287,117.623
341.109,107.517,35.287,117.623
340.239,107.807,35.287,117.623
339.950,106.937,35.287,117.623
340.819,106.647,35.287,117.623
341.689,108.676,35.287,117.623
340.819,107.807,35.287,117.623
340.529,109.256,35.287,117.623
340.239,107.807,35.287,117.623
341.109,107.517,35.287,117.623
338.500,107.807,35.287,117.623
340.529,107.517,35.287,117.623
339.660,108.387,35.287,117.623
338.790,107.517,35.287,117.623
340.819,108.387,35.287,117.623
339.370,106.937,35.287,117.623
338.500,107.227,35.287,117.623
340.529,106.357,35.287,117.623
338.500,105.488,35.287,117.623
340.832,108.698,34.534,115.114
339.414,107.279,34.534,115.114
341.400,109.265,34.534,115.114
339.854,109.125,33.798,112.659
342.353,107.737,33.798,112.659
339.854,106.904,33.798,112.659
342.353,107.737,33.798,112.659
340.409,106.904,33.798,112.659
343.178,108.908,33.077,110.257
344.840,108.774,32.372,107.906
342.878,112.744,31.681,105.605
344.700,113.005,31.681,105.605
342.878,112.744,31.681,105.605
344.180,112.484,31.681,105.605
341.837,111.183,31.681,105.605
344.180,111.443,31.681,105.605
342.358,110.142,31.681,105.605
344.180,111.443,31.681,105.605
342.358,109.101,31.681,105.605
344.700,110.402,31.681,105.605
343.399,108.060,31.681,105.605
344.489,110.942,31.006,103.353
343.216,109.159,31.006,103.353
344.774,111.979,30.345,101.148
344.026,110.733,30.345,101.148
345.771,111.979,30.345,101.148
344.525,110.733,30.345,101.148
344.774,112.478,30.345,101.148
346.779,111.874,29.697,98.991
345.072,113.582,29.697,98.991
346.779,111.874,29.697,98.991
345.072,114.070,29.697,98.991
347.267,112.850,29.697,98.991
344.584,114.070,29.697,98.991
346.779,112.850,29.697,98.991
345.560,114.558,29.697,98.991
347.522,114.438,29.064,96.880
345.851,114.677,29.064,96.880
347.522,114.438,29.064,96.880
345.851,115.154,29.064,96.880
347.045,113.483,29.064,96.880
345.373,115.632,29.064,96.880
346.567,113.960,29.064,96.880
345.373,115.632,29.064,96.880
346.834,114.133,28.444,94.814
345.198,115.769,28.444,94.814
346.834,114.600,28.444,94.814
345.666,115.769,28.444,94.814
345.432,115.068,28.444,94.814
344.264,116.236,28.444,94.814
346.367,113.666,28.444,94.814
344.731,115.769,28.444,94.814
345.432,114.600,28.444,94.814
344.264,115.301,28.444,94.814
345.899,113.198,28.444,94.814
344.264,114.367,28.444,94.814
345.432,112.731,28.444,94.814
343.708,116.220,27.838,92.792
345.309,114.619,27.838,92.792
343.708,114.847,27.838,92.792
345.309,113.704,27.838,92.792
343.708,115.305,27.838,92.792
345.309,114.161,27.838,92.792
343.708,116.220,27.838,92.792
345.309,114.161,27.838,92.792
343.251,115.762,27.838,92.792
344.852,113.704,27.838,92.792
343.708,115.305,27.838,92.792
345.548,114.751,27.244,90.814
343.981,116.766,27.244,90.814
344.919,116.224,26.663,88.877
344.262,117.319,26.663,88.877
345.795,115.786,26.663,88.877
343.824,116.881,26.663,88.877
345.357,115.348,26.663,88.877
345.138,117.757,26.663,88.877
344.481,115.786,26.663,88.877
346.014,115.567,26.663,88.877
344.821,117.992,26.095,86.982
346.750,116.920,26.095,86.982
345.678,117.992,26.095,86.982
346.576,117.473,25.538,85.127
346.366,118.942,25.538,85.127
346.841,118.434,24.993,83.311
346.636,119.871,24.993,83.311
347.252,119.666,24.993,83.311
