153.000,105.000,26.000,43.000
152.326,99.474,26.000,43.000
150.843,93.947,26.000,43.000
151.517,87.612,26.000,43.000
151.382,81.007,26.000,43.000
152.326,76.559,26.000,43.000
152.191,73.189,26.000,43.000
150.169,71.976,26.000,43.000
147.608,70.224,26.000,43.000
142.082,68.741,26.000,43.000
136.555,66.719,26.000,43.000
131.298,65.506,26.000,43.000
124.963,65.641,26.000,43.000
118.089,63.619,26.000,43.000
111.754,62.136,26.000,43.000
110.271,63.080,26.000,43.000
112.023,62.406,26.000,43.000
111.349,59.305,26.000,43.000
110.136,56.205,26.000,43.000
105.418,52.566,26.000,43.000
100.161,49.735,26.000,43.000
94.365,47.444,26.000,43.000
88.839,45.422,26.000,43.000
86.008,43.939,26.000,43.000
82.369,45.422,26.000,43.000
80.347,46.365,26.000,43.000
81.291,45.961,26.000,43.000
83.312,47.983,26.000,43.000
85.604,50.274,26.000,43.000
89.243,54.183,26.000,43.000
92.883,56.744,26.000,43.000
97.600,59.036,26.000,43.000
100.346,65.341,25.446,42.083
102.061,71.013,25.446,42.083
105.623,76.158,25.446,42.083
110.853,81.820,24.903,41.186
116.404,84.015,24.903,41.186
122.270,85.574,24.372,40.307
131.746,83.173,24.372,40.307
136.589,76.828,24.911,41.199
139.127,69.539,25.462,42.111
118.914,78.767,24.919,41.213
122.044,76.841,24.388,40.334
127.228,75.450,24.388,40.334
129.377,74.312,24.388,40.334
133.044,74.438,24.388,40.334
135.791,72.549,24.927,41.226
138.505,72.937,24.927,41.226
145.095,73.066,24.927,41.226
150.394,72.161,24.927,41.226
115.889,61.694,24.927,41.226
121.705,63.632,24.927,41.226
127.194,64.919,25.479,42.138
133.402,65.844,25.479,42.138
135.648,63.598,25.479,42.138
141.064,61.353,25.479,42.138
143.573,60.164,25.479,42.138
146.264,60.231,24.936,41.240
148.979,59.068,24.936,41.240
152.111,59.383,24.404,40.360
155.175,58.228,23.883,39.499
159.261,57.361,23.883,39.499
162.605,58.723,23.883,39.499
168.176,61.076,23.883,39.499
171.124,63.850,24.412,40.373
175.449,68.262,24.952,41.267
177.907,70.461,24.952,41.267
141.797,62.086,25.504,42.180
152.243,63.805,25.504,42.180
170.357,65.260,25.504,42.180
151.714,50.583,25.504,42.180
159.250,60.235,25.504,42.180
154.094,74.118,25.504,42.180
150.788,82.713,25.504,42.180
