57.000,21.000,31.000,45.000
57.745,19.361,31.000,45.000
58.788,18.914,31.000,45.000
60.128,19.957,31.000,45.000
61.767,18.616,31.000,45.000
65.193,16.680,31.000,45.000
67.130,15.935,31.000,45.000
70.258,16.680,31.000,45.000
73.685,17.425,31.000,45.000
77.409,17.574,31.000,45.000
79.643,18.319,31.000,45.000
81.282,18.765,31.000,45.000
81.431,19.808,31.000,45.000
78.303,21.447,31.000,45.000
71.599,19.808,31.000,45.000
64.597,20.553,31.000,45.000
58.192,19.808,31.000,45.000
54.170,19.063,31.000,45.000
48.956,17.425,31.000,45.000
42.550,18.765,31.000,45.000
37.336,20.702,31.000,45.000
30.632,20.553,31.000,45.000
26.312,18.914,31.000,45.000
22.886,19.659,31.000,45.000
20.055,19.510,31.000,45.000
18.119,20.851,31.000,45.000
20.055,21.298,31.000,45.000
21.396,19.361,31.000,45.000
21.296,18.836,30.339,44.040
20.567,20.440,30.339,44.040
19.255,20.877,30.339,44.040
18.314,21.487,29.692,43.101
18.742,22.771,29.692,43.101
20.296,23.369,29.059,42.182
22.391,23.787,29.059,42.182
23.647,24.206,29.059,42.182
24.346,24.905,29.059,42.182
25.882,25.044,29.059,42.182
29.652,26.022,29.059,42.182
33.702,26.720,29.059,42.182
37.472,27.977,29.059,42.182
41.521,29.513,29.059,42.182
44.175,30.770,29.059,42.182
45.990,32.585,29.059,42.182
46.130,33.842,29.059,42.182
47.107,35.657,29.059,42.182
48.364,34.679,29.059,42.182
49.346,34.647,29.702,43.115
50.060,31.936,29.702,43.115
51.059,26.940,29.702,43.115
52.344,20.803,29.702,43.115
53.628,18.662,29.702,43.115
55.198,16.235,29.702,43.115
55.341,14.380,29.702,43.115
56.911,14.522,29.702,43.115
58.196,16.378,29.702,43.115
59.766,19.375,29.702,43.115
60.770,22.449,29.068,42.196
62.292,23.572,28.448,41.296
64.069,23.435,28.448,41.296
65.822,24.271,27.842,40.415
67.795,24.573,27.248,39.554
69.759,25.489,27.248,39.554
70.681,24.270,26.667,38.710
71.065,25.424,26.667,38.710
70.937,26.065,26.667,38.710
69.015,24.399,26.667,38.710
66.211,25.429,26.098,37.885
62.259,26.679,25.542,37.077
59.927,27.293,25.542,37.077
59.804,28.397,25.542,37.077
60.663,28.029,25.542,37.077
61.031,27.661,25.542,37.077
62.605,27.228,24.997,36.286
63.682,28.657,24.464,35.512
64.035,27.834,24.464,35.512
64.388,27.246,24.464,35.512
62.624,28.540,24.464,35.512
62.271,28.187,24.464,35.512
60.743,27.364,24.464,35.512
59.450,27.011,24.464,35.512
57.922,26.423,24.464,35.512
56.628,27.246,24.464,35.512
54.395,26.659,24.464,35.512
52.161,26.776,24.464,35.512
50.398,25.718,24.464,35.512
48.164,27.011,24.464,35.512
47.106,25.718,24.464,35.512
45.578,25.130,24.464,35.512
44.285,24.542,24.464,35.512
42.756,24.660,24.464,35.512
44.049,23.367,24.464,35.512
44.402,22.309,24.464,35.512
44.990,23.367,24.464,35.512
47.694,24.425,24.464,35.512
48.046,24.072,24.464,35.512
48.634,23.249,24.464,35.512
47.576,22.191,24.464,35.512
46.753,22.544,24.464,35.512
48.046,23.367,24.464,35.512
49.810,24.190,24.464,35.512
52.044,23.132,24.464,35.512
55.453,23.249,24.464,35.512
56.746,22.662,24.464,35.512
59.450,22.309,24.464,35.512
62.624,21.486,24.464,35.512
66.974,20.663,24.464,35.512
71.794,21.721,24.464,35.512
69.795,23.249,24.464,35.512
69.208,24.778,24.464,35.512
70.501,25.836,24.464,35.512
68.737,26.423,24.464,35.512
66.881,25.909,25.005,36.298
63.986,25.881,25.558,37.101
61.898,26.250,25.558,37.101
62.021,25.144,25.558,37.101
61.356,24.861,26.124,37.922
62.988,24.736,26.124,37.922
63.867,23.857,26.124,37.922
64.746,24.485,26.124,37.922
65.373,25.363,26.124,37.922
66.503,24.233,26.124,37.922
60.603,23.606,26.124,37.922
57.465,21.974,26.124,37.922
55.330,22.350,26.124,37.922
55.707,21.472,26.124,37.922
54.075,20.342,26.124,37.922
53.698,18.710,26.124,37.922
53.071,17.580,26.124,37.922
54.452,20.718,26.124,37.922
53.573,25.363,26.124,37.922
54.452,27.749,26.124,37.922
55.581,29.381,26.124,37.922
56.465,30.915,26.702,38.761
56.569,32.749,27.293,39.618
58.798,33.143,27.293,39.618
61.028,34.061,27.293,39.618
62.208,35.241,27.293,39.618
63.389,36.684,27.293,39.618
64.307,37.864,27.293,39.618
62.864,36.946,27.293,39.618
58.011,38.126,27.293,39.618
56.044,39.831,27.293,39.618
54.601,36.553,27.293,39.618
54.766,31.792,26.711,38.774
55.664,29.353,26.711,38.774
57.333,28.711,26.711,38.774
58.979,29.496,26.141,37.947
59.858,30.375,26.141,37.947
59.481,31.255,26.141,37.947
58.186,26.695,25.584,37.137
58.309,22.392,25.584,37.137
56.465,23.744,25.584,37.137
56.856,23.074,25.038,36.345
58.167,24.273,24.504,35.570
58.769,24.085,23.982,34.812
57.501,25.122,23.982,34.812
57.847,24.085,23.982,34.812
56.118,25.583,23.982,34.812
55.152,26.066,23.470,34.069
55.039,25.276,23.470,34.069
53.573,26.291,23.470,34.069
52.107,25.727,23.470,34.069
51.317,26.517,23.470,34.069
49.625,26.178,23.470,34.069
49.061,25.840,23.470,34.069
48.272,26.855,23.470,34.069
46.580,26.066,23.470,34.069
45.791,25.276,23.470,34.069
44.776,25.163,23.470,34.069
43.309,24.825,23.470,34.069
41.843,25.840,23.470,34.069
43.309,25.502,23.470,34.069
45.678,24.712,23.470,34.069
48.949,25.953,23.470,34.069
50.640,25.840,23.470,34.069
49.625,25.050,23.470,34.069
49.061,23.584,23.470,34.069
49.625,23.923,23.470,34.069
48.680,23.742,22.970,33.343
48.349,22.749,22.970,33.343
49.784,23.080,22.970,33.343
49.673,22.307,22.970,33.343
50.887,21.535,22.970,33.343
52.543,20.100,22.970,33.343
55.082,19.548,22.970,33.343
57.621,21.645,22.970,33.343
59.497,21.535,22.970,33.343
61.594,20.541,22.970,33.343
63.029,19.327,22.970,33.343
64.243,18.996,22.970,33.343
65.237,18.223,22.970,33.343
64.243,19.437,22.970,33.343
62.959,18.496,23.478,34.081
61.266,17.255,23.478,34.081
57.994,16.014,23.478,34.081
56.076,18.609,23.478,34.081
53.256,20.301,23.478,34.081
51.564,19.511,23.478,34.081
50.097,19.173,23.478,34.081
49.533,19.060,23.478,34.081
48.066,20.527,23.478,34.081
47.502,19.511,23.478,34.081
46.487,18.496,23.478,34.081
45.922,18.158,23.478,34.081
44.907,17.819,23.478,34.081
41.410,19.286,23.478,34.081
42.199,19.399,23.478,34.081
47.051,17.706,23.478,34.081
49.646,17.368,23.478,34.081
48.405,16.352,23.478,34.081
47.164,16.014,23.478,34.081
48.179,16.578,23.478,34.081
47.164,18.496,23.478,34.081
48.405,20.640,23.478,34.081
48.743,22.558,23.478,34.081
50.661,22.896,23.478,34.081
52.353,22.558,23.478,34.081
53.820,20.865,23.478,34.081
56.189,19.624,23.478,34.081
60.138,18.834,23.478,34.081
61.605,17.593,23.478,34.081
62.620,16.578,23.478,34.081
63.861,16.014,23.478,34.081
64.200,14.547,23.478,34.081
64.989,15.337,23.478,34.081
64.200,14.322,23.478,34.081
65.666,13.532,23.478,34.081
64.651,15.224,23.478,34.081
65.679,15.901,23.997,34.835
64.410,16.708,23.997,34.835
65.679,16.362,23.997,34.835
66.969,17.293,24.528,35.605
69.444,16.703,24.528,35.605
66.733,16.585,24.528,35.605
62.136,18.118,24.528,35.605
58.954,18.943,24.528,35.605
60.250,17.646,24.528,35.605
61.782,15.171,24.528,35.605
64.258,10.574,24.528,35.605
66.733,8.099,24.528,35.605
69.519,6.604,25.071,36.393
71.117,7.327,25.626,37.198
68.917,8.832,26.193,38.021
66.777,9.964,26.193,38.021
64.385,10.845,26.193,38.021
64.008,11.727,26.193,38.021
60.861,12.608,26.193,38.021
57.211,12.985,26.193,38.021
54.568,13.615,26.193,38.021
51.924,13.237,26.193,38.021
53.561,15.880,26.193,38.021
54.694,18.272,26.193,38.021
55.826,20.411,26.193,38.021
56.955,21.181,25.634,37.211
57.817,20.072,25.634,37.211
59.172,20.195,25.634,37.211
60.774,19.826,25.634,37.211
62.115,19.866,25.087,36.417
63.924,19.022,25.087,36.417
65.005,18.597,24.552,35.640
65.359,19.423,24.552,35.640
62.409,18.361,24.552,35.640
62.763,17.535,24.552,35.640
65.413,19.394,24.029,34.880
68.531,21.819,24.029,34.880
70.263,25.629,24.029,34.880
69.685,25.745,24.029,34.880
66.799,24.936,24.029,34.880
62.064,25.976,24.029,34.880
59.639,24.936,24.029,34.880
57.445,23.897,24.029,34.880
56.637,24.705,24.029,34.880
54.905,23.897,24.029,34.880
53.635,24.475,24.029,34.880
52.827,23.666,24.029,34.880
53.173,24.475,24.029,34.880
54.443,22.742,24.029,34.880
55.713,23.782,24.029,34.880
57.215,22.512,24.029,34.880
58.947,21.241,24.029,34.880
59.986,20.664,24.029,34.880
60.798,21.356,24.560,35.652
62.096,25.723,24.560,35.652
63.395,27.730,24.560,35.652
64.221,28.556,24.560,35.652
65.047,29.854,24.560,35.652
66.581,28.084,24.560,35.652
67.880,28.910,24.560,35.652
65.637,29.028,24.560,35.652
64.339,27.730,24.560,35.652
65.873,28.556,24.560,35.652
67.880,29.854,24.560,35.652
66.581,28.320,24.560,35.652
67.644,29.146,24.560,35.652
66.345,27.848,24.560,35.652
64.339,28.202,24.560,35.652
62.333,28.556,24.560,35.652
60.562,29.382,24.560,35.652
61.388,29.972,24.560,35.652
62.687,28.910,24.560,35.652
63.513,29.736,24.560,35.652
64.103,29.146,24.560,35.652
64.929,29.972,24.560,35.652
64.103,30.562,24.560,35.652
61.624,31.861,24.560,35.652
59.382,31.270,24.560,35.652
57.848,32.805,24.560,35.652
59.146,30.326,24.560,35.652
60.680,29.028,24.560,35.652
61.506,30.090,24.560,35.652
61.860,27.140,24.560,35.652
60.798,24.425,24.560,35.652
59.500,22.183,24.560,35.652
57.730,20.176,24.560,35.652
55.959,18.170,24.560,35.652
53.717,17.343,24.560,35.652
51.474,18.170,24.560,35.652
49.468,19.940,24.560,35.652
47.225,24.071,24.560,35.652
43.331,24.661,24.560,35.652
40.852,25.723,24.560,35.652
38.610,25.369,24.560,35.652
37.547,26.903,24.560,35.652
38.846,27.966,24.560,35.652
40.852,29.264,24.560,35.652
43.094,30.798,24.560,35.652
45.337,30.208,24.560,35.652
45.691,31.506,24.560,35.652
46.281,32.097,24.560,35.652
45.219,31.270,24.560,35.652
46.753,31.152,24.560,35.652
49.232,28.438,24.560,35.652
51.238,26.431,24.560,35.652
55.133,25.605,24.560,35.652
59.264,24.543,24.560,35.652
59.854,25.605,24.560,35.652
61.860,24.779,24.560,35.652
63.159,23.481,24.560,35.652
63.513,23.835,24.560,35.652
62.451,22.064,24.560,35.652
61.860,22.419,24.560,35.652
61.270,21.592,24.560,35.652
58.556,20.766,24.560,35.652
54.189,18.524,24.560,35.652
51.710,18.406,24.560,35.652
46.871,17.580,24.560,35.652
41.560,17.934,24.560,35.652
35.541,18.996,24.560,35.652
31.410,17.698,24.560,35.652
29.404,16.871,24.560,35.652
29.994,15.573,24.560,35.652
31.804,16.281,25.104,36.441
33.904,17.254,25.659,37.247
34.004,18.761,26.227,38.071
33.122,17.879,26.227,38.071
34.004,18.257,26.227,38.071
35.152,18.228,26.807,38.914
36.860,16.595,27.400,39.775
38.606,17.384,28.006,40.655
39.553,16.516,28.626,41.554
40.241,16.378,28.626,41.554
39.553,15.140,28.626,41.554
38.590,15.278,28.626,41.554
40.104,14.590,28.626,41.554
42.442,16.653,28.626,41.554
42.580,19.542,28.626,41.554
42.992,22.156,28.626,41.554
43.680,23.119,28.626,41.554
44.093,24.082,28.626,41.554
45.331,24.770,28.626,41.554
46.569,24.632,28.626,41.554
48.632,25.870,28.626,41.554
50.971,24.907,28.626,41.554
53.034,25.870,28.626,41.554
54.823,25.182,28.626,41.554
56.336,25.045,28.626,41.554
57.849,23.807,28.626,41.554
59.913,23.119,28.626,41.554
62.801,21.881,28.626,41.554
64.865,20.368,28.626,41.554
67.754,18.304,28.626,41.554
68.441,15.415,28.626,41.554
65.002,8.400,28.626,41.554
61.118,2.374,29.259,42.473
58.446,-0.579,29.259,42.473
55.775,0.686,29.259,42.473
54.509,7.576,29.259,42.473
52.963,18.965,29.259,42.473
53.666,30.917,29.259,42.473
52.681,36.963,29.259,42.473
52.822,38.510,29.259,42.473
53.525,39.494,29.259,42.473
53.384,37.666,29.259,42.473
54.369,34.713,29.259,42.473
55.915,32.323,29.259,42.473
55.493,28.527,29.259,42.473
53.947,26.417,29.259,42.473
53.244,25.152,29.259,42.473
52.259,24.730,29.259,42.473
50.713,25.714,29.259,42.473
50.010,25.855,29.259,42.473
50.994,24.590,29.259,42.473
50.010,25.855,29.259,42.473
50.150,25.433,29.259,42.473
50.291,26.417,29.259,42.473
49.869,27.120,29.259,42.473
50.010,25.855,29.259,42.473
49.869,26.277,29.259,42.473
50.588,26.052,28.636,41.568
49.349,27.291,28.636,41.568
48.936,27.703,28.636,41.568
49.074,27.841,28.636,41.568
49.212,26.603,28.636,41.568
47.973,27.841,28.636,41.568
48.936,26.603,28.636,41.568
48.524,27.841,28.636,41.568
49.492,27.090,28.025,40.681
48.549,27.495,28.025,40.681
48.953,27.629,28.025,40.681
49.357,27.225,28.025,40.681
50.305,26.491,27.427,39.814
50.173,27.941,27.427,39.814
50.305,26.754,27.427,39.814
50.471,26.544,26.842,38.965
50.600,27.189,26.842,38.965
51.245,26.544,26.842,38.965
51.116,27.189,26.842,38.965
50.471,25.512,26.842,38.965
52.406,26.157,26.842,38.965
52.277,25.512,26.842,38.965
51.116,24.609,26.842,38.965
49.882,22.973,27.436,39.827
48.347,23.490,28.043,40.708
49.560,22.277,28.043,40.708
49.695,22.682,28.043,40.708
50.908,21.738,28.043,40.708
51.582,22.682,28.043,40.708
50.908,22.008,28.043,40.708
51.582,22.951,28.043,40.708
50.369,23.086,28.043,40.708
50.234,24.299,28.043,40.708
50.099,25.242,28.043,40.708
49.695,24.838,28.043,40.708
50.369,24.703,28.043,40.708
49.425,24.029,28.043,40.708
49.560,25.242,28.043,40.708
50.234,24.568,28.043,40.708
49.291,25.781,28.043,40.708
50.234,24.299,28.043,40.708
50.369,24.703,28.043,40.708
50.773,23.490,28.043,40.708
51.447,23.625,28.043,40.708
51.851,23.221,28.043,40.708
52.794,23.086,28.043,40.708
52.660,22.951,28.043,40.708
52.525,22.816,28.043,40.708
52.660,22.143,28.043,40.708
52.255,22.816,28.043,40.708
51.851,22.682,28.043,40.708
53.873,22.277,28.043,40.708
54.546,24.029,28.043,40.708
54.142,24.164,28.043,40.708
54.007,24.838,28.043,40.708
54.142,24.164,28.043,40.708
55.085,25.377,28.043,40.708
54.681,26.051,28.043,40.708
55.355,25.377,28.043,40.708
54.681,25.242,28.043,40.708
54.816,25.646,28.043,40.708
54.951,24.434,28.043,40.708
54.546,25.916,28.043,40.708
54.412,24.973,28.043,40.708
54.816,25.107,28.043,40.708
55.220,25.242,28.043,40.708
54.007,25.646,28.043,40.708
54.142,24.434,28.043,40.708
54.277,25.646,28.043,40.708
54.142,24.434,28.043,40.708
53.738,25.646,28.043,40.708
54.412,24.434,28.043,40.708
53.468,25.377,28.043,40.708
53.873,24.973,28.043,40.708
54.007,24.838,28.043,40.708
52.794,24.973,28.043,40.708
54.007,24.838,28.043,40.708
52.525,24.703,28.043,40.708
53.199,24.568,28.043,40.708
52.525,25.781,28.043,40.708
53.199,24.568,28.043,40.708
52.525,25.781,28.043,40.708
53.468,24.568,28.043,40.708
53.064,25.781,28.043,40.708
53.199,24.568,28.043,40.708
53.603,25.512,28.043,40.708
54.546,24.838,28.043,40.708
54.412,24.164,28.043,40.708
54.277,25.107,28.043,40.708
54.681,24.434,28.043,40.708
55.085,25.377,28.043,40.708
