93.000,113.000,34.000,109.000
95.988,108.382,34.000,109.000
96.260,105.937,34.000,109.000
101.964,104.579,34.000,109.000
103.866,104.307,34.000,109.000
103.051,101.863,34.000,109.000
104.952,98.331,34.000,109.000
106.854,102.406,34.000,109.000
102.765,108.019,33.275,106.676
104.626,110.943,33.275,106.676
107.551,112.273,33.275,106.676
115.792,116.792,33.275,106.676
121.375,112.804,33.275,106.676
124.831,96.056,33.275,106.676
129.882,89.941,33.275,106.676
133.338,85.953,33.275,106.676
129.351,84.624,33.275,106.676
118.451,79.573,33.275,106.676
116.058,81.434,33.275,106.676
113.665,87.017,33.275,106.676
109.146,97.917,33.275,106.676
102.499,101.905,33.275,106.676
92.663,103.765,33.275,106.676
96.119,107.222,33.275,106.676
94.790,101.639,33.275,106.676
94.524,93.929,33.275,106.676
93.195,89.409,33.275,106.676
95.343,87.728,32.565,104.401
95.083,83.305,32.565,104.401
97.945,82.525,32.565,104.401
101.848,92.672,32.565,104.401
104.710,99.176,32.565,104.401
110.174,104.640,32.565,104.401
116.158,109.063,32.565,104.401
118.260,107.919,31.871,102.174
115.901,99.437,31.191,99.995
118.143,94.204,31.191,99.995
112.412,83.488,31.191,99.995
107.178,79.252,31.191,99.995
104.437,76.510,31.191,99.995
102.194,74.766,31.191,99.995
100.948,80.996,31.191,99.995
97.210,94.702,31.191,99.995
88.987,112.396,31.191,99.995
83.255,121.118,31.191,99.995
83.006,121.367,31.191,99.995
83.753,111.648,31.191,99.995
85.498,99.935,31.191,99.995
87.740,93.705,31.191,99.995
90.980,87.475,31.191,99.995
91.229,83.737,31.191,99.995
94.967,79.999,31.191,99.995
99.204,79.750,31.191,99.995
100.450,85.980,31.191,99.995
103.690,98.191,31.191,99.995
108.923,109.405,31.191,99.995
109.172,108.658,31.191,99.995
114.405,106.415,31.191,99.995
120.137,102.178,31.191,99.995
119.269,92.916,30.526,97.863
113.171,88.770,30.526,97.863
104.635,83.648,30.526,97.863
104.391,79.014,30.526,97.863
102.601,77.002,29.875,95.776
97.628,82.394,29.238,93.734
91.788,91.505,29.238,93.734
82.211,101.549,29.238,93.734
79.641,110.660,29.238,93.734
79.277,110.533,28.614,91.735
76.305,107.561,28.614,91.735
74.248,103.218,28.614,91.735
80.503,100.009,28.004,89.778
88.334,95.758,28.004,89.778
94.023,87.442,27.407,87.864
96.432,85.033,27.407,87.864
101.031,82.187,27.407,87.864
106.943,84.158,27.407,87.864
112.855,92.697,27.407,87.864
125.774,105.179,27.407,87.864
134.314,110.215,27.407,87.864
145.044,107.806,27.407,87.864
155.255,103.045,26.823,85.990
164.470,99.402,26.823,85.990
162.484,98.873,26.251,84.156
150.433,96.333,25.691,82.362
144.891,92.844,25.691,82.362
138.528,83.607,25.691,82.362
131.754,86.276,25.691,82.362
122.928,95.102,25.691,82.362
116.565,106.391,25.691,82.362
110.202,120.964,25.691,82.362
112.653,127.580,25.143,80.605
116.469,137.021,25.143,80.605
118.277,134.410,25.143,80.605
119.683,125.370,25.143,80.605
117.072,120.348,25.143,80.605
116.871,114.924,25.143,80.605
117.072,111.509,25.143,80.605
118.076,108.094,25.143,80.605
121.090,104.278,25.143,80.605
123.299,105.282,25.143,80.605
124.304,108.295,25.143,80.605
133.343,119.344,25.143,80.605
136.356,122.759,25.143,80.605
138.164,128.584,25.143,80.605
140.776,119.545,25.143,80.605
147.807,102.068,25.143,80.605
151.623,91.020,25.143,80.605
151.021,88.006,25.143,80.605
147.606,82.984,25.143,80.605
144.191,77.962,25.143,80.605
142.383,79.770,25.143,80.605
135.754,88.408,25.143,80.605
119.564,96.432,24.607,78.886
114.649,97.808,24.607,78.886
110.521,100.363,24.607,78.886
96.956,96.628,24.607,78.886
88.895,87.388,24.607,78.886
90.271,78.541,24.607,78.886
96.759,70.481,24.607,78.886
99.315,68.318,24.607,78.886
108.555,75.985,24.607,78.886
115.828,85.354,24.082,77.204
120.254,103.247,24.082,77.204
124.679,117.293,24.082,77.204
127.565,119.794,24.082,77.204
129.862,116.723,23.568,75.558
137.582,109.002,23.568,75.558
139.830,106.723,23.066,73.946
135.591,102.853,23.066,73.946
128.404,101.563,23.066,73.946
118.268,105.433,23.066,73.946
109.976,112.620,23.066,73.946
89.439,125.309,22.574,72.369
79.520,137.032,22.574,72.369
75.011,129.277,22.574,72.369
71.584,119.357,22.574,72.369
72.486,112.684,22.574,72.369
81.684,105.290,22.574,72.369
90.161,101.142,22.574,72.369
100.080,102.043,22.574,72.369
110.361,104.749,22.574,72.369
113.427,113.586,22.574,72.369
122.625,125.309,22.574,72.369
135.791,144.247,22.574,72.369
132.003,139.738,22.574,72.369
136.152,118.636,22.574,72.369
139.578,106.913,22.574,72.369
134.348,103.847,22.574,72.369
131.282,102.224,22.574,72.369
127.494,104.208,22.574,72.369
122.625,107.995,22.574,72.369
114.509,116.832,22.574,72.369
101.343,124.588,22.574,72.369
102.245,128.015,22.574,72.369
103.146,128.556,22.574,72.369
106.212,124.768,22.574,72.369
113.607,119.177,22.574,72.369
121.723,111.782,22.574,72.369
126.593,106.913,22.574,72.369
129.659,104.208,22.574,72.369
129.478,106.191,22.574,72.369
129.893,113.743,22.093,70.826
127.245,121.333,22.093,70.826
130.599,127.864,22.093,70.826
130.775,125.922,22.093,70.826
133.070,121.509,22.093,70.826
138.189,112.507,22.093,70.826
136.600,108.447,22.093,70.826
131.902,104.269,21.621,69.316
128.274,100.296,21.621,69.316
123.265,97.705,21.621,69.316
119.637,101.332,21.621,69.316
110.482,112.906,21.621,69.316
101.672,127.244,21.621,69.316
97.698,133.636,21.621,69.316
94.416,124.826,21.621,69.316
92.862,116.361,21.621,69.316
93.725,112.042,21.621,69.316
95.787,108.952,21.160,67.838
94.266,106.416,21.160,67.838
95.787,108.952,21.160,67.838
99.338,115.207,21.160,67.838
105.931,120.786,21.160,67.838
107.791,119.603,21.160,67.838
111.341,116.729,21.160,67.838
114.553,103.711,21.160,67.838
117.089,94.751,21.160,67.838
111.510,91.877,21.160,67.838
104.579,93.060,21.160,67.838
102.719,93.906,21.160,67.838
95.787,96.103,21.160,67.838
82.488,108.396,20.709,66.391
63.461,116.173,20.709,66.391
55.353,127.258,20.709,66.391
53.202,124.445,20.709,66.391
51.713,115.676,20.709,66.391
56.181,113.194,20.709,66.391
64.619,106.411,20.709,66.391
72.395,102.936,20.709,66.391
78.517,103.102,20.709,66.391
83.315,105.914,20.709,66.391
91.423,110.382,20.709,66.391
101.053,112.525,20.267,64.975
112.549,113.658,20.267,64.975
120.808,104.752,20.267,64.975
132.629,90.988,20.267,64.975
135.057,86.616,20.267,64.975
132.952,81.597,20.267,64.975
134.410,78.196,20.267,64.975
132.629,78.358,20.267,64.975
126.313,84.997,20.267,64.975
115.140,95.199,20.267,64.975
108.333,102.290,19.835,63.590
110.393,107.520,19.835,63.590
108.925,101.019,19.412,62.233
108.149,93.730,19.412,62.233
111.406,90.473,19.412,62.233
113.732,87.216,19.412,62.233
113.888,88.611,19.412,62.233
114.973,91.248,19.412,62.233
117.300,97.297,19.412,62.233
121.177,104.276,19.412,62.233
126.317,110.471,18.998,60.906
131.933,108.801,18.998,60.906
142.710,96.506,18.998,60.906
151.969,88.765,18.998,60.906
150.907,81.327,18.998,60.906
148.934,74.497,18.998,60.906
144.228,76.167,18.998,60.906
141.041,78.443,18.998,60.906
132.319,95.625,18.593,59.607
117.909,106.172,18.593,59.607
115.681,109.589,18.593,59.607
109.293,102.310,18.593,59.607
104.985,95.031,18.593,59.607
105.431,92.208,18.593,59.607
110.641,89.837,18.197,58.336
118.055,86.784,18.197,58.336
122.853,93.036,18.197,58.336
131.721,104.230,18.197,58.336
140.183,116.763,17.809,57.092
146.870,122.312,17.809,57.092
150.143,125.015,17.809,57.092
156.545,113.206,17.809,57.092
160.956,103.388,17.809,57.092
157.968,96.416,17.809,57.092
153.907,94.420,17.429,55.875
150.983,97.065,17.429,55.875
144.159,103.331,17.429,55.875
137.232,112.920,17.057,54.683
122.105,120.142,17.057,54.683
118.698,117.553,17.057,54.683
112.020,111.148,17.057,54.683
104.797,100.382,17.057,54.683
103.026,93.977,17.057,54.683
106.705,87.844,17.057,54.683
111.748,85.800,17.057,54.683
117.315,95.184,16.693,53.517
121.735,101.539,16.337,52.376
127.348,112.112,16.337,52.376
133.222,113.026,16.337,52.376
141.967,106.369,16.337,52.376
148.054,92.711,15.989,51.259
148.949,84.663,15.989,51.259
146.266,81.980,15.989,51.259
142.127,82.896,15.648,50.166
137.001,88.772,15.648,50.166
128.625,98.149,15.648,50.166
122.749,107.275,15.648,50.166
111.372,110.151,15.648,50.166
111.247,110.776,15.648,50.166
103.120,103.900,15.648,50.166
94.994,97.274,15.648,50.166
94.076,95.760,15.314,49.096
97.869,90.743,15.314,49.096
102.641,89.887,15.314,49.096
105.455,94.169,15.314,49.096
114.632,104.325,15.314,49.096
120.383,108.852,15.314,49.096
124.665,105.793,15.314,49.096
133.108,103.224,15.314,49.096
136.901,97.228,15.314,49.096
145.098,86.583,15.314,49.096
146.689,80.099,15.314,49.096
143.875,78.019,15.314,49.096
141.090,83.377,14.988,48.049
137.138,92.837,14.988,48.049
134.384,99.423,14.988,48.049
123.966,112.954,14.988,48.049
107.801,129.120,14.988,48.049
102.541,126.476,15.319,49.112
96.544,116.562,15.319,49.112
92.015,113.258,15.319,49.112
94.420,112.484,14.993,48.065
97.654,106.135,14.993,48.065
104.482,104.578,14.993,48.065
111.310,106.135,14.993,48.065
120.054,108.651,14.993,48.065
126.402,106.375,14.993,48.065
128.918,107.453,14.993,48.065
134.308,105.656,14.993,48.065
139.219,91.402,14.993,48.065
141.016,79.064,14.993,48.065
137.063,72.955,14.993,48.065
