298.000,160.000,48.000,80.000
300.250,163.250,48.000,80.000
300.500,166.000,48.000,80.000
303.662,170.467,46.976,78.294
304.396,173.648,46.976,78.294
306.109,177.318,46.976,78.294
308.800,180.988,46.976,78.294
312.470,182.211,46.976,78.294
315.651,184.413,46.976,78.294
318.831,182.211,46.976,78.294
321.033,184.413,46.976,78.294
319.810,182.211,46.976,78.294
322.012,183.434,46.976,78.294
319.321,182.211,46.976,78.294
317.608,183.434,46.976,78.294
314.296,184.345,48.016,80.026
312.546,181.594,48.016,80.026
311.295,181.844,48.016,80.026
311.045,182.594,48.016,80.026
311.795,184.345,48.016,80.026
311.045,183.595,48.016,80.026
308.294,182.344,48.016,80.026
304.043,185.095,48.016,80.026
300.292,184.845,48.016,80.026
296.041,188.596,48.016,80.026
292.656,191.084,49.078,81.797
295.560,188.853,50.164,83.607
301.047,185.979,50.164,83.607
305.642,186.409,51.274,85.456
312.318,186.142,51.274,85.456
316.858,173.057,51.274,85.456
322.466,170.120,51.274,85.456
328.608,174.660,51.274,85.456
335.074,179.946,50.180,83.634
336.904,184.912,50.180,83.634
334.552,189.355,50.180,83.634
328.845,209.851,51.291,85.484
322.701,217.063,51.291,85.484
310.680,220.001,51.291,85.484
298.749,216.561,52.425,87.376
283.155,218.144,53.585,89.309
272.271,224.005,53.585,89.309
259.154,219.819,53.585,89.309
247.712,208.935,53.585,89.309
241.293,202.516,53.585,89.309
237.107,194.981,53.585,89.309
239.061,187.445,53.585,89.309
243.805,180.468,53.585,89.309
253.573,176.282,53.585,89.309
266.690,174.329,53.585,89.309
280.923,172.933,53.585,89.309
294.598,171.538,53.585,89.309
306.598,175.166,53.585,89.309
318.599,172.096,53.585,89.309
329.483,172.375,53.585,89.309
340.367,170.421,53.585,89.309
351.810,169.584,53.585,89.309
366.601,173.770,53.585,89.309
379.718,177.957,53.585,89.309
391.575,181.312,54.771,91.285
403.104,185.925,55.983,93.305
413.892,192.048,55.983,93.305
422.650,196.763,57.221,95.369
429.504,204.214,57.221,95.369
428.014,210.472,57.221,95.369
416.392,214.943,57.221,95.369
405.961,214.645,57.221,95.369
392.550,218.519,57.221,95.369
379.735,214.645,57.221,95.369
366.324,210.174,57.221,95.369
346.357,207.492,57.221,95.369
332.946,204.810,57.221,95.369
322.516,205.108,57.221,95.369
313.873,198.254,57.221,95.369
306.423,196.763,57.221,95.369
299.568,193.485,57.221,95.369
289.138,189.611,57.221,95.369
281.687,185.141,57.221,95.369
277.813,181.267,57.221,95.369
273.343,180.372,57.221,95.369
268.872,178.882,57.221,95.369
264.402,176.796,57.221,95.369
260.528,177.690,57.221,95.369
257.250,176.796,57.221,95.369
253.971,178.286,57.221,95.369
251.289,176.796,57.221,95.369
250.991,176.498,57.221,95.369
249.501,175.604,57.221,95.369
249.799,175.902,57.221,95.369
248.309,174.412,57.221,95.369
244.435,172.922,57.221,95.369
242.349,171.432,57.221,95.369
240.859,170.538,57.221,95.369
242.945,169.644,57.221,95.369
240.263,168.750,57.221,95.369
242.945,168.452,57.221,95.369
240.859,167.558,57.221,95.369
244.137,169.048,57.221,95.369
244.435,167.558,57.221,95.369
242.349,169.644,57.221,95.369
244.435,168.750,57.221,95.369
244.137,169.048,57.221,95.369
245.031,168.750,57.221,95.369
242.852,166.149,58.487,97.479
241.329,168.281,58.487,97.479
242.852,166.758,58.487,97.479
240.720,168.281,58.487,97.479
244.070,168.586,58.487,97.479
240.110,168.281,58.487,97.479
240.415,166.758,58.487,97.479
241.980,166.628,59.781,99.636
246.028,164.448,59.781,99.636
250.698,166.005,59.781,99.636
256.614,164.448,59.781,99.636
260.039,164.137,59.781,99.636
263.464,162.580,59.781,99.636
266.266,162.269,59.781,99.636
266.577,160.712,59.781,99.636
270.625,159.778,59.781,99.636
270.313,161.957,59.781,99.636
274.361,159.778,59.781,99.636
274.049,158.221,59.781,99.636
275.606,156.664,59.781,99.636
275.295,155.108,59.781,99.636
276.852,153.551,59.781,99.636
274.672,152.617,59.781,99.636
274.361,151.683,59.781,99.636
277.163,148.258,59.781,99.636
274.361,145.456,59.781,99.636
274.672,142.031,59.781,99.636
271.247,138.606,59.781,99.636
270.936,135.181,59.781,99.636
270.625,131.756,59.781,99.636
269.691,128.954,59.781,99.636
271.870,128.020,59.781,99.636
271.559,126.463,59.781,99.636
275.606,126.152,59.781,99.636
277.163,127.709,59.781,99.636
280.588,126.152,59.781,99.636
283.326,129.315,58.507,97.511
282.412,127.791,58.507,97.511
284.545,127.487,58.507,97.511
283.021,126.573,58.507,97.511
282.717,126.268,58.507,97.511
281.803,127.791,58.507,97.511
277.841,129.924,58.507,97.511
275.822,131.258,57.259,95.431
272.541,133.942,57.259,95.431
268.505,130.720,58.526,97.543
266.371,132.854,58.526,97.543
264.847,134.378,58.526,97.543
262.618,134.880,59.821,99.701
260.437,138.307,59.821,99.701
258.806,138.174,61.144,101.907
256.577,141.677,61.144,101.907
258.806,144.543,61.144,101.907
261.672,147.409,61.144,101.907
264.538,149.638,61.144,101.907
268.041,153.778,61.144,101.907
272.981,156.285,62.497,104.162
278.515,161.818,62.497,104.162
284.048,167.352,62.497,104.162
296.091,172.885,62.497,104.162
304.229,173.211,62.497,104.162
315.621,180.697,62.497,104.162
324.047,185.961,63.880,106.466
331.280,186.509,65.293,108.822
344.542,181.408,65.293,108.822
352.363,174.947,65.293,108.822
356.784,166.446,65.293,108.822
355.764,157.944,65.293,108.822
352.855,150.911,63.901,106.501
342.309,140.819,62.538,104.230
327.652,134.631,62.538,104.230
314.298,129.745,62.538,104.230
298.990,126.814,62.538,104.230
283.681,132.351,62.538,104.230
270.979,138.539,62.538,104.230
262.836,147.333,62.538,104.230
256.648,161.339,62.538,104.230
249.535,172.689,63.922,106.536
247.871,183.009,63.922,106.536
250.272,193.919,65.336,108.893
256.737,205.829,65.336,108.893
262.016,208.508,66.781,111.302
265.842,203.987,66.781,111.302
279.407,201.552,66.781,111.302
290.884,207.465,66.781,111.302
302.362,211.986,66.781,111.302
314.535,216.508,66.781,111.302
322.096,217.802,68.259,113.765
339.516,212.470,68.259,113.765
356.225,200.027,68.259,113.765
361.407,196.100,66.803,111.339
355.492,188.794,66.803,111.339
344.011,180.792,66.803,111.339
331.834,175.573,66.803,111.339
321.744,169.658,66.803,111.339
308.871,165.831,66.803,111.339
297.389,160.612,66.803,111.339
284.516,157.481,66.803,111.339
270.947,154.350,66.803,111.339
255.986,153.306,66.803,111.339
244.505,152.958,66.803,111.339
233.719,155.393,66.803,111.339
224.325,155.741,66.803,111.339
217.715,156.089,66.803,111.339
210.408,157.133,66.803,111.339
205.885,158.177,66.803,111.339
200.666,160.612,66.803,111.339
197.535,160.960,66.803,111.339
199.275,164.091,66.803,111.339
204.494,166.527,66.803,111.339
211.578,172.744,65.379,108.965
222.133,177.852,65.379,108.965
236.775,180.916,65.379,108.965
250.536,187.130,66.825,111.375
266.197,191.654,66.825,111.375
278.818,191.505,68.304,113.840
290.558,187.592,68.304,113.840
296.605,182.256,68.304,113.840
303.364,176.920,68.304,113.840
307.989,169.450,68.304,113.840
304.076,164.114,68.304,113.840
299.451,159.489,68.304,113.840
293.404,157.710,68.304,113.840
286.645,160.200,68.304,113.840
280.353,155.619,69.815,116.358
275.626,154.529,69.815,116.358
271.458,152.110,71.360,118.933
267.970,152.722,72.938,121.564
271.498,148.618,74.552,124.254
271.882,152.481,76.202,127.003
277.041,155.259,76.202,127.003
282.375,150.971,77.888,129.813
289.271,148.132,77.888,129.813
294.544,146.104,77.888,129.813
299.007,143.264,77.888,129.813
304.280,128.255,77.888,129.813
305.523,117.981,79.611,132.685
304.279,111.761,79.611,132.685
303.035,107.200,79.611,132.685
302.620,105.127,79.611,132.685
302.206,103.883,79.611,132.685
305.108,103.469,79.611,132.685
307.181,108.859,79.611,132.685
308.425,113.420,79.611,132.685
308.010,121.298,79.611,132.685
306.062,139.897,77.913,129.855
302.410,154.911,77.913,129.855
298.758,169.114,77.913,129.855
295.106,178.447,77.913,129.855
295.511,198.330,77.913,129.855
299.080,215.751,76.252,127.086
299.477,220.119,76.252,127.086
304.814,221.597,77.939,129.898
307.655,227.686,77.939,129.898
399.799,275.990,77.939,129.898
404.151,281.679,76.277,127.128
401.370,279.693,76.277,127.128
404.946,281.679,76.277,127.128
402.313,282.652,74.650,124.417
405.034,283.818,74.650,124.417
403.957,284.770,73.058,121.764
406.620,282.107,73.058,121.764
403.957,284.009,73.058,121.764
404.337,282.107,73.058,121.764
404.016,283.772,71.500,119.167
402.899,284.144,71.500,119.167
402.584,284.338,69.975,116.626
404.406,284.702,69.975,116.626
405.500,283.609,69.975,116.626
404.406,284.702,69.975,116.626
405.523,282.278,71.524,119.206
404.405,284.140,71.524,119.206
401.682,281.662,73.106,121.843
398.898,279.919,74.723,124.539
396.174,277.195,74.723,124.539
399.676,278.363,74.723,124.539
401.622,281.087,74.723,124.539
405.045,282.040,73.130,121.883
403.989,285.175,71.570,119.284
403.674,288.243,70.044,116.740
406.228,284.230,70.044,116.740
406.593,286.784,70.044,116.740
409.801,289.787,68.550,114.251
407.302,293.000,68.550,114.251
408.373,289.073,68.550,114.251
407.302,292.286,68.550,114.251
406.945,290.501,68.550,114.251
407.302,290.144,68.550,114.251
