0.02350283
0.03846455
0.03951478
0.03861904
0.03894639
0.03907084
0.03810906
0.03771186
0.03806710
0.03886056
0.03781796
0.03811407
0.03827167
0.03868437
0.03993011
0.03904247
0.03938699
0.03835440
0.03940630
0.03757048
0.03833508
0.03737950
0.03731060
0.03738475
0.03802943
0.03779936
0.03764105
0.03800058
0.04057026
0.04097104
0.03870678
0.03849196
0.03851104
0.03852987
0.03786039
0.03793287
0.03798437
0.03828573
0.03855753
0.03990030
0.04093122
0.03964972
0.03901434
0.03868198
0.03870249
0.03810000
0.03783202
0.03789759
0.03826451
0.03795314
0.03753591
0.03800225
0.03842664
0.03817081
0.03914070
0.03847194
0.03844666
0.03778601
0.03773165
0.03784704
0.03794265
0.03811049
0.03835464
0.03815794
0.03830528
0.03830791
0.04046988
0.03993678
0.03927445
0.03873348
0.04004478
0.03920817
0.03867292
0.03855681
0.03808999
0.03940701
0.04084706
0.04134059
0.03949547
0.04026794
0.03958583
0.03819752
0.03814340
0.03814483
0.03837705
0.03838682
0.03832030
0.03819084
0.03787875
0.03929520
0.03918505
0.03867483
0.03851056
0.03819823
0.03835154
0.03840208
0.03871512
0.03875303
0.03840709
0.03840494
0.03856277
0.03847146
0.03896594
0.03892517
0.03852725
0.03861022
0.03848743
0.03846431
0.03837895
0.03846955
0.03813004
0.03852367
0.03972077
0.03892159
0.03942370
0.03861237
0.03856587
0.03862810
0.03851676
0.03819919
0.03851581
0.03857112
0.03841043
0.03851223
0.03934813
0.03914094
0.03866744
0.03852558
0.03828835
0.03833842
0.03821802
0.03813195
0.03861809
0.03847528
0.03958058
0.03905344
0.03974319
0.04032421
0.03939462
0.04009938
0.03880429
0.03952646
0.03891706
0.03949523
0.03875327
0.03841996
0.03841662
0.03807712
0.03772211
0.03772283
0.03707576
0.03739500
0.03725028
0.03703880
0.03695011
0.03705072
0.03719425
0.03692865
0.03765512
0.03801370
0.03855920
0.03858161
0.03870773
0.03841925
0.03838897
0.03805733
0.03808403
0.03814292
0.03766251
0.03722191
0.03832698
0.03780937
0.03899240
0.03903317
0.03906560
0.03881526
0.03889775
0.03870034
0.03841996
0.03855467
0.03857756
0.03833413
0.03849840
0.03833342
0.03876972
0.03888798
0.03845096
0.03859329
0.03851295
0.03848934
0.03813481
0.03858638
0.03875995
0.03884530
0.03903079
0.03895807
0.03853583
0.03855801
0.03862381
0.03856874
0.03835607
0.03776789
0.03753471
0.03789639
0.03816938
0.03779006
0.03753757
0.03802967
0.03779840
0.03777814
0.03827286
0.04010653
0.03851390
0.03865218
0.03963614
0.04072165
0.03976083
0.03911257
0.03920627
0.03907752
0.03927088
0.03917670
0.03935003
0.03906941
0.03883457
0.03894734
0.03891397
0.03913546
0.03855824
0.03887987
0.03843760
0.03860497
0.03871727
0.03945160
0.03927851
0.03897333
0.03815222
0.03802967
0.03784871
0.03811312
0.03768253
0.03772759
0.03789306
0.03826880
0.03831244
0.04066968
0.04062843
0.03999734
0.03878641
0.03879285
0.03892922
0.03955364
0.04017234
0.03949976
0.04025722
0.03948832
0.04043579
0.03937769
0.03988051
0.03945804
0.03911257
0.04031467
0.04075694
0.04078197
0.03912139
0.03965569
0.04019904
0.03890038
0.04021215
0.03939915
0.04005551
0.03991508
0.03971720
0.04019475
0.03932190
0.03930330
0.03892541
0.03901172
0.03960323
0.03958726
0.03906918
0.03910971
0.03911233
0.04016519
0.03910828
0.03878331
0.03917909
0.03903079
0.04065824
0.04046440
0.03978157
0.04031205
0.03995824
0.03946400
0.03900337
0.03773236
0.03793764
0.03767848
0.03816700
0.03821921
0.03818274
0.03843713
0.03782916
0.03749275
0.03762126
0.03798223
0.03808475
0.03823423
0.03801465
0.03811002
0.03821278
0.03780341
0.03742409
0.03761721
0.03900838
0.03789496
0.03786659
0.03913832
0.04011607
0.03924727
0.03888798
0.03930211
0.03896689
0.03920555
0.03809524
0.03796387
0.03782415
0.03875303
0.03934693
0.03947115
0.03876758
0.03924346
0.03991508
0.04012394
0.04085660
0.04101634
0.04062724
0.03998709
0.03911352
0.03919268
0.04119325
0.03971791
0.03938985
0.04014874
0.03970385
0.03959155
0.03958416
0.03933024
0.04038382
0.03939247
0.03934646
0.03859949
0.03890204
0.03892565
0.03828359
0.03865838
0.03825688
0.03908658
0.03958392
0.03908205
0.03900194
0.03856134
0.03770113
0.03775287
0.03761005
0.03775668
0.03769159
0.03774953
0.03838134
0.03795409
0.03809166
0.03837132
0.03918743
0.03896928
0.03917122
0.03950381
0.03952789
0.03919816
0.03950119
0.04105067
0.03952074
0.03964996
0.03958917
0.03978705
0.04011440
0.04004741
0.04071665
0.03952670
0.03907490
0.03907776
0.03863668
0.03869247
0.03854966
0.03837323
0.03886175
0.03891516
0.03886151
0.04036427
0.04001474
0.04123592
0.04127908
0.03988409
0.04019761
0.03991032
0.03963017
0.04084587
0.04135370
0.04117370
0.04044509
0.04023099
0.04016972
0.03970671
0.03916073
0.04002833
0.03972101
0.03943300
0.03909516
0.03934383
0.04062486
0.04025292
0.03949690
0.03961754
0.04101944
0.03918171
0.04045391
0.03908777
0.03919649
0.03977394
0.04050708
0.04057169
0.04003835
0.03919339
0.03841829
0.03861141
0.03936100
0.03887486
0.03919411
0.03870440
0.03829908
0.03839898
0.03906298
0.03961563
0.03947759
0.03941846
0.03948951
0.04051089
0.04073906
0.04135299
0.04002428
0.03975534
0.03989196
0.04014373
0.03945494
0.03939915
0.03930688
0.03898239
0.03931952
0.04000568
0.04005456
0.03916049
0.04014254
0.04095864
0.03972507
0.03970027
0.03959608
0.03935575
0.03946066
0.03921628
0.03983617
0.03956318
0.04055905
0.03961182
0.03972268
0.04010701
0.03973675
0.04039717
0.04222918
0.04147148
0.04000998
0.04124331
0.03994966
0.04010582
0.04110837
0.03996563
0.03992629
0.03944087
0.04104567
0.04212976
0.04127240
0.04171681
0.04185390
0.04180241
0.04142094
