0.01883602
0.03293157
0.03214407
0.03194976
0.03163719
0.03133535
0.03134704
0.03133893
0.03117085
0.03135204
0.03126645
0.03129458
0.03120542
0.03119159
0.03125215
0.03121710
0.03283310
0.03194976
0.03238249
0.03253746
0.03222680
0.03208661
0.03198695
0.03201938
0.03193378
0.03191352
0.03125358
0.03121090
0.03169584
0.03194690
0.03174043
0.03189588
0.03167343
0.03213668
0.03227377
0.03194380
0.03173280
0.03170538
0.03119230
0.03109813
0.03095937
0.03152061
0.03199434
0.03227282
0.03208947
0.03195977
0.03210282
0.03183532
0.03215766
0.03207946
0.03242350
0.03253627
0.03228498
0.03233814
0.03228164
0.03256011
0.03260207
0.03258824
0.03258014
0.03256202
0.03286076
0.03264832
0.03254294
0.03296280
0.03282595
0.03293896
0.03288507
0.03286672
0.03351665
0.03341341
0.03356004
0.03382897
0.03445411
0.03385329
0.03461480
0.03409910
0.03393006
0.03357291
0.03327179
0.03365731
0.03371906
0.03332376
0.03340435
0.03327656
0.03350616
0.03336668
0.03317928
0.03312063
0.03305221
0.03316784
0.03394842
0.03313613
0.03307343
0.03285432
0.03288031
0.03307080
0.03312063
0.03305554
0.03292823
0.03285694
0.03258443
0.03253341
0.03242302
0.03292465
0.03300190
0.03301215
0.03279877
0.03287053
0.03301120
0.03280497
0.03285313
0.03321362
0.03295517
0.03292751
0.03276825
0.03273010
0.03274012
0.03278232
0.03198814
0.03196001
0.03207016
0.03282380
0.03177047
0.03142071
0.03241920
0.03269386
0.03334260
0.03253818
0.03251600
0.03273964
0.03270102
0.03295660
0.03272462
0.03280306
0.03269458
0.03262901
0.03185630
0.03161836
0.03194761
0.03212905
0.03243208
0.03226304
0.03237247
0.03256726
0.03264761
0.03208351
0.03233218
0.03182721
0.03312325
0.03281999
0.03280997
0.03227782
0.03177905
0.03131413
0.03098965
0.03114367
0.03063035
0.03142905
0.03110409
0.03107476
0.03244519
0.03206944
0.03248310
0.03253460
0.03201866
0.03229165
0.03186369
0.03176355
0.03193116
0.03219986
0.03252363
0.03194189
0.03241205
0.03185368
0.03246069
0.03189778
0.03088617
0.03221631
0.03217101
0.03221154
0.03271127
0.03251672
0.03242421
0.03238392
0.03235579
0.03243423
0.03233504
0.03144765
0.03142452
0.03193355
0.03162622
0.03127551
0.03146553
0.03132367
0.03188658
0.03204489
0.03201556
0.03200006
0.03276753
0.03252959
0.03269601
0.03274369
0.03282285
0.03309870
0.03292799
0.03290200
0.03245044
0.03259659
0.03256655
0.03268480
0.03265214
0.03270411
0.03237939
0.03229332
0.03247023
