0.02501106
0.04132247
0.04157591
0.04136467
0.04150701
0.04163504
0.04158664
0.04168606
0.04167676
0.04197335
0.04164052
0.04160762
0.04164672
0.04163098
0.04160380
0.04156113
0.04146218
0.04138684
0.04139638
0.04105520
0.04102373
0.04097819
0.04090738
0.04101849
0.04107213
0.04113960
0.04108000
0.04133606
0.04176831
0.04228806
0.04245377
0.04205537
0.04134011
0.04119444
0.04123306
0.04133439
0.04128909
0.04133630
0.04121423
0.04110670
0.04111767
0.04109907
0.04119229
0.04124045
0.04135132
0.04126787
0.04116035
0.04128194
0.04127240
0.04114842
0.04129004
0.04117846
0.04145432
0.04130101
0.04151487
0.04136419
0.04126763
0.04155207
0.04139376
0.04130244
0.04221988
0.04214525
0.04172730
0.04117346
0.04136968
0.04124117
0.04125881
0.04141569
0.04146266
0.04155231
0.04168749
0.04147863
0.04141355
0.04154277
0.04133105
0.04153609
0.04136968
0.04151487
0.04136276
0.04146433
0.04137158
0.04143095
0.04132485
0.04147387
0.04141235
0.04150844
0.04142785
0.04150414
0.04144740
0.04130745
0.04146814
0.04123831
0.04123306
0.04136086
0.04119611
0.04131460
0.04129338
0.04137278
0.04124856
0.04122281
0.04116821
0.04109120
0.04114461
0.04136300
0.04127192
0.04121375
0.04123211
0.04133129
0.04124498
0.04129267
0.04137444
0.04113460
0.04114294
0.04233241
0.04174829
0.04208589
0.04230714
0.04239011
0.04216933
0.04212904
0.04224277
0.04195738
0.04216862
0.04208279
0.04182243
0.04119849
0.04104519
0.04104710
0.04100537
0.04177833
0.04195881
0.04176760
0.04111075
0.04114199
0.04134607
0.04155970
0.04148960
0.04134798
0.04130793
0.04144430
0.04152417
0.04148054
0.04127336
0.04143548
0.04141498
0.04149747
0.04143572
0.04138231
0.04138780
0.04137921
0.04129410
0.04134607
0.04158926
0.04139066
0.04131961
0.04158974
0.04149342
0.04126644
0.04144168
0.04100370
0.04130673
0.04118299
0.04147172
0.04131818
0.04129982
0.04209208
0.04215884
0.04179883
0.04119205
0.04123592
0.04140425
0.04132915
0.04128170
0.04129243
0.04120183
0.04133701
0.04133582
0.04123902
0.04125309
0.04132056
0.04120755
0.04094958
0.04097009
0.04093170
0.04097939
0.04103827
0.04099679
0.04091096
0.04140878
0.04089212
0.04097819
0.04092979
0.04107642
0.04082465
0.04117560
0.04084897
0.04109573
0.04088593
0.04075694
0.04078436
0.04083133
0.04102826
0.04099941
0.04099298
0.04100204
0.04098034
0.04175305
0.04113603
0.04184866
0.04227543
0.04223537
0.04098439
0.04089785
0.04199982
0.04220891
0.04167438
0.04110026
0.04198813
0.04244065
0.04219532
0.04152250
0.04123378
0.04147410
0.04121661
0.04139256
0.04129386
0.04130554
0.04180694
0.04177761
0.04131699
0.04225564
0.04205108
0.04121804
0.04116154
0.04115796
0.04115725
0.04110551
0.04103446
0.04069328
0.04087138
0.04092050
0.04089522
0.04093194
0.04080868
0.04178596
0.04189086
0.04216695
0.04176235
0.04180813
0.04178214
0.04201794
0.04104733
0.04100037
0.04114461
0.04097319
0.04124427
0.04099321
0.04130650
0.04145789
0.04132390
0.04132700
0.04122305
0.04150748
0.04147196
0.04162669
0.04161978
0.04160118
0.04172397
0.04150128
0.04137206
0.04155660
0.04163313
0.04181504
0.04166174
0.04148412
0.04313660
0.04257655
0.04196739
0.04153514
0.04114366
0.04152894
0.04132533
0.04150605
0.04132628
0.04117942
0.04128051
0.04143715
0.04124546
0.04128098
0.04139566
0.04138637
0.04242659
0.04298735
0.04322386
0.04219413
0.04278302
0.04273820
0.04277039
0.04252362
0.04235983
0.04327607
0.04260707
0.04296112
0.04264474
0.04244876
0.04348683
0.04242754
0.04323530
0.04318261
0.04238629
0.04366255
0.04279160
0.04321456
0.04319882
0.04255223
0.04238677
0.04250526
0.04253435
0.04277563
0.04290032
0.04415679
0.04250693
0.04306722
0.04241490
0.04241014
0.04238772
0.04181862
0.04179311
0.04134631
0.04242086
0.04227114
0.04167342
0.04127836
0.04143620
0.04132652
0.04126501
0.04149055
0.04149342
0.04124641
0.04131532
0.04166222
0.04254508
0.04250145
0.04259682
0.04241848
0.04248619
0.04238510
0.04215312
0.04140973
0.04130292
0.04225373
0.04222393
0.04212546
0.04186273
0.04172492
0.04243779
0.04238820
0.04247642
0.04245043
0.04191470
0.04130650
0.04152226
0.04152846
0.04115558
0.04141355
0.04128146
0.04159236
0.04122877
0.04151368
0.04155540
0.04148364
0.04123783
0.04138279
0.04153204
0.04265594
0.04319787
0.04257679
0.04325294
0.04321599
0.04257846
0.04358816
0.04262805
0.04328656
0.04279256
0.04336572
0.04347682
0.04256892
0.04349947
0.04310775
0.04304242
0.04427242
0.04294491
0.04361296
0.04375744
0.04276180
0.04404140
0.04315400
0.04274201
0.04251528
0.04157543
0.04177380
0.04154921
0.04150081
0.04148769
0.04150963
0.04134679
0.04196167
0.04215717
0.04207087
0.04123712
0.04110122
0.04125452
0.04150462
0.04146194
0.04147506
0.04139113
0.04142857
0.04138756
0.04145002
0.04155469
0.04130507
0.04155850
0.04141974
0.04140186
0.04147506
0.04163241
0.04117680
0.04143357
0.04158330
0.04163599
0.04245496
0.04249930
0.04244542
0.04249597
0.04229426
0.04188085
0.04310536
0.04256010
0.04336929
0.04355001
0.04274964
0.04339957
0.04436660
0.04276800
0.04321551
0.04241872
0.04313660
0.04291487
0.04239607
0.04326415
0.04234481
0.04297042
0.04251790
0.04239583
0.04288268
0.04232097
0.04298449
0.04266000
0.04218435
0.04241109
0.04200554
0.04226971
0.04198670
0.04205298
0.04195166
0.04120708
0.04100204
0.04129910
0.04110670
0.04107952
0.04097915
0.04109144
0.04178667
0.04197645
0.04279160
0.04185104
0.04179001
0.04125881
0.04082727
0.04173970
0.04166341
0.04170251
0.04212022
0.04184675
0.04233742
0.04157305
0.04156613
0.04170704
0.04172134
0.04162621
0.04147720
0.04060531
0.04068756
0.04056382
0.04083014
0.04051280
0.04077983
0.04059124
0.04072404
0.04063606
0.04088807
0.04076362
0.04086828
0.04112840
0.04115605
0.04098153
0.04137325
0.04129243
0.04195523
0.04193139
0.04133415
0.04096937
0.04106641
0.04104567
0.04099584
0.04083395
0.04078603
0.04089737
0.04099274
0.04100823
0.04075813
0.04078293
0.04086947
0.04078698
0.04065657
0.04076695
0.04053211
0.04061174
0.04038048
0.04050899
0.04069805
0.04108930
0.04057145
0.04278612
0.04197931
0.04289794
0.04224205
0.04155445
0.04166818
0.04085684
0.04321551
0.04219031
0.04195333
0.04173112
0.04099274
0.04064560
0.04096317
0.04078531
0.04097390
0.04099870
0.04102755
0.04189968
0.04168725
0.04093337
0.04066133
0.04051828
0.04145980
0.04147744
0.04136038
0.04288435
0.04298043
0.04178715
0.04171538
0.04170299
0.04225683
0.04192805
0.04167485
0.04195976
0.04215860
0.04295707
0.04213953
0.04246020
0.04158688
0.04183006
0.04247928
0.04228783
0.04304314
0.04218793
0.04285574
0.04201221
0.04181671
0.04250431
0.04170060
0.04280519
0.04220867
0.04330707
0.04235744
0.04304886
0.04295278
0.04204512
0.04300976
0.04202414
0.04230785
0.04145098
0.04169607
0.04147410
0.04072380
0.04072976
0.04083657
0.04065681
0.04128599
0.04070067
0.04084420
0.03904843
0.03851080
0.03863382
0.03842258
0.03858900
0.03855085
0.03841209
0.03847623
0.03855538
0.03835320
0.04057050
0.04013062
0.04149270
0.04050040
0.04069829
0.03977489
0.03994560
0.04002929
0.03973031
0.04152465
0.04111814
0.04136872
0.04023814
0.04053783
0.03994298
0.04005814
0.03969574
0.03949261
0.04026175
0.03947687
0.04005146
0.03952885
0.04000616
0.03994250
0.04127598
0.04263449
0.04193783
0.04237604
0.04268289
0.04222536
0.04321527
0.04194021
0.04288197
0.04241848
0.04229665
0.04307771
0.04240274
0.04284835
0.04227924
0.04241133
0.04266524
0.04199505
0.04286933
0.04198432
0.04259229
0.04189634
0.04213285
0.04236341
0.04222465
0.04233980
0.04205227
0.04228640
0.04209661
0.04172373
0.04160404
0.04083252
0.04079080
0.04096198
0.04092908
0.04099274
0.04227972
0.04305792
0.04262280
0.04229689
0.04361081
0.04208040
0.04250741
0.04168487
0.04202223
0.04210591
0.04180479
0.04287124
0.04206729
0.04317713
0.04186916
0.04280019
0.04226947
0.04209113
0.04307580
0.04193664
0.04277253
0.04167700
0.04276061
0.04231095
0.04199982
0.04294157
0.04199123
0.04164147
0.04140449
0.04145980
0.04081035
0.04060411
0.04044414
0.04069138
0.04051614
0.04073477
0.04078007
0.04080582
0.04067278
0.04061675
0.04072905
0.04054141
0.04044318
0.04175758
0.04185343
0.04211450
0.04149246
0.04140162
0.04141927
0.04144692
0.04050994
0.04044437
0.04066467
0.04041171
0.04044294
0.04041076
0.04055023
0.04065418
0.04056072
0.04046917
0.04055500
0.04061437
0.04248333
0.04157972
0.04104209
0.04076219
0.04078960
0.04082274
0.04080224
0.04149652
0.04162955
0.04143667
0.04064226
0.04143858
0.04278731
0.04168034
0.04122710
0.04087663
0.04079366
0.04066372
0.04073215
0.04064250
0.04059863
0.04085565
0.04093456
0.04129910
0.04112649
0.04108453
0.04105830
0.04112697
0.04099393
0.04126787
0.04122710
0.04141521
0.04139423
0.04174185
0.04275107
0.04313540
0.04396129
0.04309511
0.04301190
0.04348803
0.04311609
0.04381227
0.04349351
0.04308152
0.04384422
0.04305196
0.04307628
0.04366827
0.04285121
0.04359674
0.04348135
0.04286265
0.04423046
0.04319930
0.04276800
0.04382277
0.04255772
0.04323006
0.04321909
0.04243255
0.04241681
0.04146099
0.04148316
0.04112864
0.04140687
0.04121423
0.04186964
0.04140401
0.04213357
0.04286790
0.04281044
0.04465413
0.04364157
0.04269719
0.04355717
0.04240632
0.04379964
