228.000,236.000,80.000,64.000
230.547,234.019,80.000,64.000
232.528,237.132,80.000,64.000
233.944,243.642,80.000,64.000
231.590,250.862,81.770,65.416
227.251,255.780,81.770,65.416
225.805,247.391,81.770,65.416
226.672,232.637,81.770,65.416
225.226,227.140,81.770,65.416
223.780,240.737,81.770,65.416
220.597,260.119,81.770,65.416
221.794,265.098,83.579,66.863
224.455,251.201,83.579,66.863
228.890,227.841,83.579,66.863
230.960,218.084,83.579,66.863
232.439,230.798,83.579,66.863
241.014,240.556,83.579,66.863
248.997,231.981,83.579,66.863
248.110,216.901,83.579,66.863
234.213,210.100,83.579,66.863
207.305,214.535,83.579,66.863
183.946,228.433,83.579,66.863
197.252,237.008,83.579,66.863
229.482,244.991,83.579,66.863
234.508,249.427,83.579,66.863
214.106,247.948,83.579,66.863
190.155,242.330,83.579,66.863
170.344,236.121,83.579,66.863
165.317,238.782,83.579,66.863
180.397,242.034,83.579,66.863
200.208,235.825,83.579,66.863
202.870,222.519,83.579,66.863
195.477,218.675,83.579,66.863
193.999,225.476,83.579,66.863
205.531,225.180,83.579,66.863
215.880,220.745,83.579,66.863
212.627,216.309,83.579,66.863
206.418,221.927,83.579,66.863
206.714,244.696,83.579,66.863
212.332,268.055,83.579,66.863
216.767,272.490,83.579,66.863
207.601,262.733,83.579,66.863
194.295,261.846,83.579,66.863
183.354,269.829,83.579,66.863
181.876,276.039,83.579,66.863
195.773,275.743,83.579,66.863
209.671,279.587,83.579,66.863
216.471,285.205,83.579,66.863
217.358,278.996,83.579,66.863
218.837,262.141,83.579,66.863
230.369,243.513,83.579,66.863
245.449,240.260,83.579,66.863
260.529,251.792,83.579,66.863
256.685,258.002,83.579,66.863
233.326,252.384,83.579,66.863
209.966,241.443,83.579,66.863
199.617,235.825,83.579,66.863
205.826,239.078,83.579,66.863
213.810,245.878,83.579,66.863
227.116,250.314,83.579,66.863
236.283,238.782,83.579,66.863
238.352,224.884,83.579,66.863
234.508,223.406,83.579,66.863
240.126,221.928,83.579,66.863
255.461,218.427,85.428,68.343
276.315,213.893,85.428,68.343
282.057,220.240,85.428,68.343
278.128,236.863,85.428,68.343
263.924,249.254,85.428,68.343
254.512,245.676,87.318,69.855
261.617,233.011,87.318,69.855
269.958,223.434,87.318,69.855
274.592,221.890,87.318,69.855
276.754,209.224,87.318,69.855
263.471,185.437,87.318,69.855
240.302,172.772,87.318,69.855
215.898,169.991,87.318,69.855
202.614,168.447,87.318,69.855
207.866,168.756,87.318,69.855
219.296,164.122,87.318,69.855
224.547,155.781,87.318,69.855
228.563,166.593,87.318,69.855
228.872,184.202,87.318,69.855
223.003,198.103,87.318,69.855
219.605,205.826,87.318,69.855
206.939,204.281,87.318,69.855
189.948,195.323,87.318,69.855
184.697,183.893,87.318,69.855
196.127,166.902,87.318,69.855
217.442,170.918,87.318,69.855
239.993,203.972,87.318,69.855
247.716,231.466,87.318,69.855
243.700,247.221,87.318,69.855
235.359,241.351,87.318,69.855
225.165,224.361,87.318,69.855
222.385,210.460,87.318,69.855
224.547,210.151,87.318,69.855
230.540,214.766,85.456,68.365
239.308,209.627,85.456,68.365
242.029,197.836,85.456,68.365
229.028,194.510,85.456,68.365
216.633,206.301,85.456,68.365
221.772,221.720,85.456,68.365
252.913,226.255,85.456,68.365
284.053,218.092,85.456,68.365
280.727,207.510,85.456,68.365
256.843,210.231,85.456,68.365
231.749,221.418,85.456,68.365
218.145,220.511,85.456,68.365
214.214,208.115,85.456,68.365
213.307,196.929,85.456,68.365
217.842,200.254,85.456,68.365
219.958,212.650,85.456,68.365
249.285,220.208,85.456,68.365
284.657,224.743,85.456,68.365
291.006,218.999,85.456,68.365
273.773,206.603,85.456,68.365
218.563,192.359,87.347,69.878
153.155,186.777,89.280,71.424
131.361,184.566,89.280,71.424
142.416,186.146,89.280,71.424
160.420,185.830,89.280,71.424
165.789,182.987,89.280,71.424
174.317,180.776,89.280,71.424
191.689,176.038,89.280,71.424
207.166,177.617,89.280,71.424
215.063,190.567,89.280,71.424
219.169,198.464,89.280,71.424
225.170,199.411,89.280,71.424
229.276,193.410,89.280,71.424
234.646,191.831,89.280,71.424
233.698,199.727,89.280,71.424
233.383,205.729,89.280,71.424
251.386,207.308,89.280,71.424
271.917,220.258,89.280,71.424
279.813,244.579,89.280,71.424
278.866,265.741,89.280,71.424
276.023,280.587,89.280,71.424
278.234,287.220,89.280,71.424
276.023,278.060,89.280,71.424
278.866,268.900,89.280,71.424
278.550,255.318,89.280,71.424
276.971,228.470,89.280,71.424
280.445,198.464,89.280,71.424
276.339,196.885,89.280,71.424
265.916,228.154,89.280,71.424
253.597,269.532,89.280,71.424
250.123,297.643,89.280,71.424
247.912,296.695,89.280,71.424
238.120,265.425,89.280,71.424
226.434,257.529,89.280,71.424
220.383,263.466,87.376,69.901
220.074,255.120,87.376,69.901
219.147,239.355,87.376,69.901
223.166,232.245,87.376,69.901
233.367,233.172,87.376,69.901
237.385,224.208,87.376,69.901
233.985,199.787,87.376,69.901
226.257,172.275,87.376,69.901
224.711,167.639,87.376,69.901
229.966,179.076,87.376,69.901
242.022,186.804,87.376,69.901
245.422,188.968,87.376,69.901
233.367,188.659,87.376,69.901
212.037,190.823,87.376,69.901
190.708,184.949,87.376,69.901
185.453,177.840,87.376,69.901
200.600,162.074,87.376,69.901
215.747,139.509,87.376,69.901
211.110,124.980,87.376,69.901
206.473,124.671,87.376,69.901
207.400,141.054,87.376,69.901
212.655,148.782,87.376,69.901
226.566,144.764,87.376,69.901
232.439,146.309,87.376,69.901
232.130,150.328,87.376,69.901
234.294,167.948,87.376,69.901
227.802,195.460,87.376,69.901
213.892,213.698,87.376,69.901
209.255,214.625,87.376,69.901
209.564,197.005,87.376,69.901
199.363,163.311,87.376,69.901
185.453,118.488,87.376,69.901
183.907,105.196,87.376,69.901
194.108,122.198,87.376,69.901
208.637,146.618,87.376,69.901
229.966,158.056,87.376,69.901
245.731,158.365,87.376,69.901
244.186,151.873,87.376,69.901
240.785,144.145,87.376,69.901
245.422,150.637,87.376,69.901
244.495,162.074,87.376,69.901
236.767,164.238,87.376,69.901
230.894,173.203,87.376,69.901
232.439,184.022,87.376,69.901
235.840,183.713,87.376,69.901
241.713,180.931,87.376,69.901
247.586,175.676,87.376,69.901
247.277,160.529,87.376,69.901
243.258,171.348,87.376,69.901
236.767,216.789,87.376,69.901
242.022,257.902,87.376,69.901
254.078,271.194,87.376,69.901
264.897,274.594,87.376,69.901
256.551,260.684,87.376,69.901
244.075,244.446,85.512,68.410
246.797,252.010,85.512,68.410
259.806,268.044,85.512,68.410
266.841,271.981,83.689,66.951
263.585,259.841,83.689,66.951
255.590,247.702,83.689,66.951
248.189,242.077,83.689,66.951
252.630,235.859,83.689,66.951
265.953,220.167,83.689,66.951
266.841,195.000,83.689,66.951
261.216,189.375,83.689,66.951
259.736,205.659,83.689,66.951
264.177,230.234,83.689,66.951
259.736,232.306,83.689,66.951
246.412,219.575,83.689,66.951
233.089,209.804,83.689,66.951
224.502,224.312,83.689,66.951
229.536,255.400,83.689,66.951
241.675,271.684,83.689,66.951
245.524,257.177,83.689,66.951
232.200,220.167,83.689,66.951
226.575,209.804,83.689,66.951
249.965,218.983,83.689,66.951
281.645,224.016,83.689,66.951
294.969,208.916,83.689,66.951
273.947,183.157,83.689,66.951
235.753,172.795,83.689,66.951
197.559,184.934,83.689,66.951
180.683,192.928,83.689,66.951
177.426,183.157,83.689,66.951
181.867,168.057,83.689,66.951
197.559,163.024,83.689,66.951
233.977,161.544,83.689,66.951
257.959,155.918,83.689,66.951
260.032,155.030,83.689,66.951
243.155,160.063,83.689,66.951
219.173,160.359,83.689,66.951
198.744,171.906,83.689,66.951
190.157,189.375,83.689,66.951
183.348,205.067,83.689,66.951
164.103,208.324,83.689,66.951
142.489,193.224,83.689,66.951
143.377,174.571,83.689,66.951
167.952,179.604,83.689,66.951
193.118,204.179,83.689,66.951
199.928,228.161,83.689,66.951
195.487,239.116,83.689,66.951
184.532,228.753,83.689,66.951
177.130,219.575,83.689,66.951
175.650,224.608,83.689,66.951
190.750,229.049,83.689,66.951
224.206,227.569,83.689,66.951
266.545,217.206,83.689,66.951
295.690,201.654,81.904,65.523
291.923,202.523,81.904,65.523
270.191,222.517,81.904,65.523
255.992,229.761,81.904,65.523
249.907,219.040,81.904,65.523
235.129,196.728,81.904,65.523
213.397,181.950,81.904,65.523
191.665,183.978,81.904,65.523
193.114,204.551,81.904,65.523
224.698,237.295,81.904,65.523
249.907,253.811,81.904,65.523
242.084,244.828,81.904,65.523
219.192,227.153,81.904,65.523
202.676,218.750,81.904,65.523
208.181,227.153,81.904,65.523
241.504,250.044,81.904,65.523
275.986,256.709,81.904,65.523
280.912,244.828,81.904,65.523
266.134,225.994,81.904,65.523
242.663,211.216,81.904,65.523
237.737,200.495,81.904,65.523
262.947,208.898,81.904,65.523
286.443,221.606,80.158,64.126
268.010,211.680,80.158,64.126
242.203,195.516,80.158,64.126
242.487,190.128,80.158,64.126
263.189,187.009,80.158,64.126
279.353,185.024,80.158,64.126
272.830,177.367,80.158,64.126
253.263,165.740,80.158,64.126
250.144,171.695,80.158,64.126
254.965,183.889,80.158,64.126
260.920,183.038,80.158,64.126
274.248,169.710,80.158,64.126
287.577,171.695,80.158,64.126
300.338,192.397,80.158,64.126
305.159,211.397,80.158,64.126
298.069,212.248,80.158,64.126
293.249,202.889,80.158,64.126
279.920,197.501,80.158,64.126
235.783,197.086,81.931,65.545
193.754,210.709,81.931,65.545
204.479,210.420,81.931,65.545
229.696,192.158,81.931,65.545
245.059,183.173,81.931,65.545
240.131,181.724,81.931,65.545
224.189,191.289,81.931,65.545
230.856,208.391,81.931,65.545
263.030,215.057,81.931,65.545
287.668,200.854,81.931,65.545
303.610,180.854,81.931,65.545
305.059,166.651,81.931,65.545
285.639,173.318,81.931,65.545
279.552,203.753,81.931,65.545
301.291,225.492,81.931,65.545
325.929,211.869,81.931,65.545
336.654,187.231,81.931,65.545
326.509,181.144,81.931,65.545
308.248,192.448,81.931,65.545
294.624,202.593,81.931,65.545
293.755,205.782,81.931,65.545
295.204,199.115,81.931,65.545
289.697,193.608,81.931,65.545
285.929,188.100,81.931,65.545
286.798,186.071,81.931,65.545
281.291,184.622,81.931,65.545
270.566,187.811,81.931,65.545
267.249,191.583,80.184,64.147
268.100,196.405,80.184,64.147
265.742,201.876,81.958,65.566
266.031,202.746,81.958,65.566
280.239,210.575,81.958,65.566
294.447,221.883,81.958,65.566
290.098,226.812,81.958,65.566
275.310,224.203,81.958,65.566
265.742,214.054,81.958,65.566
268.351,216.084,81.958,65.566
286.618,222.753,81.958,65.566
280.597,220.523,83.771,67.017
238.810,217.856,83.771,67.017
218.953,213.410,83.771,67.017
232.882,200.667,83.771,67.017
239.106,198.592,83.771,67.017
244.144,199.481,83.771,67.017
249.182,200.370,83.771,67.017
245.330,205.409,83.771,67.017
240.884,209.261,83.771,67.017
253.628,204.223,83.771,67.017
255.703,203.927,83.771,67.017
242.959,204.223,83.771,67.017
247.997,196.814,83.771,67.017
259.555,188.219,83.771,67.017
250.961,179.032,83.771,67.017
245.922,176.364,83.771,67.017
252.146,187.330,83.771,67.017
258.370,194.739,83.771,67.017
252.146,197.407,83.771,67.017
235.253,187.034,83.771,67.017
222.509,171.919,83.771,67.017
