246.000,226.000,94.000,114.000
243.137,232.135,94.000,114.000
245.182,234.997,94.000,114.000
245.591,237.860,94.000,114.000
247.636,239.905,94.000,114.000
250.499,241.950,94.000,114.000
251.726,243.995,94.000,114.000
253.771,243.586,94.000,114.000
252.544,243.177,94.000,114.000
252.953,242.768,94.000,114.000
254.997,243.995,94.000,114.000
257.042,242.768,94.000,114.000
259.087,241.541,94.000,114.000
261.950,239.496,94.000,114.000
266.449,238.269,94.000,114.000
269.312,237.042,94.000,114.000
268.903,235.815,94.000,114.000
270.130,232.953,94.000,114.000
275.446,229.272,94.000,114.000
282.399,230.499,94.000,114.000
276.264,230.090,94.000,114.000
270.130,223.137,94.000,114.000
272.992,214.549,94.000,114.000
279.945,207.596,94.000,114.000
292.623,201.462,94.000,114.000
311.845,198.599,94.000,114.000
322.887,203.097,94.000,114.000
319.207,206.778,94.000,114.000
311.436,211.277,94.000,114.000
297.940,215.776,94.000,114.000
279.536,220.274,94.000,114.000
261.132,216.594,94.000,114.000
258.269,211.277,94.000,114.000
271.765,205.142,94.000,114.000
290.169,201.461,94.000,114.000
311.027,201.053,94.000,114.000
330.249,203.915,94.000,114.000
338.019,211.686,94.000,114.000
326.159,223.546,94.000,114.000
299.576,234.589,94.000,114.000
269.721,239.905,94.000,114.000
247.227,231.317,94.000,114.000
240.274,216.185,94.000,114.000
257.042,206.778,94.000,114.000
277.900,200.644,94.000,114.000
297.940,199.417,94.000,114.000
320.434,203.915,94.000,114.000
327.386,210.868,94.000,114.000
309.800,219.456,94.000,114.000
290.578,219.865,94.000,114.000
276.264,213.731,94.000,114.000
275.037,205.960,94.000,114.000
290.169,201.461,94.000,114.000
312.663,203.506,94.000,114.000
329.431,208.005,94.000,114.000
332.294,210.868,94.000,114.000
313.890,212.095,94.000,114.000
279.945,211.686,94.000,114.000
243.546,206.369,94.000,114.000
216.963,196.963,94.000,114.000
219.008,186.738,94.000,114.000
238.229,171.606,94.000,114.000
259.087,163.836,94.000,114.000
274.219,169.970,94.000,114.000
290.169,189.192,94.000,114.000
291.396,212.504,94.000,114.000
278.718,234.179,94.000,114.000
269.312,239.496,94.000,114.000
261.541,225.182,94.000,114.000
259.496,205.960,94.000,114.000
264.813,199.826,94.000,114.000
278.309,206.778,94.000,114.000
282.808,230.090,94.000,114.000
270.130,259.127,94.000,114.000
259.905,270.987,94.000,114.000
247.227,260.763,94.000,114.000
238.638,226.000,94.000,114.000
248.863,183.058,94.000,114.000
262.359,163.836,94.000,114.000
281.581,178.150,94.000,114.000
298.349,208.823,94.000,114.000
289.760,249.312,94.000,114.000
271.356,274.259,94.000,114.000
243.137,277.940,94.000,114.000
224.733,256.264,94.000,114.000
224.324,218.229,94.000,114.000
237.820,200.644,94.000,114.000
265.222,216.594,94.000,114.000
293.441,244.813,94.000,114.000
302.030,274.668,94.000,114.000
285.262,293.072,94.000,114.000
258.678,290.209,94.000,114.000
237.003,266.898,94.000,114.000
234.958,235.406,94.000,114.000
264.813,221.092,94.000,114.000
297.940,228.863,94.000,114.000
326.977,244.813,94.000,114.000
345.381,254.219,94.000,114.000
338.428,260.354,94.000,114.000
306.937,259.945,94.000,114.000
264.813,258.718,94.000,114.000
225.960,251.766,94.000,114.000
183.836,242.359,94.000,114.000
167.068,233.771,94.000,114.000
189.561,218.639,94.000,114.000
229.232,200.235,94.000,114.000
257.451,187.556,94.000,114.000
292.214,173.242,94.000,114.000
303.257,163.836,94.000,114.000
287.306,159.337,94.000,114.000
268.903,157.292,94.000,114.000
253.771,155.247,94.000,114.000
258.269,151.567,94.000,114.000
277.491,157.701,94.000,114.000
311.436,173.651,94.000,114.000
332.885,188.090,96.080,116.522
342.499,193.524,96.080,116.522
324.522,190.934,98.206,119.100
283.077,188.797,98.206,119.100
233.086,183.243,98.206,119.100
185.658,173.416,98.206,119.100
167.286,171.279,98.206,119.100
189.931,177.688,98.206,119.100
235.649,184.952,98.206,119.100
275.386,195.634,98.206,119.100
315.122,202.897,98.206,119.100
342.895,201.616,98.206,119.100
327.086,198.625,98.206,119.100
298.458,192.216,98.206,119.100
259.577,174.697,98.206,119.100
224.967,152.052,98.206,119.100
227.958,134.534,98.206,119.100
248.895,129.834,98.206,119.100
265.558,149.916,98.206,119.100
281.367,181.961,98.206,119.100
291.195,210.588,98.206,119.100
273.677,235.797,98.206,119.100
252.740,242.207,98.206,119.100
233.513,233.234,98.206,119.100
227.958,208.879,98.206,119.100
246.331,184.525,98.206,119.100
268.122,176.407,98.206,119.100
283.077,187.088,98.206,119.100
292.049,214.007,98.206,119.100
289.913,252.888,98.206,119.100
283.504,286.643,98.206,119.100
283.931,296.470,98.206,119.100
282.649,280.661,98.206,119.100
288.204,235.797,98.206,119.100
297.177,178.116,98.206,119.100
293.331,140.943,98.206,119.100
289.486,135.388,98.206,119.100
280.513,169.143,98.206,119.100
284.358,236.225,98.206,119.100
302.731,297.325,98.206,119.100
309.995,327.661,98.206,119.100
317.258,315.270,98.206,119.100
319.395,264.425,98.206,119.100
309.567,202.470,98.206,119.100
300.595,158.461,98.206,119.100
298.458,154.616,98.206,119.100
292.904,194.352,98.206,119.100
298.458,258.016,98.206,119.100
315.122,299.461,98.206,119.100
319.822,310.997,98.206,119.100
310.849,285.788,98.206,119.100
307.858,237.507,98.206,119.100
308.286,189.225,98.206,119.100
302.731,169.143,98.206,119.100
296.322,184.097,98.206,119.100
295.040,228.107,98.206,119.100
296.322,279.807,98.206,119.100
289.913,307.579,98.206,119.100
280.940,310.570,98.206,119.100
285.640,291.343,98.206,119.100
277.522,269.552,98.206,119.100
272.822,254.598,98.206,119.100
274.958,252.461,98.206,119.100
256.586,263.143,98.206,119.100
234.795,280.661,98.206,119.100
213.004,297.325,98.206,119.100
196.340,306.298,98.206,119.100
195.913,309.288,98.206,119.100
218.558,303.734,98.206,119.100
248.040,297.325,98.206,119.100
274.958,291.770,98.206,119.100
307.858,287.070,98.206,119.100
326.231,282.370,98.206,119.100
319.822,277.670,98.206,119.100
296.322,270.407,98.206,119.100
260.858,258.016,98.206,119.100
223.686,248.188,98.206,119.100
198.477,244.343,98.206,119.100
186.086,238.788,98.206,119.100
198.477,234.088,98.206,119.100
228.813,226.825,98.206,119.100
265.986,219.561,98.206,119.100
311.704,211.443,98.206,119.100
342.040,205.888,98.206,119.100
353.577,203.752,98.206,119.100
345.458,201.616,98.206,119.100
315.122,197.770,98.206,119.100
278.804,193.925,98.206,119.100
237.358,184.098,98.206,119.100
223.258,166.579,98.206,119.100
240.777,151.625,98.206,119.100
274.531,152.052,98.206,119.100
303.158,158.461,98.206,119.100
332.640,164.870,98.206,119.100
336.486,163.588,98.206,119.100
306.149,160.598,98.206,119.100
272.395,156.752,98.206,119.100
243.767,149.488,98.206,119.100
227.958,146.498,98.206,119.100
245.477,153.761,98.206,119.100
282.649,170.425,98.206,119.100
310.422,188.798,98.206,119.100
331.358,198.625,98.206,119.100
340.331,208.452,98.206,119.100
321.958,219.134,98.206,119.100
292.477,234.088,98.206,119.100
264.704,243.061,98.206,119.100
247.186,235.798,98.206,119.100
245.049,215.716,98.206,119.100
271.968,198.198,98.206,119.100
308.286,198.625,98.206,119.100
340.331,208.452,98.206,119.100
368.104,216.570,98.206,119.100
363.404,213.579,98.206,119.100
321.104,204.607,98.206,119.100
275.386,187.943,98.206,119.100
247.613,172.134,98.206,119.100
242.913,158.034,98.206,119.100
266.413,149.916,98.206,119.100
294.186,158.034,98.206,119.100
317.686,178.116,98.206,119.100
343.749,195.634,98.206,119.100
341.613,204.607,98.206,119.100
308.713,205.888,98.206,119.100
265.558,196.916,98.206,119.100
219.840,176.834,98.206,119.100
175.831,160.170,98.206,119.100
155.749,152.052,98.206,119.100
162.158,143.934,98.206,119.100
189.077,137.525,98.206,119.100
222.831,143.934,98.206,119.100
255.731,163.161,98.206,119.100
291.195,188.370,98.206,119.100
313.840,221.270,98.206,119.100
322.813,243.916,98.206,119.100
296.749,264.852,98.206,119.100
251.886,273.825,98.206,119.100
215.568,269.125,98.206,119.100
185.231,245.625,98.206,119.100
194.204,213.579,98.206,119.100
228.813,188.370,98.206,119.100
258.295,183.670,98.206,119.100
280.940,204.607,98.206,119.100
301.877,228.107,98.206,119.100
304.867,249.043,98.206,119.100
284.786,259.725,98.206,119.100
250.177,253.316,98.206,119.100
216.422,217.852,98.206,119.100
210.867,173.843,98.206,119.100
236.077,146.925,98.206,119.100
272.395,151.625,98.206,119.100
305.295,183.670,98.206,119.100
330.504,216.570,98.206,119.100
339.477,241.779,98.206,119.100
311.704,250.752,98.206,119.100
260.858,247.761,98.206,119.100
206.595,228.534,98.206,119.100
177.967,202.470,98.206,119.100
189.504,172.988,98.206,119.100
230.095,153.761,98.206,119.100
267.267,155.043,98.206,119.100
299.313,168.288,98.206,119.100
320.249,184.098,98.206,119.100
315.173,193.862,100.378,121.735
299.888,207.401,100.378,121.735
277.615,204.344,100.378,121.735
230.885,183.818,100.378,121.735
213.853,165.039,100.378,121.735
242.240,154.120,100.378,121.735
291.590,156.304,100.378,121.735
333.079,169.842,100.378,121.735
361.466,186.875,100.378,121.735
364.523,189.932,100.378,121.735
338.756,182.508,100.378,121.735
305.128,174.210,100.378,121.735
256.652,158.924,100.378,121.735
210.796,155.867,100.378,121.735
202.498,153.684,100.378,121.735
216.910,153.247,100.378,121.735
251.411,157.177,100.378,121.735
290.280,165.475,100.378,121.735
336.136,174.646,100.378,121.735
380.245,182.071,100.378,121.735
398.151,187.748,100.378,121.735
388.980,183.818,100.378,121.735
356.225,177.267,100.378,121.735
303.382,161.108,100.378,121.735
240.056,150.190,100.378,121.735
177.604,141.019,100.378,121.735
131.748,141.455,100.378,121.735
112.969,146.259,100.378,121.735
123.014,151.937,100.378,121.735
160.135,155.867,100.378,121.735
207.739,156.304,100.378,121.735
264.950,161.981,100.378,121.735
321.287,171.153,100.378,121.735
361.903,180.324,100.378,121.735
383.302,188.622,100.378,121.735
377.625,188.185,100.378,121.735
350.985,182.508,100.378,121.735
309.496,173.336,100.378,121.735
270.627,158.051,100.378,121.735
253.595,151.500,100.378,121.735
258.399,155.431,100.378,121.735
285.913,164.602,100.378,121.735
322.161,177.267,100.378,121.735
355.789,189.932,100.378,121.735
377.188,198.230,100.378,121.735
383.739,205.654,100.378,121.735
372.821,220.066,100.378,121.735
359.282,241.466,100.378,121.735
352.732,263.739,100.378,121.735
341.813,268.543,100.378,121.735
332.642,245.396,100.378,121.735
316.483,197.793,100.378,121.735
295.889,145.246,102.599,124.429
299.907,109.088,102.599,124.429
294.997,94.357,102.599,124.429
286.515,112.659,102.599,124.429
282.498,158.637,102.599,124.429
282.051,212.650,102.599,124.429
288.747,255.950,102.599,124.429
291.872,276.037,102.599,124.429
288.747,266.663,102.599,124.429
286.515,232.291,102.599,124.429
293.211,179.171,102.599,124.429
301.693,132.300,102.599,124.429
296.782,114.891,102.599,124.429
286.515,123.373,102.599,124.429
277.141,171.136,102.599,124.429
272.231,226.935,102.599,124.429
269.106,263.092,102.599,124.429
267.767,270.681,102.599,124.429
278.034,235.416,102.599,124.429
292.765,186.760,102.599,124.429
290.533,159.530,102.599,124.429
307.942,151.941,102.599,124.429
312.852,157.744,102.599,124.429
291.872,174.261,102.599,124.429
274.463,181.849,102.599,124.429
267.767,166.226,102.599,124.429
272.677,144.353,102.599,124.429
286.515,142.121,102.599,124.429
301.246,169.351,102.599,124.429
330.261,204.615,102.599,124.429
338.743,229.167,102.599,124.429
321.334,242.112,102.599,124.429
300.353,229.167,102.599,124.429
278.480,179.618,102.599,124.429
261.071,134.532,102.599,124.429
271.338,130.515,102.599,124.429
303.924,168.458,102.599,124.429
330.261,206.401,102.599,124.429
339.636,230.059,102.599,124.429
317.763,227.828,102.599,124.429
285.176,195.241,102.599,124.429
265.982,144.799,102.599,124.429
271.785,118.462,102.599,124.429
294.550,135.871,102.599,124.429
323.566,172.922,102.599,124.429
341.868,204.615,102.599,124.429
332.493,219.346,102.599,124.429
298.121,214.436,102.599,124.429
260.178,196.134,102.599,124.429
232.949,174.261,102.599,124.429
228.038,162.208,102.599,124.429
245.448,164.440,102.599,124.429
270.892,182.742,102.599,124.429
294.550,205.508,102.599,124.429
314.638,223.810,102.599,124.429
316.870,230.506,102.599,124.429
297.675,231.845,102.599,124.429
273.124,219.793,102.599,124.429
260.178,201.491,102.599,124.429
274.016,200.151,102.599,124.429
311.067,209.526,102.599,124.429
331.154,225.149,102.599,124.429
341.421,228.274,102.599,124.429
336.511,220.685,102.599,124.429
308.388,212.204,102.599,124.429
282.051,194.795,102.599,124.429
264.642,180.957,102.599,124.429
274.016,171.583,102.599,124.429
305.710,168.458,102.599,124.429
314.191,177.832,102.599,124.429
323.566,186.313,102.599,124.429
323.119,192.116,102.599,124.429
288.747,189.884,102.599,124.429
251.697,181.403,102.599,124.429
221.789,164.887,102.599,124.429
211.522,157.298,102.599,124.429
234.288,160.423,102.599,124.429
266.874,176.046,102.599,124.429
283.391,195.241,102.599,124.429
305.264,205.508,102.599,124.429
308.388,213.097,102.599,124.429
289.194,209.972,102.599,124.429
268.213,194.348,102.599,124.429
255.268,184.081,102.599,124.429
277.141,186.313,102.599,124.429
312.406,201.044,102.599,124.429
327.137,213.989,102.599,124.429
335.618,218.900,102.599,124.429
323.566,211.311,102.599,124.429
301.693,198.366,102.599,124.429
269.106,182.742,102.599,124.429
252.590,177.832,102.599,124.429
269.106,178.278,102.599,124.429
291.872,188.545,102.599,124.429
306.603,203.276,102.599,124.429
324.905,202.830,102.599,124.429
322.673,195.241,102.599,124.429
302.585,180.510,102.599,124.429
279.820,158.637,102.599,124.429
263.303,136.764,102.599,124.429
261.964,136.318,102.599,124.429
269.553,155.513,102.599,124.429
275.356,179.171,102.599,124.429
279.373,195.688,102.599,124.429
265.535,201.491,102.599,124.429
245.448,197.473,102.599,124.429
230.717,188.099,102.599,124.429
221.343,180.510,102.599,124.429
239.645,188.992,102.599,124.429
274.170,206.604,104.869,127.182
302.915,223.485,104.869,127.182
326.185,231.242,104.869,127.182
332.116,232.611,104.869,127.182
324.360,228.504,104.869,127.182
309.303,221.660,104.869,127.182
300.634,213.904,104.869,127.182
289.533,209.183,107.189,129.996
286.268,218.044,107.189,129.996
289.533,225.972,107.189,129.996
285.336,230.169,107.189,129.996
276.475,225.039,107.189,129.996
260.152,215.246,107.189,129.996
254.089,205.452,107.189,129.996
259.219,207.784,107.189,129.996
279.273,218.510,107.189,129.996
299.326,225.506,107.189,129.996
311.918,222.241,107.189,129.996
309.586,216.179,107.189,129.996
302.591,196.125,107.189,129.996
296.528,173.274,107.189,129.996
301.658,166.278,107.189,129.996
312.384,180.735,107.189,129.996
324.043,200.789,107.189,129.996
332.904,212.448,107.189,129.996
328.707,219.443,107.189,129.996
309.586,213.380,107.189,129.996
291.398,193.327,107.189,129.996
272.277,157.417,107.189,129.996
263.417,137.364,107.189,129.996
268.547,148.090,107.189,129.996
272.744,176.538,107.189,129.996
276.941,200.322,107.189,129.996
265.282,218.510,107.189,129.996
270.412,210.582,107.189,129.996
289.533,202.654,107.189,129.996
313.317,212.448,107.189,129.996
331.505,221.309,107.189,129.996
337.568,217.111,107.189,129.996
315.649,207.318,107.189,129.996
283.470,190.995,107.189,129.996
259.686,173.740,107.189,129.996
255.488,170.475,107.189,129.996
276.475,179.336,107.189,129.996
298.394,196.591,107.189,129.996
310.985,209.183,107.189,129.996
327.308,217.111,107.189,129.996
332.438,216.645,107.189,129.996
326.375,211.515,107.189,129.996
311.918,206.385,107.189,129.996
302.124,207.784,107.189,129.996
301.658,210.116,107.189,129.996
305.855,215.246,107.189,129.996
302.591,222.241,107.189,129.996
