0.00600052
0.01356459
0.01351547
0.01313376
0.01305962
0.01278067
0.01272488
0.01272869
0.01285696
0.01281929
0.01273799
0.01280069
0.01284981
0.01248097
0.01286340
0.01253867
0.01251650
0.01267672
0.01278281
0.01270795
0.01284575
0.01256561
0.01290202
0.01271915
0.01286840
0.01270890
0.01288915
0.01275277
0.01272368
0.01276255
0.01300526
0.01283741
0.01262903
0.01297259
0.01275563
0.01265955
0.01276612
0.01300216
0.01261711
0.01287436
0.01274204
0.01268697
0.01267004
0.01290298
0.01273870
0.01334906
0.01287460
0.01266766
0.01276159
0.01269555
0.01281977
0.01280212
0.01284051
0.01284313
0.01285005
0.01284814
0.01281643
0.01280808
0.01275063
0.01283860
0.01270986
0.01272273
0.01280022
0.01280761
0.01282096
0.01269841
0.01274753
0.01287222
0.01275826
0.01280785
0.01268792
0.01274705
0.01266861
0.01276159
0.01271367
0.01271343
0.01277733
0.01271367
0.01272893
0.01270843
0.01271629
0.01269507
0.01277852
0.01291943
0.01294899
0.01263571
0.01259804
0.01268363
0.01247811
0.01266289
0.01275349
0.01296616
0.01286507
0.01287603
0.01272368
0.01269674
0.01279402
0.01265383
0.01276255
0.01289582
0.01286006
0.01291490
0.01268315
0.01268244
0.01276493
0.01283646
0.01275086
0.01286244
0.01284575
0.01270604
0.01296377
0.01278639
0.01270628
0.01282263
0.01289558
0.01274467
0.01271415
0.01260948
0.01279998
0.01277900
0.01282287
0.01281834
0.01268268
0.01273584
0.01293612
0.01286864
0.01272225
0.01270127
0.01282477
0.01278377
0.01292062
0.01283145
0.01246095
0.01273990
0.01268101
0.01258135
0.01268864
0.01293921
0.01287007
0.01285315
0.01272607
0.01271319
0.01268768
0.01283193
0.01287055
0.01305890
0.01266885
0.01239157
0.01280475
0.01272678
0.01260185
0.01279521
0.01256442
0.01285076
0.01277709
0.01283288
0.01267743
0.01265645
0.01266360
0.01272297
0.01267505
0.01271367
0.01282525
0.01269937
0.01317167
0.01258492
0.01285434
0.01259947
0.01264191
0.01263118
0.01286817
0.01275563
0.01280379
0.01270151
0.01260924
0.01282835
0.01270628
0.01287246
0.01288509
0.01272440
0.01269412
0.01256919
0.01283216
0.01283216
0.01273704
0.01279068
0.01260424
0.01272559
0.01266932
0.01278853
0.01282048
0.01291585
0.01297808
0.01275849
0.01288986
0.01281643
0.01282191
0.01275182
0.01281595
0.01270485
0.01287389
0.01279712
0.01290059
0.01266694
0.01276898
0.01269722
0.01268148
0.01282644
0.01279354
0.01267433
0.01286101
0.01268291
0.01264858
0.01271057
0.01282787
0.01283860
0.01284528
0.01286888
0.01288509
0.01272416
0.01303554
0.01289082
0.01284289
0.01259208
0.01272941
0.01284194
0.01295996
0.01296425
0.01302290
0.01306486
0.01306677
0.01297164
0.01274252
0.01278687
0.01288128
0.01304722
0.01287341
0.01288414
0.01287031
0.01302338
0.01285481
0.01295567
0.01284528
0.01287413
0.01305294
0.01300240
0.01278234
0.01293540
0.01300836
0.01306558
0.01290846
0.01303935
0.01305532
0.01285386
0.01289010
0.01305199
0.01274753
0.01289558
0.01308298
0.01305509
0.01292729
0.01300597
0.01302147
0.01307487
0.01304698
0.01279187
0.01295495
0.01303291
0.01310730
0.01307154
0.01304412
0.01293397
0.01293659
0.01300454
0.01303792
0.01289487
0.01306248
0.01290631
0.01325130
0.01310301
0.01289845
0.01291943
0.01282358
0.01285458
0.01281786
0.01280236
0.01282215
0.01278949
0.01277876
0.01285887
0.01262641
0.01285076
0.01301312
0.01281905
0.01303411
0.01292729
0.01280022
0.01304007
0.01295066
0.01302576
0.01303625
0.01295543
0.01277590
0.01291394
0.01309371
0.01289439
0.01296520
0.01291013
0.01297379
0.01289558
0.01289225
0.01304960
0.01303434
0.01293707
0.01306796
0.01306224
0.01310921
0.01311398
0.01285267
0.01299834
0.01300740
0.01300979
0.01285434
0.01298213
0.01301908
0.01293111
0.01322961
0.01319432
0.01289010
0.01299644
0.01293826
0.01300573
0.01292539
0.01292658
0.01298285
0.01308322
0.01309037
0.01289725
0.01284671
0.01286197
0.01290584
0.01297855
0.01304770
0.01304889
0.01291704
0.01291943
0.01289487
0.01287222
0.01286435
0.01283741
0.01293540
0.01279616
0.01287961
0.01303101
0.01290298
0.01278400
0.01284385
0.01281452
0.01275969
0.01274729
0.01267457
0.01243186
0.01281977
0.01276016
0.01301813
0.01282954
0.01280665
0.01281309
0.01288557
0.01287460
0.01264548
0.01275206
0.01264620
0.01269698
0.01267838
0.01279783
0.01277161
0.01276445
0.01280236
0.01263714
0.01279783
0.01272058
0.01271415
0.01281452
0.01275802
0.01274824
0.01266861
0.01263356
0.01264381
0.01272392
0.01261950
0.01270723
0.01287222
0.01288414
0.01283383
0.01282692
0.01290083
0.01292467
0.01300907
0.01301694
0.01294947
0.01283526
0.01286077
0.01300097
0.01292324
0.01325202
0.01285720
0.01261854
