0.00451231
0.01121712
0.01088953
0.01095319
0.01085973
0.01084399
0.01080394
0.01083970
0.01076746
0.01087618
0.01087308
0.01084185
0.01087666
0.01084638
0.01097822
0.01084113
0.01082277
0.01083684
0.01086450
0.01077604
0.01091599
0.01083922
0.01085687
0.01095915
0.01086426
0.01084495
0.01105762
0.01074958
0.01080894
0.01081824
0.01083302
0.01085377
0.01081300
0.01094222
0.01099992
0.01087093
0.01085448
0.01080132
0.01073456
0.01087236
0.01087022
0.01078081
0.01080155
0.01081896
0.01092362
0.01094675
0.01097727
0.01091075
0.01082015
0.01082134
0.01085687
0.01081014
0.01080656
0.01086950
0.01093721
0.01088309
0.01084876
0.01105022
0.01093197
0.01088810
0.01093292
0.01088500
0.01085639
0.01095343
0.01087737
0.01087594
0.01093769
0.01100612
0.01093483
0.01092482
0.01092601
0.01097035
0.01085949
0.01076365
0.01093912
0.01084208
0.01088238
0.01091504
0.01088762
0.01093125
0.01096559
0.01091146
0.01092696
0.01094556
0.01091981
0.01083589
0.01091266
0.01090479
0.01084304
0.01086664
0.01084089
0.01089191
0.01094508
0.01095033
0.01091456
0.01098585
0.01114202
0.01104474
0.01092744
0.01093626
0.01104116
0.01092720
0.01090217
0.01092243
0.01094723
0.01090980
0.01086307
0.01093864
0.01090217
0.01088357
0.01084685
0.01094246
0.01082253
0.01079226
0.01089287
0.01089025
0.01087070
0.01082754
0.01086187
0.01098156
0.01098156
0.01097703
0.01083946
0.01094460
0.01097465
0.01092339
0.01090050
0.01083350
0.01087761
0.01074338
0.01086330
0.01081371
0.01086617
0.01086044
0.01089954
0.01101947
0.01098084
0.01089239
0.01087832
0.01082659
0.01086426
0.01083517
0.01079488
0.01092005
0.01094913
0.01090884
0.01090670
0.01091933
0.01121354
0.01088238
0.01089263
0.01089787
0.01108217
0.01085925
0.01085424
0.01078486
0.01084876
0.01096129
0.01089072
0.01093459
0.01108456
0.01097584
0.01095200
0.01098228
0.01083589
0.01086664
0.01083136
0.01090026
0.01090932
0.01082134
0.01100492
0.01091743
0.01087928
0.01090097
0.01099992
0.01089311
0.01096845
0.01083565
0.01095963
0.01089644
0.01097918
0.01096869
0.01093006
0.01086092
0.01098752
0.01098776
0.01103878
0.01104140
0.01098871
0.01089454
0.01081324
0.01091099
0.01094770
0.01083589
0.01081944
0.01085162
0.01085877
0.01085353
0.01084518
0.01090026
0.01094294
0.01090121
0.01088405
0.01092863
0.01092434
0.01095557
0.01085401
0.01086473
0.01088238
0.01076913
0.01079559
0.01077485
0.01091576
0.01095939
0.01087713
0.01093102
0.01095796
0.01090312
0.01087689
0.01085067
0.01085186
0.01092100
0.01084781
0.01089954
0.01091599
0.01093364
0.01088142
0.01092052
0.01091051
0.01078391
0.01087117
0.01086807
0.01089978
0.01095676
0.01096177
0.01096892
0.01087284
0.01096416
0.01094246
0.01095080
0.01092458
0.01104522
0.01093125
0.01096463
0.01097655
0.01088285
0.01097631
0.01081800
0.01090074
0.01091099
0.01089334
0.01098537
0.01098561
0.01090789
0.01095152
0.01097679
0.01090813
0.01095366
0.01095843
0.01088738
0.01090646
0.01084685
0.01089501
0.01087904
0.01117229
0.01093960
0.01093817
0.01088500
0.01094699
0.01085424
0.01094651
0.01095724
0.01095772
0.01081967
0.01088977
0.01082420
0.01086545
0.01087451
0.01086307
0.01092124
0.01088023
0.01091480
0.01097798
0.01095200
0.01087976
0.01085162
0.01091385
0.01083779
0.01097083
0.01083684
0.01091552
0.01082850
0.01096153
0.01094103
0.01093698
0.01095939
0.01088595
0.01085448
0.01089621
0.01083040
0.01082349
0.01091743
0.01082683
0.01084042
0.01086950
0.01091313
0.01096892
0.01094818
0.01090527
0.01090097
0.01092815
0.01096702
0.01096010
0.01098847
0.01101661
0.01100111
0.01097751
0.01091409
0.01095152
0.01095915
0.01094961
0.01094007
0.01080012
0.01084733
0.01080704
0.01090264
0.01085949
0.01088691
0.01096439
0.01085258
0.01089287
0.01094270
0.01109648
0.01089644
0.01082015
0.01086640
0.01090837
0.01091981
0.01089859
0.01093459
0.01090574
0.01094699
0.01091695
0.01095843
0.01102161
0.01097631
0.01082873
0.01083350
0.01092768
0.01084399
0.01094365
0.01090074
0.01087499
0.01090407
0.01089454
0.01089954
0.01093674
0.01094937
0.01095867
0.01078010
0.01087427
0.01093268
0.01086187
0.01092672
0.01087332
0.01093745
0.01083183
0.01081753
0.01088333
0.01091957
0.01082087
0.01090860
0.01086044
0.01079488
0.01091814
0.01093626
0.01092076
0.01089692
0.01087499
0.01089954
0.01090646
0.01088405
0.01081038
0.01083946
0.01084113
0.01090288
0.01087379
0.01088023
0.01097465
0.01100230
0.01087141
0.01090217
0.01098990
0.01098228
0.01089621
0.01089382
0.01089716
0.01087856
0.01088786
0.01079178
0.01083350
0.01091504
0.01095843
0.01083589
0.01089215
0.01098132
0.01080894
0.01087928
0.01093102
0.01079535
0.01081872
0.01077414
0.01090217
0.01081872
0.01093292
0.01099706
0.01094675
0.01089931
0.01088643
0.01082182
0.01084113
0.01078701
0.01088572
0.01090574
0.01089263
0.01092744
0.01090407
0.01087308
0.01084471
0.01085448
0.01089382
0.01086617
0.01090217
0.01084828
0.01086330
0.01098728
0.01096773
0.01089096
0.01093531
0.01094460
0.01090908
0.01077151
0.01088691
0.01099396
0.01088095
0.01087546
0.01086187
0.01089716
0.01095247
0.01088214
0.01083231
0.01093984
0.01090384
0.01084375
0.01086760
0.01084328
0.01081204
0.01086330
0.01092863
0.01079345
0.01098156
0.01093245
0.01089549
0.01097608
0.01093388
0.01094079
0.01085496
0.01085424
0.01087117
0.01083755
0.01088190
0.01081586
0.01088357
0.01093984
0.01095581
0.01098537
0.01100540
0.01095629
0.01104712
0.01105261
0.01094127
0.01083469
0.01089621
0.01086974
0.01087093
0.01090765
0.01087117
0.01081467
0.01090717
0.01090217
0.01093268
0.01099157
0.01094174
0.01091218
0.01088905
0.01086354
0.01083326
0.01084113
0.01087284
0.01086020
0.01089239
0.01087308
0.01087713
0.01104784
0.01089478
0.01095629
0.01088452
0.01088357
0.01086140
0.01090622
0.01079059
0.01085615
0.01093793
0.01092911
0.01096201
0.01087832
0.01093650
0.01095843
0.01082587
0.01093960
0.01085591
0.01075959
0.01091576
0.01091099
0.01082945
0.01091003
0.01085138
0.01092553
0.01098228
0.01112008
0.01079392
0.01087403
0.01088238
0.01088047
0.01087284
0.01095843
0.01088762
0.01093936
0.01090860
0.01089263
0.01090431
0.01093102
0.01111531
0.01087403
0.01087737
0.01094246
0.01088572
0.01086855
0.01095271
0.01094580
0.01081777
0.01096249
0.01104116
0.01090527
0.01096129
0.01092553
0.01101351
0.01089168
0.01097941
0.01094818
0.01092315
0.01092792
0.01095486
0.01111388
0.01079631
0.01095939
0.01092982
0.01090288
0.01100230
0.01093173
0.01095581
0.01099682
0.01095557
0.01092887
0.01078534
0.01097608
0.01102161
0.01096702
0.01097369
0.01097274
0.01096463
0.01098275
0.01101375
0.01099348
0.01097536
0.01095819
0.01098752
0.01094913
0.01105857
0.01113582
0.01095843
0.01079631
0.01093888
0.01086235
0.01088476
0.01092625
0.01090026
0.01081252
0.01084375
0.01088333
0.01090956
0.01087260
0.01099801
0.01093698
0.01086760
0.01079845
0.01096463
0.01087666
0.01087046
0.01093078
0.01092625
0.01087952
0.01102114
0.01088452
0.01091456
0.01096988
0.01089478
0.01089382
0.01083350
0.01089501
0.01091790
0.01083636
0.01093006
0.01088190
0.01097274
0.01092982
0.01085830
0.01090860
0.01080680
0.01081276
0.01091146
0.01087427
0.01093793
0.01095366
0.01092625
0.01086807
0.01091504
0.01089120
0.01079369
0.01083255
0.01082659
0.01079893
0.01086044
0.01092219
0.01087761
0.01092100
0.01091528
0.01094031
0.01090598
0.01084304
0.01083112
0.01081872
0.01082087
0.01092577
0.01089954
0.01091695
0.01095152
0.01090240
0.01095009
0.01107669
0.01089835
0.01077533
0.01079535
0.01091933
0.01085186
0.01090145
0.01091528
0.01092029
0.01090026
0.01094198
0.01094007
0.01102686
0.01100039
0.01085949
0.01083302
0.01095510
0.01088548
0.01084685
0.01086998
0.01092958
0.01094127
0.01091981
0.01083302
0.01085711
0.01092291
0.01091218
0.01086497
0.01085663
0.01084328
0.01089120
0.01088309
0.01090288
0.01094556
0.01087546
0.01082945
0.01098633
0.01097822
0.01087403
0.01086283
0.01082635
0.01093149
0.01088977
0.01090479
0.01100087
0.01097059
0.01093793
0.01099920
0.01084876
0.01083565
0.01093078
0.01096654
0.01095867
0.01120520
0.01086259
0.01089168
0.01087260
0.01100206
0.01086426
0.01081157
0.01092815
0.01107693
0.01099253
0.01095343
0.01091290
0.01090646
0.01089382
0.01094294
0.01085591
0.01086974
0.01092386
0.01093626
0.01087832
0.01092601
0.01099968
0.01092458
0.01082182
0.01091123
0.01085210
0.01090479
0.01088786
0.01096296
0.01094890
0.01099110
0.01098371
0.01093507
0.01093912
0.01097393
0.01093936
0.01082039
0.01090574
0.01082110
0.01084828
0.01083326
0.01089692
0.01086593
0.01101065
0.01101446
0.01096702
0.01090860
0.01092219
0.01098871
0.01105762
0.01101494
0.01096010
0.01086545
0.01084208
0.01091528
0.01083279
0.01089263
0.01084828
0.01099896
0.01082754
0.01081371
0.01104331
0.01094222
0.01086998
0.01084018
0.01079893
0.01088977
0.01087093
0.01091886
0.01094365
0.01092720
0.01091027
0.01104832
0.01090908
0.01113629
0.01128244
0.01096487
0.01095581
0.01084399
0.01083803
0.01077771
0.01083636
0.01086521
0.01117706
0.01082969
0.01084685
0.01090693
0.01093936
0.01107073
0.01103616
0.01097584
0.01089001
0.01090598
0.01088715
0.01098895
0.01097322
0.01092100
0.01094699
0.01098609
0.01098323
0.01092982
0.01098061
0.01096463
0.01091456
0.01087308
0.01084304
0.01089764
0.01090693
0.01094937
0.01082182
0.01081944
0.01093411
0.01098990
0.01094055
0.01097822
0.01098990
0.01102495
0.01103067
0.01098657
0.01086450
0.01085925
0.01091194
0.01095009
0.01088238
0.01088119
0.01094317
0.01095915
0.01090050
0.01092839
0.01124215
0.01094007
0.01095748
0.01093841
0.01089048
0.01094365
0.01091290
0.01090860
0.01082253
0.01089191
0.01095796
0.01091003
0.01088119
0.01087618
0.01094818
0.01089525
0.01088595
0.01086044
0.01079369
0.01088238
0.01089716
0.01076198
0.01093364
0.01088333
0.01091123
0.01092553
0.01106715
0.01102948
0.01082492
0.01084399
0.01094651
0.01094031
0.01084876
0.01087809
0.01085591
0.01101303
0.01097703
0.01094270
0.01086283
0.01099467
0.01099491
0.01091743
0.01086354
0.01098943
0.01093507
0.01085401
0.01092196
0.01089931
0.01087046
0.01092958
0.01091599
