0.00630307
0.01053548
0.01061535
0.01133394
0.01055694
0.01049042
0.01039433
0.01055217
0.01046896
0.01050019
0.01047206
0.01054764
0.01055050
0.01050997
0.01054597
0.01052427
0.01041150
0.01049137
0.01051474
0.01041937
0.01038408
0.01045084
0.01052237
0.01058245
0.01105237
0.01086855
0.01039481
0.01070523
0.01146722
0.01082969
0.01052213
0.01058745
0.01051998
0.01053905
0.01056075
0.01051354
0.01059389
0.01061368
0.01062655
0.01060843
0.01059628
0.01056528
0.01059294
0.01071715
0.01065469
0.01060557
0.01068425
0.01066232
0.01052451
0.01061940
0.01065207
0.01065588
0.01058125
0.01062655
0.01061153
0.01071167
0.01070762
0.01065230
0.01063132
0.01076818
0.01065731
0.01070690
0.01075768
0.01062751
0.01059055
0.01075077
0.01080966
0.01067233
0.01066136
0.01068711
0.01065397
0.01062918
0.01072311
0.01057363
0.01080966
0.01060438
0.01062512
0.01076865
0.01067829
0.01060653
0.01068282
0.01066542
0.01059604
0.01051426
0.01048160
0.01052403
0.01038694
0.01058221
0.01051450
0.01048160
0.01059294
0.01065946
0.01061749
0.01055551
0.01066256
0.01060033
0.01058602
0.01062751
0.01053357
0.01058388
0.01057315
0.01052094
0.01049614
0.01061130
0.01076698
0.01049757
0.01045942
0.01056314
0.01044583
0.01050568
0.01044297
0.01053262
0.01036787
0.01051307
0.01049948
0.01058626
0.01044321
0.01046920
0.01049352
0.01051950
0.01041293
0.01052451
0.01047897
0.01049948
0.01041365
0.01059771
0.01046324
0.01043415
0.01037550
0.01050091
0.01045299
0.01041603
0.01050925
0.01051736
0.01047659
0.01039982
0.01044011
0.01050305
0.01047277
0.01049900
0.01048088
0.01050401
