246.000,226.000,94.000,114.000
243.955,232.953,94.000,114.000
247.636,237.451,94.000,114.000
247.227,237.860,94.000,114.000
248.454,239.905,94.000,114.000
251.317,241.950,94.000,114.000
253.362,243.995,94.000,114.000
254.589,242.768,94.000,114.000
253.362,243.177,94.000,114.000
254.589,242.768,94.000,114.000
255.815,243.995,94.000,114.000
258.678,241.950,94.000,114.000
261.541,240.723,94.000,114.000
264.404,239.496,94.000,114.000
268.085,237.451,94.000,114.000
270.130,236.224,94.000,114.000
269.721,235.815,94.000,114.000
271.766,232.953,94.000,114.000
277.082,229.272,94.000,114.000
283.217,229.681,94.000,114.000
277.082,230.090,94.000,114.000
270.948,223.955,94.000,114.000
275.446,216.185,94.000,114.000
280.763,208.414,94.000,114.000
295.077,203.097,94.000,114.000
312.663,199.417,94.000,114.000
324.523,203.915,94.000,114.000
320.843,208.414,94.000,114.000
313.072,212.913,94.000,114.000
300.394,218.229,94.000,114.000
281.172,220.274,94.000,114.000
261.950,217.411,94.000,114.000
259.905,212.095,94.000,114.000
274.219,206.778,94.000,114.000
291.805,203.097,94.000,114.000
312.663,200.234,94.000,114.000
332.703,205.551,94.000,114.000
339.655,213.322,94.000,114.000
329.431,223.546,94.000,114.000
302.030,234.588,94.000,114.000
270.539,241.541,94.000,114.000
248.863,231.317,94.000,114.000
241.910,217.002,94.000,114.000
259.496,207.596,94.000,114.000
280.354,201.461,94.000,114.000
299.576,200.234,94.000,114.000
322.070,205.551,94.000,114.000
328.204,212.504,94.000,114.000
310.618,220.274,94.000,114.000
292.214,221.501,94.000,114.000
277.900,215.367,94.000,114.000
278.309,206.778,94.000,114.000
291.805,202.279,94.000,114.000
315.935,203.506,94.000,114.000
331.885,209.641,94.000,114.000
335.566,213.322,94.000,114.000
316.344,213.731,94.000,114.000
281.581,214.958,94.000,114.000
245.182,208.823,94.000,114.000
218.599,198.599,94.000,114.000
220.644,187.556,94.000,114.000
239.865,171.606,94.000,114.000
261.541,164.654,94.000,114.000
277.491,171.606,94.000,114.000
292.623,190.828,94.000,114.000
293.032,214.140,94.000,114.000
280.354,235.815,94.000,114.000
270.130,241.950,94.000,114.000
262.359,226.818,94.000,114.000
262.768,208.414,94.000,114.000
268.085,202.279,94.000,114.000
279.127,208.414,94.000,114.000
283.626,230.090,94.000,114.000
270.948,258.309,94.000,114.000
261.541,272.623,94.000,114.000
247.227,259.945,94.000,114.000
239.456,226.000,94.000,114.000
250.499,183.058,94.000,114.000
264.310,164.400,96.080,116.522
283.121,178.194,96.080,116.522
299.424,209.546,96.080,116.522
290.645,245.914,96.080,116.522
270.162,275.594,96.080,116.522
244.663,277.684,96.080,116.522
224.180,253.857,96.080,116.522
225.434,215.817,96.080,116.522
240.064,199.514,96.080,116.522
265.564,215.817,96.080,116.522
293.571,243.824,96.080,116.522
301.514,274.340,96.080,116.522
285.211,293.151,96.080,116.522
259.711,290.225,96.080,116.522
235.884,265.561,96.080,116.522
237.138,233.374,96.080,116.522
265.982,222.087,96.080,116.522
298.170,230.029,96.080,116.522
327.849,245.496,96.080,116.522
344.988,253.439,96.080,116.522
338.718,260.545,96.080,116.522
307.366,261.799,96.080,116.522
265.982,258.873,96.080,116.522
226.320,249.344,98.206,119.100
183.165,239.516,98.206,119.100
166.501,230.544,98.206,119.100
189.147,214.735,98.206,119.100
228.883,196.362,98.206,119.100
258.365,184.825,98.206,119.100
292.974,170.725,98.206,119.100
303.656,162.607,98.206,119.100
286.992,157.907,98.206,119.100
268.620,156.625,98.206,119.100
251.956,153.635,98.206,119.100
257.511,149.789,98.206,119.100
276.738,157.053,98.206,119.100
311.347,169.444,98.206,119.100
334.847,187.816,98.206,119.100
343.820,194.225,98.206,119.100
327.156,192.089,98.206,119.100
287.420,189.953,98.206,119.100
234.011,184.398,98.206,119.100
186.583,174.571,98.206,119.100
168.211,172.435,98.206,119.100
190.856,177.989,98.206,119.100
236.574,184.398,98.206,119.100
278.020,195.935,98.206,119.100
316.901,203.198,98.206,119.100
343.820,201.062,98.206,119.100
328.865,198.925,98.206,119.100
300.238,193.371,98.206,119.100
262.211,174.998,98.206,119.100
226.747,151.498,98.206,119.100
229.738,134.835,98.206,119.100
249.820,130.989,98.206,119.100
266.483,150.216,98.206,119.100
283.147,182.262,98.206,119.100
292.120,210.035,98.206,119.100
274.601,234.389,98.206,119.100
253.665,242.507,98.206,119.100
233.583,233.535,98.206,119.100
228.029,205.762,98.206,119.100
248.111,184.825,98.206,119.100
269.047,177.562,98.206,119.100
284.856,188.244,98.206,119.100
292.974,213.453,98.206,119.100
289.983,252.335,98.206,119.100
284.429,286.089,98.206,119.100
284.856,295.916,98.206,119.100
283.574,279.253,98.206,119.100
289.129,233.535,98.206,119.100
298.101,175.853,98.206,119.100
295.965,141.244,98.206,119.100
289.116,134.163,100.378,121.735
280.818,167.791,100.378,121.735
283.875,232.863,100.378,121.735
300.907,294.442,100.378,121.735
309.205,327.196,100.378,121.735
316.630,310.164,100.378,121.735
319.687,262.561,100.378,121.735
309.642,200.109,100.378,121.735
302.218,156.000,100.378,121.735
298.287,152.942,100.378,121.735
292.610,191.811,100.378,121.735
297.414,255.136,100.378,121.735
315.319,297.499,100.378,121.735
319.250,308.417,100.378,121.735
310.952,285.270,100.378,121.735
307.895,235.047,100.378,121.735
309.205,187.444,100.378,121.735
302.654,168.665,100.378,121.735
296.103,181.330,100.378,121.735
293.046,226.312,100.378,121.735
295.230,277.409,100.378,121.735
288.679,304.923,100.378,121.735
281.255,308.854,100.378,121.735
285.185,290.074,100.378,121.735
277.761,268.675,100.378,121.735
272.957,252.516,100.378,121.735
276.014,250.332,100.378,121.735
256.361,260.377,100.378,121.735
234.962,279.156,100.378,121.735
212.689,294.442,100.378,121.735
196.530,304.486,100.378,121.735
196.093,309.290,100.378,121.735
218.366,301.866,100.378,121.735
249.374,296.189,100.378,121.735
276.014,290.511,100.378,121.735
308.769,285.707,100.378,121.735
327.548,281.777,100.378,121.735
320.123,276.973,100.378,121.735
296.977,270.422,100.378,121.735
260.729,255.136,100.378,121.735
224.480,247.712,100.378,121.735
198.714,243.781,100.378,121.735
186.922,238.977,100.378,121.735
197.840,233.300,100.378,121.735
229.721,225.876,100.378,121.735
267.716,219.325,100.378,121.735
313.573,210.154,100.378,121.735
343.707,205.350,100.378,121.735
354.625,201.419,100.378,121.735
346.327,200.109,100.378,121.735
315.319,197.052,100.378,121.735
278.198,193.121,100.378,121.735
239.329,183.077,100.378,121.735
222.297,165.171,100.378,121.735
241.076,149.885,100.378,121.735
274.704,151.196,100.378,121.735
305.711,159.493,100.378,121.735
333.225,166.044,100.378,121.735
337.156,163.861,100.378,121.735
307.022,160.804,100.378,121.735
272.520,156.873,100.378,121.735
245.006,149.449,100.378,121.735
227.974,145.518,100.378,121.735
245.006,152.942,100.378,121.735
283.875,169.101,100.378,121.735
311.389,188.754,100.378,121.735
331.915,199.672,100.378,121.735
339.339,209.717,100.378,121.735
322.307,218.888,100.378,121.735
293.046,232.427,100.378,121.735
265.533,242.471,100.378,121.735
247.627,235.047,100.378,121.735
246.317,214.521,100.378,121.735
272.957,196.615,100.378,121.735
309.205,196.178,100.378,121.735
341.086,208.843,100.378,121.735
368.600,217.141,100.378,121.735
363.796,213.211,100.378,121.735
324.927,204.913,100.378,121.735
275.577,187.881,100.378,121.735
248.937,170.848,100.378,121.735
243.260,156.436,100.378,121.735
268.153,149.885,100.378,121.735
294.793,159.057,100.378,121.735
319.687,179.583,100.378,121.735
346.327,193.121,100.378,121.735
342.396,204.039,100.378,121.735
309.642,206.223,100.378,121.735
266.406,195.305,100.378,121.735
219.676,174.779,100.378,121.735
176.441,158.620,100.378,121.735
155.914,151.196,100.378,121.735
162.465,143.771,100.378,121.735
188.994,134.722,102.599,124.429
222.473,142.310,102.599,124.429
255.952,161.505,102.599,124.429
290.324,186.949,102.599,124.429
313.090,219.536,102.599,124.429
322.464,242.301,102.599,124.429
297.913,263.282,102.599,124.429
250.149,272.656,102.599,124.429
213.992,266.853,102.599,124.429
184.084,241.409,102.599,124.429
192.565,208.822,102.599,124.429
228.723,185.164,102.599,124.429
257.738,182.039,102.599,124.429
280.504,204.805,102.599,124.429
301.484,226.678,102.599,124.429
305.502,248.551,102.599,124.429
283.629,258.818,102.599,124.429
248.364,250.336,102.599,124.429
213.992,215.072,102.599,124.429
209.082,168.201,102.599,124.429
237.204,143.650,102.599,124.429
272.469,149.453,102.599,124.429
304.162,183.825,102.599,124.429
329.607,215.518,102.599,124.429
338.981,239.177,102.599,124.429
312.644,249.444,102.599,124.429
261.309,245.426,102.599,124.429
205.511,224.446,102.599,124.429
176.495,197.216,102.599,124.429
189.441,167.308,102.599,124.429
230.955,149.899,102.599,124.429
268.005,151.238,102.599,124.429
298.806,165.969,102.599,124.429
318.893,182.485,102.599,124.429
314.876,193.645,102.599,124.429
301.038,205.698,102.599,124.429
278.272,203.466,102.599,124.429
230.508,182.485,102.599,124.429
215.777,163.291,102.599,124.429
243.007,153.917,102.599,124.429
291.664,153.470,102.599,124.429
334.963,170.879,102.599,124.429
362.193,189.181,102.599,124.429
366.210,188.735,102.599,124.429
340.766,182.932,102.599,124.429
304.609,174.450,102.599,124.429
256.845,159.720,102.599,124.429
209.974,155.702,102.599,124.429
201.493,154.363,102.599,124.429
218.902,153.024,102.599,124.429
252.381,156.148,102.599,124.429
292.110,165.523,102.599,124.429
337.195,175.790,102.599,124.429
382.281,181.593,102.599,124.429
399.690,188.288,102.599,124.429
390.315,184.271,102.599,124.429
356.836,177.575,102.599,124.429
304.609,161.951,102.599,124.429
240.775,147.221,102.599,124.429
177.834,140.525,102.599,124.429
130.964,140.971,102.599,124.429
111.769,146.774,102.599,124.429
122.929,151.685,102.599,124.429
160.872,154.809,102.599,124.429
209.528,156.148,102.599,124.429
266.219,162.844,102.599,124.429
322.018,171.326,102.599,124.429
363.532,181.593,102.599,124.429
384.512,190.074,102.599,124.429
377.817,187.842,102.599,124.429
352.372,182.932,102.599,124.429
312.644,173.558,102.599,124.429
272.915,158.827,102.599,124.429
252.828,151.238,102.599,124.429
258.631,154.363,102.599,124.429
288.539,163.737,102.599,124.429
324.696,176.682,102.599,124.429
357.283,191.413,102.599,124.429
378.263,199.895,102.599,124.429
384.959,206.590,102.599,124.429
372.906,218.643,102.599,124.429
360.854,241.409,102.599,124.429
352.372,263.282,102.599,124.429
342.105,269.085,102.599,124.429
332.731,243.641,102.599,124.429
316.215,196.770,102.599,124.429
297.913,146.328,102.599,124.429
301.930,108.385,102.599,124.429
296.127,97.225,102.599,124.429
288.539,112.849,102.599,124.429
283.629,157.041,102.599,124.429
282.289,211.947,102.599,124.429
288.985,254.354,102.599,124.429
293.895,277.120,102.599,124.429
289.878,267.746,102.599,124.429
288.539,232.481,102.599,124.429
294.342,178.468,102.599,124.429
303.716,132.490,102.599,124.429
297.913,116.866,102.599,124.429
287.646,125.348,102.599,124.429
278.272,171.326,102.599,124.429
272.469,225.339,102.599,124.429
270.237,262.389,102.599,124.429
268.898,270.870,102.599,124.429
279.165,233.820,102.599,124.429
294.788,185.164,102.599,124.429
293.190,158.315,104.869,127.182
310.072,151.471,104.869,127.182
314.178,158.315,104.869,127.182
291.821,172.459,104.869,127.182
274.027,181.128,104.869,127.182
266.270,164.247,104.869,127.182
274.027,143.715,104.869,127.182
286.346,140.521,104.869,127.182
302.315,168.353,104.869,127.182
330.148,204.398,104.869,127.182
337.904,228.580,104.869,127.182
321.935,239.986,104.869,127.182
299.578,227.667,104.869,127.182
277.221,177.934,104.869,127.182
261.252,131.852,104.869,127.182
271.746,128.658,104.869,127.182
304.140,167.440,104.869,127.182
330.148,205.310,104.869,127.182
339.729,229.492,104.869,127.182
317.372,225.386,104.869,127.182
284.065,193.904,104.869,127.182
265.358,143.258,104.869,127.182
272.202,119.076,104.869,127.182
295.471,135.958,104.869,127.182
322.391,173.828,104.869,127.182
342.010,203.485,104.869,127.182
333.341,215.804,104.869,127.182
298.209,212.611,104.869,127.182
260.339,193.904,104.869,127.182
234.332,173.372,104.869,127.182
228.400,161.965,104.869,127.182
246.195,162.421,104.869,127.182
271.289,181.128,104.869,127.182
295.471,205.310,104.869,127.182
316.003,224.017,104.869,127.182
317.372,231.774,104.869,127.182
298.665,229.492,104.869,127.182
271.746,218.086,104.869,127.182
259.426,200.291,104.869,127.182
275.396,198.923,104.869,127.182
311.441,208.504,104.869,127.182
332.885,223.561,104.869,127.182
342.467,228.580,104.869,127.182
336.535,220.823,104.869,127.182
310.528,211.242,104.869,127.182
282.696,193.447,104.869,127.182
264.902,180.216,104.869,127.182
274.483,171.547,104.869,127.182
307.791,167.440,104.869,127.182
315.547,177.022,104.869,127.182
324.216,186.604,104.869,127.182
325.585,192.535,104.869,127.182
289.540,190.254,104.869,127.182
252.582,181.585,104.869,127.182
221.100,162.878,104.869,127.182
211.519,156.946,104.869,127.182
235.701,159.228,104.869,127.182
268.095,175.197,104.869,127.182
284.977,195.729,104.869,127.182
306.422,205.310,104.869,127.182
310.528,213.067,104.869,127.182
289.996,208.960,104.869,127.182
268.552,192.079,104.869,127.182
257.145,184.322,104.869,127.182
278.590,185.691,104.869,127.182
312.809,198.923,104.869,127.182
328.779,213.979,104.869,127.182
336.535,218.998,104.869,127.182
325.129,211.242,104.869,127.182
301.859,196.185,104.869,127.182
268.552,181.128,104.869,127.182
253.495,176.109,104.869,127.182
270.377,177.478,104.869,127.182
292.734,187.972,104.869,127.182
306.878,200.291,104.869,127.182
325.585,202.573,104.869,127.182
322.391,194.816,104.869,127.182
302.772,178.847,104.869,127.182
279.502,157.403,104.869,127.182
265.358,135.958,104.869,127.182
262.164,134.589,104.869,127.182
269.008,154.209,104.869,127.182
274.027,177.478,104.869,127.182
278.133,189.797,104.869,127.182
265.814,196.641,104.869,127.182
244.370,193.447,104.869,127.182
229.313,178.391,104.869,127.182
220.644,175.197,104.869,127.182
238.438,185.691,104.869,127.182
273.571,207.135,104.869,127.182
303.228,227.667,104.869,127.182
327.410,234.511,104.869,127.182
332.404,229.791,107.189,129.996
324.476,228.392,107.189,129.996
309.258,219.696,109.561,132.872
300.201,210.639,109.561,132.872
290.191,207.302,109.561,132.872
285.901,215.406,109.561,132.872
288.284,223.509,109.561,132.872
283.994,226.846,109.561,132.872
275.891,221.603,109.561,132.872
260.160,210.639,109.561,132.872
253.963,201.582,109.561,132.872
259.207,204.919,109.561,132.872
278.751,215.882,109.561,132.872
299.248,223.986,109.561,132.872
312.118,221.603,109.561,132.872
310.688,215.406,109.561,132.872
302.585,193.955,109.561,132.872
296.388,171.551,109.561,132.872
301.631,165.355,109.561,132.872
312.595,177.272,109.561,132.872
324.512,198.722,109.561,132.872
333.569,210.639,109.561,132.872
329.279,219.696,109.561,132.872
309.735,212.546,109.561,132.872
291.144,190.142,109.561,132.872
272.554,153.438,109.561,132.872
264.450,135.801,109.561,132.872
268.741,145.811,109.561,132.872
272.077,174.888,109.561,132.872
276.367,199.199,109.561,132.872
265.404,216.836,109.561,132.872
269.694,208.732,109.561,132.872
290.191,201.582,109.561,132.872
313.548,210.639,109.561,132.872
333.092,219.696,109.561,132.872
338.336,214.452,109.561,132.872
315.932,204.442,109.561,132.872
283.994,186.805,109.561,132.872
259.684,169.168,109.561,132.872
255.394,166.785,109.561,132.872
276.844,175.841,109.561,132.872
299.248,194.432,109.561,132.872
312.118,206.349,109.561,132.872
329.755,214.452,109.561,132.872
333.092,213.976,109.561,132.872
325.942,207.779,109.561,132.872
313.072,202.535,109.561,132.872
303.061,204.919,109.561,132.872
302.585,207.302,109.561,132.872
305.921,212.546,109.561,132.872
303.538,218.743,109.561,132.872
