40.000,199.000,61.000,103.000
40.961,200.601,61.000,103.000
40.000,199.000,61.000,103.000
40.320,199.961,61.000,103.000
40.000,199.000,61.000,103.000
39.680,198.039,61.000,103.000
38.719,197.719,61.000,103.000
39.039,197.399,61.000,103.000
39.360,198.360,61.000,103.000
39.039,197.399,61.000,103.000
38.719,195.798,61.000,103.000
37.759,194.838,61.000,103.000
38.719,193.237,61.000,103.000
38.399,190.996,61.000,103.000
38.719,188.114,61.000,103.000
37.759,185.232,61.000,103.000
36.158,167.623,61.000,103.000
38.399,157.697,61.000,103.000
39.360,149.693,61.000,103.000
41.553,143.076,59.699,100.803
44.373,137.122,59.699,100.803
47.193,126.155,59.699,100.803
49.387,119.575,59.699,100.803
52.953,112.933,61.020,103.034
55.933,107.473,62.370,105.313
60.189,102.563,62.370,105.313
65.099,96.343,62.370,105.313
70.862,88.724,63.750,107.643
76.551,81.698,63.750,107.643
82.239,77.348,63.750,107.643
87.928,76.344,63.750,107.643
92.947,70.655,63.750,107.643
100.643,64.967,63.750,107.643
107.922,64.818,65.160,110.025
116.072,60.407,66.602,112.459
124.812,61.456,66.602,112.459
137.747,55.513,66.602,112.459
145.352,50.279,68.076,114.948
157.858,46.349,68.076,114.948
165.361,48.850,68.076,114.948
175.009,52.066,68.076,114.948
182.513,51.708,68.076,114.948
190.731,50.636,68.076,114.948
203.951,48.850,68.076,114.948
215.354,54.553,66.624,112.496
221.998,51.405,66.624,112.496
229.342,48.258,66.624,112.496
236.685,45.810,66.624,112.496
242.630,48.258,66.624,112.496
248.575,48.608,66.624,112.496
253.820,50.356,66.624,112.496
258.366,52.105,66.624,112.496
262.912,53.853,66.624,112.496
266.759,54.902,66.624,112.496
270.606,56.651,66.624,112.496
274.452,59.099,66.624,112.496
277.600,61.547,66.624,112.496
281.446,63.995,66.624,112.496
285.293,65.743,66.624,112.496
288.440,69.590,66.624,112.496
292.287,74.136,66.624,112.496
296.134,79.381,66.624,112.496
299.387,83.579,68.098,114.985
304.034,88.940,68.098,114.985
308.681,94.302,68.098,114.985
314.757,100.378,68.098,114.985
319.404,105.740,68.098,114.985
324.050,111.101,68.098,114.985
328.697,116.463,68.098,114.985
333.344,122.539,68.098,114.985
337.275,129.330,68.098,114.985
341.207,135.407,68.098,114.985
345.139,141.483,68.098,114.985
347.641,147.559,68.098,114.985
350.858,153.636,68.098,114.985
353.360,159.712,68.098,114.985
356.577,165.789,68.098,114.985
358.364,171.865,68.098,114.985
360.151,177.226,68.098,114.985
362.653,182.588,68.098,114.985
363.011,187.235,68.098,114.985
361.938,191.881,68.098,114.985
364.440,195.813,68.098,114.985
361.223,199.030,68.098,114.985
359.436,201.532,68.098,114.985
359.794,202.604,68.098,114.985
360.175,202.797,66.646,112.533
357.727,203.846,66.646,112.533
358.776,199.998,66.646,112.533
356.327,201.048,66.646,112.533
358.776,196.500,66.646,112.533
356.327,197.550,66.646,112.533
359.476,193.002,66.646,112.533
360.525,188.454,66.646,112.533
362.274,186.705,66.646,112.533
361.225,182.857,66.646,112.533
365.073,178.310,66.646,112.533
366.122,175.162,66.646,112.533
368.571,172.013,66.646,112.533
368.221,167.466,66.646,112.533
369.970,162.918,66.646,112.533
368.221,157.671,66.646,112.533
369.970,153.124,66.646,112.533
366.692,145.709,68.120,115.023
364.904,140.346,68.120,115.023
362.402,136.413,68.120,115.023
359.184,132.479,68.120,115.023
355.251,129.977,68.120,115.023
351.318,126.759,68.120,115.023
348.100,122.110,68.120,115.023
343.266,116.757,69.628,117.568
337.784,117.854,69.628,117.568
332.302,117.488,69.628,117.568
325.358,118.585,69.628,117.568
318.414,115.296,69.628,117.568
312.932,115.661,69.628,117.568
304.527,114.565,69.628,117.568
296.852,112.737,69.628,117.568
290.639,112.372,69.628,117.568
282.964,111.276,69.628,117.568
276.752,109.448,69.628,117.568
270.539,106.159,69.628,117.568
264.326,108.717,69.628,117.568
258.844,106.159,69.628,117.568
252.631,109.448,69.628,117.568
246.418,110.545,69.628,117.568
240.936,113.103,69.628,117.568
236.185,114.199,69.628,117.568
234.358,115.296,69.628,117.568
231.069,117.123,69.628,117.568
228.511,119.681,69.628,117.568
225.952,122.970,69.628,117.568
224.125,127.721,69.628,117.568
224.491,131.010,69.628,117.568
222.663,135.761,69.628,117.568
223.789,140.907,71.168,120.169
224.162,146.510,71.168,120.169
222.212,150.219,72.743,122.828
224.973,152.425,74.352,125.545
228.485,154.376,74.352,125.545
231.998,157.108,74.352,125.545
237.071,158.279,74.352,125.545
242.144,159.450,74.352,125.545
245.657,159.060,74.352,125.545
249.949,155.547,74.352,125.545
255.023,159.060,74.352,125.545
260.877,154.767,74.352,125.545
267.511,158.279,74.352,125.545
273.365,162.572,74.352,125.545
279.999,158.279,74.352,125.545
285.073,162.572,74.352,125.545
290.756,165.791,72.766,122.868
295.721,162.354,72.766,122.868
299.158,166.555,72.766,122.868
301.068,168.465,72.766,122.868
304.505,165.027,72.766,122.868
309.331,170.387,71.215,120.248
311.947,173.004,71.215,120.248
309.331,174.872,71.215,120.248
314.190,175.994,71.215,120.248
313.816,173.377,71.215,120.248
315.685,176.741,71.215,120.248
316.806,174.872,71.215,120.248
319.367,177.956,69.696,117.684
321.196,173.200,69.696,117.684
323.025,175.029,69.696,117.684
326.318,171.737,69.696,117.684
327.415,174.298,69.696,117.684
332.037,170.264,68.210,115.174
334.543,173.486,68.210,115.174
339.197,168.116,68.210,115.174
342.420,172.054,68.210,115.174
346.358,166.683,68.210,115.174
349.580,169.906,68.210,115.174
354.234,165.251,68.210,115.174
358.888,169.190,68.210,115.174
364.259,165.967,68.210,115.174
369.629,169.190,68.210,115.174
374.999,165.251,68.210,115.174
378.222,166.325,68.210,115.174
384.125,161.687,66.755,112.718
388.680,162.038,66.755,112.718
393.235,158.183,66.755,112.718
398.491,155.030,66.755,112.718
403.046,153.979,66.755,112.718
406.900,152.227,66.755,112.718
410.053,153.979,66.755,112.718
413.908,150.125,66.755,112.718
417.061,147.672,66.755,112.718
420.215,145.219,66.755,112.718
423.368,147.672,66.755,112.718
426.522,142.416,66.755,112.718
428.974,145.569,66.755,112.718
430.025,141.715,66.755,112.718
433.179,144.168,66.755,112.718
434.230,141.014,66.755,112.718
436.683,144.168,66.755,112.718
436.332,145.219,66.755,112.718
439.486,146.270,66.755,112.718
441.238,146.621,66.755,112.718
442.289,148.373,66.755,112.718
444.041,146.621,66.755,112.718
445.092,148.373,66.755,112.718
446.143,146.621,66.755,112.718
447.895,146.971,66.755,112.718
448.245,141.715,66.755,112.718
449.997,137.861,66.755,112.718
448.245,132.605,66.755,112.718
449.295,128.066,65.332,110.314
449.638,120.865,65.332,110.314
448.021,115.100,63.938,107.962
445.672,110.066,63.938,107.962
444.665,105.032,63.938,107.962
441.644,99.327,63.938,107.962
437.282,92.279,63.938,107.962
433.590,80.533,63.938,107.962
427.214,74.157,63.938,107.962
419.495,69.123,63.938,107.962
408.420,66.102,63.938,107.962
396.919,61.774,65.353,110.350
382.169,64.176,65.353,110.350
368.105,57.658,65.353,110.350
353.355,60.059,65.353,110.350
338.605,57.658,65.353,110.350
321.796,53.199,65.353,110.350
304.302,50.798,65.353,110.350
287.494,47.710,65.353,110.350
272.744,51.484,65.353,110.350
258.680,58.001,65.353,110.350
242.558,55.600,65.353,110.350
226.435,51.141,65.353,110.350
206.883,48.053,65.353,110.350
189.389,43.594,65.353,110.350
174.639,41.879,65.353,110.350
163.595,43.861,66.799,112.792
147.817,41.407,66.799,112.792
134.143,40.355,66.799,112.792
119.945,43.836,68.277,115.287
105.433,48.138,69.788,117.838
97.740,52.900,69.788,117.838
88.583,47.405,69.788,117.838
83.821,55.830,69.788,117.838
80.524,62.790,69.788,117.838
83.088,67.552,69.788,117.838
65.872,53.266,69.788,117.838
52.319,36.050,69.788,117.838
46.825,39.347,69.788,117.838
42.632,46.784,71.332,120.445
39.263,53.898,71.332,120.445
35.144,61.012,71.332,120.445
36.267,74.865,71.332,120.445
31.400,81.229,71.332,120.445
28.030,86.845,71.332,120.445
23.163,90.964,71.332,120.445
19.045,95.831,71.332,120.445
14.177,101.447,71.332,120.445
10.059,107.063,71.332,120.445
6.689,114.177,71.332,120.445
3.320,119.793,71.332,120.445
1.554,125.769,69.810,117.877
1.921,129.067,69.810,117.877
0.089,131.631,69.810,117.877
-0.278,134.196,69.810,117.877
2.232,138.632,68.322,115.363
3.306,142.281,66.865,112.903
5.711,146.530,65.439,110.495
7.428,149.621,65.439,110.495
9.146,152.712,65.439,110.495
11.550,156.491,65.439,110.495
14.641,160.956,65.439,110.495
17.732,166.108,65.439,110.495
21.511,180.190,65.439,110.495
24.602,187.403,65.439,110.495
27.006,192.555,65.439,110.495
28.724,194.960,65.439,110.495
31.128,197.364,65.439,110.495
32.158,197.021,65.439,110.495
34.563,198.051,65.439,110.495
36.967,199.768,65.439,110.495
37.311,199.425,65.439,110.495
39.715,199.081,65.439,110.495
41.432,200.799,65.439,110.495
41.776,199.768,65.439,110.495
43.493,201.486,65.439,110.495
43.150,201.142,65.439,110.495
44.180,202.860,65.439,110.495
43.837,203.890,65.439,110.495
44.180,204.921,65.439,110.495
44.524,205.951,65.439,110.495
45.554,206.981,65.439,110.495
45.210,206.638,65.439,110.495
44.867,207.668,65.439,110.495
43.837,209.386,65.439,110.495
45.554,206.294,65.439,110.495
45.897,207.325,65.439,110.495
44.180,211.103,65.439,110.495
45.897,214.881,65.439,110.495
44.867,211.103,65.439,110.495
45.897,216.255,65.439,110.495
46.928,220.720,65.439,110.495
45.897,225.186,65.439,110.495
46.928,224.842,65.439,110.495
45.897,228.620,65.439,110.495
46.928,227.590,65.439,110.495
46.584,229.307,65.439,110.495
47.615,228.277,65.439,110.495
45.897,232.742,65.439,110.495
44.867,232.399,65.439,110.495
43.837,232.742,65.439,110.495
43.493,237.894,65.439,110.495
44.524,242.359,65.439,110.495
46.928,246.138,65.439,110.495
49.332,252.664,65.439,110.495
48.302,256.442,65.439,110.495
50.019,260.220,65.439,110.495
47.615,265.372,65.439,110.495
50.706,264.342,65.439,110.495
49.676,267.433,65.439,110.495
50.706,266.403,65.439,110.495
51.736,267.433,65.439,110.495
50.706,267.090,65.439,110.495
51.736,267.433,65.439,110.495
50.019,267.777,65.439,110.495
50.363,269.494,65.439,110.495
50.706,269.150,65.439,110.495
52.423,271.555,65.439,110.495
49.332,271.211,65.439,110.495
50.363,272.929,65.439,110.495
52.767,273.272,65.439,110.495
51.736,272.929,65.439,110.495
52.080,274.646,65.439,110.495
48.989,276.363,65.439,110.495
48.621,277.636,66.887,112.940
46.060,277.479,68.366,115.438
49.290,278.555,68.366,115.438
48.213,276.761,68.366,115.438
50.007,274.967,68.366,115.438
40.319,199.251,68.366,115.438
39.242,196.739,68.366,115.438
39.601,197.816,68.366,115.438
39.242,196.022,68.366,115.438
39.601,197.098,68.366,115.438
38.600,197.983,66.909,112.977
38.952,196.930,66.909,112.977
39.303,197.281,66.909,112.977
38.952,196.227,66.909,112.977
39.303,196.578,66.909,112.977
38.249,197.632,66.909,112.977
38.600,196.578,66.909,112.977
38.952,196.930,66.909,112.977
39.303,197.983,66.909,112.977
38.249,198.334,66.909,112.977
38.600,196.579,66.909,112.977
38.952,198.334,66.909,112.977
40.005,197.983,66.909,112.977
39.654,199.037,66.909,112.977
40.708,197.281,66.909,112.977
39.654,198.334,66.909,112.977
40.708,197.983,66.909,112.977
41.761,198.334,66.909,112.977
44.219,195.876,66.909,112.977
41.059,197.632,66.909,112.977
43.517,195.174,66.909,112.977
43.868,193.418,66.909,112.977
44.219,193.769,66.909,112.977
43.166,192.715,66.909,112.977
44.219,190.959,66.909,112.977
41.059,192.715,66.909,112.977
42.815,190.257,66.909,112.977
43.868,190.608,66.909,112.977
45.624,190.257,66.909,112.977
48.083,193.418,66.909,112.977
49.839,197.281,66.909,112.977
49.487,199.037,66.909,112.977
48.434,200.793,66.909,112.977
50.190,199.037,66.909,112.977
49.136,195.876,66.909,112.977
49.487,194.823,66.909,112.977
51.243,190.257,66.909,112.977
52.999,184.989,66.909,112.977
54.755,180.424,66.909,112.977
56.511,173.751,66.909,112.977
57.565,166.376,66.909,112.977
59.321,156.192,66.909,112.977
60.374,148.817,66.909,112.977
63.535,142.144,66.909,112.977
66.696,131.960,66.909,112.977
71.261,125.287,66.909,112.977
75.124,119.317,66.909,112.977
80.392,114.049,66.909,112.977
86.362,110.186,66.909,112.977
92.332,107.025,66.909,112.977
98.303,103.162,66.909,112.977
105.678,100.001,66.909,112.977
114.457,100.353,66.909,112.977
121.832,96.489,66.909,112.977
131.315,98.948,66.909,112.977
140.797,95.085,66.909,112.977
154.493,98.245,66.909,112.977
167.487,100.001,66.909,112.977
175.564,102.460,66.909,112.977
190.666,103.513,66.909,112.977
204.362,105.269,66.909,112.977
215.951,108.430,66.909,112.977
230.350,103.162,66.909,112.977
239.832,103.513,66.909,112.977
250.017,108.079,66.909,112.977
261.606,111.942,66.909,112.977
269.683,115.805,66.909,112.977
278.463,120.370,66.909,112.977
285.838,125.638,66.909,112.977
291.106,133.716,66.909,112.977
294.969,141.091,66.909,112.977
298.130,154.787,66.909,112.977
298.481,160.757,66.909,112.977
299.534,166.025,66.909,112.977
297.778,169.888,66.909,112.977
296.725,173.751,66.909,112.977
294.267,177.614,66.909,112.977
291.808,180.073,66.909,112.977
288.648,181.829,66.909,112.977
285.487,184.989,66.909,112.977
281.624,185.340,66.909,112.977
277.761,182.882,66.909,112.977
274.600,186.043,66.909,112.977
270.737,182.882,66.909,112.977
268.279,186.043,66.909,112.977
265.118,183.584,66.909,112.977
261.957,186.043,66.909,112.977
259.499,186.394,66.909,112.977
257.041,186.043,66.909,112.977
254.582,184.989,66.909,112.977
254.231,188.150,66.909,112.977
251.070,189.204,66.909,112.977
252.124,191.662,66.909,112.977
249.791,193.882,65.482,110.567
251.483,198.042,64.085,108.210
251.194,200.817,62.719,105.902
250.276,202.898,61.381,103.644
253.725,206.798,60.072,101.433
250.887,205.222,60.072,101.433
251.832,208.431,58.791,99.270
249.055,207.505,58.791,99.270
252.358,211.835,57.537,97.153
250.244,213.345,57.537,97.153
249.338,213.043,57.537,97.153
249.661,216.117,56.310,95.081
251.730,217.594,56.310,95.081
250.906,218.323,55.110,93.054
250.657,219.594,53.934,91.069
249.322,221.384,52.784,89.127
249.084,221.533,51.659,87.227
249.373,221.157,50.557,85.367
248.633,222.323,49.479,83.546
246.908,220.460,48.424,81.764
244.620,217.664,48.424,81.764
243.858,214.360,48.424,81.764
240.949,208.445,49.495,83.573
239.054,198.087,50.590,85.423
238.219,191.908,51.709,87.313
239.576,181.323,51.709,87.313
239.304,174.537,51.709,87.313
241.204,162.324,51.709,87.313
242.018,148.482,51.709,87.313
245.547,137.354,51.709,87.313
246.904,130.026,51.709,87.313
250.432,124.869,51.709,87.313
253.960,119.169,51.709,87.313
256.946,115.641,51.709,87.313
260.474,112.112,51.709,87.313
263.460,109.670,51.709,87.313
267.531,106.141,51.709,87.313
271.602,104.242,51.709,87.313
275.817,104.120,52.853,89.244
279.550,101.694,54.023,91.219
282.777,102.744,55.218,93.237
287.278,102.615,56.440,95.300
290.649,103.712,57.688,97.408
294.095,106.718,58.965,99.564
294.404,110.123,58.965,99.564
295.999,114.480,60.269,101.766
293.785,118.593,60.269,101.766
294.759,123.703,61.603,104.018
291.059,129.597,62.966,106.319
288.084,142.486,62.966,106.319
284.615,155.406,61.623,104.052
280.410,169.961,61.623,104.052
274.264,182.576,61.623,104.052
266.535,187.801,62.987,106.354
259.593,200.033,62.987,106.354
251.007,212.919,64.380,108.707
240.128,223.286,65.805,111.113
234.947,224.323,65.805,111.113
229.075,221.905,65.805,111.113
224.585,220.178,65.805,111.113
218.482,216.440,67.260,113.571
211.774,212.557,67.260,113.571
196.013,216.062,68.749,116.084
188.888,208.413,70.270,118.652
188.493,197.534,71.824,121.277
190.378,188.109,71.824,121.277
192.263,178.685,71.824,121.277
195.656,170.768,71.824,121.277
197.599,163.559,73.413,123.960
201.838,159.321,73.413,123.960
206.076,153.541,73.413,123.960
211.856,146.990,73.413,123.960
217.636,139.669,73.413,123.960
224.187,134.659,73.413,123.960
231.508,129.650,73.413,123.960
237.493,129.478,75.038,126.703
245.244,130.120,76.698,129.506
252.331,132.446,78.395,132.372
263.441,136.972,78.395,132.372
280.311,141.498,78.395,132.372
290.117,144.730,80.129,135.300
301.473,150.198,80.129,135.300
311.146,157.348,80.129,135.300
323.343,162.815,80.129,135.300
338.904,167.442,80.129,135.300
356.148,171.227,80.129,135.300
364.139,172.489,80.129,135.300
377.178,166.180,80.129,135.300
391.898,163.236,80.129,135.300
400.730,165.339,80.129,135.300
408.721,163.236,80.129,135.300
415.871,161.133,80.129,135.300
420.498,160.712,80.129,135.300
422.601,156.086,80.129,135.300
423.021,152.301,80.129,135.300
420.918,146.833,80.129,135.300
418.815,141.365,80.129,135.300
415.030,135.057,80.129,135.300
409.562,136.318,80.129,135.300
401.571,130.010,80.129,135.300
388.533,124.542,80.129,135.300
371.289,123.280,80.129,135.300
353.204,124.542,80.129,135.300
332.596,118.233,80.129,135.300
312.828,119.495,80.129,135.300
292.220,115.710,80.129,135.300
261.225,106.795,81.902,138.294
239.300,101.207,81.902,138.294
212.218,102.496,81.902,138.294
176.969,124.605,83.714,141.354
146.411,118.026,85.567,144.481
112.381,109.439,87.460,147.678
87.123,107.329,89.395,150.945
64.228,108.093,91.373,154.285
40.728,108.573,91.373,154.285
11.355,101.392,93.394,157.698
-8.744,104.824,93.394,157.698
-16.097,99.432,93.394,157.698
-23.450,99.922,93.394,157.698
-26.882,96.490,93.394,157.698
-23.450,92.078,93.394,157.698
-23.940,88.647,93.394,157.698
-20.509,81.294,93.394,157.698
-14.136,70.019,93.394,157.698
-3.842,56.783,93.394,157.698
7.433,46.489,93.394,157.698
29.492,39.136,93.394,157.698
50.329,41.969,95.461,161.187
59.849,34.453,95.461,161.187
67.364,28.941,95.461,161.187
75.882,28.440,95.461,161.187
84.400,27.939,95.461,161.187
91.916,32.449,95.461,161.187
96.578,34.305,97.573,164.754
119.832,19.772,95.492,161.240
143.556,16.177,93.455,157.802
162.686,20.591,93.455,157.802
182.122,19.910,91.462,154.437
205.645,25.191,91.462,154.437
223.741,32.853,89.512,151.143
232.668,32.383,89.512,151.143
242.226,31.730,87.603,147.920
250.043,34.949,87.603,147.920
257.860,37.248,87.603,147.920
263.838,38.627,87.603,147.920
270.533,44.193,85.735,144.766
275.483,50.943,85.735,144.766
279.533,59.494,85.735,144.766
279.983,67.144,85.735,144.766
283.133,75.694,85.735,144.766
279.983,85.144,85.735,144.766
284.033,100.894,85.735,144.766
281.911,110.679,83.907,141.678
278.829,118.166,83.907,141.678
277.507,125.653,83.907,141.678
275.305,133.140,83.907,141.678
272.222,144.150,83.907,141.678
270.901,151.637,83.907,141.678
270.461,158.243,83.907,141.678
267.378,165.730,83.907,141.678
268.699,172.336,83.907,141.678
271.716,179.365,82.117,138.657
271.285,185.830,82.117,138.657
274.302,190.572,82.117,138.657
278.086,196.620,80.366,135.700
280.976,200.100,78.652,132.806
283.804,197.935,76.975,129.974
286.572,202.825,75.334,127.202
289.340,197.685,75.334,127.202
291.317,192.545,75.334,127.202
294.876,188.986,75.334,127.202
296.062,186.218,75.334,127.202
299.620,186.613,75.334,127.202
300.016,181.473,75.334,127.202
302.784,181.078,75.334,127.202
304.761,183.055,75.334,127.202
305.156,178.705,75.334,127.202
306.342,181.473,75.334,127.202
303.575,181.868,75.334,127.202
304.761,184.636,75.334,127.202
301.993,187.404,75.334,127.202
300.016,189.381,75.334,127.202
295.490,190.846,77.000,130.017
291.853,187.208,77.000,130.017
287.407,190.037,77.000,130.017
280.266,190.696,78.704,132.893
274.069,186.152,78.704,132.893
265.055,190.253,80.445,135.834
255.344,194.053,80.445,135.834
248.469,197.537,78.730,132.937
234.832,200.429,78.730,132.937
226.154,195.057,78.730,132.937
220.222,190.500,77.051,130.102
201.328,190.320,78.756,132.981
187.161,196.139,80.498,135.923
179.133,194.027,80.498,135.923
170.261,197.829,80.498,135.923
163.923,204.167,80.498,135.923
156.457,205.732,82.279,138.930
152.570,202.709,82.279,138.930
148.683,205.732,82.279,138.930
144.796,209.619,82.279,138.930
141.646,214.803,84.099,142.004
143.005,221.934,85.960,145.146
145.261,229.604,85.960,145.146
148.420,234.567,85.960,145.146
150.641,240.898,84.127,142.050
152.815,245.392,82.333,139.021
155.840,248.417,82.333,139.021
156.272,252.306,82.333,139.021
159.297,251.874,82.333,139.021
160.593,255.764,82.333,139.021
161.890,258.789,82.333,139.021
164.051,260.949,82.333,139.021
167.076,261.382,82.333,139.021
169.236,263.542,82.333,139.021
169.669,261.382,82.333,139.021
172.694,264.407,82.333,139.021
174.854,263.110,82.333,139.021
176.151,260.949,82.333,139.021
179.176,259.653,82.333,139.021
180.507,259.460,84.155,142.097
185.366,259.018,84.155,142.097
188.559,252.405,86.017,145.241
193.697,252.204,87.920,148.454
201.542,254.511,87.920,148.454
209.387,249.435,87.920,148.454
219.078,246.205,87.920,148.454
229.692,246.666,87.920,148.454
239.383,247.128,87.920,148.454
248.151,246.666,87.920,148.454
255.996,248.974,87.920,148.454
264.764,245.743,87.920,148.454
284.607,247.128,87.920,148.454
295.221,248.512,87.920,148.454
312.616,253.209,86.045,145.289
328.423,248.241,86.045,145.289
347.843,253.209,86.045,145.289
366.360,251.854,86.045,145.289
374.941,250.499,86.045,145.289
384.425,247.337,86.045,145.289
393.909,248.692,86.045,145.289
405.200,242.821,86.045,145.289
425.523,235.143,86.045,145.289
435.911,229.272,86.045,145.289
443.589,226.111,86.045,145.289
448.557,226.562,86.045,145.289
451.718,222.498,86.045,145.289
455.783,217.530,86.045,145.289
454.428,212.562,86.045,145.289
456.686,217.530,86.045,145.289
455.427,224.738,84.210,142.190
454.985,218.108,84.210,142.190
450.843,209.656,86.073,145.336
448.713,195.094,84.237,142.237
442.081,159.281,84.237,142.237
433.680,137.615,84.237,142.237
421.742,117.719,84.237,142.237
409.804,111.087,84.237,142.237
392.817,106.302,86.101,145.384
372.641,70.466,88.006,148.600
353.702,59.842,88.006,148.600
331.067,53.837,88.006,148.600
308.433,45.060,88.006,148.600
287.646,36.283,88.006,148.600
265.936,38.593,88.006,148.600
245.149,44.598,88.006,148.600
226.210,40.441,88.006,148.600
201.753,42.152,89.953,151.888
181.451,36.958,89.953,151.888
164.926,39.319,89.953,151.888
152.178,42.624,89.953,151.888
142.263,46.873,89.953,151.888
134.236,64.342,89.953,151.888
124.321,85.589,89.953,151.888
119.127,102.114,89.953,151.888
120.544,111.085,89.953,151.888
122.905,117.223,89.953,151.888
129.043,128.082,89.953,151.888
134.236,146.496,89.953,151.888
141.318,155.467,89.953,151.888
149.104,164.823,88.035,148.649
156.035,169.906,88.035,148.649
161.118,176.837,88.035,148.649
169.628,184.212,86.158,145.479
178.220,190.090,86.158,145.479
183.366,205.841,88.064,148.698
179.035,230.572,90.012,151.988
187.353,231.341,92.004,155.351
211.981,221.200,92.004,155.351
228.883,218.786,92.004,155.351
239.990,214.440,92.004,155.351
254.469,206.321,90.042,152.038
265.339,197.342,90.042,152.038
281.332,201.241,88.122,148.795
289.850,198.815,86.242,145.622
298.451,201.078,86.242,145.622
306.788,203.067,84.403,142.517
315.205,198.194,84.403,142.517
322.736,195.979,84.403,142.517
328.495,191.992,84.403,142.517
332.482,193.321,84.403,142.517
336.371,187.581,82.603,139.478
335.163,183.636,80.842,136.503
334.738,185.757,80.842,136.503
331.920,180.260,79.118,133.592
327.352,177.353,79.118,133.592
322.992,179.979,77.431,130.743
317.708,175.508,77.431,130.743
311.612,176.727,77.431,130.743
305.516,173.882,77.431,130.743
299.420,172.663,77.431,130.743
292.510,169.818,77.431,130.743
286.414,166.160,77.431,130.743
280.318,162.503,77.431,130.743
272.596,157.219,77.431,130.743
265.687,151.936,77.431,130.743
256.339,145.839,77.431,130.743
248.617,140.556,77.431,130.743
243.334,138.524,77.431,130.743
238.051,132.428,77.431,130.743
233.580,127.144,77.431,130.743
229.109,121.048,77.431,130.743
224.639,113.326,77.431,130.743
220.168,107.230,77.431,130.743
216.685,103.531,75.779,127.955
210.719,99.952,75.779,127.955
203.161,101.145,75.779,127.955
194.809,102.338,75.779,127.955
186.456,109.100,75.779,127.955
178.103,107.111,75.779,127.955
168.955,103.531,75.779,127.955
161.397,84.042,75.779,127.955
152.621,78.889,74.163,125.227
138.997,75.385,74.163,125.227
130.044,77.331,74.163,125.227
117.198,81.613,74.163,125.227
108.704,89.517,75.804,127.997
98.757,93.098,75.804,127.997
91.993,96.679,75.804,127.997
84.433,98.668,75.804,127.997
74.486,101.453,75.804,127.997
63.743,105.830,75.804,127.997
54.592,107.820,75.804,127.997
47.032,108.217,75.804,127.997
39.473,112.594,75.804,127.997
30.791,118.196,77.481,130.829
19.385,122.234,79.196,133.724
11.487,126.806,79.196,133.724
7.123,134.242,77.507,130.872
2.648,138.717,77.507,130.872
2.241,145.633,77.507,130.872
9.157,165.567,77.507,130.872
15.259,180.619,77.507,130.872
17.294,185.094,77.507,130.872
19.328,189.569,77.507,130.872
21.362,191.603,77.507,130.872
25.023,193.637,77.507,130.872
29.379,196.209,75.854,128.081
32.962,198.200,75.854,128.081
37.224,195.344,74.236,125.350
37.614,197.292,74.236,125.350
41.786,196.000,72.653,122.677
42.928,195.470,71.104,120.061
44.794,196.590,71.104,120.061
46.631,196.071,69.588,117.500
46.266,197.898,69.588,117.500
47.362,196.071,69.588,117.500
46.266,197.898,69.588,117.500
48.092,196.071,69.588,117.500
46.997,197.898,69.588,117.500
48.823,196.802,69.588,117.500
46.997,198.628,69.588,117.500
45.901,200.454,69.588,117.500
45.536,200.820,69.588,117.500
44.440,202.646,69.588,117.500
45.536,198.628,69.588,117.500
43.709,201.185,69.588,117.500
45.536,198.628,69.588,117.500
42.248,201.185,69.588,117.500
41.883,203.011,69.588,117.500
39.326,207.029,69.588,117.500
40.422,200.089,69.588,117.500
36.404,205.568,69.588,117.500
32.387,211.777,69.588,117.500
32.752,207.760,69.588,117.500
29.465,212.508,69.588,117.500
27.638,212.143,69.588,117.500
25.812,214.699,69.588,117.500
26.906,212.080,68.104,114.995
23.689,216.727,68.104,114.995
21.187,216.369,68.104,114.995
17.969,219.586,68.104,114.995
16.182,217.084,68.104,114.995
13.680,219.586,68.104,114.995
14.037,216.369,68.104,114.995
10.105,219.586,68.104,114.995
10.463,216.369,68.104,114.995
7.246,219.586,68.104,114.995
7.603,215.654,68.104,114.995
5.101,218.871,68.104,114.995
3.314,219.944,68.104,114.995
3.671,220.301,68.104,114.995
2.599,222.804,68.104,114.995
2.241,224.591,68.104,114.995
1.169,226.378,68.104,114.995
1.526,228.165,68.104,114.995
3.314,225.663,68.104,114.995
0.811,229.595,68.104,114.995
2.599,232.098,68.104,114.995
2.241,235.315,68.104,114.995
3.314,236.387,68.104,114.995
2.241,239.604,68.104,114.995
4.743,237.817,68.104,114.995
5.101,241.034,68.104,114.995
3.314,244.251,68.104,114.995
5.101,247.468,68.104,114.995
4.743,250.686,68.104,114.995
6.531,251.758,68.104,114.995
6.890,253.082,69.610,117.539
8.717,255.640,69.610,117.539
6.159,258.197,69.610,117.539
9.559,259.550,71.151,120.139
7.609,260.933,72.725,122.797
10.281,261.315,72.725,122.797
8.373,263.224,72.725,122.797
9.549,263.846,74.334,125.514
9.941,264.481,75.978,128.291
9.514,265.131,77.659,131.130
10.737,266.353,77.659,131.130
9.455,267.017,79.378,134.031
9.873,267.696,81.134,136.996
12.003,266.418,81.134,136.996
9.022,268.548,81.134,136.996
11.217,267.474,82.929,140.028
8.945,267.280,84.764,143.126
12.059,265.945,84.764,143.126
11.614,267.280,84.764,143.126
12.059,268.614,84.764,143.126
10.660,268.416,86.639,146.292
11.114,269.780,86.639,146.292
10.628,268.634,88.556,149.529
12.952,266.309,88.556,149.529
12.487,267.704,88.556,149.529
14.811,266.309,88.556,149.529
12.385,267.066,90.515,152.837
13.810,267.542,90.515,152.837
15.235,265.166,90.515,152.837
14.727,264.954,92.518,156.219
18.238,257.684,94.565,159.675
11.785,260.166,94.565,159.675
16.404,252.735,96.657,163.208
25.028,243.095,96.657,163.208
34.668,236.500,96.657,163.208
45.967,230.905,94.596,159.728
51.429,226.437,94.596,159.728
57.702,220.961,92.579,156.321
58.188,216.588,92.579,156.321
61.589,217.074,92.579,156.321
64.991,213.672,92.579,156.321
71.308,216.102,92.579,156.321
78.597,219.503,92.579,156.321
81.102,216.262,94.627,159.780
87.558,218.745,94.627,159.780
105.935,222.222,94.627,159.780
117.359,222.718,94.627,159.780
125.072,224.558,96.721,163.315
131.672,228.112,96.721,163.315
136.241,227.604,96.721,163.315
140.810,228.112,96.721,163.315
146.394,230.650,96.721,163.315
152.994,233.188,96.721,163.315
156.548,227.604,96.721,163.315
160.101,230.142,96.721,163.315
160.609,222.527,96.721,163.315
162.132,218.974,96.721,163.315
165.686,214.405,96.721,163.315
169.239,212.882,96.721,163.315
172.910,211.602,98.861,166.928
176.542,212.121,98.861,166.928
179.137,215.753,98.861,166.928
181.811,207.984,101.048,170.622
184.463,211.697,101.048,170.622
191.358,201.620,101.048,170.622
198.253,195.786,101.048,170.622
200.987,194.448,103.284,174.397
208.035,187.401,103.284,174.397
213.998,191.196,103.284,174.397
217.793,180.895,103.284,174.397
220.503,176.016,103.284,174.397
223.214,177.643,103.284,174.397
226.928,171.665,101.081,170.678
233.631,173.996,98.925,167.038
235.188,171.400,98.925,167.038
237.745,174.682,96.816,163.476
241.226,175.935,94.751,159.990
243.674,175.244,92.731,156.578
247.009,177.383,90.753,153.239
248.436,176.721,88.818,149.971
249.834,177.188,88.818,149.971
248.436,174.857,88.818,149.971
248.902,172.526,88.818,149.971
248.436,169.262,88.818,149.971
249.834,169.729,88.818,149.971
247.503,166.465,88.818,149.971
249.834,167.864,88.818,149.971
247.503,163.668,88.818,149.971
247.037,159.473,88.818,149.971
249.368,159.006,88.818,149.971
246.105,154.811,88.818,149.971
249.298,153.264,86.924,146.773
250.667,151.896,86.924,146.773
249.298,149.614,86.924,146.773
249.757,145.624,88.847,150.020
253.021,144.225,88.847,150.020
251.622,140.028,88.847,150.020
252.120,135.784,86.952,146.821
254.367,130.751,85.098,143.690
256.600,126.731,85.098,143.690
256.153,121.818,85.098,143.690
261.067,118.691,85.098,143.690
259.727,114.672,85.098,143.690
266.427,115.118,85.098,143.690
270.583,118.626,86.981,146.869
273.779,116.343,86.981,146.869
279.714,119.539,86.981,146.869
283.962,125.967,88.905,150.118
290.028,132.033,88.905,150.118
295.161,136.233,88.905,150.118
297.567,138.930,90.872,153.440
299.036,139.706,92.883,156.835
298.514,133.419,94.938,160.305
302.999,136.907,94.938,160.305
299.511,131.426,94.938,160.305
304.992,135.911,94.938,160.305
300.323,127.416,97.038,163.851
304.907,130.982,97.038,163.851
303.379,125.379,97.038,163.851
305.925,127.926,97.038,163.851
305.416,122.323,97.038,163.851
306.944,121.814,97.038,163.851
305.416,117.230,97.038,163.851
303.888,115.702,97.038,163.851
305.416,114.174,97.038,163.851
302.869,111.627,97.038,163.851
303.379,110.099,97.038,163.851
304.907,112.646,97.038,163.851
301.341,108.062,97.038,163.851
304.907,111.627,97.038,163.851
300.323,106.024,97.038,163.851
299.813,104.496,97.038,163.851
300.323,102.968,97.038,163.851
296.757,100.422,97.038,163.851
300.323,105.006,97.038,163.851
295.739,99.403,97.038,163.851
294.137,93.891,99.185,167.477
294.660,95.820,101.380,171.182
290.935,88.902,101.380,171.182
291.467,85.177,101.380,171.182
290.935,85.709,101.380,171.182
290.403,80.920,101.380,171.182
290.935,81.452,101.380,171.182
290.403,78.792,101.380,171.182
290.935,79.324,101.380,171.182
291.467,79.856,101.380,171.182
289.871,78.260,101.380,171.182
292.531,79.856,101.380,171.182
290.935,77.195,101.380,171.182
293.596,79.856,101.380,171.182
291.999,81.452,101.380,171.182
295.645,83.790,99.218,167.531
294.082,89.519,99.218,167.531
297.728,96.289,99.218,167.531
295.124,103.059,99.218,167.531
298.769,108.788,99.218,167.531
300.332,113.475,99.218,167.531
297.876,118.775,97.102,163.959
299.405,122.342,97.102,163.959
297.002,127.529,95.031,160.462
296.573,134.529,93.005,157.040
299.917,140.438,91.021,153.692
298.585,146.221,89.080,150.414
299.053,149.494,89.080,150.414
300.455,153.702,89.080,150.414
302.793,156.975,89.080,150.414
305.996,162.635,87.181,147.206
308.284,164.923,87.181,147.206
311.487,168.126,87.181,147.206
315.606,169.498,87.181,147.206
319.724,169.956,87.181,147.206
325.673,171.329,87.181,147.206
333.452,167.210,87.181,147.206
342.146,164.007,87.181,147.206
356.331,158.059,87.181,147.206
365.941,155.771,87.181,147.206
375.550,155.313,87.181,147.206
393.396,150.280,87.181,147.206
403.006,152.567,87.181,147.206
412.615,149.364,87.181,147.206
421.310,151.652,87.181,147.206
431.834,145.704,87.181,147.206
439.613,140.670,87.181,147.206
447.392,134.721,87.181,147.206
437.783,199.242,87.181,147.206
440.071,205.191,87.181,147.206
440.528,201.987,87.181,147.206
440.071,199.700,87.181,147.206
438.698,195.581,87.181,147.206
435.495,191.463,87.181,147.206
430.461,185.514,87.181,147.206
422.682,178.650,87.181,147.206
416.734,161.719,87.181,147.206
413.530,142.043,87.181,147.206
407.582,133.349,87.181,147.206
399.803,128.315,87.181,147.206
389.818,122.414,89.109,150.463
379.612,115.411,91.081,153.792
369.181,111.230,93.096,157.195
359.533,103.915,95.156,160.673
350.707,97.474,97.261,164.228
342.029,94.921,97.261,164.228
331.949,95.752,99.413,167.861
325.165,88.969,99.413,167.861
319.425,83.229,99.413,167.861
316.816,76.446,99.413,167.861
309.762,78.378,101.613,171.575
308.084,71.500,103.861,175.371
309.720,66.594,103.861,175.371
306.874,68.613,106.159,179.251
309.660,64.713,106.159,179.251
307.908,69.089,108.507,183.217
310.755,68.519,108.507,183.217
307.782,70.629,110.908,187.271
313.021,71.211,110.908,187.271
308.775,72.159,113.362,191.414
308.180,76.324,113.362,191.414
305.205,79.299,113.362,191.414
302.229,82.274,113.362,191.414
296.874,85.249,113.362,191.414
291.519,91.794,113.362,191.414
286.164,100.720,113.362,191.414
279.619,112.025,113.362,191.414
269.504,119.760,113.362,191.414
259.388,128.685,113.362,191.414
253.142,138.182,110.945,187.332
246.736,144.587,110.945,187.332
242.660,147.499,110.945,187.332
237.419,144.587,110.945,187.332
231.013,140.511,110.945,187.332
225.772,135.270,110.945,187.332
224.025,127.700,110.945,187.332
218.784,120.130,110.945,187.332
217.161,115.953,108.579,183.338
218.871,108.544,108.579,183.338
217.161,103.415,108.579,183.338
220.010,96.006,108.579,183.338
221.720,89.737,108.579,183.338
221.150,84.608,108.579,183.338
226.279,78.339,108.579,183.338
227.986,70.956,106.263,179.428
231.891,63.705,106.263,179.428
235.795,58.685,106.263,179.428
239.699,52.550,106.263,179.428
236.911,48.646,106.263,179.428
241.807,44.645,103.997,175.601
241.261,45.191,103.997,175.601
239.623,41.370,103.997,175.601
239.077,44.100,103.997,175.601
235.256,44.645,103.997,175.601
231.435,40.824,103.997,175.601
227.614,46.829,103.997,175.601
221.610,50.650,103.997,175.601
215.605,57.746,103.997,175.601
209.601,61.567,103.997,175.601
203.597,67.572,103.997,175.601
195.409,62.659,103.997,175.601
188.312,64.296,103.997,175.601
179.033,61.567,103.997,175.601
173.028,67.572,103.997,175.601
165.932,63.751,103.997,175.601
158.836,58.838,103.997,175.601
150.323,61.992,106.298,179.487
141.954,54.739,106.298,179.487
134.701,49.718,106.298,179.487
128.315,50.626,108.650,183.458
126.605,47.775,108.650,183.458
122.613,44.923,108.650,183.458
120.819,47.036,111.054,187.517
119.070,41.790,111.054,187.517
123.151,44.704,111.054,187.517
119.070,38.292,111.054,187.517
116.028,39.242,113.511,191.666
114.154,38.976,116.022,195.906
110.975,34.913,118.589,200.241
112.892,35.927,121.213,204.671
105.610,29.042,123.895,209.199
111.463,34.895,123.895,209.199
109.512,31.643,123.895,209.199
112.763,34.895,123.895,209.199
103.971,29.207,126.636,213.828
108.624,32.530,126.636,213.828
103.971,30.536,126.636,213.828
107.295,32.530,126.636,213.828
102.642,30.536,126.636,213.828
107.295,33.860,126.636,213.828
103.971,30.536,126.636,213.828
101.977,29.872,126.636,213.828
105.301,31.866,126.636,213.828
99.319,28.542,126.636,213.828
102.745,33.763,129.438,218.559
96.630,29.007,129.438,218.559
98.669,33.763,129.438,218.559
93.913,30.366,129.438,218.559
97.415,35.701,132.302,223.394
91.165,32.229,132.302,223.394
96.026,38.479,132.302,223.394
92.554,43.340,132.302,223.394
94.637,49.590,132.302,223.394
89.776,51.673,132.302,223.394
94.534,49.370,129.480,218.630
87.058,47.331,129.480,218.630
91.815,53.448,129.480,218.630
87.300,48.573,126.719,213.968
89.296,53.229,126.719,213.968
85.970,51.234,126.719,213.968
87.962,50.310,124.017,209.405
86.148,49.405,121.372,204.940
89.333,53.865,121.372,204.940
84.873,49.405,121.372,204.940
86.836,53.087,124.057,209.474
82.510,48.417,121.412,205.007
88.245,52.877,121.412,205.007
83.784,48.417,121.412,205.007
88.245,52.877,121.412,205.007
83.784,47.142,121.412,205.007
88.245,50.328,121.412,205.007
83.784,44.593,121.412,205.007
89.378,46.165,118.823,200.635
86.260,45.541,118.823,200.635
89.378,48.659,118.823,200.635
86.260,45.541,118.823,200.635
90.626,47.412,118.823,200.635
88.755,45.541,118.823,200.635
91.873,47.412,118.823,200.635
93.744,48.036,118.823,200.635
93.121,46.165,118.823,200.635
97.393,45.298,116.289,196.356
99.224,50.792,116.289,196.356
101.055,46.519,116.289,196.356
108.767,52.731,113.809,192.169
103.391,46.160,113.809,192.169
111.156,49.147,113.809,192.169
108.169,42.576,113.809,192.169
117.130,46.757,113.809,192.169
111.754,41.381,113.809,192.169
120.714,44.368,113.809,192.169
112.638,42.862,116.327,196.421
118.133,37.367,116.327,196.421
124.849,42.862,116.327,196.421
114.060,36.255,118.901,200.767
106.917,30.796,121.531,205.208
110.107,31.434,121.531,205.208
106.777,27.179,124.220,209.749
111.341,29.135,124.220,209.749
113.297,29.787,124.220,209.749
117.861,29.135,124.220,209.749
111.993,27.179,124.220,209.749
104.531,25.535,126.969,214.389
106.530,22.202,126.969,214.389
99.199,21.536,126.969,214.389
104.018,22.621,129.778,219.133
100.462,16.664,132.649,223.981
102.606,17.798,135.584,228.937
97.625,12.816,135.584,228.937
101.293,12.499,138.584,234.002
96.201,13.226,138.584,234.002
99.838,9.589,138.584,234.002
100.569,4.736,141.650,239.179
98.339,5.480,141.650,239.179
97.543,-1.023,144.784,244.471
93.576,-1.362,147.987,249.880
97.460,-5.246,147.987,249.880
92.023,-6.023,147.987,249.880
97.460,-2.139,147.987,249.880
91.793,-12.156,151.261,255.409
97.533,-12.510,154.608,261.059
95.099,-11.699,154.608,261.059
92.664,-19.003,154.608,261.059
95.099,-16.568,154.608,261.059
94.230,-21.982,158.029,266.835
91.742,-21.152,158.029,266.835
94.230,-21.982,158.029,266.835
93.401,-21.152,158.029,266.835
94.230,-25.300,158.029,266.835
96.785,-23.949,161.525,272.739
90.850,-26.492,161.525,272.739
95.221,-25.111,165.099,278.773
92.621,-22.512,165.099,278.773
93.488,-28.578,165.099,278.773
92.621,-25.978,165.099,278.773
95.221,-21.645,165.099,278.773
92.621,-27.711,165.099,278.773
95.221,-25.111,165.099,278.773
92.621,-20.778,165.099,278.773
93.488,-28.578,165.099,278.773
90.888,-24.245,165.099,278.773
93.488,-21.645,165.099,278.773
90.888,-22.512,165.099,278.773
91.755,-25.111,165.099,278.773
92.621,-19.045,165.099,278.773
91.755,-16.446,165.099,278.773
92.625,-15.034,168.752,284.941
86.741,-21.387,165.153,278.865
89.411,-19.975,168.807,285.035
90.297,-22.633,168.807,285.035
91.183,-19.975,168.807,285.035
88.525,-22.633,168.807,285.035
89.411,-28.835,168.807,285.035
90.357,-19.818,165.207,278.956
91.224,-24.154,165.207,278.956
92.091,-19.818,165.207,278.956
91.224,-22.420,165.207,278.956
92.091,-21.552,165.207,278.956
92.958,-24.154,165.207,278.956
93.825,-21.552,165.207,278.956
92.958,-27.622,165.207,278.956
95.560,-25.021,165.207,278.956
98.161,-20.685,165.207,278.956
91.835,-28.270,168.862,285.128
97.907,-29.501,165.261,279.048
95.489,-22.345,161.737,273.097
103.129,-28.287,161.737,273.097
100.582,-25.741,161.737,273.097
103.125,-20.374,158.288,267.273
108.817,-21.528,154.913,261.573
99.873,-19.089,154.913,261.573
110.443,-18.276,154.913,261.573
112.883,-23.967,154.913,261.573
118.574,-19.902,154.913,261.573
119.387,-19.089,154.913,261.573
125.079,-16.650,154.913,261.573
137.276,-14.210,154.913,261.573
154.351,-6.892,154.913,261.573
172.461,6.085,151.609,255.995
190.184,20.320,148.376,250.536
201.525,31.248,145.212,245.193
206.746,34.597,142.115,239.965
211.856,36.437,139.084,234.847
221.079,43.866,136.118,229.839
227.351,41.497,133.216,224.938
233.489,49.961,130.375,220.141
242.135,49.010,127.594,215.446
249.305,59.699,124.873,210.852
253.795,62.579,122.211,206.355
258.285,69.635,122.211,206.355
267.626,76.163,119.604,201.955
273.276,81.813,119.604,201.955
280.181,86.208,119.604,201.955
284.482,96.227,117.054,197.648
286.325,104.214,117.054,197.648
292.903,114.020,114.558,193.433
295.863,121.299,112.115,189.308
299.895,125.019,109.724,185.271
297.179,129.770,107.384,181.320
301.124,133.715,107.384,181.320
299.553,138.365,105.094,177.453
299.079,142.915,102.853,173.669
299.655,148.409,100.659,169.966
300.219,151.749,98.513,166.341
297.634,155.369,98.513,166.341
296.082,156.920,98.513,166.341
296.634,162.182,96.412,162.794
295.224,164.406,94.356,159.322
294.798,170.401,92.344,155.925
297.184,176.268,90.374,152.599
296.776,179.267,88.447,149.345
299.061,183.992,86.561,146.160
298.671,187.740,84.715,143.043
301.717,192.265,82.909,139.993
303.022,196.181,82.909,139.993
305.198,199.228,82.909,139.993
306.504,203.144,82.909,139.993
310.420,203.579,82.909,139.993
312.596,206.625,82.909,139.993
316.512,208.801,82.909,139.993
320.429,210.977,82.909,139.993
323.475,212.283,82.909,139.993
327.392,214.459,82.909,139.993
330.438,215.764,82.909,139.993
331.743,213.588,82.909,139.993
336.530,216.634,82.909,139.993
338.706,214.459,82.909,139.993
340.882,217.505,82.909,139.993
342.187,213.588,82.909,139.993
341.752,215.764,82.909,139.993
343.058,214.458,82.909,139.993
341.752,216.634,82.909,139.993
341.287,213.731,84.743,143.090
338.173,215.955,84.743,143.090
335.949,212.842,84.743,143.090
334.615,215.066,84.743,143.090
