0.00404930
0.01124525
0.01154852
0.01114845
0.01055861
0.01036501
0.01026273
0.01039767
0.01025867
0.01035500
0.01041245
0.01029611
0.01046133
0.01037216
0.01035786
0.01042628
0.01043224
0.01040721
0.01020956
0.01031208
0.01032639
0.01036716
0.01032472
0.01021147
0.01032495
0.01040554
0.01103926
0.01047111
0.01060963
0.01029611
0.01028275
0.01033521
0.01027012
0.01020479
0.01039934
0.01038313
0.01026416
0.01030135
0.01035023
0.01029420
0.01030874
0.01027894
0.01034522
0.01037455
0.01029420
0.01024246
0.01034427
0.01034951
0.01037121
0.01030564
0.01026607
0.01038265
0.01031184
0.01031852
0.01029682
0.01026225
0.01032019
0.01022840
0.01026416
0.01027107
0.01029968
0.01040220
0.01026225
0.01030016
0.01033640
0.01039958
0.01030660
0.01028848
0.01026654
0.01029229
0.01027298
0.01099300
0.01047111
0.01043057
0.01030803
0.01035881
0.01033258
0.01027799
0.01037574
0.01038170
0.01031709
0.01033115
0.01041007
0.01030827
0.01037240
0.01028180
0.01024938
0.01034522
0.01039982
0.01027298
0.01029515
0.01035571
0.01029825
0.01034689
0.01027298
0.01025105
0.01036763
0.01040077
0.01028156
0.01028562
0.01029038
0.01031089
0.01027751
0.01029849
0.01030540
0.01035428
0.01036668
0.01026273
0.01034427
0.01031733
0.01042223
0.01032782
0.01026964
0.01028132
0.01033306
0.01026607
0.01092076
0.01049805
0.01035571
0.01030588
0.01037598
0.01030469
0.01027369
0.01035404
0.01040387
0.01027870
0.01032043
0.01029682
0.01028824
0.01028705
0.01029730
0.01027799
0.01034689
0.01034832
0.01021123
0.01033616
0.01035023
0.01030827
0.01024818
0.01030755
0.01028156
0.01037574
0.01038766
0.01026773
0.01035070
0.01030922
0.01036930
0.01031828
0.01031041
0.01023483
0.01033187
0.01021791
0.01021433
0.01034927
0.01038122
0.01020789
0.01028228
0.01031184
0.01032543
0.01035428
0.01023245
0.01097465
0.01052117
0.01030707
0.01029825
0.01031733
0.01029778
0.01031017
0.01035333
0.01038790
0.01023245
0.01037169
0.01036096
0.01034665
0.01032543
0.01028872
0.01026154
0.01035714
0.01036549
0.01021504
0.01037574
0.01027417
0.01044822
0.01028395
0.01026583
0.01034474
0.01033258
0.01027584
0.01028967
0.01032329
0.01036286
0.01039195
0.01026773
0.01032043
0.01032996
0.01035833
0.01031756
0.01059270
0.01033545
0.01030421
0.01031995
0.01030707
0.01025939
0.01035023
0.01023245
0.01034713
0.01094556
0.01045752
0.01056600
0.01028633
0.01035428
0.01032567
0.01022935
0.01037502
0.01034641
0.01036334
0.01028848
0.01027751
0.01034784
0.01037049
0.01030111
0.01026559
0.01032019
0.01034665
0.01022768
0.01027536
0.01040721
0.01032448
0.01040554
0.01028061
0.01028895
0.01028275
0.01035142
0.01026654
0.01024437
0.01028371
0.01033330
0.01031804
0.01032281
0.01024842
0.01032710
0.01031685
0.01030111
0.01037812
0.01029992
0.01029634
0.01031232
0.01031065
0.01031733
0.01034641
0.01032352
0.01132727
0.01048732
0.01057339
0.01033878
0.01039028
0.01030397
0.01029706
0.01033330
0.01038337
0.01039028
0.01032639
0.01047277
0.01025939
0.01036143
0.01026082
0.01024604
0.01036143
0.01042914
0.01037860
0.01032519
0.01042700
0.01031709
0.01033044
0.01057172
0.01024818
0.01042962
0.01039338
0.01028872
0.01031208
0.01033425
0.01030421
0.01036525
0.01035500
0.01030111
0.01029587
0.01036882
0.01032662
0.01024890
0.01034188
0.01028323
0.01045012
0.01035738
0.01026607
0.01033807
0.01034784
0.01108217
0.01051974
0.01040030
0.01032782
0.01035547
0.01048899
0.01031351
0.01033950
0.01036215
0.01036835
0.01042938
0.01032543
0.01040769
0.01034403
0.01047397
0.01028109
0.01032901
0.01038909
0.01036239
0.01027632
0.01037478
0.01032615
0.01038313
0.01037979
0.01032710
0.01034832
0.01042271
0.01036954
0.01031113
0.01033497
0.01033759
0.01034594
0.01039243
0.01031017
0.01039386
0.01039672
0.01039386
0.01031137
0.01033092
0.01036692
0.01038885
0.01044965
0.01028681
0.01034570
0.01037836
0.01114368
0.01064658
0.01031828
0.01038599
0.01034021
0.01046157
0.01037550
0.01040769
0.01042223
0.01040077
0.01040626
0.01051593
0.01037717
0.01041055
0.01047945
0.01043844
0.01043963
0.01044822
0.01039076
0.01045108
0.01044989
0.01038146
0.01036453
0.01046419
0.01045585
0.01040769
0.01041603
0.01033473
0.01031232
0.01042008
0.01041007
0.01034594
0.01034570
0.01036000
0.01044393
0.01041579
0.01034212
0.01041842
0.01039505
0.01051950
0.01037025
0.01039004
0.01043081
0.01032329
0.01056600
0.01104164
0.01042891
0.01038337
0.01045179
0.01038790
0.01042914
0.01039791
