167.000,69.000,24.000,127.000
168.397,67.044,24.000,127.000
169.235,68.441,24.000,127.000
170.074,69.279,24.000,127.000
172.030,69.559,24.000,127.000
172.309,68.162,24.000,127.000
174.265,70.677,24.000,127.000
174.544,68.162,24.000,127.000
175.941,71.235,24.000,127.000
175.966,71.860,24.531,129.810
177.394,70.432,24.531,129.810
177.680,69.575,24.531,129.810
179.108,71.574,24.531,129.810
178.822,70.717,24.531,129.810
179.108,72.717,24.531,129.810
180.536,71.860,24.531,129.810
180.250,72.717,24.531,129.810
179.393,74.716,24.531,129.810
180.250,71.574,24.531,129.810
177.680,75.287,24.531,129.810
176.252,77.857,24.531,129.810
173.313,79.681,25.074,132.682
176.368,74.276,25.629,135.618
178.456,71.590,25.629,135.618
179.101,69.161,26.196,138.618
181.236,68.246,26.196,138.618
183.981,68.551,26.196,138.618
184.896,66.416,26.196,138.618
185.811,64.282,26.196,138.618
183.066,62.757,26.196,138.618
180.321,60.012,26.196,138.618
182.456,56.047,26.196,138.618
182.761,57.572,26.196,138.618
183.066,58.487,26.196,138.618
182.761,56.352,26.196,138.618
184.896,58.487,26.196,138.618
185.811,57.572,26.196,138.618
186.116,56.047,26.196,138.618
185.201,58.182,26.196,138.618
187.946,56.657,26.196,138.618
185.811,60.622,26.196,138.618
189.166,58.487,26.196,138.618
187.031,61.232,26.196,138.618
189.776,57.877,26.196,138.618
190.691,58.792,26.196,138.618
190.996,60.317,26.196,138.618
190.081,59.402,26.196,138.618
192.216,57.267,26.196,138.618
190.081,60.012,26.196,138.618
192.216,57.267,26.196,138.618
191.301,59.402,26.196,138.618
192.216,59.097,26.196,138.618
190.691,58.792,26.196,138.618
192.216,57.267,26.196,138.618
190.691,60.622,26.196,138.618
191.606,57.877,26.196,138.618
191.911,60.012,26.196,138.618
191.606,60.317,26.196,138.618
193.741,61.232,26.196,138.618
195.875,62.147,26.196,138.618
196.790,64.892,26.196,138.618
194.656,66.416,26.196,138.618
195.315,67.731,26.775,141.685
191.886,69.289,26.775,141.685
189.704,70.225,26.775,141.685
188.145,67.419,26.775,141.685
184.938,66.822,27.368,144.820
184.620,65.866,27.368,144.820
182.389,68.734,27.368,144.820
181.433,67.778,27.368,144.820
181.115,68.734,27.368,144.820
181.142,65.479,27.973,148.024
180.165,69.061,27.973,148.024
180.491,66.781,27.973,148.024
180.817,70.364,27.973,148.024
180.491,66.781,27.973,148.024
180.817,63.850,27.973,148.024
179.840,66.781,27.973,148.024
182.571,66.158,28.592,151.299
182.904,64.493,28.592,151.299
185.234,66.823,28.592,151.299
184.236,65.825,28.592,151.299
186.145,63.267,27.982,148.072
185.168,64.244,27.982,148.072
184.842,63.267,27.982,148.072
185.819,60.335,27.982,148.072
186.796,57.403,27.982,148.072
187.774,55.122,27.982,148.072
186.796,55.448,27.982,148.072
188.425,53.168,27.982,148.072
188.100,55.448,27.982,148.072
187.774,57.077,27.982,148.072
188.100,52.842,27.982,148.072
187.122,55.774,27.982,148.072
188.751,52.842,27.982,148.072
188.425,57.077,27.982,148.072
190.706,53.493,27.982,148.072
189.077,56.425,27.982,148.072
191.357,56.751,27.982,148.072
190.380,53.168,27.982,148.072
190.706,56.751,27.982,148.072
189.077,52.516,27.982,148.072
187.448,54.797,27.982,148.072
187.774,55.774,27.982,148.072
186.796,53.493,27.982,148.072
189.077,56.425,27.982,148.072
189.403,54.145,27.982,148.072
189.077,56.425,27.982,148.072
188.751,58.054,27.982,148.072
187.774,53.168,27.982,148.072
186.145,55.448,27.982,148.072
186.471,56.425,27.982,148.072
188.100,54.145,27.982,148.072
187.122,57.077,27.982,148.072
188.751,54.145,27.982,148.072
187.122,57.729,27.982,148.072
186.796,53.493,27.982,148.072
185.819,55.774,27.982,148.072
187.448,52.842,27.982,148.072
187.122,55.122,27.982,148.072
187.448,55.448,27.982,148.072
189.077,53.819,27.982,148.072
188.751,56.100,27.982,148.072
188.425,52.516,27.982,148.072
188.751,55.448,27.982,148.072
188.425,53.819,27.982,148.072
189.403,55.448,27.982,148.072
189.077,55.774,27.982,148.072
188.751,52.842,27.982,148.072
187.122,56.425,27.982,148.072
187.448,53.493,27.982,148.072
187.122,55.774,27.982,148.072
186.145,52.190,27.982,148.072
186.471,56.425,27.982,148.072
187.448,57.403,27.982,148.072
187.122,53.819,27.982,148.072
186.796,57.403,27.982,148.072
186.471,54.471,27.982,148.072
188.099,57.403,27.982,148.072
186.471,53.168,27.982,148.072
189.403,56.751,27.982,148.072
189.728,52.516,27.982,148.072
192.661,58.054,27.982,148.072
193.365,59.458,28.601,151.349
193.698,59.791,28.601,151.349
194.031,58.792,28.601,151.349
191.987,59.536,29.234,154.697
188.486,56.766,29.881,158.120
184.659,56.418,29.881,158.120
188.486,57.462,29.881,158.120
190.225,60.593,29.881,158.120
194.748,61.636,29.881,158.120
195.500,59.526,30.542,161.618
195.856,57.748,30.542,161.618
194.789,57.393,30.542,161.618
196.567,55.615,30.542,161.618
197.633,57.393,30.542,161.618
195.144,54.903,30.542,161.618
196.922,54.548,30.542,161.618
193.722,51.348,30.542,161.618
196.922,55.259,30.542,161.618
195.856,56.326,30.542,161.618
199.767,58.104,30.542,161.618
197.278,58.459,30.542,161.618
198.345,56.681,30.542,161.618
195.424,57.476,31.218,165.194
192.880,55.659,31.218,165.194
194.697,58.930,31.218,165.194
193.607,56.386,31.218,165.194
196.151,58.930,31.218,165.194
200.149,57.839,31.218,165.194
204.147,59.657,31.218,165.194
208.145,57.839,31.218,165.194
209.236,59.657,31.218,165.194
209.599,60.747,31.218,165.194
209.236,60.384,31.218,165.194
211.053,61.474,31.218,165.194
212.870,59.657,31.218,165.194
213.960,61.474,31.218,165.194
216.505,58.203,31.218,165.194
216.868,60.747,31.218,165.194
219.412,58.203,31.218,165.194
221.230,60.020,31.218,165.194
223.047,58.203,31.218,165.194
222.683,59.293,31.218,165.194
223.047,58.930,31.218,165.194
222.683,56.386,31.218,165.194
223.047,56.022,31.218,165.194
222.683,54.932,31.218,165.194
223.047,57.476,31.218,165.194
224.137,57.112,31.218,165.194
223.047,58.203,31.218,165.194
221.956,58.566,31.218,165.194
221.593,58.930,31.218,165.194
219.776,59.293,31.218,165.194
220.139,60.384,31.218,165.194
218.322,60.747,31.218,165.194
218.685,58.930,31.218,165.194
216.141,60.020,31.218,165.194
216.505,61.110,31.218,165.194
213.960,60.747,31.218,165.194
213.597,59.657,31.218,165.194
211.780,59.293,31.218,165.194
210.689,59.657,31.218,165.194
209.599,57.112,31.218,165.194
207.782,57.476,31.218,165.194
206.691,57.839,31.218,165.194
205.601,57.476,31.218,165.194
203.784,56.386,31.218,165.194
202.693,58.930,31.218,165.194
202.330,57.839,31.218,165.194
200.513,57.476,31.218,165.194
197.968,56.386,31.218,165.194
197.605,58.930,31.218,165.194
195.788,57.112,31.218,165.194
195.424,57.476,31.218,165.194
193.607,57.112,31.218,165.194
193.970,57.476,31.218,165.194
192.880,55.659,31.218,165.194
192.517,57.476,31.218,165.194
190.699,55.659,31.218,165.194
191.063,58.203,31.218,165.194
189.972,57.112,31.218,165.194
188.882,57.476,31.218,165.194
187.792,56.386,31.218,165.194
187.428,58.203,31.218,165.194
185.611,56.386,31.218,165.194
185.248,57.476,31.218,165.194
186.338,54.932,31.218,165.194
184.521,56.749,31.218,165.194
184.157,56.386,31.218,165.194
185.248,58.930,31.218,165.194
186.631,56.838,30.552,161.671
185.564,58.616,30.552,161.671
187.343,59.683,30.552,161.671
186.987,57.193,30.552,161.671
186.631,58.260,30.552,161.671
189.121,60.039,30.552,161.671
186.631,61.817,30.552,161.671
189.833,62.173,30.552,161.671
188.766,59.683,30.552,161.671
190.544,62.173,30.552,161.671
193.034,61.106,30.552,161.671
192.678,62.885,30.552,161.671
196.591,59.683,30.552,161.671
196.235,60.750,30.552,161.671
197.303,59.683,30.552,161.671
199.081,57.193,30.552,161.671
198.725,54.703,30.552,161.671
199.792,55.059,30.552,161.671
201.571,54.703,30.552,161.671
202.638,54.348,30.552,161.671
201.571,56.126,30.552,161.671
204.061,52.925,30.552,161.671
203.354,54.458,31.228,165.248
202.990,54.094,31.228,165.248
202.627,55.912,31.228,165.248
202.263,56.276,31.228,165.248
203.354,58.094,31.228,165.248
204.445,54.821,31.228,165.248
203.354,52.276,31.228,165.248
204.445,50.458,31.228,165.248
202.627,51.549,31.228,165.248
202.990,49.731,31.228,165.248
204.081,52.276,31.228,165.248
203.717,51.913,31.228,165.248
203.354,50.822,31.228,165.248
204.445,51.913,31.228,165.248
201.900,51.549,31.228,165.248
202.263,50.458,31.228,165.248
201.172,49.368,31.228,165.248
200.809,50.458,31.228,165.248
199.718,49.368,31.228,165.248
199.355,49.731,31.228,165.248
199.718,47.913,31.228,165.248
197.900,49.731,31.228,165.248
198.991,47.186,31.228,165.248
197.173,49.731,31.228,165.248
197.537,49.368,31.228,165.248
194.992,51.186,31.228,165.248
198.264,51.549,31.228,165.248
196.446,52.640,31.228,165.248
196.810,53.731,31.228,165.248
197.173,54.094,31.228,165.248
196.810,54.458,31.228,165.248
195.719,52.640,31.228,165.248
195.355,53.003,31.228,165.248
197.900,50.458,31.228,165.248
196.082,49.368,31.228,165.248
197.173,51.186,31.228,165.248
196.082,48.641,31.228,165.248
197.173,49.731,31.228,165.248
198.264,51.549,31.228,165.248
197.900,49.004,31.228,165.248
197.537,52.276,31.228,165.248
200.082,54.094,31.228,165.248
201.172,54.458,31.228,165.248
202.263,52.640,31.228,165.248
203.354,55.912,31.228,165.248
203.717,54.821,31.228,165.248
203.354,56.639,31.228,165.248
205.899,54.821,31.228,165.248
204.808,55.912,31.228,165.248
205.899,53.367,31.228,165.248
206.263,55.912,31.228,165.248
207.353,51.913,31.228,165.248
207.717,52.276,31.228,165.248
207.699,52.987,30.562,161.724
207.344,55.478,30.562,161.724
207.699,54.410,30.562,161.724
208.055,54.766,30.562,161.724
208.411,56.545,30.562,161.724
208.767,55.478,30.562,161.724
209.834,57.257,30.562,161.724
210.902,54.766,30.562,161.724
211.969,58.680,30.562,161.724
213.748,57.613,30.562,161.724
214.816,60.815,30.562,161.724
216.595,58.324,30.562,161.724
219.086,61.527,30.562,161.724
220.865,58.324,30.562,161.724
221.932,60.103,30.562,161.724
222.288,57.613,30.562,161.724
221.932,55.834,30.562,161.724
221.576,52.631,30.562,161.724
223.355,50.140,30.562,161.724
225.846,51.920,30.562,161.724
227.625,54.410,30.562,161.724
228.693,56.189,30.562,161.724
229.760,51.564,30.562,161.724
227.981,54.054,30.562,161.724
228.337,55.122,30.562,161.724
230.116,51.208,30.562,161.724
229.049,52.987,30.562,161.724
232.251,52.631,30.562,161.724
233.318,52.275,30.562,161.724
233.674,52.631,30.562,161.724
232.607,52.987,30.562,161.724
232.251,54.054,30.562,161.724
231.895,54.410,30.562,161.724
235.098,52.631,30.562,161.724
234.742,55.122,30.562,161.724
237.232,53.343,30.562,161.724
239.723,55.122,30.562,161.724
240.791,56.901,30.562,161.724
242.570,54.410,30.562,161.724
243.637,59.036,30.562,161.724
246.128,61.527,30.562,161.724
246.484,57.613,30.562,161.724
248.263,60.815,30.562,161.724
247.195,57.613,30.562,161.724
250.398,61.527,30.562,161.724
247.195,58.324,30.562,161.724
248.263,60.815,30.562,161.724
248.294,59.395,31.238,165.302
245.748,56.849,31.238,165.302
244.657,59.395,31.238,165.302
242.839,55.395,31.238,165.302
241.748,59.395,31.238,165.302
237.747,53.940,31.238,165.302
235.928,56.486,31.238,165.302
234.110,54.667,31.238,165.302
232.291,57.213,31.238,165.302
230.473,56.122,31.238,165.302
227.927,57.940,31.238,165.302
225.381,54.667,31.238,165.302
222.835,56.486,31.238,165.302
221.017,53.940,31.238,165.302
218.195,56.754,30.572,161.777
216.415,55.686,30.572,161.777
213.924,56.754,30.572,161.777
211.432,55.686,30.572,161.777
210.365,55.330,30.572,161.777
207.873,53.551,30.572,161.777
206.093,55.330,30.572,161.777
203.602,53.551,30.572,161.777
202.534,55.330,30.572,161.777
200.042,54.262,30.572,161.777
198.263,55.330,30.572,161.777
197.907,55.686,30.572,161.777
196.127,56.754,30.572,161.777
196.483,58.534,30.572,161.777
194.703,54.618,30.572,161.777
193.635,58.534,30.572,161.777
191.856,56.754,30.572,161.777
189.364,59.246,30.572,161.777
186.873,56.042,30.572,161.777
185.093,59.246,30.572,161.777
182.601,54.618,30.572,161.777
180.822,55.686,30.572,161.777
177.618,54.618,30.572,161.777
175.839,54.262,30.572,161.777
173.347,53.906,30.572,161.777
172.991,54.974,30.572,161.777
171.923,55.330,30.572,161.777
172.279,52.127,30.572,161.777
172.635,48.211,30.572,161.777
172.991,52.127,30.572,161.777
171.923,55.330,30.572,161.777
173.703,59.246,30.572,161.777
173.347,56.754,30.572,161.777
172.991,59.957,30.572,161.777
174.059,56.042,30.572,161.777
174.415,59.246,30.572,161.777
174.771,55.330,30.572,161.777
174.415,54.974,30.572,161.777
176.194,56.042,30.572,161.777
174.415,53.551,30.572,161.777
174.771,55.330,30.572,161.777
175.127,52.839,30.572,161.777
174.771,56.754,30.572,161.777
177.262,55.686,30.572,161.777
178.330,56.754,30.572,161.777
177.974,54.974,30.572,161.777
176.906,56.042,30.572,161.777
176.550,54.262,30.572,161.777
177.618,51.771,30.572,161.777
177.262,54.974,30.572,161.777
178.330,55.330,30.572,161.777
177.974,54.262,30.572,161.777
178.330,56.042,30.572,161.777
177.262,55.686,30.572,161.777
178.330,54.618,30.572,161.777
178.686,55.686,30.572,161.777
179.042,54.618,30.572,161.777
180.110,52.127,30.572,161.777
179.042,51.771,30.572,161.777
179.398,49.991,30.572,161.777
180.466,52.483,30.572,161.777
181.534,48.567,30.572,161.777
181.889,51.771,30.572,161.777
182.245,48.567,30.572,161.777
183.313,51.059,30.572,161.777
184.381,48.567,30.572,161.777
183.313,51.059,30.572,161.777
187.229,47.856,30.572,161.777
185.449,51.059,30.572,161.777
188.652,48.567,30.572,161.777
186.873,51.059,30.572,161.777
187.940,50.703,30.572,161.777
189.008,50.347,30.572,161.777
189.364,47.856,30.572,161.777
189.720,50.347,30.572,161.777
189.364,47.856,30.572,161.777
189.720,51.059,30.572,161.777
190.076,49.991,30.572,161.777
189.720,51.059,30.572,161.777
189.364,51.415,30.572,161.777
191.144,48.923,30.572,161.777
189.364,52.127,30.572,161.777
191.856,47.500,30.572,161.777
190.788,51.415,30.572,161.777
193.279,48.212,30.572,161.777
193.635,51.415,30.572,161.777
195.415,48.212,30.572,161.777
195.771,50.703,30.572,161.777
196.839,48.923,30.572,161.777
195.771,51.415,30.572,161.777
197.551,47.500,30.572,161.777
198.619,49.991,30.572,161.777
200.398,48.923,30.572,161.777
200.754,50.703,30.572,161.777
201.822,48.212,30.572,161.777
200.754,50.703,30.572,161.777
203.246,48.212,30.572,161.777
203.602,50.703,30.572,161.777
206.093,47.500,30.572,161.777
203.602,50.703,30.572,161.777
206.093,47.500,30.572,161.777
205.737,50.703,30.572,161.777
207.517,48.212,30.572,161.777
207.161,50.703,30.572,161.777
209.653,48.212,30.572,161.777
208.585,49.991,30.572,161.777
209.653,51.059,30.572,161.777
211.432,48.567,30.572,161.777
209.653,50.347,30.572,161.777
212.144,47.856,30.572,161.777
209.653,51.059,30.572,161.777
212.144,49.279,30.572,161.777
211.076,51.059,30.572,161.777
212.856,49.279,30.572,161.777
211.788,51.059,30.572,161.777
213.568,51.415,30.572,161.777
213.924,48.923,30.572,161.777
212.144,51.415,30.572,161.777
214.636,48.212,30.572,161.777
212.144,50.703,30.572,161.777
213.212,51.059,30.572,161.777
211.432,52.839,30.572,161.777
211.788,50.347,30.572,161.777
209.297,51.415,30.572,161.777
208.941,47.500,30.572,161.777
207.873,49.279,30.572,161.777
208.229,46.076,30.572,161.777
210.720,48.567,30.572,161.777
212.500,46.788,30.572,161.777
214.992,49.279,30.572,161.777
213.924,45.364,30.572,161.777
211.432,47.144,30.572,161.777
212.500,46.788,30.572,161.777
211.432,47.856,30.572,161.777
212.500,46.788,30.572,161.777
212.144,47.144,30.572,161.777
213.212,44.652,30.572,161.777
214.280,45.720,30.572,161.777
214.636,46.788,30.572,161.777
215.704,47.144,30.572,161.777
216.060,46.788,30.572,161.777
213.568,48.567,30.572,161.777
216.771,46.076,30.572,161.777
213.568,48.567,30.572,161.777
216.771,46.076,30.572,161.777
213.568,48.567,30.572,161.777
217.483,46.076,30.572,161.777
214.992,48.567,30.572,161.777
217.483,46.076,30.572,161.777
215.704,48.567,30.572,161.777
218.195,46.788,30.572,161.777
214.280,49.279,30.572,161.777
217.483,46.076,30.572,161.777
215.704,49.279,30.572,161.777
218.195,46.076,30.572,161.777
214.280,49.279,30.572,161.777
216.771,46.076,30.572,161.777
213.568,48.567,30.572,161.777
216.059,44.652,30.572,161.777
212.856,47.856,30.572,161.777
214.636,44.652,30.572,161.777
212.856,47.144,30.572,161.777
214.636,44.652,30.572,161.777
213.568,46.432,30.572,161.777
212.865,48.500,29.920,158.327
213.910,46.758,29.920,158.327
212.865,48.500,29.920,158.327
211.820,49.545,29.920,158.327
213.817,47.540,29.282,154.951
212.795,50.608,29.282,154.951
213.436,49.303,28.658,151.647
212.435,52.306,28.658,151.647
212.768,52.639,28.658,151.647
212.435,53.640,28.658,151.647
210.766,54.641,28.658,151.647
213.769,51.638,28.658,151.647
210.766,54.641,28.658,151.647
211.767,56.310,28.658,151.647
212.101,52.639,28.658,151.647
209.765,55.642,28.658,151.647
210.766,57.978,28.658,151.647
211.767,53.640,28.658,151.647
209.432,56.643,28.658,151.647
210.433,57.644,28.658,151.647
210.766,55.309,28.658,151.647
211.100,58.311,28.658,151.647
211.434,55.309,28.658,151.647
209.098,57.644,28.658,151.647
210.766,53.307,28.658,151.647
211.767,50.971,28.658,151.647
210.099,51.972,28.658,151.647
211.100,49.637,28.658,151.647
212.768,51.305,28.658,151.647
211.100,48.302,28.658,151.647
212.768,48.636,28.658,151.647
213.769,47.635,28.658,151.647
214.103,45.299,28.658,151.647
214.436,46.967,28.658,151.647
212.101,45.299,28.658,151.647
214.436,47.635,28.658,151.647
212.768,48.636,28.658,151.647
214.436,49.637,28.658,151.647
213.436,49.303,28.658,151.647
213.102,49.637,28.658,151.647
214.770,49.970,28.658,151.647
213.769,49.637,28.658,151.647
213.436,51.305,28.658,151.647
212.435,51.638,28.658,151.647
212.101,51.305,28.658,151.647
212.435,52.306,28.658,151.647
211.434,51.305,28.658,151.647
212.435,52.306,28.658,151.647
212.101,50.638,28.658,151.647
213.769,52.306,28.658,151.647
211.434,53.974,28.658,151.647
213.102,50.971,28.658,151.647
212.101,53.974,28.658,151.647
214.436,52.973,28.658,151.647
211.434,53.974,28.658,151.647
213.769,50.971,28.658,151.647
211.434,53.974,28.658,151.647
213.769,50.971,28.658,151.647
212.101,55.309,28.658,151.647
214.436,52.306,28.658,151.647
210.766,55.976,28.658,151.647
213.769,52.306,28.658,151.647
211.434,54.641,28.658,151.647
213.102,51.638,28.658,151.647
213.436,52.639,28.658,151.647
211.767,50.304,28.658,151.647
214.103,48.636,28.658,151.647
213.102,50.304,28.658,151.647
214.103,49.303,28.658,151.647
212.435,50.971,28.658,151.647
212.768,48.636,28.658,151.647
213.769,50.304,28.658,151.647
212.101,50.638,28.658,151.647
213.769,51.638,28.658,151.647
212.101,50.638,28.658,151.647
213.769,51.638,28.658,151.647
212.101,51.305,28.658,151.647
213.769,51.638,28.658,151.647
212.768,51.972,28.658,151.647
213.769,50.304,28.658,151.647
213.436,51.972,28.658,151.647
212.435,50.304,28.658,151.647
213.436,52.639,28.658,151.647
211.100,53.640,28.658,151.647
214.103,51.972,28.658,151.647
211.767,54.308,28.658,151.647
210.766,52.639,28.658,151.647
211.767,54.308,28.658,151.647
213.436,52.639,28.658,151.647
211.767,54.975,28.658,151.647
212.768,54.641,28.658,151.647
211.767,56.310,28.658,151.647
213.181,51.517,29.292,155.002
212.158,53.904,29.292,155.002
213.863,51.517,29.292,155.002
210.112,53.222,29.292,155.002
211.817,50.834,29.292,155.002
208.066,55.268,29.292,155.002
207.043,56.973,29.292,155.002
209.430,54.586,29.292,155.002
207.725,56.973,29.292,155.002
210.112,57.996,29.292,155.002
209.089,54.927,29.292,155.002
210.112,57.314,29.292,155.002
208.407,54.927,29.292,155.002
210.112,57.314,29.292,155.002
208.407,54.927,29.292,155.002
210.112,57.314,29.292,155.002
208.407,55.609,29.292,155.002
210.112,57.314,29.292,155.002
206.360,58.337,29.292,155.002
208.513,54.853,29.940,158.431
209.559,53.808,29.940,158.431
206.422,55.550,29.940,158.431
209.559,52.413,29.940,158.431
209.907,54.156,29.940,158.431
213.045,51.019,29.940,158.431
209.210,53.459,29.940,158.431
212.347,50.322,29.940,158.431
209.210,52.762,29.940,158.431
211.650,51.019,29.940,158.431
207.816,53.459,29.940,158.431
209.559,50.322,29.940,158.431
207.119,52.065,29.940,158.431
211.650,48.928,29.940,158.431
209.210,50.670,29.940,158.431
213.045,48.230,29.940,158.431
209.907,50.670,29.940,158.431
208.862,48.928,29.940,158.431
206.422,52.762,29.940,158.431
208.165,49.625,29.940,158.431
205.027,52.065,29.940,158.431
202.587,54.505,29.940,158.431
202.936,52.065,29.940,158.431
201.193,55.899,29.940,158.431
203.633,52.762,29.940,158.431
200.496,55.899,29.940,158.431
199.450,56.945,29.940,158.431
197.010,55.899,29.940,158.431
193.873,57.642,29.940,158.431
192.130,55.899,29.940,158.431
188.993,58.339,29.940,158.431
186.553,56.596,29.940,158.431
182.719,59.036,29.940,158.431
180.279,60.779,29.940,158.431
180.627,58.339,29.940,158.431
176.096,59.385,29.940,158.431
172.958,61.128,29.940,158.431
171.216,62.173,29.940,158.431
171.564,59.733,29.940,158.431
167.730,62.871,29.940,158.431
170.170,59.733,29.940,158.431
171.913,61.476,29.940,158.431
165.987,62.522,29.940,158.431
166.336,61.476,29.940,158.431
161.804,64.613,29.940,158.431
164.941,60.082,29.940,158.431
168.078,62.522,29.940,158.431
171.913,60.779,29.940,158.431
172.958,61.825,29.940,158.431
174.701,58.688,29.940,158.431
175.050,57.642,29.940,158.431
175.398,55.899,29.940,158.431
176.444,53.459,29.940,158.431
176.096,50.322,29.940,158.431
175.050,48.579,29.940,158.431
178.187,52.413,29.940,158.431
177.141,49.973,29.940,158.431
179.581,53.808,29.940,158.431
179.233,51.368,29.940,158.431
181.673,51.019,29.940,158.431
179.233,53.459,29.940,158.431
181.433,51.345,30.602,161.936
183.927,50.988,30.602,161.936
183.571,50.632,30.602,161.936
185.352,50.276,30.602,161.936
184.996,50.632,30.602,161.936
186.777,50.988,30.602,161.936
187.134,52.057,30.602,161.936
191.053,49.563,30.602,161.936
193.783,55.067,29.950,158.483
195.527,57.508,29.950,158.483
193.086,54.370,29.950,158.483
195.527,51.929,29.950,158.483
193.086,55.765,29.950,158.483
196.921,53.324,29.950,158.483
197.675,52.656,30.612,161.990
198.032,50.874,30.612,161.990
197.675,50.518,30.612,161.990
198.744,48.736,30.612,161.990
198.388,50.518,30.612,161.990
198.032,48.023,30.612,161.990
200.526,51.230,30.612,161.990
200.170,50.161,30.612,161.990
202.665,51.943,30.612,161.990
202.309,54.438,30.612,161.990
202.665,56.933,30.612,161.990
205.873,58.002,30.612,161.990
205.516,60.497,30.612,161.990
204.447,58.715,30.612,161.990
202.665,56.933,30.612,161.990
203.021,55.864,30.612,161.990
203.378,59.071,30.612,161.990
202.308,58.002,30.612,161.990
201.952,57.646,30.612,161.990
204.447,59.428,30.612,161.990
202.665,61.923,30.612,161.990
203.734,60.141,30.612,161.990
204.091,62.635,30.612,161.990
204.447,60.141,30.612,161.990
204.803,62.635,30.612,161.990
205.873,60.141,30.612,161.990
205.516,62.635,30.612,161.990
205.873,59.428,30.612,161.990
206.229,62.635,30.612,161.990
206.585,60.141,30.612,161.990
206.229,64.061,30.612,161.990
206.585,62.992,30.612,161.990
207.655,64.774,30.612,161.990
207.298,62.279,30.612,161.990
206.229,64.774,30.612,161.990
205.873,62.279,30.612,161.990
206.229,64.774,30.612,161.990
205.160,62.992,30.612,161.990
205.191,60.090,31.289,165.574
204.827,61.183,31.289,165.574
205.919,60.819,31.289,165.574
204.827,61.912,31.289,165.574
205.919,58.633,31.289,165.574
203.369,63.369,31.289,165.574
204.462,61.548,31.289,165.574
204.827,64.826,31.289,165.574
205.191,63.005,31.289,165.574
203.369,61.912,31.289,165.574
203.734,60.819,31.289,165.574
