302.000,135.000,67.000,81.000
299.963,138.783,67.000,81.000
297.344,143.730,67.000,81.000
298.217,147.514,67.000,81.000
299.672,150.133,67.000,81.000
301.709,151.588,67.000,81.000
303.746,147.223,67.000,81.000
305.783,145.767,67.000,81.000
304.910,145.476,67.000,81.000
308.111,150.424,67.000,81.000
310.730,153.043,67.000,81.000
312.767,151.006,67.000,81.000
318.297,146.640,67.000,81.000
326.736,141.111,67.000,81.000
331.683,136.746,67.000,81.000
334.302,132.963,67.000,81.000
336.921,131.508,67.000,81.000
334.884,132.381,67.000,81.000
338.668,132.090,67.000,81.000
341.851,126.061,68.482,82.792
345.718,121.004,68.482,82.792
349.585,115.353,68.482,82.792
352.262,111.486,68.482,82.792
357.368,113.348,69.998,84.624
363.849,118.405,71.546,86.496
375.968,130.524,71.546,86.496
380.658,131.179,73.129,88.410
377.164,127.685,73.129,88.410
366.798,119.128,74.747,90.366
354.136,101.271,74.747,90.366
345.370,88.610,74.747,90.366
339.202,85.038,74.747,90.366
337.578,83.415,74.747,90.366
336.604,86.337,74.747,90.366
333.682,92.506,74.747,90.366
256.737,44.780,74.747,90.366
264.205,49.650,74.747,90.366
280.762,55.169,74.747,90.366
292.775,52.247,74.747,90.366
287.905,58.416,74.747,90.366
260.309,50.949,74.747,90.366
246.398,9.041,73.153,88.439
233.371,-7.163,73.153,88.439
245.763,-10.659,73.153,88.439
253.706,-8.434,73.153,88.439
264.827,-3.668,73.153,88.439
270.229,1.733,73.153,88.439
274.359,16.667,73.153,88.439
277.854,39.226,73.153,88.439
310.581,35.731,73.153,88.439
324.607,22.556,74.772,90.396
324.931,-1.152,74.772,90.396
309.667,-16.416,74.772,90.396
302.847,-21.938,74.772,90.396
310.317,-18.365,74.772,90.396
307.671,-20.219,73.177,88.468
313.710,-15.451,73.177,88.468
322.291,-4.326,73.177,88.468
337.866,2.348,73.177,88.468
340.091,45.893,73.177,88.468
341.044,55.110,73.177,88.468
334.369,43.350,73.177,88.468
320.702,20.783,73.177,88.468
308.922,-1.863,71.617,86.581
303.289,-14.116,73.201,88.497
289.614,-1.570,74.821,90.455
293.170,-6.280,76.476,92.456
294.166,-5.948,76.476,92.456
307.785,-6.944,76.476,92.456
320.740,6.675,76.476,92.456
327.715,43.546,76.476,92.456
324.726,58.494,76.476,92.456
337.681,92.043,76.476,92.456
326.719,99.683,76.476,92.456
321.072,73.441,76.476,92.456
306.124,35.906,76.476,92.456
299.149,3.685,76.476,92.456
305.460,-9.270,76.476,92.456
230.057,79.420,76.476,92.456
215.109,84.403,76.476,92.456
204.148,90.050,76.476,92.456
200.494,105.662,76.476,92.456
201.490,123.267,76.476,92.456
207.137,128.250,76.476,92.456
208.703,128.950,78.168,94.502
204.290,115.709,78.168,94.502
201.913,107.900,78.168,94.502
199.147,105.308,76.501,92.487
197.485,102.317,76.501,92.487
191.468,116.807,78.194,94.533
205.069,129.927,76.526,92.517
296.298,208.565,78.219,94.564
300.035,213.661,78.219,94.564
292.901,209.924,78.219,94.564
289.843,213.661,78.219,94.564
288.144,206.527,78.219,94.564
285.766,204.149,78.219,94.564
288.144,197.014,78.219,94.564
287.805,190.559,78.219,94.564
289.503,188.181,78.219,94.564
291.881,184.443,78.219,94.564
318.721,108.001,78.219,94.564
389.410,167.935,79.950,96.656
404.342,191.201,79.950,96.656
401.217,208.912,79.950,96.656
395.314,195.368,79.950,96.656
349.128,167.240,79.950,96.656
341.398,160.767,81.719,98.795
339.875,136.162,79.976,96.688
334.664,150.404,79.976,96.688
337.096,142.414,79.976,96.688
332.580,135.814,79.976,96.688
331.538,143.109,79.976,96.688
324.243,156.657,79.976,96.688
317.643,153.530,79.976,96.688
304.098,179.673,78.271,94.626
316.677,167.094,78.271,94.626
319.057,143.636,78.271,94.626
326.196,149.416,78.271,94.626
328.576,132.077,78.271,94.626
337.755,144.656,78.271,94.626
331.296,138.877,78.271,94.626
322.796,146.696,78.271,94.626
327.221,160.816,80.003,96.719
322.009,174.368,80.003,96.719
321.187,173.055,78.296,94.657
324.972,182.914,76.627,92.638
324.639,179.253,76.627,92.638
296.349,182.249,76.627,92.638
277.378,239.827,76.627,92.638
330.297,276.771,76.627,92.638
308.664,260.463,76.627,92.638
279.708,254.139,76.627,92.638
265.396,251.809,76.627,92.638
263.067,249.479,76.627,92.638
265.396,247.150,76.627,92.638
267.726,254.805,76.627,92.638
267.581,255.472,74.993,90.663
269.209,260.358,74.993,90.663
270.745,257.665,76.652,92.669
269.081,258.664,76.652,92.669
266.750,255.667,76.652,92.669
261.756,258.664,76.652,92.669
258.760,264.324,76.652,92.669
258.427,252.671,76.652,92.669
257.428,248.343,76.652,92.669
251.768,253.337,76.652,92.669
256.102,234.695,78.348,94.719
258.412,234.000,80.081,96.815
243.452,236.177,81.853,98.957
224.473,240.615,83.664,101.146
213.368,238.365,85.515,103.384
207.796,235.765,85.515,103.384
199.996,230.937,85.515,103.384
195.168,235.022,85.515,103.384
224.511,227.965,85.515,103.384
190.809,231.061,87.407,105.671
183.596,225.366,87.407,105.671
186.253,227.264,87.407,105.671
188.283,232.416,85.543,103.418
184.939,229.072,85.543,103.418
189.004,232.939,87.436,105.706
193.182,237.117,87.436,105.706
200.397,239.775,87.436,105.706
209.892,244.712,87.436,105.706
214.829,245.092,87.436,105.706
220.525,239.395,87.436,105.706
236.096,245.092,87.436,105.706
239.591,250.246,85.571,103.452
246.653,254.334,85.571,103.452
249.254,241.325,85.571,103.452
255.540,239.921,83.746,101.246
260.997,245.377,83.746,101.246
194.027,242.370,85.599,103.486
190.681,244.973,85.599,103.486
194.770,253.524,85.599,103.486
197.373,256.127,85.599,103.486
206.668,250.550,85.599,103.486
199.935,239.761,87.493,105.775
192.714,234.061,87.493,105.775
210.576,246.602,87.493,105.775
194.235,230.261,87.493,105.775
225.776,243.562,87.493,105.775
229.934,249.094,89.429,108.116
223.025,251.370,87.522,105.810
116.751,144.894,89.458,108.151
120.248,139.065,89.458,108.151
147.059,132.460,89.458,108.151
165.321,118.083,89.458,108.151
196.017,88.941,89.458,108.151
205.731,75.342,89.458,108.151
208.451,65.628,89.458,108.151
198.996,51.128,91.437,110.544
191.450,54.702,91.437,110.544
185.917,59.326,89.488,108.186
179.753,74.341,87.579,105.879
199.154,69.396,87.579,105.879
205.621,64.451,87.579,105.879
217.187,59.347,85.712,103.621
223.483,55.787,83.884,101.412
225.202,79.992,85.740,103.655
218.871,96.750,85.740,103.655
215.836,113.290,83.911,101.445
219.068,119.352,85.768,103.689
223.911,116.745,85.768,103.689
213.852,121.588,85.768,103.689
214.225,125.685,85.768,103.689
210.127,118.607,85.768,103.689
205.284,125.685,85.768,103.689
210.127,138.724,85.768,103.689
214.203,141.828,87.665,105.984
219.159,137.891,89.605,108.328
214.877,153.848,89.605,108.328
214.488,158.129,89.605,108.328
221.821,143.153,87.694,106.018
222.202,141.249,87.694,106.018
219.098,101.628,85.824,103.757
220.083,95.452,87.723,106.053
227.322,105.740,87.723,106.053
225.417,103.835,87.723,106.053
226.560,97.357,87.723,106.053
233.739,92.980,85.852,103.791
236.349,87.386,85.852,103.791
252.383,84.776,85.852,103.791
261.706,88.878,85.852,103.791
261.333,95.217,85.852,103.791
264.764,102.434,84.021,101.578
262.494,101.054,82.230,99.412
264.404,97.639,80.476,97.292
259.525,90.398,82.257,99.444
264.884,83.610,82.257,99.444
261.379,79.173,84.076,101.645
260.283,73.696,84.076,101.645
262.840,68.948,84.076,101.645
290.229,41.559,84.076,101.645
291.324,28.048,84.076,101.645
289.053,27.372,82.284,99.477
295.843,37.021,82.284,99.477
303.349,49.530,82.284,99.477
307.280,45.599,82.284,99.477
314.013,49.760,80.529,97.356
317.861,53.607,80.529,97.356
318.211,56.056,80.529,97.356
322.758,50.809,80.529,97.356
321.708,43.464,80.529,97.356
326.955,36.118,80.529,97.356
329.403,28.074,80.529,97.356
328.576,26.078,78.811,95.280
328.427,28.743,77.131,93.248
325.412,31.758,77.131,93.248
323.067,36.114,77.131,93.248
320.052,43.819,77.131,93.248
315.026,41.474,77.131,93.248
308.264,6.032,78.837,95.311
314.770,0.211,78.837,95.311
321.961,0.553,78.837,95.311
325.728,0.211,78.837,95.311
324.918,4.858,77.156,93.278
318.551,9.884,77.156,93.278
314.529,13.786,75.511,91.289
309.609,10.178,75.511,91.289
306.304,-10.661,73.900,89.342
311.761,-15.476,73.900,89.342
311.002,1.256,72.324,87.437
310.688,0.941,72.324,87.437
312.259,-0.629,72.324,87.437
308.803,1.570,72.324,87.437
304.091,6.910,72.324,87.437
300.007,9.737,72.324,87.437
300.837,9.748,73.925,89.372
305.653,3.647,73.925,89.372
311.754,0.757,73.925,89.372
326.203,4.289,73.925,89.372
328.451,6.537,73.925,89.372
333.909,4.289,73.925,89.372
339.368,0.757,73.925,89.372
344.879,0.768,75.560,91.349
345.746,1.460,77.232,93.370
345.936,0.775,78.941,95.436
352.450,1.118,78.941,95.436
352.644,2.552,80.687,97.547
346.686,5.707,80.687,97.547
349.840,1.151,80.687,97.547
347.387,-1.303,80.687,97.547
258.056,41.286,78.967,95.467
254.283,42.315,78.967,95.467
252.568,46.774,78.967,95.467
232.332,73.870,78.967,95.467
222.562,75.305,80.714,97.579
220.108,72.150,80.714,97.579
223.263,72.500,80.714,97.579
222.913,70.748,80.714,97.579
228.171,68.294,80.714,97.579
230.625,70.046,80.714,97.579
233.781,72.500,80.714,97.579
234.131,77.759,80.714,97.579
230.275,80.914,80.714,97.579
234.110,80.199,82.500,99.738
228.019,81.990,82.500,99.738
227.172,84.781,80.740,97.611
231.075,82.103,79.018,95.530
235.536,75.582,79.018,95.530
239.998,71.120,79.018,95.530
240.510,73.793,77.333,93.493
236.815,78.160,77.333,93.493
237.823,83.198,77.333,93.493
236.143,88.237,77.333,93.493
232.759,88.262,75.684,91.499
236.375,84.646,75.684,91.499
239.334,83.660,75.684,91.499
237.690,81.359,75.684,91.499
243.278,78.400,75.684,91.499
244.265,76.099,75.684,91.499
248.538,73.140,75.684,91.499
252.154,68.867,75.684,91.499
255.770,68.538,75.684,91.499
256.757,66.895,75.684,91.499
252.177,82.762,74.070,89.548
250.568,78.580,74.070,89.548
245.410,81.928,75.709,91.529
248.369,76.996,75.709,91.529
251.987,74.036,75.709,91.529
254.946,71.734,75.709,91.529
253.960,71.405,75.709,91.529
252.315,73.050,75.709,91.529
250.671,76.009,75.709,91.529
253.063,82.373,74.094,89.577
248.580,93.565,72.514,87.667
242.596,90.100,72.514,87.667
237.241,83.486,72.514,87.667
221.808,62.383,72.514,87.667
219.242,60.586,70.968,85.797
225.049,65.957,69.455,83.967
237.114,75.357,70.991,85.825
243.517,86.674,69.477,83.995
248.647,90.597,69.477,83.995
249.444,96.869,71.015,85.853
251.539,107.760,72.586,87.753
292.840,23.582,72.586,87.753
288.111,23.897,72.586,87.753
284.643,17.276,72.586,87.753
286.219,9.395,72.586,87.753
289.687,3.404,72.586,87.753
293.155,4.350,72.586,87.753
295.993,2.143,72.586,87.753
307.027,6.242,72.586,87.753
301.667,20.429,72.586,87.753
300.091,31.464,72.586,87.753
300.406,34.932,72.586,87.753
303.244,32.725,72.586,87.753
309.234,28.626,72.586,87.753
296.308,32.725,72.586,87.753
292.209,31.779,72.586,87.753
296.967,26.556,74.192,89.694
298.578,24.945,74.192,89.694
301.478,31.068,74.192,89.694
268.227,43.783,75.833,91.679
263.945,56.629,75.833,91.679
262.298,54.323,75.833,91.679
259.334,42.136,75.833,91.679
255.052,38.513,75.833,91.679
250.770,42.136,75.833,91.679
246.488,53.664,75.833,91.679
238.725,50.515,74.216,89.724
234.856,46.811,72.633,87.810
230.755,47.757,72.633,87.810
235.482,44.132,71.084,85.938
237.643,41.354,71.084,85.938
241.657,38.575,71.084,85.938
245.093,37.408,69.569,84.105
242.374,33.480,69.569,84.105
238.164,38.163,68.085,82.312
233.137,43.782,68.085,82.312
228.701,46.443,68.085,82.312
225.187,47.680,69.591,84.133
225.358,47.690,71.131,85.994
227.456,48.342,72.705,87.897
230.929,46.131,72.705,87.897
235.666,49.605,72.705,87.897
239.772,54.342,72.705,87.897
245.192,60.250,74.313,89.842
256.490,62.509,74.313,89.842
261.977,66.705,74.313,89.842
266.818,70.901,74.313,89.842
269.078,78.971,74.313,89.842
265.527,90.268,74.313,89.842
269.078,93.819,74.313,89.842
270.692,99.306,74.313,89.842
271.660,104.793,74.313,89.842
268.755,112.217,74.313,89.842
267.370,116.597,72.729,87.926
268.949,116.281,72.729,87.926
