122.000,51.000,51.000,61.000
120.899,51.661,51.000,61.000
121.119,51.881,51.000,61.000
121.339,52.982,51.000,61.000
121.559,54.084,51.000,61.000
120.458,55.185,51.000,61.000
121.559,56.727,51.000,61.000
120.018,56.947,51.000,61.000
120.678,57.608,51.000,61.000
120.018,57.828,51.000,61.000
120.238,58.048,51.000,61.000
120.018,58.709,51.000,61.000
119.797,58.489,51.000,61.000
119.577,59.590,51.000,61.000
119.357,58.489,51.000,61.000
120.458,60.030,51.000,61.000
120.238,59.810,51.000,61.000
119.577,60.471,51.000,61.000
118.916,61.132,51.000,61.000
119.577,60.911,51.000,61.000
118.476,61.132,51.000,61.000
119.577,61.352,51.000,61.000
118.035,62.013,51.000,61.000
119.137,61.352,51.000,61.000
118.916,62.453,51.000,61.000
118.256,63.114,51.000,61.000
118.916,62.013,51.000,61.000
117.815,62.673,51.000,61.000
117.595,62.013,51.000,61.000
116.934,62.673,51.000,61.000
117.595,61.132,51.000,61.000
115.613,61.792,51.000,61.000
114.511,59.810,51.000,61.000
112.529,60.030,51.000,61.000
110.987,58.929,51.000,61.000
109.886,57.828,51.000,61.000
108.785,57.167,51.000,61.000
107.243,57.828,51.000,61.000
107.904,55.846,51.000,61.000
106.362,56.947,51.000,61.000
107.904,55.846,51.000,61.000
106.803,56.947,51.000,61.000
108.344,54.965,51.000,61.000
109.005,55.185,51.000,61.000
109.666,53.643,51.000,61.000
110.767,52.101,51.000,61.000
111.868,52.762,51.000,61.000
112.970,51.220,51.000,61.000
113.190,52.322,51.000,61.000
113.410,52.982,51.000,61.000
114.071,53.643,51.000,61.000
113.410,54.304,51.000,61.000
114.511,56.286,51.000,61.000
112.970,58.268,51.000,61.000
114.511,60.251,51.000,61.000
113.410,63.114,51.000,61.000
115.392,65.096,51.000,61.000
115.172,67.519,51.000,61.000
114.511,69.061,51.000,61.000
113.851,71.043,51.000,61.000
114.511,73.025,51.000,61.000
112.529,75.008,51.000,61.000
112.749,77.430,51.000,61.000
112.970,79.413,51.000,61.000
113.630,81.395,51.000,61.000
114.291,82.496,51.000,61.000
115.392,83.597,51.000,61.000
116.934,83.818,51.000,61.000
118.035,84.478,51.000,61.000
119.577,85.580,51.000,61.000
120.678,84.919,51.000,61.000
122.661,85.580,51.000,61.000
124.643,84.038,51.000,61.000
126.625,84.699,51.000,61.000
126.405,82.716,51.000,61.000
127.506,81.615,51.000,61.000
124.643,79.192,51.000,61.000
123.542,77.651,51.000,61.000
122.440,74.787,51.000,61.000
123.982,72.365,51.000,61.000
122.000,71.704,51.000,61.000
121.339,68.840,51.000,61.000
122.440,67.739,51.000,61.000
121.780,67.078,51.000,61.000
121.119,66.858,51.000,61.000
122.220,65.757,51.000,61.000
121.559,65.537,51.000,61.000
120.458,64.876,51.000,61.000
122.000,64.656,51.000,61.000
120.018,63.114,51.000,61.000
119.357,63.334,51.000,61.000
119.137,61.792,51.000,61.000
118.035,59.370,51.000,61.000
116.934,58.709,51.000,61.000
114.952,56.286,51.000,61.000
113.410,56.506,51.000,61.000
112.309,54.524,51.000,61.000
110.767,54.304,51.000,61.000
108.785,54.965,51.000,61.000
107.243,54.304,51.000,61.000
106.142,54.965,51.000,61.000
105.481,54.304,51.000,61.000
105.261,54.965,51.000,61.000
104.600,54.304,51.000,61.000
103.058,54.524,51.000,61.000
104.160,52.542,51.000,61.000
103.058,53.203,51.000,61.000
103.279,53.863,51.000,61.000
104.380,52.762,51.000,61.000
105.041,53.423,51.000,61.000
104.820,54.524,51.000,61.000
105.922,52.982,51.000,61.000
106.142,54.524,51.000,61.000
106.803,54.744,51.000,61.000
107.023,55.846,51.000,61.000
108.124,56.947,51.000,61.000
109.225,58.048,51.000,61.000
110.327,59.590,51.000,61.000
111.428,60.691,51.000,61.000
111.208,62.233,51.000,61.000
111.428,63.775,51.000,61.000
111.648,63.995,51.000,61.000
110.547,65.096,51.000,61.000
111.648,64.876,51.000,61.000
112.309,65.537,51.000,61.000
113.410,65.757,51.000,61.000
113.630,66.858,51.000,61.000
112.089,67.519,51.000,61.000
113.190,65.537,51.000,61.000
112.970,66.197,51.000,61.000
112.749,66.418,51.000,61.000
112.089,66.197,51.000,61.000
113.190,64.656,51.000,61.000
112.529,65.316,51.000,61.000
111.868,65.977,51.000,61.000
112.970,64.876,51.000,61.000
112.309,65.537,51.000,61.000
113.410,65.316,51.000,61.000
111.868,66.418,51.000,61.000
110.767,66.638,51.000,61.000
110.106,64.656,51.000,61.000
109.005,65.316,51.000,61.000
107.904,65.096,51.000,61.000
106.362,64.435,51.000,61.000
104.820,64.656,51.000,61.000
103.279,63.554,51.000,61.000
102.177,63.775,51.000,61.000
102.398,63.554,51.000,61.000
102.618,63.775,51.000,61.000
101.517,63.995,51.000,61.000
102.177,64.215,51.000,61.000
103.279,64.435,51.000,61.000
103.939,65.096,51.000,61.000
103.719,65.316,51.000,61.000
103.939,65.977,51.000,61.000
105.041,66.638,51.000,61.000
105.701,66.418,51.000,61.000
105.481,67.078,51.000,61.000
107.023,66.858,51.000,61.000
105.922,66.638,51.000,61.000
106.582,65.977,51.000,61.000
106.362,66.197,51.000,61.000
107.463,66.418,51.000,61.000
107.684,66.638,51.000,61.000
106.582,65.096,51.000,61.000
106.362,66.197,51.000,61.000
107.904,66.418,51.000,61.000
107.243,66.197,51.000,61.000
107.904,66.418,51.000,61.000
106.803,66.638,51.000,61.000
106.142,65.096,51.000,61.000
106.803,66.197,51.000,61.000
105.701,65.096,51.000,61.000
105.041,64.876,51.000,61.000
105.261,64.215,51.000,61.000
104.600,64.435,51.000,61.000
103.058,64.656,51.000,61.000
103.719,62.673,51.000,61.000
102.618,63.334,51.000,61.000
102.838,63.995,51.000,61.000
103.058,63.334,51.000,61.000
102.398,63.995,51.000,61.000
103.058,63.334,51.000,61.000
101.957,64.435,51.000,61.000
102.618,64.656,51.000,61.000
101.517,64.876,51.000,61.000
102.177,65.537,51.000,61.000
103.279,64.435,51.000,61.000
102.618,65.977,51.000,61.000
102.398,65.316,51.000,61.000
103.499,66.418,51.000,61.000
103.719,65.757,51.000,61.000
102.618,65.977,51.000,61.000
103.719,66.197,51.000,61.000
103.939,66.418,51.000,61.000
104.600,67.078,51.000,61.000
104.380,66.858,51.000,61.000
105.922,67.519,51.000,61.000
105.261,67.299,51.000,61.000
105.922,68.841,51.000,61.000
106.142,67.739,51.000,61.000
105.922,68.841,51.000,61.000
106.142,69.942,51.000,61.000
106.803,71.043,51.000,61.000
106.142,71.704,51.000,61.000
108.172,70.444,49.912,59.699
107.094,72.384,49.912,59.699
107.309,73.030,49.912,59.699
106.663,73.677,49.912,59.699
106.447,72.168,49.912,59.699
107.094,73.677,49.912,59.699
107.003,72.859,48.848,58.426
106.914,74.092,47.806,57.180
107.120,75.124,47.806,57.180
105.675,75.331,47.806,57.180
107.120,74.299,47.806,57.180
105.675,75.331,47.806,57.180
107.120,73.473,47.806,57.180
105.262,74.092,47.806,57.180
105.881,73.473,47.806,57.180
106.501,72.028,47.806,57.180
104.643,73.886,47.806,57.180
105.675,72.028,47.806,57.180
103.817,73.473,47.806,57.180
105.262,71.615,47.806,57.180
103.583,72.821,46.787,55.961
104.593,72.619,46.787,55.961
103.179,73.225,46.787,55.961
104.189,73.023,46.787,55.961
102.775,72.013,46.787,55.961
104.593,72.215,46.787,55.961
102.775,72.821,46.787,55.961
104.593,71.407,46.787,55.961
103.179,73.225,46.787,55.961
104.189,73.023,46.787,55.961
102.775,73.225,46.787,55.961
104.189,73.832,46.787,55.961
102.775,73.225,46.787,55.961
103.785,74.640,46.787,55.961
102.370,73.225,46.787,55.961
102.573,74.640,46.787,55.961
102.775,73.630,46.787,55.961
102.977,73.832,46.787,55.961
103.583,73.630,46.787,55.961
102.977,73.427,46.787,55.961
104.391,74.034,46.787,55.961
102.977,73.023,46.787,55.961
104.391,73.630,46.787,55.961
102.977,73.023,46.787,55.961
103.987,74.034,46.787,55.961
103.123,72.488,45.789,54.767
103.716,73.477,45.789,54.767
102.727,71.302,45.789,54.767
102.529,69.917,45.789,54.767
103.123,70.115,45.789,54.767
102.529,67.149,45.789,54.767
103.518,64.578,45.789,54.767
103.716,63.194,45.789,54.767
102.332,61.019,45.789,54.767
103.320,60.821,45.789,54.767
103.123,58.250,45.789,54.767
102.925,55.679,45.789,54.767
102.332,54.691,45.789,54.767
102.925,52.911,45.789,54.767
102.332,51.131,45.789,54.767
102.925,48.956,45.789,54.767
101.936,49.154,45.789,54.767
102.925,45.792,45.789,54.767
102.332,45.990,45.789,54.767
103.716,43.814,45.789,54.767
103.251,43.064,44.813,53.599
104.219,44.032,44.813,53.599
104.799,43.838,44.813,53.599
104.219,44.806,44.813,53.599
105.960,45.387,44.813,53.599
106.541,46.354,44.813,53.599
107.896,47.322,44.813,53.599
107.702,48.677,44.813,53.599
108.283,50.418,44.813,53.599
110.025,51.386,44.813,53.599
110.605,52.741,44.813,53.599
111.573,54.096,44.813,53.599
113.315,55.063,44.813,53.599
113.508,56.031,44.813,53.599
114.863,56.224,44.813,53.599
113.895,56.031,44.813,53.599
114.863,56.999,44.813,53.599
114.669,57.192,44.813,53.599
114.863,57.773,44.813,53.599
115.831,58.353,44.813,53.599
116.411,58.934,44.813,53.599
117.766,61.063,44.813,53.599
117.185,62.030,44.813,53.599
118.927,63.385,44.813,53.599
119.121,64.353,44.813,53.599
120.088,65.320,44.813,53.599
120.282,66.675,44.813,53.599
120.088,68.417,44.813,53.599
119.121,69.772,44.813,53.599
119.314,71.900,44.813,53.599
118.346,74.029,44.813,53.599
118.540,76.158,44.813,53.599
117.185,78.287,44.813,53.599
116.218,79.642,44.813,53.599
117.185,80.222,44.813,53.599
115.443,79.255,44.813,53.599
116.411,79.835,44.813,53.599
114.669,81.190,44.813,53.599
113.702,81.384,44.813,53.599
115.056,79.642,44.813,53.599
114.089,80.996,44.813,53.599
115.056,81.190,44.813,53.599
113.702,80.609,44.813,53.599
113.121,79.642,44.813,53.599
114.089,78.674,44.813,53.599
112.347,78.093,44.813,53.599
112.540,77.126,44.813,53.599
110.799,77.319,44.813,53.599
108.670,75.578,44.813,53.599
106.928,75.771,44.813,53.599
105.573,74.803,44.813,53.599
104.993,74.223,44.813,53.599
102.864,72.868,44.813,53.599
100.735,73.449,44.813,53.599
98.993,71.707,44.813,53.599
98.026,71.126,44.813,53.599
96.671,70.546,44.813,53.599
94.929,69.191,44.813,53.599
94.349,69.772,44.813,53.599
92.994,68.417,44.813,53.599
91.639,67.449,44.813,53.599
89.897,67.256,44.813,53.599
88.930,65.901,44.813,53.599
87.575,67.256,44.813,53.599
88.156,65.127,44.813,53.599
85.640,66.482,44.813,53.599
83.511,64.353,44.813,53.599
83.617,65.567,45.804,54.785
80.255,64.973,45.804,54.785
78.870,65.171,45.804,54.785
77.090,63.787,45.804,54.785
77.609,64.617,46.818,55.997
74.576,63.606,46.818,55.997
74.688,64.036,47.853,57.236
72.001,64.242,47.853,57.236
72.544,64.252,48.912,58.503
69.798,62.774,48.912,58.503
67.474,62.985,48.912,58.503
68.953,63.196,48.912,58.503
66.207,62.985,48.912,58.503
65.885,63.872,49.994,59.797
63.510,62.792,49.994,59.797
61.998,63.440,49.994,59.797
61.351,64.520,49.994,59.797
60.271,65.167,49.994,59.797
59.191,64.088,49.994,59.797
59.407,63.872,49.994,59.797
58.328,62.360,49.994,59.797
57.680,63.440,49.994,59.797
57.464,63.224,49.994,59.797
58.544,63.440,49.994,59.797
57.896,64.088,49.994,59.797
57.680,62.576,49.994,59.797
58.760,61.497,49.994,59.797
58.976,59.985,49.994,59.797
61.351,58.906,49.994,59.797
62.862,57.826,49.994,59.797
63.078,57.179,49.994,59.797
65.021,57.395,49.994,59.797
65.669,56.747,49.994,59.797
66.748,54.804,49.994,59.797
67.828,53.292,49.994,59.797
68.907,52.213,49.994,59.797
69.987,50.701,49.994,59.797
71.066,48.326,49.994,59.797
72.146,48.542,49.994,59.797
73.657,47.031,49.994,59.797
74.305,44.656,49.994,59.797
76.248,43.576,49.994,59.797
77.760,44.224,49.994,59.797
78.407,41.849,49.994,59.797
80.782,40.770,49.994,59.797
82.294,39.690,49.994,59.797
84.669,39.906,49.994,59.797
86.180,39.258,49.994,59.797
88.555,40.770,49.994,59.797
89.635,39.690,49.994,59.797
91.578,40.770,49.994,59.797
93.089,41.849,49.994,59.797
95.032,42.929,49.994,59.797
96.112,44.008,49.994,59.797
97.623,45.520,49.994,59.797
98.271,47.031,49.994,59.797
99.782,48.110,49.994,59.797
99.998,49.622,49.994,59.797
101.510,50.701,49.994,59.797
101.726,52.213,49.994,59.797
102.805,54.588,49.994,59.797
103.453,56.531,49.994,59.797
104.532,58.474,49.994,59.797
103.021,60.849,49.994,59.797
104.964,62.360,49.994,59.797
104.748,64.735,49.994,59.797
104.532,66.679,49.994,59.797
105.180,69.054,49.994,59.797
106.260,71.429,49.994,59.797
106.044,73.804,49.994,59.797
106.260,75.747,49.994,59.797
106.907,77.690,49.994,59.797
105.828,79.633,49.994,59.797
106.907,81.576,49.994,59.797
105.828,85.247,49.994,59.797
106.044,88.054,49.994,59.797
105.396,90.860,49.994,59.797
105.612,93.667,49.994,59.797
103.669,96.474,49.994,59.797
104.748,99.281,49.994,59.797
103.669,101.656,49.994,59.797
104.316,103.599,49.994,59.797
105.396,105.542,49.994,59.797
105.180,107.485,49.994,59.797
104.964,109.429,49.994,59.797
105.612,111.804,49.994,59.797
104.532,114.179,49.994,59.797
105.612,116.985,49.994,59.797
106.260,119.792,49.994,59.797
106.907,122.167,49.994,59.797
105.828,124.542,49.994,59.797
106.044,126.485,49.994,59.797
106.260,128.429,49.994,59.797
106.044,130.804,49.994,59.797
105.396,132.315,49.994,59.797
105.180,134.258,49.994,59.797
104.532,136.201,49.994,59.797
103.453,138.145,49.994,59.797
104.101,140.088,49.994,59.797
103.021,142.463,49.994,59.797
102.373,144.406,49.994,59.797
102.589,145.054,49.994,59.797
101.078,146.565,49.994,59.797
101.726,148.076,49.994,59.797
100.214,149.588,49.994,59.797
99.998,151.099,49.994,59.797
98.919,152.610,49.994,59.797
97.839,154.122,49.994,59.797
97.191,156.065,49.994,59.797
95.680,158.440,49.994,59.797
92.873,160.383,49.994,59.797
90.930,162.758,49.994,59.797
92.441,159.951,49.994,59.797
90.930,161.895,49.994,59.797
92.010,159.088,49.994,59.797
89.889,160.890,51.100,61.120
90.992,159.345,51.100,61.120
86.992,161.188,52.231,62.472
85.864,162.316,52.231,62.472
86.457,158.582,53.387,63.855
84.843,155.585,53.387,63.855
84.491,151.291,54.568,65.267
84.727,146.813,54.568,65.267
85.905,142.335,54.568,65.267
86.524,137.946,55.775,66.711
88.210,133.369,55.775,66.711
84.844,128.883,57.009,68.187
85.491,124.297,58.270,69.696
83.019,120.654,59.560,71.238
84.228,117.464,60.877,72.814
83.439,114.046,60.877,72.814
85.279,111.154,60.877,72.814
84.155,105.595,59.579,71.261
86.985,100.707,59.579,71.261
88.786,97.362,59.579,71.261
86.470,94.531,59.579,71.261
88.842,93.059,58.309,69.742
90.604,93.815,58.309,69.742
89.042,92.374,57.065,68.254
91.313,90.964,55.848,66.799
93.001,92.170,55.848,66.799
94.207,90.481,55.848,66.799
95.896,90.722,55.848,66.799
97.102,89.517,55.848,66.799
99.272,90.722,55.848,66.799
101.443,91.928,55.848,66.799
102.649,93.617,55.848,66.799
102.408,95.305,55.848,66.799
106.026,92.652,55.848,66.799
107.232,93.376,55.848,66.799
109.402,90.723,55.848,66.799
111.091,91.446,55.848,66.799
112.779,88.311,55.848,66.799
113.985,89.034,55.848,66.799
116.156,89.275,55.848,66.799
118.809,86.140,55.848,66.799
120.497,85.416,55.848,66.799
123.150,85.657,55.848,66.799
124.839,84.934,55.848,66.799
126.044,85.175,55.848,66.799
128.215,83.969,55.848,66.799
129.973,84.449,54.657,65.374
132.097,83.741,54.657,65.374
133.750,83.977,54.657,65.374
135.402,84.213,54.657,65.374
138.488,84.227,53.492,63.980
141.062,85.132,52.351,62.616
144.017,86.889,51.235,61.281
145.566,87.111,51.235,61.281
147.557,87.775,51.235,61.281
148.664,89.323,51.235,61.281
149.770,89.987,51.235,61.281
151.809,92.133,50.142,59.974
152.459,94.082,50.142,59.974
152.675,96.464,50.142,59.974
153.758,99.280,50.142,59.974
153.975,101.662,50.142,59.974
153.325,104.910,50.142,59.974
156.140,107.725,50.142,59.974
155.924,109.674,50.142,59.974
159.172,111.190,50.142,59.974
159.821,111.406,50.142,59.974
162.204,112.056,50.142,59.974
161.987,110.973,50.142,59.974
163.503,111.190,50.142,59.974
165.019,107.941,50.142,59.974
163.936,106.426,50.142,59.974
165.885,102.744,50.142,59.974
167.401,99.063,50.142,59.974
167.184,94.516,50.142,59.974
168.267,91.267,50.142,59.974
168.050,88.452,50.142,59.974
167.834,86.070,50.142,59.974
168.916,83.255,50.142,59.974
167.401,83.472,50.142,59.974
168.483,80.656,50.142,59.974
168.267,78.274,50.142,59.974
168.050,75.459,50.142,59.974
168.267,72.644,50.142,59.974
169.783,68.963,50.142,59.974
171.732,65.282,50.142,59.974
171.515,61.600,50.142,59.974
173.928,58.692,49.073,58.695
175.064,56.253,48.026,57.443
174.027,53.972,48.026,57.443
173.820,52.935,48.026,57.443
173.197,51.068,48.026,57.443
172.575,51.690,48.026,57.443
171.123,52.313,48.026,57.443
170.086,52.935,48.026,57.443
168.634,53.972,48.026,57.443
166.768,55.424,48.026,57.443
164.901,57.290,48.026,57.443
163.449,58.742,48.026,57.443
161.583,61.024,48.026,57.443
158.886,62.476,48.026,57.443
157.020,64.342,48.026,57.443
155.153,66.209,48.026,57.443
153.286,67.661,48.026,57.443
151.834,67.868,48.026,57.443
149.968,67.246,48.026,57.443
148.101,68.283,48.026,57.443
146.234,67.246,48.026,57.443
143.953,67.039,48.026,57.443
141.256,67.661,48.026,57.443
139.390,67.868,48.026,57.443
137.108,66.416,48.026,57.443
133.997,67.454,48.026,57.443
130.886,68.905,48.026,57.443
128.190,70.357,48.026,57.443
125.493,72.639,48.026,57.443
123.212,74.505,48.026,57.443
124.249,74.713,48.026,57.443
125.286,73.676,48.026,57.443
127.153,72.224,48.026,57.443
130.264,70.357,48.026,57.443
132.530,69.507,49.089,58.714
135.710,70.143,49.089,58.714
138.466,71.627,49.089,58.714
141.222,72.263,49.089,58.714
143.554,71.203,49.089,58.714
145.462,71.839,49.089,58.714
144.826,73.747,49.089,58.714
147.158,71.415,49.089,58.714
144.402,72.475,49.089,58.714
146.310,69.295,49.089,58.714
143.130,69.931,49.089,58.714
140.798,70.991,49.089,58.714
138.890,72.475,49.089,58.714
136.558,73.959,49.089,58.714
134.226,76.291,49.089,58.714
131.894,77.775,49.089,58.714
130.410,79.683,49.089,58.714
128.078,80.743,49.089,58.714
125.322,81.803,49.089,58.714
122.990,82.863,49.089,58.714
120.658,83.499,49.089,58.714
118.326,84.135,49.089,58.714
116.418,86.466,49.089,58.714
114.335,87.357,50.175,60.013
113.252,89.307,50.175,60.013
114.335,91.257,50.175,60.013
116.719,93.641,50.175,60.013
116.502,96.458,50.175,60.013
115.852,99.275,50.175,60.013
117.369,101.225,50.175,60.013
115.852,104.908,50.175,60.013
119.938,108.681,49.105,58.733
121.422,110.166,49.105,58.733
120.786,109.529,49.105,58.733
118.877,100.411,49.105,58.733
115.474,96.460,50.191,60.033
112.222,98.411,50.191,60.033
108.971,100.796,50.191,60.033
106.153,102.747,50.191,60.033
104.636,100.796,50.191,60.033
105.286,101.880,50.191,60.033
102.902,103.830,50.191,60.033
104.419,102.313,50.191,60.033
102.468,102.963,50.191,60.033
101.541,104.230,49.121,58.753
100.224,104.243,48.073,57.500
101.678,103.205,48.073,57.500
101.885,103.828,48.073,57.500
102.861,104.700,49.137,58.772
105.620,110.429,49.137,58.772
109.227,109.793,49.137,58.772
107.318,108.307,49.137,58.772
108.803,105.549,49.137,58.772
105.620,106.185,49.137,58.772
102.012,103.426,49.137,58.772
99.254,102.365,49.137,58.772
100.739,99.607,49.137,58.772
100.103,97.272,49.137,58.772
99.042,94.938,49.137,58.772
99.254,93.028,49.137,58.772
100.315,91.118,49.137,58.772
101.376,87.086,49.137,58.772
101.588,85.177,49.137,58.772
103.073,81.994,49.137,58.772
101.164,80.508,49.137,58.772
102.602,76.996,50.224,60.072
100.649,73.308,50.224,60.072
102.168,70.922,50.224,60.072
100.649,69.404,50.224,60.072
101.734,66.584,50.224,60.072
100.649,65.066,50.224,60.072
100.432,62.680,50.224,60.072
98.914,61.596,50.224,60.072
96.962,60.511,50.224,60.072
95.444,58.993,50.224,60.072
94.793,57.041,50.224,60.072
92.841,56.824,50.224,60.072
90.889,57.041,50.224,60.072
88.069,55.522,50.224,60.072
86.551,55.306,50.224,60.072
85.900,54.655,50.224,60.072
83.948,54.004,50.224,60.072
84.599,52.920,50.224,60.072
83.948,54.004,50.224,60.072
82.430,53.353,50.224,60.072
83.948,54.004,50.224,60.072
81.562,54.221,50.224,60.072
82.213,55.739,50.224,60.072
80.261,56.824,50.224,60.072
78.742,57.908,50.224,60.072
79.393,58.559,50.224,60.072
77.875,59.644,50.224,60.072
78.525,60.294,50.224,60.072
77.441,61.379,50.224,60.072
77.658,62.463,50.224,60.072
75.706,63.548,50.224,60.072
77.224,65.066,50.224,60.072
74.838,66.584,50.224,60.072
77.224,69.404,50.224,60.072
74.838,70.922,50.224,60.072
76.356,73.308,50.224,60.072
74.676,74.669,51.335,61.401
75.784,76.221,51.335,61.401
73.606,77.152,52.471,62.760
74.671,77.163,53.632,64.148
75.366,78.784,53.632,64.148
75.494,79.276,54.819,65.568
76.677,76.199,54.819,65.568
77.388,76.909,54.819,65.568
79.045,73.831,54.819,65.568
80.702,70.753,54.819,65.568
83.306,68.623,54.819,65.568
86.384,67.439,54.819,65.568
88.041,64.361,54.819,65.568
89.698,63.651,54.819,65.568
91.356,61.520,54.819,65.568
93.960,58.443,54.819,65.568
96.091,55.838,54.819,65.568
98.221,55.128,54.819,65.568
99.405,54.892,54.819,65.568
101.062,53.708,54.819,65.568
99.878,53.945,54.819,65.568
100.589,53.234,54.819,65.568
100.825,51.577,54.819,65.568
99.642,51.814,54.819,65.568
99.405,51.104,54.819,65.568
100.115,50.393,54.819,65.568
98.931,48.736,54.819,65.568
98.221,48.499,54.819,65.568
97.984,46.369,54.819,65.568
97.274,45.185,54.819,65.568
97.984,44.475,54.819,65.568
96.801,42.344,54.819,65.568
96.564,41.160,54.819,65.568
95.854,41.871,54.819,65.568
94.670,40.213,54.819,65.568
93.013,40.924,54.819,65.568
92.776,40.213,54.819,65.568
90.645,41.397,54.819,65.568
88.988,39.266,54.819,65.568
87.804,39.977,54.819,65.568
86.147,40.213,54.819,65.568
84.964,39.503,54.819,65.568
83.306,37.372,54.819,65.568
82.123,36.662,54.819,65.568
80.939,35.478,54.819,65.568
79.755,33.348,54.819,65.568
78.571,31.217,54.819,65.568
78.808,29.560,54.819,65.568
76.677,27.903,54.819,65.568
75.967,26.719,54.819,65.568
75.730,25.535,54.819,65.568
73.600,24.825,54.819,65.568
72.416,23.641,54.819,65.568
73.126,22.931,54.819,65.568
71.469,23.641,54.819,65.568
72.179,22.931,54.819,65.568
71.469,24.115,54.819,65.568
73.126,24.825,54.819,65.568
71.943,26.482,54.819,65.568
72.653,26.719,54.819,65.568
71.943,28.850,54.819,65.568
73.600,30.980,54.819,65.568
73.837,33.111,54.819,65.568
75.494,36.189,54.819,65.568
77.624,38.793,54.819,65.568
78.335,40.924,54.819,65.568
79.992,43.528,54.819,65.568
80.702,45.185,54.819,65.568
81.886,47.316,54.819,65.568
82.596,48.026,54.819,65.568
83.306,49.210,54.819,65.568
85.437,49.920,54.819,65.568
87.094,50.157,54.819,65.568
88.278,48.973,54.819,65.568
90.409,47.789,54.819,65.568
92.539,46.132,54.819,65.568
94.670,45.422,54.819,65.568
96.327,42.818,54.819,65.568
98.931,42.581,54.819,65.568
101.062,39.977,54.819,65.568
103.193,39.740,54.819,65.568
106.271,37.136,54.819,65.568
108.875,36.899,54.819,65.568
111.005,34.768,54.819,65.568
113.610,34.058,54.819,65.568
115.740,33.348,54.819,65.568
118.379,31.537,53.650,64.169
121.391,32.232,53.650,64.169
123.012,32.927,53.650,64.169
125.148,31.155,52.506,62.801
127.189,32.742,52.506,62.801
129.715,31.007,51.386,61.462
132.157,33.005,51.386,61.462
134.202,32.591,50.290,60.151
136.591,34.111,50.290,60.151
137.677,35.197,50.290,60.151
140.066,35.414,50.290,60.151
142.455,35.631,50.290,60.151
143.975,33.676,50.290,60.151
146.395,35.364,49.218,58.868
147.883,36.002,49.218,58.868
150.221,34.514,49.218,58.868
152.134,36.852,49.218,58.868
154.047,35.364,49.218,58.868
155.960,38.128,49.218,58.868
157.510,39.370,48.168,57.613
157.302,40.826,48.168,57.613
159.590,39.370,48.168,57.613
159.502,42.591,47.141,56.384
160.927,44.016,47.141,56.384
162.803,46.383,46.136,55.182
163.799,48.575,46.136,55.182
165.194,49.970,46.136,55.182
166.262,51.902,45.152,54.005
166.847,53.657,45.152,54.005
166.652,55.412,45.152,54.005
167.627,56.777,45.152,54.005
168.212,58.532,45.152,54.005
169.577,60.287,45.152,54.005
167.822,61.652,45.152,54.005
169.187,63.407,45.152,54.005
167.822,64.772,45.152,54.005
166.847,66.137,45.152,54.005
165.482,66.722,45.152,54.005
163.727,67.697,45.152,54.005
162.362,65.552,45.152,54.005
161.387,65.747,45.152,54.005
160.802,63.602,45.152,54.005
159.047,63.797,45.152,54.005
160.022,61.652,45.152,54.005
158.267,62.237,45.152,54.005
158.852,60.482,45.152,54.005
156.317,61.847,45.152,54.005
153.783,62.822,45.152,54.005
150.468,63.017,45.152,54.005
147.543,61.652,45.152,54.005
144.618,63.407,45.152,54.005
141.693,63.992,45.152,54.005
138.768,64.577,45.152,54.005
135.843,63.212,45.152,54.005
132.918,63.407,45.152,54.005
129.993,63.602,45.152,54.005
127.068,63.797,45.152,54.005
122.725,64.211,46.151,55.200
119.735,66.005,46.151,55.200
116.745,65.806,46.151,55.200
113.133,66.229,47.172,56.421
110.077,66.840,47.172,56.421
107.429,67.044,47.172,56.421
104.781,68.062,47.172,56.421
102.357,68.918,48.216,57.670
100.482,69.543,48.216,57.670
97.359,71.833,48.216,57.670
96.734,72.041,48.216,57.670
93.195,73.082,48.216,57.670
92.570,73.707,48.216,57.670
90.279,74.332,48.216,57.670
90.904,75.373,48.216,57.670
89.030,75.581,48.216,57.670
90.488,76.622,48.216,57.670
89.446,78.496,48.216,57.670
90.904,80.370,48.216,57.670
92.362,83.494,48.216,57.670
93.403,87.867,48.216,57.670
92.362,93.072,48.216,57.670
95.069,97.445,48.216,57.670
97.359,101.401,48.216,57.670
99.650,104.525,48.216,57.670
99.025,107.232,48.216,57.670
100.899,109.522,48.216,57.670
102.357,113.062,48.216,57.670
102.565,116.602,48.216,57.670
103.189,121.808,48.216,57.670
104.647,126.180,48.216,57.670
103.189,129.304,48.216,57.670
104.231,131.178,48.216,57.670
104.439,130.553,48.216,57.670
103.398,130.345,48.216,57.670
103.189,128.471,48.216,57.670
104.231,125.347,48.216,57.670
101.940,117.227,48.216,57.670
99.444,110.014,47.187,56.440
95.572,106.142,47.187,56.440
93.330,101.863,47.187,56.440
92.311,96.768,47.187,56.440
92.922,90.858,47.187,56.440
91.088,86.171,47.187,56.440
91.700,82.707,47.187,56.440
91.496,78.427,47.187,56.440
91.185,74.631,48.231,57.688
91.810,71.924,48.231,57.688
92.019,69.216,48.231,57.688
93.893,67.341,48.231,57.688
96.184,65.883,48.231,57.688
98.892,64.842,48.231,57.688
101.600,64.217,48.231,57.688
104.308,64.008,48.231,57.688
107.849,63.800,48.231,57.688
110.557,63.592,48.231,57.688
113.265,65.466,48.231,57.688
115.973,66.508,48.231,57.688
118.264,67.549,48.231,57.688
120.555,68.591,48.231,57.688
121.597,69.216,48.231,57.688
123.471,69.424,48.231,57.688
124.929,69.632,48.231,57.688
125.971,69.841,48.231,57.688
124.929,67.966,48.231,57.688
125.971,68.174,48.231,57.688
124.096,67.966,48.231,57.688
123.055,66.924,48.231,57.688
121.597,67.549,48.231,57.688
119.305,67.758,48.231,57.688
118.264,66.716,48.231,57.688
116.389,66.508,48.231,57.688
112.848,67.549,48.231,57.688
110.557,66.924,48.231,57.688
107.849,66.716,48.231,57.688
105.141,66.924,48.231,57.688
102.850,67.966,48.231,57.688
100.142,69.007,48.231,57.688
98.267,69.632,48.231,57.688
95.560,71.090,48.231,57.688
92.852,71.715,48.231,57.688
91.670,72.158,49.298,58.965
88.902,73.648,49.298,58.965
89.541,74.712,49.298,58.965
86.773,75.777,49.298,58.965
87.838,77.267,49.298,58.965
85.921,79.609,49.298,58.965
86.986,81.525,49.298,58.965
87.199,84.719,49.298,58.965
87.412,88.338,49.298,58.965
86.773,92.384,49.298,58.965
87.838,95.577,49.298,58.965
88.476,98.345,49.298,58.965
89.115,101.113,49.298,58.965
89.754,102.603,49.298,58.965
89.967,103.667,49.298,58.965
91.883,102.603,49.298,58.965
93.799,101.538,49.298,58.965
95.289,99.622,49.298,58.965
95.928,100.687,49.298,58.965
97.844,98.345,49.298,58.965
98.483,100.261,49.298,58.965
99.973,98.345,49.298,58.965
101.525,99.589,48.247,57.707
102.983,98.964,48.247,57.707
103.608,100.423,48.247,57.707
105.484,103.548,48.247,57.707
105.692,107.090,48.247,57.707
106.734,109.382,48.247,57.707
109.010,105.501,49.315,58.984
110.075,101.881,49.315,58.984
110.288,99.112,49.315,58.984
110.501,95.066,49.315,58.984
109.862,90.593,49.315,58.984
110.864,85.742,50.406,60.289
109.340,82.912,50.406,60.289
106.945,80.518,50.406,60.289
106.292,77.688,50.406,60.289
104.333,76.164,50.406,60.289
101.503,74.640,50.406,60.289
99.544,73.117,50.406,60.289
97.585,72.028,50.406,60.289
95.625,70.504,50.406,60.289
94.102,68.545,50.406,60.289
93.449,67.457,50.406,60.289
92.360,66.368,50.406,60.289
92.578,65.280,50.406,60.289
92.796,64.627,50.406,60.289
93.884,61.361,50.406,60.289
94.102,59.402,50.406,60.289
95.190,58.314,50.406,60.289
95.843,59.402,50.406,60.289
96.496,58.314,50.406,60.289
97.585,60.273,50.406,60.289
99.108,60.055,50.406,60.289
101.503,59.838,50.406,60.289
102.156,59.185,50.406,60.289
104.115,58.967,50.406,60.289
105.204,58.314,50.406,60.289
106.292,58.532,50.406,60.289
107.381,57.443,50.406,60.289
108.034,57.661,50.406,60.289
110.428,57.878,50.406,60.289
112.387,58.096,50.406,60.289
113.476,58.749,50.406,60.289
114.564,58.532,50.406,60.289
115.653,58.314,50.406,60.289
116.741,59.838,50.406,60.289
117.394,60.055,50.406,60.289
118.047,61.144,50.406,60.289
120.006,61.361,50.406,60.289
121.530,60.708,50.406,60.289
122.183,61.797,50.406,60.289
124.578,60.708,50.406,60.289
123.489,60.926,50.406,60.289
125.448,59.838,50.406,60.289
124.360,60.491,50.406,60.289
125.448,58.532,50.406,60.289
125.666,59.620,50.406,60.289
127.190,58.967,50.406,60.289
128.278,60.491,50.406,60.289
128.061,60.273,50.406,60.289
129.149,60.926,50.406,60.289
129.367,61.579,50.406,60.289
128.714,60.926,50.406,60.289
130.238,61.579,50.406,60.289
131.761,62.232,50.406,60.289
132.414,63.756,50.406,60.289
133.503,65.715,50.406,60.289
132.850,68.545,50.406,60.289
133.938,70.940,50.406,60.289
132.414,74.205,50.406,60.289
131.326,77.906,50.406,60.289
129.367,81.171,50.406,60.289
127.408,84.436,50.406,60.289
124.142,86.395,50.406,60.289
121.748,89.225,50.406,60.289
118.254,91.946,51.521,61.623
117.587,94.839,51.521,61.623
118.699,96.396,51.521,61.623
115.590,97.792,52.661,62.987
115.243,99.219,53.826,64.380
111.030,101.160,55.017,65.804
107.710,101.664,56.234,67.260
108.439,101.421,56.234,67.260
109.076,97.402,57.478,68.749
105.092,98.444,58.750,70.270
105.854,95.653,58.750,70.270
103.570,92.862,58.750,70.270
105.346,89.564,58.750,70.270
106.615,85.250,58.750,70.270
108.391,81.444,58.750,70.270
109.659,78.146,58.750,70.270
105.346,79.415,58.750,70.270
108.645,75.101,58.750,70.270
110.421,70.788,58.750,70.270
113.212,66.475,58.750,70.270
112.450,62.162,58.750,70.270
112.704,58.863,58.750,70.270
109.913,59.624,58.750,70.270
108.137,56.833,58.750,70.270
105.854,57.595,58.750,70.270
104.585,54.804,58.750,70.270
103.316,55.565,58.750,70.270
101.033,53.281,58.750,70.270
98.749,51.505,58.750,70.270
95.451,52.266,58.750,70.270
92.660,49.983,58.750,70.270
88.854,50.744,58.750,70.270
86.063,50.998,58.750,70.270
83.780,48.714,58.750,70.270
80.989,49.983,58.750,70.270
78.198,49.222,58.750,70.270
75.407,50.490,58.750,70.270
72.616,51.252,58.750,70.270
70.840,51.505,58.750,70.270
68.049,51.759,58.750,70.270
66.273,52.520,58.750,70.270
66.166,52.047,57.497,68.771
65.103,53.498,56.271,67.305
65.346,52.769,56.271,67.305
64.307,53.252,55.071,65.869
63.289,54.184,53.897,64.465
63.191,54.647,52.747,63.090
63.419,55.786,52.747,63.090
65.013,56.014,52.747,63.090
67.519,55.330,52.747,63.090
70.025,56.014,52.747,63.090
73.442,56.697,52.747,63.090
76.403,58.292,52.747,63.090
79.820,59.431,52.747,63.090
83.693,61.025,52.747,63.090
87.565,61.709,52.747,63.090
91.894,63.303,52.747,63.090
96.222,64.442,52.747,63.090
99.639,65.581,52.747,63.090
103.967,66.265,52.747,63.090
108.751,66.037,52.747,63.090
112.623,66.720,52.747,63.090
116.040,67.404,52.747,63.090
119.457,66.720,52.747,63.090
122.874,66.948,52.747,63.090
126.747,67.176,52.747,63.090
131.530,66.037,52.747,63.090
135.403,67.176,52.747,63.090
139.698,68.068,51.622,61.744
143.042,69.183,51.622,61.744
146.816,68.337,50.522,60.428
149.247,70.453,49.444,59.139
150.742,70.667,49.444,59.139
153.518,71.308,49.444,59.139
155.440,72.802,49.444,59.139
156.080,76.005,49.444,59.139
160.518,80.546,48.390,57.878
164.071,87.025,48.390,57.878
167.205,92.249,48.390,57.878
169.086,95.384,48.390,57.878
169.804,98.620,47.358,56.644
171.294,102.969,46.348,55.436
171.895,105.971,46.348,55.436
171.038,110.228,45.360,54.254
172.018,114.734,45.360,54.254
171.430,118.064,45.360,54.254
172.018,122.178,45.360,54.254
170.647,126.683,45.360,54.254
172.410,130.797,45.360,54.254
174.173,137.653,45.360,54.254
176.719,146.468,45.360,54.254
178.091,150.582,45.360,54.254
174.760,150.778,45.360,54.254
175.348,152.541,45.360,54.254
176.327,151.953,45.360,54.254
174.173,152.149,45.360,54.254
175.936,151.170,45.360,54.254
173.781,152.541,45.360,54.254
174.760,153.129,45.360,54.254
174.956,154.108,45.360,54.254
176.006,153.743,44.392,53.097
174.664,152.401,44.392,53.097
173.105,150.565,43.446,51.964
176.295,153.004,43.446,51.964
182.111,153.942,43.446,51.964
184.161,153.172,44.407,53.114
184.353,152.213,44.407,53.114
184.641,151.855,43.460,51.981
183.115,152.229,42.533,50.873
182.329,151.178,41.626,49.788
181.790,149.919,41.626,49.788
181.970,151.897,41.626,49.788
182.149,151.358,41.626,49.788
181.250,151.897,41.626,49.788
180.352,152.436,41.626,49.788
179.929,152.101,40.738,48.726
179.753,151.221,40.738,48.726
179.225,151.397,40.738,48.726
180.105,150.165,40.738,48.726
179.929,149.638,40.738,48.726
181.121,148.186,41.640,49.804
181.593,148.568,42.561,50.906
181.695,146.288,43.503,52.032
180.629,147.077,44.465,53.184
181.133,145.891,45.449,54.360
126.259,90.918,46.454,55.563
122.206,88.846,47.482,56.792
119.540,87.411,47.482,56.792
114.973,88.698,48.533,58.049
109.434,89.578,49.607,59.333
102.884,91.811,50.704,60.646
97.848,95.095,50.704,60.646
94.563,95.752,50.704,60.646
91.938,94.077,49.623,59.353
91.295,92.148,49.623,59.353
91.413,89.046,50.721,60.666
91.194,86.199,50.721,60.666
89.661,88.170,50.721,60.666
88.566,87.075,50.721,60.666
89.595,87.085,51.843,62.008
88.476,84.623,51.843,62.008
88.599,86.027,52.990,63.380
88.828,83.510,52.990,63.380
87.684,85.112,52.990,63.380
89.286,82.594,52.990,63.380
88.462,84.030,54.162,64.782
88.814,81.339,53.007,63.401
90.041,79.588,51.877,62.049
89.817,81.604,51.877,62.049
90.041,79.588,51.877,62.049
90.379,78.306,50.771,60.726
89.282,79.841,50.771,60.726
90.817,78.306,50.771,60.726
91.993,77.052,49.688,59.431
90.490,79.412,49.688,59.431
90.705,77.052,49.688,59.431
88.774,78.554,49.688,59.431
90.705,76.193,49.688,59.431
88.345,77.266,49.688,59.431
88.988,75.335,49.688,59.431
88.345,74.262,49.688,59.431
86.842,74.906,49.688,59.431
87.486,72.975,49.688,59.431
84.488,74.766,50.787,60.746
82.788,74.777,51.911,62.090
84.357,72.759,51.911,62.090
82.340,73.432,51.911,62.090
83.859,71.117,53.059,63.463
84.088,71.346,53.059,63.463
82.484,71.575,53.059,63.463
84.546,69.054,53.059,63.463
85.234,69.742,53.059,63.463
85.463,69.054,53.059,63.463
87.525,67.909,53.059,63.463
89.587,67.679,53.059,63.463
93.025,66.992,53.059,63.463
96.003,64.471,53.059,63.463
98.066,64.242,53.059,63.463
99.670,60.805,53.059,63.463
101.732,58.284,53.059,63.463
103.336,56.680,53.059,63.463
102.190,54.618,53.059,63.463
103.336,52.556,53.059,63.463
103.107,50.035,53.059,63.463
103.794,47.056,53.059,63.463
104.940,44.994,53.059,63.463
104.711,43.848,53.059,63.463
105.857,42.702,53.059,63.463
105.628,43.848,53.059,63.463
106.773,41.328,53.059,63.463
107.919,42.473,53.059,63.463
108.607,41.786,53.059,63.463
109.294,40.640,53.059,63.463
110.440,42.244,53.059,63.463
111.585,42.015,53.059,63.463
112.731,42.702,53.059,63.463
113.877,43.390,53.059,63.463
115.481,41.786,53.059,63.463
116.168,42.932,53.059,63.463
117.772,42.702,53.059,63.463
119.835,44.306,53.059,63.463
121.439,44.994,53.059,63.463
123.043,45.223,53.059,63.463
124.188,47.285,53.059,63.463
126.251,48.431,53.059,63.463
128.313,49.577,53.059,63.463
129.917,50.264,53.059,63.463
131.979,48.660,53.059,63.463
129.001,50.264,53.059,63.463
128.313,47.744,53.059,63.463
126.251,50.264,53.059,63.463
124.188,50.493,53.059,63.463
122.126,51.181,53.059,63.463
120.064,51.868,53.059,63.463
118.002,50.723,53.059,63.463
115.939,52.785,53.059,63.463
114.793,50.723,53.059,63.463
112.731,52.327,53.059,63.463
111.127,51.639,53.059,63.463
109.065,53.243,53.059,63.463
107.002,53.014,53.059,63.463
104.940,53.701,53.059,63.463
102.878,55.305,53.059,63.463
100.357,56.909,53.059,63.463
97.378,58.513,53.059,63.463
95.316,61.034,53.059,63.463
93.254,62.180,53.059,63.463
91.650,63.326,53.059,63.463
90.962,64.471,53.059,63.463
89.817,65.617,53.059,63.463
88.212,67.221,53.059,63.463
86.608,68.367,53.059,63.463
86.379,70.429,53.059,63.463
84.775,72.033,53.059,63.463
85.463,73.179,53.059,63.463
83.859,74.783,53.059,63.463
85.004,75.929,53.059,63.463
82.942,77.991,53.059,63.463
85.004,79.595,53.059,63.463
84.317,81.657,53.059,63.463
85.921,82.803,53.059,63.463
87.983,82.116,53.059,63.463
87.296,82.803,53.059,63.463
89.817,83.490,53.059,63.463
91.421,84.636,53.059,63.463
91.191,85.324,53.059,63.463
92.337,86.011,53.059,63.463
93.483,84.407,53.059,63.463
94.629,85.553,53.059,63.463
95.316,85.782,53.059,63.463
95.087,84.178,53.059,63.463
97.199,85.517,51.928,62.110
96.974,83.499,51.928,62.110
98.993,84.172,51.928,62.110
99.666,81.256,51.928,62.110
100.787,80.135,51.928,62.110
101.460,78.117,51.928,62.110
99.890,76.547,51.928,62.110
101.460,74.528,51.928,62.110
100.338,72.510,51.928,62.110
101.908,70.492,51.928,62.110
103.029,68.473,51.928,62.110
104.151,66.904,51.928,62.110
104.375,67.128,51.928,62.110
107.290,66.455,51.928,62.110
109.309,68.025,51.928,62.110
111.776,68.698,51.928,62.110
114.242,70.267,51.928,62.110
115.364,71.389,51.928,62.110
116.934,72.510,51.928,62.110
118.952,73.183,51.928,62.110
119.176,73.856,51.928,62.110
118.952,74.528,51.928,62.110
120.522,73.407,51.928,62.110
120.297,74.080,51.928,62.110
120.073,72.959,51.928,62.110
119.849,73.183,51.928,62.110
122.316,73.856,51.928,62.110
122.540,75.425,51.928,62.110
125.455,76.995,51.928,62.110
128.819,79.014,51.928,62.110
133.529,81.480,51.928,62.110
137.790,84.844,51.928,62.110
143.845,88.657,51.928,62.110
149.003,91.572,51.928,62.110
157.300,94.936,51.928,62.110
162.458,97.851,51.928,62.110
167.616,99.421,51.928,62.110
171.429,101.888,51.928,62.110
174.344,103.906,51.928,62.110
176.794,105.313,53.077,63.484
179.774,106.001,53.077,63.484
182.754,106.689,53.077,63.484
184.817,108.752,53.077,63.484
186.370,107.336,54.251,64.889
187.958,105.889,55.451,66.324
185.605,106.397,56.678,67.792
184.381,107.621,56.678,67.792
185.605,105.418,56.678,67.792
182.913,107.621,56.678,67.792
185.116,104.929,56.678,67.792
182.423,106.153,56.678,67.792
183.647,103.460,56.678,67.792
180.954,105.174,56.678,67.792
182.178,102.971,56.678,67.792
179.486,104.684,56.678,67.792
180.220,102.971,56.678,67.792
178.996,104.684,56.678,67.792
179.731,105.908,56.678,67.792
179.486,104.684,56.678,67.792
178.751,106.397,56.678,67.792
179.975,107.621,56.678,67.792
181.199,104.929,56.678,67.792
178.507,107.132,56.678,67.792
180.710,106.887,56.678,67.792
181.444,106.153,56.678,67.792
179.731,108.356,56.678,67.792
181.444,107.132,56.678,67.792
179.731,108.356,56.678,67.792
181.444,107.132,56.678,67.792
179.241,107.866,56.678,67.792
180.465,106.642,56.678,67.792
179.076,108.178,57.932,69.292
179.326,106.426,57.932,69.292
178.576,106.677,57.932,69.292
179.233,106.170,59.214,70.825
179.488,106.425,59.214,70.825
178.210,106.170,59.214,70.825
179.412,105.121,60.524,72.392
178.628,105.382,60.524,72.392
179.412,106.166,60.524,72.392
179.150,105.382,60.524,72.392
178.366,106.689,60.524,72.392
179.150,107.473,60.524,72.392
179.412,105.644,60.524,72.392
178.628,106.951,60.524,72.392
179.935,105.644,60.524,72.392
178.105,106.428,60.524,72.392
178.889,106.689,60.524,72.392
179.150,105.382,60.524,72.392
178.366,106.166,60.524,72.392
179.150,105.905,60.524,72.392
179.412,104.598,60.524,72.392
178.105,106.951,60.524,72.392
179.412,105.644,60.524,72.392
178.628,106.951,60.524,72.392
179.935,105.644,60.524,72.392
178.105,106.951,60.524,72.392
179.412,106.166,60.524,72.392
179.150,106.951,60.524,72.392
179.412,105.644,60.524,72.392
