0.01132774
0.01357317
0.01359177
0.01356483
0.01352143
0.01352334
0.01328826
0.01329112
0.01301694
0.01309395
0.01315308
0.01321840
0.02521086
0.01335311
0.01321435
0.01325345
0.01318955
0.01306057
0.01315832
0.01362109
0.01348495
0.01338816
0.01338983
0.02530551
0.01361704
0.01322913
0.01322508
0.01301336
0.01311564
0.01305366
0.01304603
0.01322818
0.01324582
0.01322150
0.02517796
0.02507329
0.01335835
0.02524066
0.02586317
0.02546906
0.02551603
0.01354480
0.01320291
0.01314425
0.01313472
0.01307273
0.02527952
0.01316762
0.01363730
0.01349187
0.02625442
0.01365662
0.02543974
0.01374125
0.02576017
0.02559137
0.02558184
0.01365423
0.02523923
0.01351190
0.02497840
0.01315403
0.01349020
0.01375890
0.01375222
0.01360965
0.01366186
0.02555323
0.02593732
0.02568150
0.02511764
0.01341987
0.01332235
0.02515578
0.02614784
0.02527285
0.02512169
0.02600646
0.02612972
0.02610612
0.02572775
0.02581167
0.02552366
0.02550888
0.02559781
0.02544713
0.02515793
0.02514720
0.02554131
0.02606487
0.02563787
0.02552533
0.02564049
0.02634001
0.02577710
0.02558017
0.02630830
0.02584624
0.02573943
0.02570176
0.02573299
0.02653933
0.02566981
0.02582383
0.02605033
0.02558160
0.02575564
0.02572155
0.02657580
0.02580142
0.02589393
0.02649593
0.02584267
0.02579021
0.02577710
0.02600884
0.02630305
0.02568483
0.02588606
0.02588081
0.02575684
0.02570868
0.02575231
0.02589583
0.02601957
0.02566838
0.02593327
0.02578139
0.02569890
0.02563763
0.02596307
0.02610922
0.02559733
0.02606392
0.02595806
0.02573085
0.02554989
0.02577019
0.02654862
0.02562261
