0.01388383
0.01314950
0.01303911
0.01295877
0.01278067
0.01280332
0.01288223
0.01313615
0.01309347
0.01317906
0.01319146
0.01318526
0.01310182
0.01315379
0.01327825
0.01327825
0.01316643
0.01306081
0.01302457
0.01315594
0.01301908
0.01327825
0.01310182
0.01337385
0.01336217
0.01341319
0.01370597
0.01383710
0.01378131
0.01389575
0.01385403
0.01405621
0.01437283
0.01456404
0.01457953
0.01463079
0.01451755
0.01449490
0.01458526
0.01470542
0.01477218
0.01475668
0.01476312
0.01487899
0.01497746
0.01500750
0.01504397
0.01496005
0.01476312
0.01472402
0.01473379
0.01474953
0.01461029
0.01449561
0.01434922
0.01443839
0.01450515
0.01431537
0.01421118
0.01419950
0.01429486
0.01429701
0.01406050
0.01420903
0.01410937
0.01394677
0.01389170
0.01397395
0.01431561
0.01451087
0.01436496
0.01433134
0.01436305
0.01433682
0.01426911
0.01409245
0.01399159
0.01384830
0.01373601
0.01368070
0.01327729
0.01337242
0.01313663
0.01322389
0.01310205
0.01303840
0.01300001
0.01329732
0.01318431
0.01302052
0.01297140
0.01294422
0.01303935
0.01323700
0.01321268
0.01303244
0.01310039
0.01309681
0.01332879
0.01341963
0.01365924
0.01377654
0.01391888
0.01389956
0.01415420
0.01428318
0.01424527
0.01420641
0.01433992
0.01449275
0.01453137
0.01451182
0.01465273
0.01462150
0.01481295
0.01491284
0.01494455
0.01500058
0.01481247
0.01475191
0.01476717
0.01484060
0.01468968
0.01531363
0.01567411
0.01579738
0.01594257
0.01602578
0.01612854
0.01642203
0.01631236
0.01631522
0.01641297
0.01636028
0.01641941
0.01646614
0.01633525
0.01632881
0.01610231
0.01621008
0.01566935
0.01551318
0.01543665
0.01532674
0.01504993
0.01530862
0.01508284
0.01483369
0.01462579
0.01439786
0.01427269
0.01391840
0.01346397
0.01331997
0.01325798
0.01346135
0.01308656
0.01345587
0.01345682
0.01329541
0.01312304
0.01298809
0.01293015
0.01293826
0.01299024
0.01298141
0.01291037
0.01294303
0.01293540
0.01306510
0.01311803
0.01317382
0.01330733
0.01343226
0.01338673
0.01334190
0.01354027
0.01343107
0.01353073
0.01362991
0.01361132
0.01347232
0.01336265
0.01343417
0.01351333
0.01342320
0.01326299
0.01328278
0.01327252
0.01334476
0.01319885
0.01317048
0.01314259
0.01304030
0.01304770
0.01297975
0.01311874
0.01304793
0.01295114
0.01301599
0.01290870
0.01279354
0.01276112
0.01285815
0.01281905
0.01304126
0.01292038
0.01289940
0.01299763
0.01301432
0.01296473
0.01305556
0.01306343
0.01305699
0.01322937
0.01337409
0.01367044
0.01362658
0.01367688
0.01382113
0.01376843
0.01391649
0.02663398
0.02679467
0.01451588
0.01475406
0.01458287
0.02686477
0.02819705
0.02693295
0.02735209
0.02663732
0.01454830
0.01456618
0.02703166
0.02691793
0.02694988
0.02714944
0.02741981
0.02724600
0.02723360
0.02758121
0.01508856
0.01493669
0.01489234
0.01520586
0.01495552
0.01482654
0.01473808
0.01460648
0.01461506
0.01440406
0.01427341
0.01399446
0.01395297
0.01393199
0.01356363
0.01360250
0.01367807
0.01350784
0.01321149
0.01317453
0.01306343
0.01311827
0.01303339
0.01284099
0.01283431
0.01282358
0.01270318
0.01272631
0.01281047
0.01295638
0.01288724
0.01271272
0.01270270
0.01271439
0.01276422
0.01286864
0.01296163
0.01278830
0.01268888
0.01266623
0.01265359
0.01269341
0.01212978
0.01161766
0.01170993
0.01170897
0.01166630
0.01160741
0.01159811
0.01172590
0.01164007
0.01157379
0.01163960
0.01152921
0.01148725
0.01154017
0.01152039
0.01145029
0.01150036
0.01155853
0.01153088
0.01158023
0.01155639
0.01171613
0.01179981
0.01170111
0.01160860
0.01161313
0.01157808
0.01156354
0.01167965
0.01168132
0.01163960
0.01153040
0.01146054
0.01142550
0.01153064
0.01153612
0.01150894
0.01138282
0.01147127
0.01144791
0.01128697
0.01132178
0.01135135
0.01139593
0.01134896
0.01140070
0.02373099
0.02382278
0.02485251
0.02383304
0.02381563
0.02413797
0.02384925
0.02385688
0.02381754
0.02388549
0.02456665
0.02383184
0.02376723
0.02385402
0.02417660
0.02384663
0.02379751
0.02429128
0.02373576
0.02378654
0.02382898
0.01156712
0.01150250
0.01143146
0.01146841
0.01139355
0.01137328
0.01132178
0.01143050
0.01156116
0.01143169
0.01134920
0.01136208
0.01134276
0.01150060
0.02406549
0.02364564
0.02384210
0.02366376
0.02527046
0.02387452
0.01155806
0.01142740
0.01134205
0.01137638
0.01151347
0.01141453
0.01139569
0.01140785
0.01132822
0.01148582
0.01157951
0.01150751
0.01137733
0.01138330
0.01138425
0.01132488
0.01137042
0.01136494
0.01146936
0.01149750
0.01143241
0.01142001
0.01137567
0.01134634
0.01130891
0.01149678
0.01151085
0.01139879
0.01132512
0.01135111
0.01137018
0.01148510
0.01152706
0.01135945
0.01132536
0.01142001
0.01142430
0.01138926
0.01137233
0.01144195
0.01149750
0.01139593
0.01138234
0.01139545
0.01142788
0.01139832
0.01152158
0.01146984
0.01133871
0.01139784
0.01143146
0.01139069
0.01135778
0.01135612
0.01143384
0.01152253
0.01143098
0.01139832
0.01130819
0.01130533
0.01137233
0.01141763
0.01150012
0.01138258
0.01138496
0.01132727
0.01134562
0.01150250
0.01157355
0.01147366
0.01136446
0.01138067
0.01145434
0.01145124
0.01140857
0.01136231
0.01136708
0.01152515
0.01148438
0.01146102
0.01138163
0.01127219
0.01132703
0.01116967
0.01136041
0.01119709
0.01106191
0.01100922
0.01103997
0.01116848
0.01150584
0.01146674
0.01136184
0.01136494
0.01138806
0.01137400
0.01139665
0.01144719
0.01155305
0.01149440
0.01134682
0.01149774
0.01145887
0.01139927
0.01139712
0.01146960
0.01153660
0.01145053
0.01142478
0.01140475
0.01133680
0.01141238
0.01144576
0.01140118
0.01138711
0.01132274
0.01138282
0.01137757
0.01140070
0.01144147
0.01151896
0.01143622
0.01133084
0.01136112
0.01135445
0.01149178
0.01156878
0.01150131
0.01136565
0.01135564
0.01141191
0.01137567
0.01133418
0.01136684
0.01148009
0.01151276
0.01137328
0.01136732
0.01129818
0.01130319
0.01132441
0.01126218
0.01145864
0.01116872
0.01120901
0.01137519
0.01113224
0.01133180
0.01142335
0.01142526
0.01134968
0.01144052
0.01142883
0.01132059
0.01135516
0.01138997
0.01140690
0.01149178
0.01143217
0.01145196
0.01134992
0.01127529
0.01137304
0.01150370
0.01157689
0.01137733
0.01139712
0.01136637
0.01142573
0.01147103
0.01159286
0.01135254
0.01130891
0.01136541
0.01138496
0.01133680
0.01130199
0.01130533
0.01133204
0.01108098
0.01112080
0.01125264
0.01121926
0.01113272
0.01118588
0.01144767
0.01136112
0.01139522
0.01143599
0.01136732
0.01133084
0.01132846
0.01154470
0.01149344
0.01144338
0.01141119
0.01140833
0.01135468
0.01133180
0.01149607
0.01148534
0.01146340
0.01137710
0.01138520
0.01129174
0.01142287
0.01154017
0.01139331
0.01137590
0.01131153
0.01139355
0.01138639
0.01132035
0.01135039
0.01153088
0.01157951
0.01144171
0.01142955
0.01146412
0.01135731
0.01141167
0.01151156
0.01137781
0.01137781
0.01138449
0.01135969
0.01134276
0.01143742
0.01121545
0.01133943
0.01124525
0.01108503
0.01110625
0.01104760
0.01107645
0.01110315
0.01141882
0.01152635
0.01135516
0.01140690
0.01146245
0.01132178
0.01139331
0.01150727
0.01142120
0.01133561
0.01139116
0.01150537
0.01142120
0.01136565
0.01146078
0.01155424
0.01147270
0.01135850
0.01142550
0.01141596
0.01135588
0.01146340
0.01155877
0.01140261
0.01135516
0.01138306
0.01144433
0.01145029
0.01147223
0.01140618
0.01141381
0.01129484
0.01136971
0.01137996
0.01139927
0.01135421
0.01148844
0.01157880
0.01141095
0.01142597
0.01131773
0.01132369
0.01133513
0.01155138
0.01154494
0.01144648
0.01140881
0.01144385
0.01130772
0.01143169
0.01160693
0.01154208
0.01139188
0.01134014
0.01150680
0.01143670
0.01141834
0.01144409
0.01159549
0.01156592
0.01134777
0.01140833
0.01139665
0.01133990
0.01143265
0.01147485
0.01138878
0.01132417
0.01141143
0.01134491
0.01133847
0.01142550
0.01152134
0.01140547
0.01136398
0.01143026
0.01141381
0.01132965
0.01133156
0.01122403
0.01129937
0.01121902
0.01101494
0.01106977
0.01118588
0.01110792
0.01125431
0.01150084
0.01135135
0.01142287
0.01147246
0.01148295
0.01132131
0.01135778
0.01147556
0.01150203
0.01138735
0.01130319
0.01135254
0.01138401
0.01139450
0.01137900
0.01152205
0.01150465
0.01134539
0.01142788
0.01134253
0.01146650
0.01158857
0.01142955
0.01136351
0.01131296
0.01135612
0.01141548
0.01132870
0.01144457
0.01143193
0.01146197
0.01140022
0.01146436
0.01138783
0.01133513
0.01135087
0.01114368
0.01144457
0.01111269
0.01112723
0.01123953
0.01103234
0.01114535
0.01157451
0.01149416
0.01134276
0.01135635
0.01138401
0.01138878
0.01132107
0.01142597
0.01150107
0.01149225
0.01138830
0.01141119
0.01131058
0.01136708
0.01129127
0.01150179
0.01154828
0.01140285
0.01136899
0.01141024
0.01134062
0.01154876
0.01156330
0.01139951
0.01139116
0.01140904
0.01137185
0.01133204
0.01137781
0.01118612
0.01130009
0.01113319
0.01102233
0.01114321
0.01114035
0.01111722
0.01128006
0.01116061
0.01100802
0.01106596
0.01108623
0.01116514
0.01104498
0.01111674
0.01151204
0.01141667
0.01140881
0.01132083
0.01133943
0.01137471
0.01135731
0.01145172
0.01153183
0.01143169
0.01139402
0.01145172
0.01143646
0.01149106
0.01155353
0.01144910
0.01133537
0.01131034
0.01133966
0.01146317
0.01135039
0.01143622
0.01148701
0.01137352
0.01139617
0.01144910
0.01151466
0.01141143
0.01138997
0.01148891
0.01147318
0.01139641
0.01143932
0.01140738
0.01138568
0.01160455
0.01151514
0.01153159
0.01141191
0.01128411
0.01137900
0.01141047
0.01141167
0.01139951
0.01150131
0.01150155
0.01138496
0.01135063
0.01135874
0.01131606
0.01132131
0.01142454
0.01147914
0.01140094
0.01140380
0.01137280
0.01137733
0.01142764
0.01148486
0.01137614
0.01142192
0.01137018
0.01137781
0.01133037
0.01135707
0.01154232
0.01159549
0.01139832
0.01137614
0.01137948
0.01146817
0.01141071
0.01145267
0.01150680
0.01144028
0.01139760
0.01136160
0.01138091
0.01146579
0.01145673
0.01151538
0.01134014
0.01129079
0.01140761
0.01141405
0.01131368
0.01133585
0.01145792
0.01157379
0.01140928
0.01133132
0.01138163
0.01139116
0.01149821
0.01153970
0.01141047
0.01132631
0.01132345
0.01142907
0.01143503
0.01143265
0.01157022
0.02381706
0.02376676
0.02378750
0.02392292
0.02416754
0.02389860
0.02377987
0.02382231
0.02386141
0.02367020
0.02369523
0.02428842
0.02389550
0.02403688
0.02446246
0.02572799
0.02503037
0.02496457
0.02575135
0.02497578
0.02499843
0.02505994
0.02560043
0.02499819
0.02514338
0.02475643
0.02439570
0.02413464
0.02402925
0.02473736
0.02420568
0.02401948
0.02402520
0.02428007
0.02411532
0.02418590
0.02416205
0.02560973
0.02442193
0.02442408
0.02547479
0.02443671
0.02434301
0.02443647
0.02445102
0.02523088
0.02432418
0.02412319
0.02523494
0.02420259
0.02411819
0.02417827
0.02421021
0.02401352
0.02408862
0.02393508
0.02408648
0.02393770
0.02395821
0.02413797
0.02443290
0.02408838
0.02434969
0.02521038
0.02435350
0.02484965
0.02511573
0.02547479
0.02525330
0.02552080
0.02565002
0.02611041
0.02563190
0.02558851
0.02579451
0.02570415
0.02578330
0.02577686
0.02598429
0.02574658
0.02558327
0.02703118
0.02572083
0.02579284
0.02655840
0.02590990
0.02577567
0.02579832
0.02675819
0.02590013
0.02596331
0.02594042
0.02634263
0.02577472
0.02610373
0.02628016
0.02587795
0.02580786
0.02585173
0.02620101
0.02577233
0.02581167
0.02670121
0.02531695
0.02548766
0.02656198
0.02546000
0.02536201
0.02539921
0.02540827
0.02531290
0.02546358
0.02525401
0.02540588
0.02528381
0.02525902
0.02540970
0.02528906
0.02535486
0.02514720
0.02665615
0.02536917
0.02532315
0.02523804
0.02568769
0.02529621
0.02512026
0.02553415
0.02500963
0.02516532
0.02512145
0.02516627
0.02473044
0.02460551
0.02509022
0.02554202
0.02495766
0.02466798
0.02515483
0.02498484
0.02502084
0.02503538
0.02520299
0.02501416
0.02513957
0.02512336
0.02542830
0.02525091
0.02542400
0.02592206
0.02545857
0.02552700
0.02546048
0.02601051
0.02565527
0.02561855
0.02616572
0.02564025
0.02548480
0.02620888
0.02554941
0.02555275
0.02542377
0.02570152
0.02540827
0.02540302
0.02532458
0.02552414
0.02533293
0.02538896
0.02548504
0.02537441
0.02531481
0.02546620
0.02587295
0.02556849
0.02550411
0.02563024
0.02592421
0.02576208
0.02587914
0.02622843
0.02568698
0.02594352
0.02605486
0.02639723
0.02612042
0.02627635
0.02700281
0.02610207
0.02584243
0.02712584
0.02561593
0.02564549
0.02568245
0.02622461
0.02556038
0.02569628
0.02566624
0.02595139
0.02558589
0.02587366
0.02609539
0.02572656
0.02575326
0.02584195
0.02628899
0.02605057
0.02606177
0.02625465
0.02613711
0.02620387
0.02690506
0.02708364
0.02635622
0.02659535
0.02730036
0.02648640
0.02630138
0.02655554
0.02717805
0.02679777
0.02653098
0.02687836
0.02628160
0.02621460
0.02640462
0.02688622
0.02629066
0.02614832
0.02703619
0.02599597
0.02567101
0.02628136
0.02584076
0.02555895
0.02550983
0.02685785
0.02550936
0.02531862
0.02633762
0.02530837
0.02492809
0.02533460
0.02564669
0.02428269
0.02429104
0.02473879
0.02568817
0.02518249
0.02538157
0.02528024
0.01294374
0.01272988
0.01273632
0.01275277
0.01276302
0.01274514
0.02526283
0.02530551
0.02529597
0.02523375
0.02563500
0.01316404
0.02528214
0.01329494
0.01313233
0.02508879
0.02515435
0.02517843
0.02569437
0.02467346
0.02422905
0.02422786
0.02457905
0.02409220
0.02421045
0.02443171
0.02422905
0.02425313
0.02427626
0.02486444
0.02412558
0.02417493
0.02427983
0.02462149
0.02417135
0.02414608
0.02520108
0.02415466
0.02413201
0.02434111
0.02431631
0.02410245
0.02409387
0.02397394
0.02515626
0.02394700
0.02391529
0.02468300
0.02398610
0.02400231
0.02403760
0.02401114
0.02485442
0.02381444
0.02383709
0.02405357
0.02422976
0.02407646
0.02403569
0.02435327
0.02393317
0.02383900
0.02399898
0.02437091
0.02385736
0.01135659
0.01135206
0.01123691
0.01128864
0.01127052
0.01127529
0.01117826
0.01110506
0.01117325
0.01120090
0.01135111
0.01115823
0.01100063
0.01098394
0.01101780
0.01104450
0.01095462
0.01092720
0.01099896
0.01120901
0.01102281
0.01093030
0.01090813
0.01102662
0.01092863
0.01089764
0.01094866
0.01108956
0.01093864
0.01092124
0.01097322
0.01094651
0.01102948
0.01106763
0.01094818
0.01092029
0.01086664
0.01087666
0.01091504
0.01092958
0.01095748
0.01104355
0.01107335
0.01090860
0.01091051
0.01094770
0.01083422
0.01085854
0.01087570
0.01097274
0.01084995
0.01083541
0.01088142
0.01087832
0.01098156
0.01104712
0.01090527
0.01086545
0.01087117
0.01091146
0.02337790
0.02351427
0.02429962
0.02342200
0.02364874
0.02365041
0.02363586
0.02341270
0.02354956
0.02399516
0.02376437
0.02363896
0.02375031
0.02518392
0.02380562
0.02430224
0.02474451
0.02406526
0.02404928
0.02412271
0.02414060
0.02480268
0.02502918
0.02480245
0.02587914
0.02493286
0.02488661
0.02562165
0.02518606
0.02529526
0.02537084
0.02542734
0.02544761
0.02521992
0.02516794
0.02622485
0.02526975
0.02529669
0.02585411
0.02517509
0.01292467
0.02485919
0.02501559
0.02533770
0.02476621
0.02472281
0.02489209
0.02442122
0.02377510
0.02384734
0.02411413
0.02361917
0.02362871
0.02378559
0.02436185
0.02381730
0.02381516
0.02383661
0.02396822
0.02387094
0.02387261
0.02409887
0.02394795
0.02401304
0.02398539
0.02477407
0.02403402
0.02406645
0.02411151
0.02485418
0.02424526
0.02405477
0.02526307
0.02409267
0.02409148
0.02415037
