246.000,226.000,94.000,114.000
244.773,232.953,94.000,114.000
247.636,238.269,94.000,114.000
248.863,238.678,94.000,114.000
250.090,240.723,94.000,114.000
252.135,242.768,94.000,114.000
254.180,244.813,94.000,114.000
254.589,244.404,94.000,114.000
254.997,243.995,94.000,114.000
255.406,245.222,94.000,114.000
256.633,243.995,94.000,114.000
259.496,243.586,94.000,114.000
262.359,242.359,94.000,114.000
265.222,240.314,94.000,114.000
268.903,239.087,94.000,114.000
271.765,237.860,94.000,114.000
271.356,237.451,94.000,114.000
271.765,233.771,94.000,114.000
277.900,230.090,94.000,114.000
284.853,230.499,94.000,114.000
277.900,230.908,94.000,114.000
271.765,225.591,94.000,114.000
275.446,217.003,94.000,114.000
281.581,209.232,94.000,114.000
295.077,203.097,94.000,114.000
312.663,199.417,94.000,114.000
326.159,204.733,94.000,114.000
321.660,209.232,94.000,114.000
313.890,212.913,94.000,114.000
302.848,219.047,94.000,114.000
282.808,220.274,94.000,114.000
263.586,217.412,94.000,114.000
259.905,212.095,94.000,114.000
275.037,206.778,94.000,114.000
291.805,203.097,94.000,114.000
312.663,201.052,94.000,114.000
333.521,205.551,94.000,114.000
340.473,213.322,94.000,114.000
330.249,224.364,94.000,114.000
303.666,235.406,94.000,114.000
272.992,241.541,94.000,114.000
249.681,231.317,94.000,114.000
242.728,217.820,94.000,114.000
260.314,208.414,94.000,114.000
280.354,201.461,94.000,114.000
299.576,201.052,94.000,114.000
321.024,203.610,96.080,116.522
328.131,210.717,96.080,116.522
310.156,218.659,96.080,116.522
291.345,219.913,96.080,116.522
279.222,214.479,96.080,116.522
277.132,205.700,96.080,116.522
291.763,200.266,96.080,116.522
313.918,203.192,96.080,116.522
330.221,208.626,96.080,116.522
334.819,211.553,96.080,116.522
316.008,211.971,96.080,116.522
282.148,212.389,96.080,116.522
244.221,203.727,98.206,119.100
218.157,195.609,98.206,119.100
219.439,184.072,98.206,119.100
238.666,168.263,98.206,119.100
258.748,161.854,98.206,119.100
275.412,169.118,98.206,119.100
290.366,187.490,98.206,119.100
292.503,210.990,98.206,119.100
279.257,232.781,98.206,119.100
269.430,239.190,98.206,119.100
260.457,223.381,98.206,119.100
259.175,205.009,98.206,119.100
265.585,198.600,98.206,119.100
276.266,205.863,98.206,119.100
282.675,227.654,98.206,119.100
269.430,257.136,98.206,119.100
259.603,269.527,98.206,119.100
244.648,256.281,98.206,119.100
237.385,221.672,98.206,119.100
250.630,179.372,98.206,119.100
261.312,163.563,98.206,119.100
282.248,176.809,98.206,119.100
298.912,207.999,98.206,119.100
290.794,244.318,98.206,119.100
271.566,273.799,98.206,119.100
243.794,276.790,98.206,119.100
223.712,252.436,98.206,119.100
224.994,214.409,98.206,119.100
239.948,199.454,98.206,119.100
264.303,213.554,98.206,119.100
293.785,243.036,98.206,119.100
301.048,271.663,98.206,119.100
286.094,291.745,98.206,119.100
260.030,288.754,98.206,119.100
236.530,263.545,98.206,119.100
236.957,231.499,98.206,119.100
265.585,220.818,98.206,119.100
296.775,228.081,98.206,119.100
327.112,243.036,98.206,119.100
344.630,252.863,98.206,119.100
338.221,260.127,98.206,119.100
308.739,258.845,98.206,119.100
266.439,258.418,98.206,119.100
227.557,249.445,98.206,119.100
183.548,239.618,98.206,119.100
166.030,230.645,98.206,119.100
190.385,213.981,98.206,119.100
229.266,195.609,98.206,119.100
258.748,184.072,98.206,119.100
293.357,169.972,98.206,119.100
304.894,161.854,98.206,119.100
287.376,158.009,98.206,119.100
269.003,155.872,98.206,119.100
253.194,153.736,98.206,119.100
258.748,150.745,98.206,119.100
277.121,156.299,98.206,119.100
311.730,169.545,98.206,119.100
334.376,187.918,98.206,119.100
345.057,194.327,98.206,119.100
328.394,192.190,98.206,119.100
289.512,190.054,98.206,119.100
235.248,184.499,98.206,119.100
187.821,174.672,98.206,119.100
169.448,172.536,98.206,119.100
190.385,178.090,98.206,119.100
236.957,184.499,98.206,119.100
279.257,196.890,98.206,119.100
318.139,204.154,98.206,119.100
345.057,202.018,98.206,119.100
330.103,199.881,98.206,119.100
301.475,194.327,98.206,119.100
260.936,173.061,100.378,121.735
225.561,149.914,100.378,121.735
229.492,132.882,100.378,121.735
249.144,129.825,100.378,121.735
265.303,149.478,100.378,121.735
282.335,180.485,100.378,121.735
290.633,208.872,100.378,121.735
274.474,233.766,100.378,121.735
253.948,242.064,100.378,121.735
233.422,232.892,100.378,121.735
227.745,205.379,100.378,121.735
247.397,182.232,100.378,121.735
268.797,175.681,100.378,121.735
284.082,186.599,100.378,121.735
292.380,213.240,100.378,121.735
289.323,251.235,100.378,121.735
283.646,285.736,100.378,121.735
286.703,296.654,100.378,121.735
283.646,278.749,100.378,121.735
289.323,232.019,100.378,121.735
297.621,174.808,100.378,121.735
294.564,140.307,100.378,121.735
289.760,134.629,100.378,121.735
281.462,167.384,100.378,121.735
285.392,232.456,100.378,121.735
301.551,294.034,100.378,121.735
310.723,327.662,100.378,121.735
318.147,310.630,100.378,121.735
319.457,262.153,100.378,121.735
309.412,199.701,100.378,121.735
301.988,156.465,100.378,121.735
298.058,152.535,100.378,121.735
292.380,190.530,100.378,121.735
298.058,254.729,100.378,121.735
315.963,298.838,100.378,121.735
319.894,309.756,100.378,121.735
311.596,283.116,100.378,121.735
308.539,234.639,100.378,121.735
310.723,186.163,100.378,121.735
304.172,168.257,100.378,121.735
296.747,181.795,100.378,121.735
294.564,226.778,100.378,121.735
295.874,277.875,100.378,121.735
289.323,307.136,100.378,121.735
281.025,308.446,100.378,121.735
285.829,288.793,100.378,121.735
277.531,268.267,100.378,121.735
273.601,253.855,100.378,121.735
276.658,253.419,100.378,121.735
257.879,261.716,100.378,121.735
235.606,279.622,100.378,121.735
214.206,295.781,100.378,121.735
196.300,305.826,100.378,121.735
195.864,308.883,100.378,121.735
218.137,302.332,100.378,121.735
249.144,295.781,100.378,121.735
276.658,291.850,100.378,121.735
308.539,286.173,100.378,121.735
327.318,283.116,100.378,121.735
319.894,278.312,100.378,121.735
297.621,270.014,100.378,121.735
261.373,257.349,100.378,121.735
225.124,249.051,100.378,121.735
198.484,244.247,100.378,121.735
186.692,238.570,100.378,121.735
198.484,232.892,100.378,121.735
230.365,226.342,100.378,121.735
265.956,216.386,102.599,124.429
311.934,208.797,102.599,124.429
342.735,204.780,102.599,124.429
353.002,202.548,102.599,124.429
344.520,199.423,102.599,124.429
316.398,196.298,102.599,124.429
278.455,192.281,102.599,124.429
238.726,182.014,102.599,124.429
220.424,162.819,102.599,124.429
240.512,148.088,102.599,124.429
274.884,149.428,102.599,124.429
304.792,158.802,102.599,124.429
332.021,164.605,102.599,124.429
336.039,163.266,102.599,124.429
307.024,159.248,102.599,124.429
271.759,155.231,102.599,124.429
243.636,147.642,102.599,124.429
228.013,144.517,102.599,124.429
244.529,152.106,102.599,124.429
283.365,166.837,102.599,124.429
310.595,187.817,102.599,124.429
331.575,198.977,102.599,124.429
339.164,208.351,102.599,124.429
321.754,218.618,102.599,124.429
293.632,230.670,102.599,124.429
266.402,241.830,102.599,124.429
246.315,234.241,102.599,124.429
244.976,212.368,102.599,124.429
273.098,195.852,102.599,124.429
309.256,196.298,102.599,124.429
340.056,209.244,102.599,124.429
368.179,217.725,102.599,124.429
363.269,213.708,102.599,124.429
325.326,205.226,102.599,124.429
275.776,186.031,102.599,124.429
246.761,168.622,102.599,124.429
241.851,155.677,102.599,124.429
267.295,148.981,102.599,124.429
292.558,156.404,104.869,127.182
316.740,177.849,104.869,127.182
342.748,191.080,104.869,127.182
340.466,201.574,104.869,127.182
308.984,200.206,104.869,127.182
265.639,193.362,104.869,127.182
217.731,172.830,104.869,127.182
175.298,155.948,104.869,127.182
153.854,148.191,104.869,127.182
160.698,139.522,104.869,127.182
188.530,132.678,104.869,127.182
221.837,140.435,104.869,127.182
254.232,160.054,104.869,127.182
290.277,186.061,104.869,127.182
311.721,218.456,104.869,127.182
320.391,240.813,104.869,127.182
297.121,261.345,104.869,127.182
251.038,270.927,104.869,127.182
214.081,264.995,104.869,127.182
183.511,239.901,104.869,127.182
193.093,206.593,104.869,127.182
228.225,184.236,104.869,127.182
257.882,182.868,104.869,127.182
280.239,204.312,104.869,127.182
300.771,226.669,104.869,127.182
303.965,248.113,104.869,127.182
282.520,257.695,104.869,127.182
248.301,249.026,104.869,127.182
213.168,212.981,104.869,127.182
209.062,165.986,104.869,127.182
235.981,142.716,104.869,127.182
271.114,147.735,104.869,127.182
303.509,181.955,104.869,127.182
329.516,215.262,104.869,127.182
338.185,238.532,104.869,127.182
313.090,247.201,104.869,127.182
260.620,243.095,104.869,127.182
205.412,222.563,104.869,127.182
175.754,196.556,104.869,127.182
188.074,165.986,104.869,127.182
229.594,148.191,104.869,127.182
266.551,151.385,104.869,127.182
298.946,165.530,104.869,127.182
318.565,180.586,104.869,127.182
315.372,191.993,104.869,127.182
302.140,205.225,104.869,127.182
278.870,202.943,104.869,127.182
230.050,181.499,104.869,127.182
214.993,160.967,104.869,127.182
241.913,151.385,104.869,127.182
291.646,153.667,104.869,127.182
333.166,167.811,104.869,127.182
362.823,188.343,104.869,127.182
365.104,190.624,104.869,127.182
340.010,182.868,104.869,127.182
304.877,173.286,104.869,127.182
256.057,158.229,104.869,127.182
209.974,154.123,104.869,127.182
201.305,152.754,104.869,127.182
218.187,151.385,104.869,127.182
252.407,156.404,104.869,127.182
291.189,165.073,104.869,127.182
337.272,174.655,104.869,127.182
381.530,181.499,104.869,127.182
399.324,187.430,104.869,127.182
388.830,183.324,104.869,127.182
355.954,174.816,107.189,129.996
303.255,158.494,107.189,129.996
239.364,146.835,107.189,129.996
177.338,137.974,107.189,129.996
130.236,136.575,107.189,129.996
109.250,141.705,107.189,129.996
119.976,147.767,107.189,129.996
158.684,150.099,107.189,129.996
208.584,153.364,107.189,129.996
262.073,157.248,109.561,132.872
318.798,166.305,109.561,132.872
359.316,176.315,109.561,132.872
380.766,184.419,109.561,132.872
373.616,183.942,109.561,132.872
349.305,178.699,109.561,132.872
309.741,168.688,109.561,132.872
269.224,155.818,109.561,132.872
249.680,147.714,109.561,132.872
255.877,149.144,109.561,132.872
283.047,158.201,109.561,132.872
320.705,171.072,109.561,132.872
354.549,185.849,109.561,132.872
375.046,193.952,109.561,132.872
380.290,201.102,109.561,132.872
370.279,213.973,109.561,132.872
358.362,236.377,109.561,132.872
349.305,257.827,109.561,132.872
338.342,264.024,109.561,132.872
329.285,239.713,109.561,132.872
313.555,191.569,109.561,132.872
294.964,139.611,109.561,132.872
298.301,102.907,109.561,132.872
293.057,91.943,109.561,132.872
284.954,108.627,109.561,132.872
279.710,151.051,109.561,132.872
280.187,207.776,109.561,132.872
286.384,249.247,109.561,132.872
290.674,272.604,109.561,132.872
287.337,262.594,109.561,132.872
285.907,224.936,109.561,132.872
291.151,172.025,109.561,132.872
300.208,128.647,109.561,132.872
294.011,111.010,109.561,132.872
284.001,120.067,109.561,132.872
273.990,163.445,109.561,132.872
268.747,219.216,109.561,132.872
266.363,256.874,109.561,132.872
265.887,265.931,109.561,132.872
275.897,227.320,109.561,132.872
291.627,178.222,109.561,132.872
291.151,154.865,109.561,132.872
307.834,148.668,109.561,132.872
312.125,155.818,109.561,132.872
289.721,168.688,109.561,132.872
273.037,177.745,109.561,132.872
264.933,160.108,109.561,132.872
272.084,138.658,109.561,132.872
284.001,139.134,109.561,132.872
299.731,165.352,109.561,132.872
326.902,200.149,109.561,132.872
335.958,224.460,109.561,132.872
322.135,238.283,109.561,132.872
297.824,222.553,109.561,132.872
275.420,172.502,109.561,132.872
260.643,130.077,109.561,132.872
270.654,125.787,109.561,132.872
302.591,165.352,109.561,132.872
328.808,203.009,109.561,132.872
337.865,226.366,109.561,132.872
314.508,222.076,109.561,132.872
282.570,189.186,109.561,132.872
263.027,137.228,109.561,132.872
270.177,114.824,109.561,132.872
293.534,132.461,109.561,132.872
319.751,171.072,109.561,132.872
339.295,199.196,109.561,132.872
331.192,213.973,109.561,132.872
296.394,209.683,109.561,132.872
258.737,191.092,109.561,132.872
231.566,169.642,109.561,132.872
227.276,158.678,109.561,132.872
244.913,161.062,109.561,132.872
268.270,179.652,109.561,132.872
292.581,203.009,109.561,132.872
314.031,220.646,109.561,132.872
315.461,228.750,109.561,132.872
297.824,228.273,109.561,132.872
270.654,215.403,109.561,132.872
258.737,197.766,109.561,132.872
272.560,195.382,109.561,132.872
310.218,205.393,109.561,132.872
330.715,223.030,109.561,132.872
340.725,226.366,109.561,132.872
334.528,218.263,109.561,132.872
309.264,208.253,109.561,132.872
281.140,189.662,109.561,132.872
263.503,178.699,109.561,132.872
273.514,167.735,109.561,132.872
305.451,164.398,109.561,132.872
312.601,174.409,109.561,132.872
322.612,183.465,109.561,132.872
324.042,189.662,109.561,132.872
288.291,187.279,109.561,132.872
250.633,178.222,109.561,132.872
221.556,159.631,109.561,132.872
210.592,152.481,109.561,132.872
232.996,155.818,109.561,132.872
266.840,172.502,109.561,132.872
282.571,192.999,109.561,132.872
304.021,203.009,109.561,132.872
308.311,210.159,109.561,132.872
287.814,205.869,109.561,132.872
265.410,189.186,109.561,132.872
254.447,180.129,109.561,132.872
276.850,181.559,109.561,132.872
311.648,197.289,109.561,132.872
327.378,211.113,109.561,132.872
334.528,215.403,109.561,132.872
323.565,208.253,109.561,132.872
300.208,193.476,109.561,132.872
267.317,178.699,109.561,132.872
251.586,173.455,109.561,132.872
269.224,175.839,109.561,132.872
291.627,184.895,109.561,132.872
307.358,197.766,109.561,132.872
324.995,199.196,109.561,132.872
321.658,191.092,109.561,132.872
302.114,175.362,109.561,132.872
279.710,152.958,109.561,132.872
264.933,131.508,109.561,132.872
259.690,130.077,109.561,132.872
267.794,148.668,109.561,132.872
272.084,173.932,109.561,132.872
276.374,187.756,109.561,132.872
264.457,194.906,109.561,132.872
243.960,190.616,109.561,132.872
229.183,180.605,109.561,132.872
220.126,175.362,109.561,132.872
239.669,184.419,109.561,132.872
275.420,204.916,109.561,132.872
303.544,225.413,109.561,132.872
325.948,232.563,109.561,132.872
332.145,231.133,109.561,132.872
324.042,227.797,109.561,132.872
312.125,221.600,109.561,132.872
302.114,212.543,109.561,132.872
292.104,210.159,109.561,132.872
287.814,218.263,109.561,132.872
291.151,226.366,109.561,132.872
286.861,230.657,109.561,132.872
277.804,225.413,109.561,132.872
261.120,212.543,109.561,132.872
255.876,203.486,109.561,132.872
260.167,205.869,109.561,132.872
279.710,217.786,109.561,132.872
300.208,225.890,109.561,132.872
312.125,222.553,109.561,132.872
311.648,216.356,109.561,132.872
303.544,194.906,109.561,132.872
297.347,171.548,109.561,132.872
302.591,166.305,109.561,132.872
312.601,178.222,109.561,132.872
325.472,199.672,109.561,132.872
333.575,212.543,109.561,132.872
330.238,219.693,109.561,132.872
309.741,212.543,109.561,132.872
290.197,190.139,109.561,132.872
272.560,153.435,109.561,132.872
264.457,135.798,109.561,132.872
268.747,145.808,109.561,132.872
272.084,175.839,109.561,132.872
276.374,200.149,109.561,132.872
266.363,217.786,109.561,132.872
270.654,209.683,109.561,132.872
291.151,202.533,109.561,132.872
313.555,212.543,109.561,132.872
334.052,221.600,109.561,132.872
339.295,216.356,109.561,132.872
316.891,205.393,109.561,132.872
284.001,187.756,109.561,132.872
260.643,171.072,109.561,132.872
255.400,167.735,109.561,132.872
276.850,176.792,109.561,132.872
299.254,195.382,109.561,132.872
312.125,207.299,109.561,132.872
329.762,215.403,109.561,132.872
334.052,214.926,109.561,132.872
326.902,209.683,109.561,132.872
314.031,204.439,109.561,132.872
304.021,203.963,109.561,132.872
302.591,209.206,109.561,132.872
306.881,213.496,109.561,132.872
303.544,218.740,109.561,132.872
