245.000,64.000,12.000,13.000
245.640,64.443,12.000,13.000
245.098,63.803,12.000,13.000
245.738,64.148,12.000,13.000
245.984,63.410,12.000,13.000
246.427,63.754,12.000,13.000
246.771,63.902,12.000,13.000
246.033,64.049,12.000,13.000
246.476,63.213,12.000,13.000
247.017,63.360,12.000,13.000
246.476,63.508,12.000,13.000
247.017,63.656,12.000,13.000
246.574,63.705,12.000,13.000
246.427,63.754,12.000,13.000
247.460,64.000,12.000,13.000
247.706,64.246,12.000,13.000
246.870,63.410,12.000,13.000
246.722,63.656,12.000,13.000
246.181,63.902,12.000,13.000
246.525,64.049,12.000,13.000
245.787,63.213,12.000,13.000
246.033,63.459,12.000,13.000
245.886,63.705,12.000,13.000
245.541,64.049,12.000,13.000
244.803,63.410,12.000,13.000
244.262,63.852,12.000,13.000
243.918,64.295,12.000,13.000
243.081,63.656,12.000,13.000
242.343,64.098,12.000,13.000
241.802,63.360,12.000,13.000
240.670,63.902,12.000,13.000
239.440,64.541,12.000,13.000
238.800,64.197,12.000,13.000
237.078,64.049,12.000,13.000
236.242,64.295,12.000,13.000
235.307,64.836,12.000,13.000
233.979,65.378,12.000,13.000
231.961,64.836,12.000,13.000
230.141,65.476,12.000,13.000
228.714,65.033,12.000,13.000
226.500,64.492,12.000,13.000
225.565,65.033,12.000,13.000
222.760,64.394,12.000,13.000
220.841,64.344,12.000,13.000
219.021,63.705,12.000,13.000
217.594,63.951,12.000,13.000
215.380,63.705,12.000,13.000
214.347,63.065,12.000,13.000
212.428,62.130,12.000,13.000
210.607,61.786,12.000,13.000
208.295,62.426,12.000,13.000
207.065,61.884,12.000,13.000
205.047,62.524,12.000,13.000
203.325,62.475,12.000,13.000
201.997,62.721,12.000,13.000
199.980,63.262,12.000,13.000
198.061,62.819,12.000,13.000
196.339,63.459,12.000,13.000
195.010,63.114,12.000,13.000
192.796,62.672,12.000,13.000
190.779,63.114,12.000,13.000
189.056,62.278,12.000,13.000
187.728,62.229,12.000,13.000
185.612,61.884,12.000,13.000
183.890,62.327,12.000,13.000
182.463,61.491,12.000,13.000
181.135,61.245,12.000,13.000
178.921,60.802,12.000,13.000
177.002,61.441,12.000,13.000
175.378,61.195,12.000,13.000
174.050,60.949,12.000,13.000
171.836,61.786,12.000,13.000
169.818,62.032,12.000,13.000
167.702,61.491,12.000,13.000
165.685,62.229,12.000,13.000
163.963,62.278,12.000,13.000
162.536,62.721,12.000,13.000
160.322,63.065,12.000,13.000
159.424,62.156,12.266,13.288
157.362,62.809,12.266,13.288
155.713,62.088,12.537,13.582
154.325,61.626,12.537,13.582
152.937,61.883,12.537,13.582
152.269,60.495,12.537,13.582
150.778,60.341,12.537,13.582
150.521,59.981,12.537,13.582
149.853,59.518,12.537,13.582
149.904,60.392,12.537,13.582
149.853,60.649,12.537,13.582
149.699,61.112,12.537,13.582
149.442,60.855,12.537,13.582
149.390,61.112,12.537,13.582
149.647,61.677,12.537,13.582
150.315,62.345,12.537,13.582
150.264,62.602,12.537,13.582
150.499,62.399,12.814,13.882
151.175,61.973,13.098,14.189
151.658,61.275,13.098,14.189
151.123,61.619,13.388,14.503
151.617,61.125,13.388,14.503
152.111,61.509,13.388,14.503
151.837,60.576,13.388,14.503
151.562,60.082,13.388,14.503
152.495,60.576,13.388,14.503
152.879,59.753,13.388,14.503
152.385,60.137,13.388,14.503
152.879,60.521,13.388,14.503
152.495,59.917,13.388,14.503
153.209,60.412,13.388,14.503
153.044,60.027,13.388,14.503
153.181,60.949,13.684,14.824
153.125,61.342,13.684,14.824
154.191,62.183,13.684,14.824
153.574,62.688,13.684,14.824
154.303,62.744,13.684,14.824
154.135,63.474,13.684,14.824
155.201,64.315,13.684,14.824
154.920,64.932,13.684,14.824
155.874,64.652,13.684,14.824
156.379,64.484,13.684,14.824
155.704,65.193,13.987,15.152
156.203,64.490,14.296,15.487
156.349,64.136,14.612,15.830
156.050,63.357,14.612,15.830
155.271,63.417,14.612,15.830
154.971,62.878,14.612,15.830
154.432,62.458,14.612,15.830
154.706,61.475,14.936,16.180
153.587,60.724,15.266,16.538
153.400,60.161,15.266,16.538
152.586,60.224,15.266,16.538
152.022,59.660,15.266,16.538
150.750,58.763,15.604,16.904
149.714,59.041,15.949,17.278
149.779,58.583,15.949,17.278
148.929,58.256,15.949,17.278
148.602,58.975,15.949,17.278
147.752,58.517,15.949,17.278
147.556,58.975,15.949,17.278
147.098,59.433,15.949,17.278
146.379,58.583,15.949,17.278
146.706,59.041,15.949,17.278
146.902,59.106,15.949,17.278
146.967,58.517,15.949,17.278
146.771,57.536,15.949,17.278
146.314,56.817,15.949,17.278
145.594,56.229,15.949,17.278
145.006,56.163,15.949,17.278
144.548,55.705,15.949,17.278
143.436,55.117,15.949,17.278
142.324,55.705,15.949,17.278
141.082,55.248,15.949,17.278
139.839,56.098,15.949,17.278
138.989,56.163,15.949,17.278
137.660,56.583,16.302,17.660
135.607,56.318,16.663,18.051
133.079,56.796,16.663,18.051
131.644,56.318,16.663,18.051
129.116,57.069,16.663,18.051
127.955,56.728,16.663,18.051
126.247,56.386,16.663,18.051
123.582,57.138,16.663,18.051
122.284,56.660,16.663,18.051
120.303,56.045,16.663,18.051
118.868,56.113,16.663,18.051
117.844,55.088,16.663,18.051
116.545,54.337,16.663,18.051
115.111,53.722,16.663,18.051
114.086,52.560,16.663,18.051
112.788,51.672,16.663,18.051
111.080,51.604,16.663,18.051
109.782,51.126,16.663,18.051
108.074,51.740,16.663,18.051
106.776,51.262,16.663,18.051
105.478,51.877,16.663,18.051
104.179,51.536,16.663,18.051
102.881,51.467,16.663,18.051
102.540,52.219,16.663,18.051
101.788,52.287,16.663,18.051
101.173,52.355,16.663,18.051
100.285,52.834,16.663,18.051
99.670,52.082,16.663,18.051
100.012,52.424,16.663,18.051
99.807,52.355,16.663,18.051
99.055,51.604,16.663,18.051
98.714,50.579,16.663,18.051
97.962,50.101,16.663,18.051
97.347,50.716,16.663,18.051
96.186,50.237,16.663,18.051
95.025,51.126,16.663,18.051
94.410,50.784,16.663,18.051
93.248,50.442,16.663,18.051
91.950,51.331,16.663,18.051
90.925,51.945,16.663,18.051
89.764,51.604,16.663,18.051
88.091,51.900,17.031,18.450
85.512,52.638,17.408,18.859
84.208,52.948,17.793,19.276
81.968,53.113,18.187,19.702
80.551,53.038,18.187,19.702
78.725,53.362,18.589,20.138
76.226,52.269,19.001,20.584
75.369,51.568,19.001,20.584
73.785,50.613,19.421,21.039
73.068,49.578,19.421,21.039
72.829,48.702,19.421,21.039
72.113,47.985,19.421,21.039
71.320,47.339,19.851,21.505
71.564,47.095,19.851,21.505
72.104,47.449,20.290,21.981
71.688,47.365,20.290,21.981
72.770,47.116,20.290,21.981
72.977,47.822,20.739,22.467
73.894,48.367,21.198,22.964
74.850,48.628,21.198,22.964
75.980,47.498,21.198,22.964
77.284,48.454,21.198,22.964
78.222,47.028,21.667,23.472
79.199,46.939,21.667,23.472
80.354,46.317,21.667,23.472
81.153,45.340,21.667,23.472
82.486,45.074,21.667,23.472
82.219,45.696,21.667,23.472
82.841,44.718,21.667,23.472
82.878,45.473,22.146,23.991
84.059,44.655,22.146,23.991
83.786,45.109,22.146,23.991
85.148,44.110,22.146,23.991
85.421,44.383,22.146,23.991
86.400,45.342,22.636,24.522
86.679,44.693,22.636,24.522
87.328,45.713,22.636,24.522
87.236,46.178,22.636,24.522
87.328,45.713,22.636,24.522
87.607,46.363,22.636,24.522
87.068,45.033,23.137,25.065
87.921,45.697,23.137,25.065
88.206,44.274,23.137,25.065
89.060,44.938,23.137,25.065
89.534,43.894,23.137,25.065
89.439,43.420,23.137,25.065
90.103,43.515,23.137,25.065
91.147,42.282,23.137,25.065
91.811,42.756,23.137,25.065
91.526,41.523,23.137,25.065
91.811,40.479,23.137,25.065
92.665,39.815,23.137,25.065
93.098,40.817,23.649,25.619
93.970,39.945,23.649,25.619
94.212,40.567,24.172,26.186
94.905,40.269,24.172,26.186
96.590,39.972,24.172,26.186
97.454,40.402,24.707,26.766
99.379,41.111,24.707,26.766
100.892,41.341,25.253,27.358
102.439,41.790,25.812,27.963
105.338,42.030,26.383,28.582
107.393,43.220,26.383,28.582
109.881,42.462,26.383,28.582
113.967,43.381,26.967,29.214
116.510,44.597,26.967,29.214
120.456,43.241,27.563,29.860
123.082,44.201,28.173,30.521
125.970,43.161,28.173,30.521
128.858,42.584,28.173,30.521
131.053,41.313,28.173,30.521
133.248,40.273,28.173,30.521
135.212,39.465,28.173,30.521
136.944,39.811,28.173,30.521
138.446,38.771,28.173,30.521
139.717,37.963,28.173,30.521
141.218,38.078,28.173,30.521
142.720,37.732,28.173,30.521
144.222,37.154,28.173,30.521
146.186,37.963,28.173,30.521
147.918,37.385,28.173,30.521
149.651,37.501,28.173,30.521
152.077,37.616,28.173,30.521
155.196,38.194,28.173,30.521
159.239,39.002,28.173,30.521
162.358,39.349,28.173,30.521
166.632,38.771,28.173,30.521
169.520,40.273,28.173,30.521
173.563,41.313,28.173,30.521
177.837,42.121,28.173,30.521
181.960,43.342,28.797,31.196
187.037,42.515,28.797,31.196
191.642,43.342,28.797,31.196
194.386,43.364,29.434,31.887
198.851,42.037,29.434,31.887
202.834,42.399,29.434,31.887
206.092,41.071,29.434,31.887
209.351,39.985,29.434,31.887
211.885,40.830,29.434,31.887
214.902,39.744,29.434,31.887
217.437,39.140,29.434,31.887
219.730,38.778,29.434,31.887
222.506,40.347,29.434,31.887
225.281,39.502,29.434,31.887
228.540,40.830,29.434,31.887
230.833,41.916,29.434,31.887
234.091,42.761,29.434,31.887
237.591,43.364,29.434,31.887
240.126,43.485,29.434,31.887
243.867,44.571,29.434,31.887
246.401,45.416,29.434,31.887
249.177,45.054,29.434,31.887
253.401,45.899,29.434,31.887
255.211,45.295,29.434,31.887
258.711,44.209,29.434,31.887
260.521,44.088,29.434,31.887
262.814,43.485,29.434,31.887
265.349,44.088,29.434,31.887
267.401,43.002,29.434,31.887
269.211,44.088,29.434,31.887
271.987,43.244,29.434,31.887
274.280,43.606,29.434,31.887
277.055,44.692,29.434,31.887
279.590,45.054,29.434,31.887
281.641,45.899,29.434,31.887
283.452,46.261,29.434,31.887
285.745,45.416,29.434,31.887
287.555,45.295,29.434,31.887
288.882,44.692,29.434,31.887
290.451,44.088,29.434,31.887
291.538,43.244,29.434,31.887
292.624,42.640,29.434,31.887
293.710,42.519,29.434,31.887
294.555,41.192,29.434,31.887
294.917,40.106,29.434,31.887
296.003,39.020,29.434,31.887
296.606,39.382,29.434,31.887
296.486,37.330,29.434,31.887
297.330,35.761,29.434,31.887
298.175,35.399,29.434,31.887
299.986,34.554,29.434,31.887
300.830,35.158,29.434,31.887
302.158,35.761,29.434,31.887
303.968,37.330,29.434,31.887
305.537,38.658,29.434,31.887
306.865,40.468,29.434,31.887
308.916,42.037,29.434,31.887
311.209,43.606,29.434,31.887
313.263,41.876,30.085,32.592
315.361,40.619,30.751,33.313
318.514,40.745,30.751,33.313
320.657,39.358,30.751,33.313
322.044,37.467,30.751,33.313
323.935,35.576,30.751,33.313
325.322,33.937,30.751,33.313
326.457,32.802,30.751,33.313
326.583,31.667,30.751,33.313
326.205,30.280,30.751,33.313
324.818,30.658,30.751,33.313
323.683,28.767,30.751,33.313
321.642,29.576,31.431,34.050
320.359,28.531,32.126,34.804
318.227,29.922,32.837,35.574
315.489,29.948,33.564,36.361
313.547,31.116,34.306,37.165
311.270,32.019,35.065,37.987
308.346,33.239,35.841,38.828
306.142,33.680,35.841,38.828
303.350,34.709,35.841,38.828
300.056,35.042,36.634,39.687
296.001,34.891,36.634,39.687
292.323,33.361,37.445,40.565
289.519,31.798,38.273,41.463
286.654,30.199,39.120,42.380
284.568,29.718,39.120,42.380
282.483,27.633,39.120,42.380
279.756,26.510,39.120,42.380
277.350,26.029,39.120,42.380
274.303,26.831,39.120,42.380
271.041,26.196,39.985,43.318
267.707,26.907,40.870,44.276
264.647,25.548,41.774,45.256
261.735,26.062,41.774,45.256
258.607,26.094,42.699,46.257
255.631,24.869,42.699,46.257
252.797,25.992,43.643,47.280
250.113,24.381,43.643,47.280
247.071,23.129,43.643,47.280
244.745,24.739,43.643,47.280
241.703,23.129,43.643,47.280
239.018,23.666,43.643,47.280
236.334,22.413,43.643,47.280
233.292,22.592,43.643,47.280
230.966,23.487,43.643,47.280
228.640,24.023,43.643,47.280
225.955,25.276,43.643,47.280
223.802,26.053,44.609,48.326
221.980,26.467,45.596,49.396
220.671,25.158,45.596,49.396
219.736,26.841,45.596,49.396
220.297,25.532,45.596,49.396
218.988,24.223,45.596,49.396
220.671,24.784,45.596,49.396
220.858,23.102,45.596,49.396
221.419,21.793,45.596,49.396
221.232,20.110,45.596,49.396
221.793,19.550,45.596,49.396
222.728,18.241,45.596,49.396
222.805,15.949,46.605,50.488
223.677,13.606,47.636,51.606
223.758,11.211,48.690,52.747
224.357,9.415,48.690,52.747
224.158,8.816,48.690,52.747
225.156,9.814,48.690,52.747
224.158,7.618,48.690,52.747
223.559,9.015,48.690,52.747
222.560,8.816,48.690,52.747
220.764,9.814,48.690,52.747
218.168,10.812,48.690,52.747
214.375,12.209,48.690,52.747
210.183,12.010,48.690,52.747
204.393,14.206,48.690,52.747
199.003,15.603,48.690,52.747
192.016,17.400,48.690,52.747
183.830,18.798,48.690,52.747
174.847,20.994,48.690,52.747
164.665,23.190,48.690,52.747
154.084,24.587,48.690,52.747
141.507,25.985,48.690,52.747
128.131,27.382,48.690,52.747
118.349,27.182,48.690,52.747
107.768,25.785,48.690,52.747
97.985,26.384,48.690,52.747
88.602,24.188,48.690,52.747
79.619,23.190,48.690,52.747
72.232,22.591,48.690,52.747
66.043,22.391,48.690,52.747
62.250,22.191,48.690,52.747
56.460,21.593,48.690,52.747
53.067,22.191,48.690,52.747
49.673,21.593,48.690,52.747
46.279,22.990,48.690,52.747
43.284,22.391,48.690,52.747
41.088,21.393,48.690,52.747
41.288,21.193,48.690,52.747
39.092,19.796,48.690,52.747
40.090,19.995,48.690,52.747
38.293,18.199,48.690,52.747
36.896,16.003,48.690,52.747
38.293,15.404,48.690,52.747
36.497,12.808,48.690,52.747
35.898,11.411,48.690,52.747
36.097,9.614,48.690,52.747
35.099,8.616,48.690,52.747
34.101,7.618,48.690,52.747
32.703,6.620,48.690,52.747
31.306,5.621,48.690,52.747
29.110,5.821,48.690,52.747
27.313,6.021,48.690,52.747
24.718,7.418,48.690,52.747
21.723,6.420,48.690,52.747
18.329,7.418,48.690,52.747
14.137,7.618,48.690,52.747
9.944,5.821,48.690,52.747
3.756,6.420,48.690,52.747
