0.00533986
0.01312876
0.01368022
0.01313519
0.01298785
0.01280832
0.01288128
0.01289177
0.01296139
0.01291156
0.01296806
0.01277018
0.01286077
0.01286387
0.01282239
0.01282144
0.01288843
0.01291609
0.01277018
0.01275897
0.01333857
0.01331449
0.01300526
0.01280785
0.01281595
0.01285529
0.01285458
0.01273847
0.01289225
0.01296043
0.01276255
0.01278234
0.01276207
0.01280546
0.01272273
0.01282215
0.01276946
0.01282978
0.01290417
0.01295733
0.01269841
0.01287746
0.01277184
0.01286888
0.01291823
0.01283240
0.01259995
0.01290488
0.01278567
0.01280785
0.01293063
0.01280499
0.01269245
0.01271319
0.01273847
0.01266098
0.01284909
0.01280355
0.01278853
0.01282215
0.01288915
0.01295233
0.01305628
0.01278806
0.01313376
0.01291776
0.01276422
0.01301908
0.01285648
0.01268625
0.01291943
0.01296306
0.01290703
0.01278472
0.01283503
0.01282287
0.01281834
0.01294923
0.01288152
0.01297593
0.01305270
0.01300502
0.01275420
0.01292658
0.01277661
0.01291990
0.01287413
0.01282930
0.01282072
0.01284742
0.01315689
0.01312971
0.01288772
0.01287603
0.01300287
0.01289392
0.01306343
0.01294780
0.01296973
0.01287818
0.01287794
0.01301384
0.01291108
0.01286316
0.01306677
0.01280546
0.01289916
0.01302719
0.01282239
0.01300788
0.01281548
0.01297784
0.01282001
0.01307011
0.01287556
0.01282978
0.01291609
0.01296592
0.01281214
0.01302075
0.01292896
0.01314998
0.01289701
0.01296639
0.01292229
0.01291394
0.01299191
0.01301718
0.01299953
0.01309133
0.01292872
0.01308870
0.01328111
0.01292706
0.01296878
0.01301384
0.01292181
0.01287127
0.01292157
0.01289535
0.01298618
0.01315713
0.01337838
0.01333189
0.01294327
0.01289034
0.01301694
0.01297784
0.01298332
0.01297998
0.01297426
0.01286101
0.01301003
0.01319170
0.01310349
0.01298022
0.01331067
0.01297998
0.01300216
0.01311684
0.01303172
0.01314712
0.01312280
0.01298976
0.01303840
0.01295638
0.01301694
0.01301765
0.01299095
0.01297688
0.01298046
0.01320219
0.01308250
0.01323724
0.01314259
0.01291704
0.01341033
0.01289558
0.01298261
0.01298237
0.01307821
0.01291966
0.01316786
0.01302981
0.01299906
0.01299286
0.01321387
0.01298833
0.01301289
0.01293254
0.01302886
0.01317215
0.01302099
0.01300073
0.01310658
0.01333499
0.01299167
0.01304936
0.01290250
0.01301980
0.01298213
0.01291919
0.01301813
0.01301146
0.01316714
0.01299357
0.01306915
0.01299453
0.01297164
0.01304436
0.01294446
0.01296711
0.01300883
0.01303887
0.01316547
0.01329613
0.01283026
0.01289058
0.01302361
0.01303411
0.01299000
0.01294923
0.01292753
0.01298952
0.01298165
0.01304388
0.01306391
0.01285648
0.01290703
0.01288867
0.01296926
0.01316190
0.01316428
0.01307678
0.01302838
0.01303220
0.01309419
0.01311541
0.01302552
0.01313925
0.01308966
0.01336169
0.01320910
0.01298904
0.01300597
0.01305795
0.01313496
0.01278234
0.01313138
0.01311302
0.01307249
0.01287818
0.01298380
0.01292610
0.01312208
0.01324749
0.01309276
0.01313567
0.01321507
0.01316571
0.01318741
0.01318812
0.01306129
0.01325369
0.01309586
0.01304221
0.01302600
0.01307178
0.01313615
0.01318479
0.01317191
0.01305628
0.01323628
0.01315904
0.01307034
0.01298118
0.01313639
0.01296997
0.01315665
0.01307464
0.01305771
0.01305056
0.01307678
0.01315475
0.01317859
0.01303434
0.01309323
0.01316857
0.01325655
0.01316571
0.01326656
0.01317334
0.01316285
0.01330304
0.01312041
0.01339483
0.01306581
0.01314449
0.01328278
0.01330853
0.01309347
0.01325250
0.01329231
0.01333046
0.01326847
0.01345468
0.01326847
0.01315427
0.01326299
0.01329803
0.01321054
0.01325655
0.01322174
0.01316571
0.01340556
0.01321125
0.01322746
0.01296759
0.01332450
0.01333308
0.01316333
0.01324940
0.01324081
0.01334906
0.01332116
0.01322389
0.01315784
0.01326513
0.01329207
0.01340508
0.01347184
0.01335335
0.01373053
0.01355290
0.01355171
0.01350307
0.01330948
0.01327300
0.01353621
0.01346278
0.01346636
0.01349831
0.01347446
0.01336432
0.01358080
0.01370740
0.01345611
0.01345181
0.01324964
0.01346397
0.01346755
0.01344204
0.01350570
0.01358461
0.01360321
0.01349664
0.01345634
0.01348376
0.01341438
0.01365185
0.01342726
0.01340413
0.01323509
0.01360726
0.01339889
0.01344895
0.01360941
0.01368523
0.01350021
0.01342916
0.01348543
0.01349831
0.01343966
0.01363802
0.01373839
0.01360059
0.01334071
0.01361799
0.01346469
0.01367283
0.01347899
0.01352739
0.01353550
0.01346755
0.01361465
0.01333404
0.01362467
0.01367879
0.01335549
0.01360703
0.01340246
0.01373553
0.01348114
0.01347041
0.01347494
0.01346827
0.01344514
0.01349401
0.01338410
0.01353741
