0.00735807
0.01113749
0.01174188
0.01132369
0.01087570
0.01093030
0.01081729
0.01095462
0.01093388
0.01088643
0.01089001
0.01091146
0.01082444
0.01090336
0.01085377
0.01079631
0.01078796
0.01090169
0.01077795
0.01081538
0.01089168
0.01080537
0.01091862
0.01179194
0.01106429
0.01068759
0.01061177
0.01063132
0.01064539
0.01075602
0.01070189
0.01076269
0.01079392
0.01070118
0.01067877
0.01065207
0.01067495
0.01064444
0.01084661
0.01078820
0.01083422
0.01091480
0.01073694
0.01074934
0.01065302
0.01069546
0.01060486
0.01062107
0.01070309
0.01075387
0.01082778
0.01068091
0.01067734
0.01053762
0.01069474
0.01068068
0.01077127
0.01069546
0.01069140
0.01128316
0.01084471
0.01080036
0.01074767
0.01066899
0.01075220
0.01076102
0.01075888
0.01089334
0.01105022
0.01087022
0.01073313
0.01070690
0.01067543
0.01084471
0.01088142
0.01080728
0.01085210
0.01087046
0.01064920
0.01059151
0.01074648
0.01069570
0.01089764
0.01092625
0.01085520
0.01082635
0.01090860
0.01071239
0.01069403
0.01085711
0.01086116
0.01104879
0.01108932
0.01093030
0.01078629
0.01137161
0.01102090
0.01089549
0.01083684
0.01089525
0.01083255
0.01087070
0.01085019
0.01094723
0.01094365
0.01075625
0.01060724
0.01065469
0.01067162
0.01063490
0.01084471
0.01060820
0.01067328
0.01084232
0.01064706
0.01074338
0.01067305
0.01074624
0.01065493
0.01065445
0.01069212
0.01064253
0.01083469
0.01058483
0.01080132
0.01073742
0.01072383
0.01082373
0.01075864
0.01065063
0.01059651
0.01095104
0.01123834
0.01097298
0.01078701
0.01070380
0.01088786
0.01090121
0.01078248
0.01106095
0.01085019
0.01073766
0.01068521
0.01070142
0.01088881
0.01097369
0.01105976
0.01086330
0.01103878
0.01090598
0.01073456
0.01082826
0.01093745
0.01068830
0.01094651
0.01107979
0.01091766
0.01104331
0.01098299
0.01075411
0.01070285
0.01089978
0.01065707
0.01103568
0.01111007
0.01104689
0.01096225
0.01091099
0.01114798
0.01082683
0.01069164
0.01086116
0.01099992
0.01115704
0.01114154
0.01106906
0.01105428
0.01099086
0.01102495
0.01100898
0.01086736
0.01105738
0.01095605
0.01101804
0.01097369
0.01106501
0.01094103
0.01101518
0.01108932
0.01094484
0.01101279
0.01104093
0.01087046
0.01099348
0.01091576
0.01087809
0.01077414
0.01094222
0.01075768
0.01081276
0.01084208
0.01079583
0.01074433
0.01126695
0.01089287
0.01077819
0.01083159
0.01082611
0.01068354
0.01069665
0.01075864
0.01074791
0.01089311
0.01082301
0.01085067
0.01082587
0.01072693
0.01065087
0.01081228
0.01087785
0.01087952
0.01090384
0.01080871
0.01090884
0.01086521
0.01072907
0.01069975
0.01090741
0.01082134
0.01081324
0.01085925
0.01062560
0.01069522
0.01071978
0.01088166
0.01073289
0.01081061
0.01075125
0.01076245
0.01092124
0.01123738
0.01080084
0.01074147
0.01082778
0.01075339
0.01101828
0.01089001
0.01086998
0.01073766
0.01090360
0.01093769
0.01100540
0.01082110
0.01096058
0.01088285
0.01082802
0.01064062
0.01075983
0.01082659
0.01080632
0.01100135
0.01081944
0.01099038
0.01094842
0.01073074
0.01082015
0.01090431
0.01067805
0.01078105
0.01089096
0.01087976
0.01097298
0.01099420
0.01079988
0.01066661
0.01099515
0.01132035
0.01073647
0.01067042
0.01077151
0.01097083
0.01083112
0.01066160
0.01081681
0.01097298
0.01086044
0.01072907
0.01083493
0.01074028
0.01066303
0.01067758
0.01073432
0.01079726
0.01082706
0.01079464
0.01083398
0.01082087
0.01057243
0.01096320
0.01085138
0.01082611
0.01071143
0.01085520
0.01081729
0.01080680
0.01089334
0.01085019
0.01096845
0.01089215
0.01079178
0.01072812
0.01083779
0.01130295
0.01095343
0.01086664
0.01079202
0.01067281
0.01086187
0.01086354
0.01082587
0.01090813
0.01059985
0.01075220
0.01098347
0.01095366
0.01092005
0.01099324
0.01087523
0.01107097
0.01092863
0.01078248
0.01081467
0.01098251
0.01086497
0.01096082
0.01091766
0.01084447
0.01101327
0.01103544
0.01095128
0.01086235
0.01083708
0.01083302
0.01099849
0.01094365
0.01086879
0.01103258
0.01118159
0.01153684
0.01107073
0.01082683
0.01090884
0.01079869
0.01091981
0.01078534
0.01080656
0.01086783
0.01090527
0.01091146
0.01078773
0.01069093
0.01096416
0.01090860
0.01096630
0.01065183
0.01080942
0.01090288
0.01086116
0.01100516
0.01082087
0.01086569
0.01120877
0.01092672
0.01097798
0.01093936
0.01070690
0.01085424
0.01084375
0.01090384
0.01095581
0.01097465
0.01082230
0.01083541
0.01089001
0.01122165
0.01089525
0.01089525
0.01089311
0.01087666
0.01090860
0.01084900
0.01083612
0.01097536
0.01088476
0.01084733
0.01096916
0.01082706
0.01077342
0.01081848
0.01087427
0.01064777
0.01076841
0.01078629
0.01076198
0.01078272
0.01075959
0.01082015
0.01086044
0.01073313
0.01100230
0.01099658
0.01076818
0.01093578
0.01093507
0.01080656
0.01080394
0.01089311
0.01081347
0.01085949
0.01099205
0.01137137
0.01076818
0.01074147
0.01075625
0.01076770
0.01095343
0.01084375
0.01089811
0.01068544
0.01082182
0.01090097
0.01091242
0.01080990
0.01074767
0.01094627
0.01074696
0.01095819
0.01086497
0.01074529
0.01091051
0.01095581
0.01082492
0.01096272
0.01086545
0.01085925
0.01086760
0.01089787
0.01079869
0.01089764
0.01084590
0.01087093
0.01090574
0.01093721
0.01086712
0.01083851
0.01100183
0.01119447
0.01094031
0.01092768
0.01077318
0.01082373
0.01083875
0.01082897
0.01096153
0.01103973
0.01090956
0.01085567
0.01093960
0.01080179
0.01100206
0.01090169
0.01076198
0.01080418
0.01100731
0.01084757
0.01089573
0.01096416
0.01087046
0.01089454
0.01090646
0.01074600
0.01089501
0.01077676
0.01069474
0.01082373
0.01084495
0.01085901
0.01085877
0.01094007
0.01078510
0.01085377
0.01121044
0.01114631
