176.000,75.000,47.000,102.000
174.559,77.594,47.000,102.000
172.541,80.765,47.000,102.000
170.523,82.783,47.000,102.000
170.235,85.378,47.000,102.000
168.793,87.972,47.000,102.000
170.235,90.567,47.000,102.000
167.640,89.125,47.000,102.000
166.199,87.684,47.000,102.000
162.451,83.936,47.000,102.000
156.974,78.459,47.000,102.000
153.803,77.018,47.000,102.000
150.632,76.153,47.000,102.000
148.019,74.726,48.040,104.257
143.010,70.306,48.040,104.257
139.180,66.476,48.040,104.257
136.528,63.234,48.040,104.257
134.465,60.583,48.040,104.257
132.403,59.109,48.040,104.257
131.519,58.225,48.040,104.257
131.813,58.520,48.040,104.257
132.108,59.404,48.040,104.257
130.635,63.234,48.040,104.257
132.697,67.654,48.040,104.257
131.224,72.074,48.040,104.257
132.108,74.726,48.040,104.257
132.992,75.610,48.040,104.257
132.108,71.779,48.040,104.257
134.760,66.770,48.040,104.257
135.054,61.172,48.040,104.257
134.171,49.681,48.040,104.257
135.644,47.029,48.040,104.257
137.706,44.966,48.040,104.257
138.001,41.136,48.040,104.257
141.242,37.306,48.040,104.257
142.126,38.190,48.040,104.257
145.367,35.538,48.040,104.257
145.753,38.970,49.103,106.563
144.247,44.692,49.103,106.563
145.753,49.209,49.103,106.563
143.645,53.727,49.103,106.563
143.343,57.642,49.103,106.563
141.235,68.785,49.103,106.563
140.332,72.700,49.103,106.563
138.224,75.411,49.103,106.563
136.718,73.905,49.103,106.563
134.007,70.592,49.103,106.563
133.104,69.689,49.103,106.563
131.598,67.580,49.103,106.563
129.490,66.075,49.103,106.563
125.575,68.785,49.103,106.563
123.467,69.086,49.103,106.563
120.736,70.720,50.189,108.921
120.428,69.796,50.189,108.921
121.352,70.104,50.189,108.921
124.122,67.333,50.189,108.921
125.046,66.410,50.189,108.921
126.726,64.247,51.300,111.331
130.187,66.449,51.300,111.331
133.019,64.247,51.300,111.331
135.221,66.449,51.300,111.331
138.053,65.506,51.300,111.331
143.688,58.072,52.435,113.794
147.869,53.248,52.435,113.794
150.959,49.653,53.595,116.312
153.260,47.352,53.595,116.312
156.218,43.079,53.595,116.312
157.205,44.722,53.595,116.312
158.191,43.736,53.595,116.312
160.492,44.722,53.595,116.312
163.450,43.736,53.595,116.312
165.751,44.722,53.595,116.312
168.710,42.421,53.595,116.312
172.326,41.435,53.595,116.312
175.941,43.736,53.595,116.312
178.900,46.037,53.595,116.312
177.284,47.138,54.780,118.885
178.421,49.657,55.993,121.516
176.017,54.808,55.993,121.516
174.987,59.273,55.993,121.516
176.149,54.009,57.231,124.204
175.151,50.814,58.498,126.952
175.510,48.303,58.498,126.952
172.999,46.509,58.498,126.952
174.793,45.433,58.498,126.952
175.869,42.204,58.498,126.952
176.228,41.845,58.498,126.952
174.434,41.486,58.498,126.952
172.640,38.974,58.498,126.952
173.716,37.898,58.498,126.952
171.205,36.822,58.498,126.952
173.716,39.333,58.498,126.952
173.302,38.958,57.250,124.245
171.547,37.904,57.250,124.245
169.791,37.553,57.250,124.245
168.738,40.011,57.250,124.245
169.791,38.958,57.250,124.245
169.440,41.416,57.250,124.245
168.387,45.278,57.250,124.245
168.035,48.438,57.250,124.245
166.280,51.599,57.250,124.245
167.333,54.759,57.250,124.245
164.875,57.217,57.250,124.245
161.715,52.652,57.250,124.245
159.959,50.194,57.250,124.245
156.097,48.438,57.250,124.245
149.425,41.065,57.250,124.245
144.860,37.202,57.250,124.245
140.998,34.042,57.250,124.245
138.540,31.584,57.250,124.245
135.380,31.935,57.250,124.245
134.326,33.691,57.250,124.245
133.273,34.744,57.250,124.245
134.326,37.202,57.250,124.245
131.868,43.171,57.250,124.245
135.731,49.843,57.250,124.245
136.082,55.812,57.250,124.245
137.135,58.973,57.250,124.245
138.189,51.599,57.250,124.245
137.838,42.820,57.250,124.245
139.593,35.446,57.250,124.245
139.945,28.775,57.250,124.245
138.189,22.806,57.250,124.245
141.349,17.539,57.250,124.245
141.700,12.974,57.250,124.245
143.617,5.406,58.517,126.994
145.412,10.072,58.517,126.994
142.902,12.018,59.811,129.804
144.003,16.054,59.811,129.804
142.902,21.556,59.811,129.804
143.269,29.260,59.811,129.804
143.636,34.029,59.811,129.804
140.334,39.532,59.811,129.804
139.968,45.768,59.811,129.804
135.932,53.472,59.811,129.804
134.832,57.507,59.811,129.804
135.932,55.673,59.811,129.804
134.098,53.105,59.811,129.804
136.666,49.070,59.811,129.804
137.767,50.170,59.811,129.804
138.867,50.537,59.811,129.804
139.968,51.638,59.811,129.804
142.536,53.472,59.811,129.804
141.493,56.223,61.135,132.676
144.868,53.598,61.135,132.676
143.743,56.972,61.135,132.676
149.367,54.348,61.135,132.676
150.492,52.473,61.135,132.676
152.367,52.848,61.135,132.676
154.992,50.973,61.135,132.676
157.617,48.348,61.135,132.676
160.241,47.973,61.135,132.676
159.866,52.098,61.135,132.676
162.691,47.129,62.487,135.611
168.440,41.380,62.487,135.611
169.590,38.697,62.487,135.611
171.506,36.015,62.487,135.611
174.189,33.332,62.487,135.611
173.806,30.649,62.487,135.611
175.722,31.799,62.487,135.611
178.405,32.182,62.487,135.611
177.255,30.266,62.487,135.611
180.704,27.583,62.487,135.611
182.797,28.071,63.870,138.611
182.405,26.896,63.870,138.611
184.364,26.504,63.870,138.611
180.812,31.067,65.283,141.678
182.013,35.471,65.283,141.678
179.210,41.477,65.283,141.678
175.580,44.480,66.727,144.813
178.445,46.526,66.727,144.813
177.217,43.661,66.727,144.813
175.990,39.159,66.727,144.813
178.036,35.476,66.727,144.813
175.171,32.611,66.727,144.813
176.399,32.202,66.727,144.813
177.627,33.430,66.727,144.813
176.399,31.383,66.727,144.813
175.171,28.518,66.727,144.813
172.332,32.824,65.304,141.725
175.937,37.230,65.304,141.725
173.133,36.829,65.304,141.725
174.335,32.423,65.304,141.725
173.934,29.620,65.304,141.725
174.335,33.224,65.304,141.725
173.934,30.421,65.304,141.725
175.136,31.622,65.304,141.725
177.139,31.222,65.304,141.725
175.937,34.025,65.304,141.725
177.940,37.630,65.304,141.725
173.534,42.837,65.304,141.725
172.332,46.442,65.304,141.725
175.136,47.644,65.304,141.725
172.332,44.840,65.304,141.725
166.324,38.832,65.304,141.725
162.002,37.641,63.912,138.702
158.474,34.113,63.912,138.702
154.946,29.017,63.912,138.702
147.498,25.489,63.912,138.702
142.402,28.233,63.912,138.702
138.874,24.705,63.912,138.702
136.914,29.017,63.912,138.702
134.954,34.897,63.912,138.702
136.130,39.209,63.912,138.702
135.738,43.521,63.912,138.702
134.562,49.400,63.912,138.702
138.090,53.712,63.912,138.702
138.482,47.832,63.912,138.702
136.522,38.817,63.912,138.702
139.266,31.369,63.912,138.702
143.578,22.353,63.912,138.702
145.538,17.257,63.912,138.702
147.498,13.729,63.912,138.702
146.322,10.985,63.912,138.702
147.498,5.889,63.912,138.702
150.242,10.201,63.912,138.702
151.418,8.241,63.912,138.702
150.242,14.905,63.912,138.702
149.066,22.353,63.912,138.702
147.890,27.449,63.912,138.702
147.498,32.545,63.912,138.702
147.890,37.641,63.912,138.702
141.226,45.089,63.912,138.702
137.698,50.184,63.912,138.702
134.170,52.928,63.912,138.702
