147.000,110.000,34.000,33.000
149.506,112.770,34.000,33.000
152.275,115.803,34.000,33.000
154.781,117.518,34.000,33.000
159.133,117.913,34.000,33.000
161.657,118.392,33.275,32.296
162.044,119.038,33.275,32.296
161.915,120.457,33.275,32.296
162.819,120.845,33.275,32.296
164.497,121.232,33.275,32.296
166.433,119.554,33.275,32.296
165.529,115.294,33.275,32.296
161.530,111.036,32.565,31.608
158.372,109.393,32.565,31.608
157.488,106.993,32.565,31.608
156.008,81.153,31.871,30.933
153.907,72.870,31.871,30.933
150.569,70.274,31.871,30.933
145.253,67.925,31.871,30.933
139.442,66.812,31.871,30.933
133.137,65.947,31.871,30.933
131.283,66.812,31.871,30.933
130.912,65.700,31.871,30.933
130.294,64.340,31.871,30.933
131.654,62.238,31.871,30.933
141.420,63.351,31.871,30.933
148.220,67.925,31.871,30.933
154.409,77.202,32.576,31.618
160.095,86.427,32.576,31.618
163.000,99.309,31.881,30.944
166.586,120.951,31.881,30.944
168.194,127.258,31.881,30.944
169.554,126.392,31.881,30.944
170.173,113.654,31.881,30.944
183.653,122.929,31.881,30.944
189.587,88.330,32.587,31.628
186.997,81.816,33.308,32.328
187.385,80.136,33.308,32.328
162.449,52.100,33.308,32.328
161.434,54.562,32.597,31.639
162.319,75.172,32.597,31.639
163.457,89.461,32.597,31.639
162.319,103.496,32.597,31.639
162.951,117.026,32.597,31.639
162.066,125.245,32.597,31.639
161.317,113.029,31.902,30.964
162.926,103.500,31.902,30.964
161.070,91.496,31.902,30.964
160.698,92.363,31.902,30.964
159.090,96.941,31.902,30.964
156.986,113.648,31.902,30.964
156.491,126.025,31.222,30.304
158.308,138.257,31.222,30.304
159.398,154.606,31.222,30.304
160.003,168.050,31.222,30.304
159.986,163.587,30.556,29.657
158.827,151.907,29.904,29.025
157.692,128.849,29.267,28.406
157.124,123.514,29.267,28.406
155.422,113.410,29.267,28.406
152.810,108.755,29.267,28.406
151.562,111.139,29.267,28.406
149.795,119.211,28.643,27.800
147.461,127.988,28.643,27.800
147.573,140.099,28.643,27.800
146.350,145.321,28.643,27.800
142.240,134.099,28.643,27.800
137.684,104.879,28.643,27.800
133.573,90.102,28.643,27.800
131.240,81.324,28.643,27.800
125.352,75.436,28.643,27.800
123.463,76.880,28.643,27.800
123.796,88.324,28.643,27.800
122.574,104.656,28.643,27.800
124.463,120.544,28.643,27.800
126.797,146.865,29.276,28.415
127.365,144.253,29.276,28.415
129.296,132.783,29.276,28.415
133.877,104.079,28.652,27.809
139.645,92.699,28.041,27.216
146.933,77.145,28.041,27.216
152.378,74.248,28.661,27.818
157.381,76.361,28.661,27.818
161.050,82.031,28.661,27.818
165.164,91.259,28.661,27.818
173.724,113.383,28.661,27.818
175.637,119.145,28.050,27.225
176.880,115.135,27.452,26.645
177.200,107.149,27.452,26.645
179.010,87.449,27.452,26.645
183.163,75.416,27.452,26.645
183.908,74.244,27.452,26.645
182.737,78.184,27.452,26.645
182.418,88.726,27.452,26.645
184.015,102.889,27.452,26.645
181.170,132.093,28.059,27.234
178.667,144.174,28.059,27.234
175.075,139.276,28.059,27.234
170.612,127.848,28.059,27.234
167.891,112.501,28.059,27.234
165.606,104.338,28.059,27.234
162.449,99.875,28.059,27.234
159.946,99.766,28.059,27.234
158.531,104.229,28.059,27.234
156.681,112.392,28.059,27.234
155.048,130.569,28.059,27.234
150.803,130.895,28.059,27.234
145.905,122.732,28.059,27.234
141.225,108.256,28.059,27.234
136.545,90.079,28.059,27.234
131.865,82.351,28.059,27.234
127.837,82.896,28.059,27.234
125.724,87.907,27.461,26.653
123.913,96.748,27.461,26.653
125.540,110.688,26.875,26.085
127.082,131.490,27.470,26.662
126.336,128.187,27.470,26.662
125.377,123.818,27.470,26.662
124.418,101.548,27.470,26.662
127.295,95.261,27.470,26.662
133.369,92.810,27.470,26.662
134.754,96.753,27.470,26.662
138.696,104.958,27.470,26.662
143.491,115.720,27.470,26.662
151.270,129.679,27.470,26.662
162.458,145.129,27.470,26.662
167.040,139.695,27.470,26.662
172.048,132.343,27.470,26.662
174.925,123.925,27.470,26.662
176.524,112.310,27.470,26.662
177.057,90.679,27.470,26.662
176.950,89.507,27.470,26.662
174.073,97.072,27.470,26.662
170.557,105.917,27.470,26.662
168.532,117.531,27.470,26.662
166.874,135.583,26.884,26.094
166.352,127.554,26.884,26.094
165.205,120.567,26.884,26.094
164.058,109.825,26.884,26.094
164.371,102.213,26.884,26.094
162.807,91.054,26.884,26.094
161.319,89.143,27.479,26.671
157.375,96.924,27.479,26.671
155.776,104.705,27.479,26.671
155.243,115.684,27.479,26.671
155.776,122.825,27.479,26.671
154.177,112.060,27.479,26.671
152.436,104.355,28.087,27.261
147.097,88.776,28.087,27.261
140.669,82.347,28.087,27.261
128.576,93.134,28.087,27.261
125.198,102.176,28.087,27.261
124.000,114.270,28.087,27.261
122.514,129.367,27.488,26.680
120.702,146.960,27.488,26.680
122.125,153.103,26.902,26.111
123.518,146.240,26.328,25.554
123.825,132.657,26.328,25.554
127.195,127.244,26.328,25.554
132.608,121.219,26.328,25.554
142.106,121.730,26.328,25.554
147.518,126.938,26.328,25.554
154.565,135.006,26.328,25.554
160.591,148.589,26.328,25.554
165.799,162.785,26.328,25.554
174.071,163.908,26.328,25.554
178.054,156.657,26.328,25.554
180.607,136.334,26.328,25.554
185.932,127.892,26.911,26.119
192.299,119.437,26.911,26.119
196.162,118.498,26.911,26.119
196.684,122.151,26.911,26.119
194.909,129.145,26.911,26.119
190.212,140.732,26.911,26.119
183.009,151.901,26.911,26.119
169.961,146.369,26.911,26.119
162.132,132.277,26.911,26.119
153.468,104.614,26.911,26.119
148.979,92.401,26.911,26.119
145.952,83.946,26.911,26.119
141.046,78.413,26.911,26.119
139.480,83.319,26.911,26.119
140.211,91.983,26.911,26.119
141.359,105.867,26.911,26.119
142.507,119.959,26.911,26.119
143.238,117.558,26.911,26.119
144.386,110.147,26.911,26.119
144.908,102.318,26.911,26.119
146.683,94.489,26.911,26.119
150.754,95.219,26.911,26.119
156.912,105.971,26.911,26.119
158.896,116.723,26.911,26.119
160.462,128.310,26.911,26.119
160.775,146.578,26.911,26.119
161.714,160.670,26.911,26.119
162.027,156.807,26.911,26.119
162.549,153.154,26.911,26.119
160.627,138.028,27.506,26.697
159.453,134.080,27.506,26.697
159.924,136.109,28.115,27.288
158.942,147.560,28.115,27.288
159.488,159.229,28.115,27.288
160.033,173.952,28.115,27.288
161.015,189.547,28.115,27.288
162.214,207.978,28.115,27.288
163.196,205.469,28.115,27.288
162.214,197.726,28.115,27.288
161.015,175.152,28.115,27.288
161.342,165.882,28.115,27.288
161.451,156.394,28.115,27.288
161.778,144.507,28.115,27.288
161.887,143.089,28.115,27.288
160.906,147.560,28.115,27.288
162.105,156.394,28.115,27.288
163.141,167.722,27.515,26.706
165.596,156.515,27.515,26.706
163.995,128.231,27.515,26.706
163.034,105.498,27.515,26.706
163.995,100.908,27.515,26.706
163.888,86.286,27.515,26.706
161.433,85.539,27.515,26.706
157.911,93.757,27.515,26.706
159.085,104.751,27.515,26.706
160.046,123.002,27.515,26.706
159.939,134.849,27.515,26.706
154.574,127.418,26.928,26.136
150.083,120.419,26.928,26.136
147.889,103.393,26.928,26.136
145.487,97.857,26.928,26.136
143.502,95.455,26.928,26.136
139.219,101.826,26.928,26.136
137.861,111.959,26.928,26.136
137.130,123.553,26.928,26.136
138.241,135.510,27.524,26.715
139.629,137.539,27.524,26.715
144.861,109.246,27.524,26.715
146.889,101.238,27.524,26.715
148.704,95.793,27.524,26.715
153.936,91.202,27.524,26.715
160.875,89.814,27.524,26.715
165.039,101.452,27.524,26.715
170.271,112.876,27.524,26.715
178.278,125.154,27.524,26.715
181.802,129.745,27.524,26.715
183.403,124.300,27.524,26.715
184.539,94.650,28.133,27.306
185.957,89.085,28.133,27.306
185.412,84.392,28.133,27.306
187.485,82.755,28.133,27.306
189.325,84.604,28.756,27.910
193.898,96.539,28.756,27.910
197.802,108.921,28.756,27.910
200.814,121.302,28.756,27.910
203.380,126.544,28.756,27.910
204.606,122.194,28.756,27.910
203.603,103.790,28.756,27.910
202.599,86.947,28.756,27.910
198.918,83.712,28.756,27.910
192.783,81.816,28.756,27.910
187.540,85.273,28.756,27.910
179.621,101.224,28.756,27.910
177.502,115.836,28.756,27.910
175.828,124.202,28.756,27.910
173.263,125.875,28.756,27.910
168.020,121.748,28.756,27.910
164.340,92.189,28.756,27.910
162.980,87.367,29.392,28.527
161.042,84.289,29.392,28.527
159.332,85.543,29.392,28.527
157.849,90.901,29.392,28.527
154.999,114.274,29.392,28.527
153.289,126.701,29.392,28.527
151.579,135.936,29.392,28.527
149.641,135.137,29.392,28.527
141.318,129.551,29.392,28.527
118.858,105.951,29.392,28.527
117.604,102.644,29.392,28.527
116.806,100.250,29.392,28.527
114.867,100.820,29.392,28.527
113.385,106.179,29.392,28.527
119.656,125.675,29.392,28.527
124.330,137.646,29.392,28.527
126.962,143.126,30.042,29.158
135.236,138.814,30.042,29.158
140.946,122.849,30.042,29.158
146.423,91.735,30.042,29.158
150.735,82.762,30.042,29.158
155.513,77.984,30.042,29.158
159.125,78.334,30.042,29.158
162.272,82.645,30.042,29.158
167.647,101.714,29.401,28.537
167.761,116.654,29.401,28.537
167.875,122.471,29.401,28.537
165.936,123.497,29.401,28.537
164.681,111.750,29.401,28.537
164.339,81.527,29.401,28.537
162.857,79.589,29.401,28.537
161.146,78.790,29.401,28.537
159.891,80.729,29.401,28.537
156.812,87.002,29.401,28.537
148.943,110.610,29.401,28.537
147.387,122.017,28.774,27.928
147.722,127.039,28.774,27.928
145.378,124.695,28.774,27.928
141.249,116.771,28.774,27.928
143.146,102.595,28.774,27.928
144.374,103.600,28.774,27.928
146.271,108.399,28.774,27.928
147.722,116.771,28.774,27.928
148.997,124.922,28.161,27.333
148.014,149.718,28.161,27.333
148.123,160.533,28.161,27.333
149.325,172.002,28.161,27.333
