146.000,54.000,68.000,101.000
146.331,54.331,68.000,101.000
146.000,53.338,68.000,101.000
147.655,53.669,68.000,101.000
149.311,53.338,68.000,101.000
151.628,52.345,68.000,101.000
150.635,51.351,68.000,101.000
152.291,51.682,68.000,101.000
155.270,50.689,68.000,101.000
156.923,51.289,69.505,103.235
155.907,48.920,69.505,103.235
154.085,49.534,71.042,105.519
153.048,51.955,71.042,105.519
154.056,53.300,72.614,107.853
157.238,50.118,72.614,107.853
161.834,51.179,72.614,107.853
167.138,54.361,72.614,107.853
171.027,56.836,72.614,107.853
177.594,54.919,71.066,105.553
183.354,54.377,69.550,103.302
186.381,53.193,68.067,101.099
190.620,51.396,66.615,98.943
194.769,52.139,65.195,96.833
194.452,51.821,65.195,96.833
197.901,57.443,63.804,94.768
198.833,61.482,63.804,94.768
197.417,65.786,62.444,92.747
196.032,67.068,61.112,90.770
195.823,70.043,59.809,88.834
193.373,72.955,58.534,86.939
190.426,71.410,57.285,85.085
187.542,69.898,56.064,83.271
184.193,68.944,54.868,81.495
180.401,69.040,53.698,79.757
174.910,68.779,53.698,79.757
164.714,65.903,53.698,79.757
161.315,64.073,53.698,79.757
157.916,65.380,53.698,79.757
156.086,64.596,53.698,79.757
155.824,65.380,53.698,79.757
155.563,65.119,53.698,79.757
154.779,66.949,53.698,79.757
153.994,66.687,53.698,79.757
152.164,66.426,53.698,79.757
150.334,67.733,53.698,79.757
147.981,67.472,53.698,79.757
146.151,68.779,53.698,79.757
146.935,68.517,53.698,79.757
147.719,67.210,53.698,79.757
149.549,65.903,53.698,79.757
147.719,65.642,53.698,79.757
147.458,63.288,53.698,79.757
150.334,63.027,53.698,79.757
150.150,63.121,52.553,78.056
153.917,66.667,51.432,76.392
155.670,68.920,51.432,76.392
153.416,69.171,51.432,76.392
154.668,72.426,51.432,76.392
153.917,74.680,51.432,76.392
154.668,76.433,51.432,76.392
155.419,73.678,51.432,76.392
156.171,72.426,51.432,76.392
158.925,70.172,51.432,76.392
161.680,66.917,51.432,76.392
164.435,64.663,51.432,76.392
166.688,62.910,51.432,76.392
170.445,61.157,51.432,76.392
172.698,62.409,51.432,76.392
174.952,64.663,51.432,76.392
176.705,66.917,51.432,76.392
178.959,68.169,51.432,76.392
181.714,69.922,51.432,76.392
179.961,70.172,51.432,76.392
181.714,68.920,51.432,76.392
183.467,68.169,51.432,76.392
184.719,67.418,51.432,76.392
183.467,66.166,51.432,76.392
181.714,63.912,51.432,76.392
182.966,62.159,51.432,76.392
180.712,63.411,51.432,76.392
177.957,65.164,51.432,76.392
176.705,66.917,51.432,76.392
174.451,66.667,51.432,76.392
172.698,68.920,51.432,76.392
172.949,68.670,51.432,76.392
172.198,68.420,51.432,76.392
169.944,68.670,51.432,76.392
170.695,67.919,51.432,76.392
167.268,65.775,52.570,78.082
167.012,63.983,52.570,78.082
164.709,61.679,52.570,78.082
161.381,62.959,52.570,78.082
157.542,60.655,52.570,78.082
155.750,59.376,52.570,78.082
155.494,62.191,52.570,78.082
156.774,65.519,52.570,78.082
154.470,68.846,52.570,78.082
156.262,70.638,52.570,78.082
153.615,71.224,51.449,76.417
153.365,71.474,51.449,76.417
154.116,71.224,51.449,76.417
156.371,72.476,51.449,76.417
156.120,70.222,51.449,76.417
157.373,69.470,51.449,76.417
159.627,68.218,51.449,76.417
161.381,70.472,51.449,76.417
164.102,70.563,50.352,74.787
167.780,71.788,50.352,74.787
171.457,73.505,50.352,74.787
172.683,73.750,50.352,74.787
175.380,73.505,50.352,74.787
174.644,74.240,50.352,74.787
174.889,71.543,50.352,74.787
173.772,71.632,49.278,73.192
176.411,69.952,49.278,73.192
185.575,66.902,50.368,74.812
189.744,65.676,50.368,74.812
191.951,65.431,50.368,74.812
191.215,65.186,50.368,74.812
191.951,65.921,50.368,74.812
190.234,65.676,50.368,74.812
193.422,67.393,50.368,74.812
191.215,70.581,50.368,74.812
194.894,72.297,50.368,74.812
197.101,73.033,50.368,74.812
197.837,72.788,50.368,74.812
197.101,71.562,50.368,74.812
192.932,70.826,50.368,74.812
187.291,70.090,50.368,74.812
183.122,69.355,50.368,74.812
180.915,67.638,50.368,74.812
181.160,64.450,50.368,74.812
179.444,62.733,50.368,74.812
176.746,65.431,50.368,74.812
174.539,67.638,50.368,74.812
170.370,67.393,50.368,74.812
166.691,68.128,50.368,74.812
164.484,68.374,50.368,74.812
161.296,68.128,50.368,74.812
161.541,66.412,50.368,74.812
162.787,65.555,49.294,73.216
160.627,63.875,49.294,73.216
162.307,66.515,49.294,73.216
163.527,67.527,48.243,71.655
164.701,67.762,48.243,71.655
166.345,66.117,48.243,71.655
168.929,69.171,48.243,71.655
168.694,71.755,48.243,71.655
169.399,71.990,48.243,71.655
171.059,72.903,49.310,73.240
173.219,71.222,49.310,73.240
175.414,68.668,50.401,74.861
179.586,66.951,50.401,74.861
183.267,64.742,50.401,74.861
185.475,62.533,50.401,74.861
186.191,60.942,51.517,76.517
184.320,63.478,52.656,78.210
184.063,65.786,52.656,78.210
183.807,65.016,52.656,78.210
185.602,67.324,52.656,78.210
183.294,69.118,52.656,78.210
183.038,71.426,52.656,78.210
181.756,73.221,52.656,78.210
177.716,72.089,53.821,79.941
179.550,70.779,53.821,79.941
176.508,69.079,55.012,81.709
177.847,66.668,55.012,81.709
179.722,63.186,55.012,81.709
176.775,59.704,55.012,81.709
174.365,62.115,55.012,81.709
174.633,63.990,55.012,81.709
170.411,65.031,56.229,83.517
172.328,66.948,56.229,83.517
169.316,69.412,56.229,83.517
166.305,70.781,56.229,83.517
162.946,71.407,55.030,81.736
159.659,68.921,53.857,79.993
155.431,67.500,52.708,78.287
152.608,65.190,52.708,78.287
150.299,65.960,52.708,78.287
149.015,67.756,52.708,78.287
151.838,69.040,52.708,78.287
155.175,68.270,52.708,78.287
158.511,70.066,52.708,78.287
158.767,72.889,52.708,78.287
162.104,74.172,52.708,78.287
162.360,77.508,52.708,78.287
164.670,77.252,52.708,78.287
167.458,77.839,51.584,76.618
170.723,79.597,51.584,76.618
175.495,81.355,51.584,76.618
178.760,84.118,51.584,76.618
182.528,78.341,51.584,76.618
187.950,72.022,52.725,78.313
189.234,69.198,52.725,78.313
191.544,70.995,52.725,78.313
195.909,67.658,52.725,78.313
200.182,70.225,51.601,76.643
203.449,73.491,51.601,76.643
205.710,71.230,51.601,76.643
207.971,71.983,51.601,76.643
211.237,74.747,51.601,76.643
212.493,76.003,51.601,76.643
214.790,72.288,52.743,78.338
213.407,70.622,53.910,80.072
215.769,68.785,53.910,80.072
211.633,66.537,55.102,81.843
212.438,68.415,55.102,81.843
213.242,67.074,55.102,81.843
210.291,70.562,55.102,81.843
206.803,74.049,55.102,81.843
208.145,72.708,55.102,81.843
207.877,75.123,55.102,81.843
209.755,72.708,55.102,81.843
207.877,68.684,55.102,81.843
207.072,65.196,55.102,81.843
204.657,64.928,55.102,81.843
202.779,67.342,55.102,81.843
199.291,70.830,55.102,81.843
196.517,70.410,53.927,80.098
199.462,69.251,55.120,81.870
197.047,67.909,55.120,81.870
195.045,64.498,56.340,83.682
198.611,61.480,56.340,83.682
195.593,63.400,56.340,83.682
198.062,60.932,56.340,83.682
201.080,59.560,56.340,83.682
203.000,63.126,56.340,83.682
202.177,66.144,56.340,83.682
202.451,65.321,56.340,83.682
206.017,65.046,56.340,83.682
207.937,62.577,56.340,83.682
207.663,59.560,56.340,83.682
208.463,60.626,57.587,85.533
205.379,58.103,57.587,85.533
202.294,55.579,57.587,85.533
203.694,57.251,58.861,87.425
232.479,52.419,60.163,89.360
235.115,50.954,60.163,89.360
235.994,53.005,60.163,89.360
232.772,66.187,60.163,89.360
232.479,70.581,60.163,89.360
228.671,74.974,60.163,89.360
225.448,74.682,60.163,89.360
229.256,71.459,60.163,89.360
233.150,67.128,61.494,91.337
232.251,69.822,61.494,91.337
231.353,67.128,61.494,91.337
226.263,65.032,61.494,91.337
221.173,63.535,61.494,91.337
220.804,60.350,62.855,93.358
216.213,63.716,62.855,93.358
212.025,59.826,64.245,95.423
214.215,57.011,64.245,95.423
216.425,60.823,65.667,97.534
217.357,57.422,67.120,99.692
212.455,58.402,67.120,99.692
208.207,54.808,67.120,99.692
209.841,49.906,67.120,99.692
212.128,45.657,67.120,99.692
215.723,44.023,67.120,99.692
219.971,42.389,67.120,99.692
226.349,37.557,68.605,101.898
228.687,43.903,68.605,101.898
227.017,49.582,68.605,101.898
230.763,53.653,70.122,104.152
235.202,53.312,70.122,104.152
237.592,51.604,70.122,104.152
235.045,12.550,71.674,106.457
231.718,4.493,73.260,108.812
231.361,-1.570,73.260,108.812
227.960,-1.664,74.881,111.220
233.429,-1.299,74.881,111.220
235.252,1.253,74.881,111.220
238.510,-1.427,73.284,108.848
239.635,0.078,71.721,106.527
244.874,3.919,71.721,106.527
243.826,4.966,71.721,106.527
244.874,2.522,71.721,106.527
243.282,-0.045,70.191,104.255
242.940,-3.804,70.191,104.255
246.016,-0.728,70.191,104.255
244.991,-0.386,70.191,104.255
243.966,-2.095,70.191,104.255
246.358,-1.070,70.191,104.255
240.548,-4.829,70.191,104.255
240.206,-1.753,70.191,104.255
243.282,2.690,70.191,104.255
247.654,6.766,68.695,102.032
243.306,7.100,68.695,102.032
237.341,1.460,70.214,104.289
236.999,-2.300,70.214,104.289
240.713,1.777,68.717,102.065
240.379,-1.234,68.717,102.065
239.375,-4.914,68.717,102.065
242.386,-3.241,68.717,102.065
240.044,-4.245,68.717,102.065
237.702,-1.234,68.717,102.065
236.029,1.777,68.717,102.065
232.839,4.467,70.237,104.323
230.998,3.667,71.792,106.632
227.665,2.851,73.380,108.991
222.034,-2.433,75.003,111.402
217.037,-1.013,76.663,113.867
212.703,1.213,78.359,116.386
213.024,5.071,80.093,118.961
206.878,4.969,81.865,121.593
204.885,6.165,81.865,121.593
205.220,2.752,83.676,124.284
206.408,5.181,85.527,127.033
201.827,3.099,85.527,127.033
203.077,-0.649,85.527,127.033
210.156,3.932,85.527,127.033
216.402,1.017,85.527,127.033
211.568,6.092,87.420,129.844
205.183,10.774,87.420,129.844
210.717,4.390,87.420,129.844
207.542,1.628,89.354,132.717
211.457,0.323,89.354,132.717
208.212,2.015,91.331,135.653
214.882,-1.098,91.331,135.653
223.331,-1.543,91.331,135.653
227.305,-2.239,89.383,132.760
230.355,-3.760,87.477,129.929
234.983,2.962,85.612,127.158
233.732,1.712,85.612,127.158
233.316,3.796,85.612,127.158
232.899,5.046,85.612,127.158
236.624,3.590,83.786,124.447
239.483,2.951,81.999,121.793
240.647,2.846,83.813,124.487
236.756,0.199,85.668,127.242
240.510,5.621,85.668,127.242
242.630,5.772,83.841,124.528
239.773,10.262,83.841,124.528
236.099,13.936,83.841,124.528
208.748,32.306,83.841,124.528
200.621,33.893,85.696,127.283
198.374,28.589,87.592,130.100
203.065,24.750,87.592,130.100
197.521,21.765,87.592,130.100
208.499,15.459,89.530,132.978
213.235,13.095,87.621,130.142
211.291,16.539,85.752,127.367
206.698,16.121,85.752,127.367
166.199,19.879,85.752,127.367
161.606,23.637,85.752,127.367
163.689,29.592,87.649,130.185
170.944,37.700,87.649,130.185
178.049,47.726,85.780,127.409
184.197,52.708,83.951,124.692
187.058,51.481,83.951,124.692
185.195,52.417,82.161,122.033
191.996,49.617,82.161,122.033
197.996,57.217,82.161,122.033
215.452,25.745,80.408,119.430
217.410,17.523,80.408,119.430
209.615,14.171,82.187,122.073
212.442,8.254,84.006,124.773
207.125,9.481,84.006,124.773
200.530,8.840,82.214,122.113
192.124,8.440,82.214,122.113
183.718,6.438,82.214,122.113
177.264,5.811,80.461,119.509
175.479,6.708,78.745,116.960
172.253,9.803,77.066,114.466
169.627,10.928,77.066,114.466
167.000,13.555,77.066,114.466
168.126,16.932,77.066,114.466
170.002,20.309,77.066,114.466
165.124,23.686,77.066,114.466
167.750,27.063,77.066,114.466
162.872,31.941,77.066,114.466
166.250,33.067,77.066,114.466
163.623,34.943,77.066,114.466
165.499,32.316,77.066,114.466
162.872,28.189,77.066,114.466
159.495,26.313,77.066,114.466
159.120,25.938,77.066,114.466
162.497,26.313,77.066,114.466
162.872,25.938,77.066,114.466
170.002,26.313,77.066,114.466
174.880,31.191,77.066,114.466
179.088,36.543,78.771,116.998
185.608,42.296,78.771,116.998
189.827,48.049,78.771,116.998
194.046,51.500,78.771,116.998
198.265,52.651,78.771,116.998
204.158,46.184,80.514,119.587
206.118,41.088,80.514,119.587
201.567,32.850,82.295,122.233
196.915,25.262,84.116,124.937
196.409,20.906,85.977,127.701
195.991,21.325,85.977,127.701
199.817,19.478,87.879,130.527
194.850,18.478,89.824,133.415
197.940,15.640,91.811,136.367
193.678,13.668,93.842,139.384
196.906,10.704,95.919,142.467
194.571,13.973,95.919,142.467
196.906,10.704,95.919,142.467
195.360,5.736,98.041,145.620
192.973,5.259,98.041,145.620
194.405,2.872,98.041,145.620
193.928,0.485,98.041,145.620
193.451,-0.947,98.041,145.620
198.702,-4.288,98.041,145.620
193.160,-1.442,100.210,148.841
194.624,1.974,100.210,148.841
193.160,4.413,100.210,148.841
199.401,4.589,98.073,145.667
194.848,5.455,100.243,148.890
199.241,3.015,100.243,148.890
201.682,3.503,100.243,148.890
208.027,0.086,100.243,148.890
202.658,-5.283,100.243,148.890
208.027,1.062,100.243,148.890
203.634,-3.330,100.243,148.890
204.122,2.038,100.243,148.890
200.705,-0.402,100.243,148.890
196.052,-3.568,102.461,152.184
196.471,2.512,104.728,155.552
196.900,-1.854,107.045,158.993
199.506,0.752,107.045,158.993
204.196,-0.812,107.045,158.993
199.506,-4.460,107.045,158.993
204.163,-5.276,104.762,155.603
200.359,-3.293,107.080,159.045
204.008,-6.943,107.080,159.045
197.230,-3.293,107.080,159.045
193.581,-7.986,107.080,159.045
201.401,-7.464,107.080,159.045
211.086,-3.256,104.796,155.654
210.728,-4.055,102.562,152.334
218.218,0.439,102.562,152.334
210.349,-3.836,104.831,155.705
206.055,0.284,102.595,152.384
200.889,1.427,100.407,149.134
208.223,4.849,100.407,149.134
211.649,4.083,98.266,145.954
214.081,4.256,96.171,142.842
213.752,7.133,94.120,139.795
217.876,3.009,94.120,139.795
221.972,4.058,92.113,136.814
218.199,4.219,90.148,133.897
222.122,9.455,88.226,131.041
220.164,9.610,86.344,128.247
223.107,13.394,86.344,128.247
219.323,12.973,86.344,128.247
222.266,10.871,86.344,128.247
217.642,14.655,86.344,128.247
217.995,11.927,88.255,131.084
210.238,18.709,86.373,128.289
190.487,35.886,84.531,125.553
184.313,33.005,84.531,125.553
179.786,33.416,84.531,125.553
185.959,35.474,84.531,125.553
188.840,38.355,84.531,125.553
190.075,42.882,84.531,125.553
192.956,43.294,84.531,125.553
189.032,45.748,86.401,128.331
181.039,48.693,86.401,128.331
162.950,43.224,86.401,128.331
136.704,33.645,84.558,125.594
129.705,29.116,84.558,125.594
126.242,23.709,82.755,122.916
123.421,18.471,82.755,122.916
125.436,15.650,82.755,122.916
127.450,12.024,82.755,122.916
126.242,8.398,82.755,122.916
129.062,9.606,82.755,122.916
132.689,11.621,82.755,122.916
133.091,13.636,82.755,122.916
135.102,13.530,84.586,125.635
138.809,15.589,84.586,125.635
142.489,14.944,82.782,122.956
149.200,18.198,81.017,120.334
154.246,17.580,79.289,117.768
156.176,16.421,79.289,117.768
153.296,20.326,81.044,120.374
153.628,18.585,82.837,123.037
156.451,22.214,82.837,123.037
152.821,24.231,82.837,123.037
145.158,21.408,82.837,123.037
135.454,2.890,84.669,125.759
130.919,-4.118,84.669,125.759
127.844,-14.491,86.543,128.541
133.444,-12.853,88.458,131.385
128.444,-16.541,90.415,134.292
133.381,-18.483,92.415,137.264
131.132,-19.833,92.415,137.264
136.081,-13.083,92.415,137.264
141.031,-8.134,92.415,137.264
132.482,-11.284,92.415,137.264
127.532,-15.333,92.415,137.264
124.175,-11.716,94.460,140.301
129.334,-13.746,96.550,143.405
127.191,-16.295,94.491,140.347
128.642,-10.807,92.476,137.354
123.689,-5.854,92.476,137.354
206.987,11.706,92.476,137.354
212.971,6.916,94.522,140.393
209.750,0.933,94.522,140.393
212.971,-2.288,94.522,140.393
203.307,6.456,94.522,140.393
197.324,12.439,94.522,140.393
198.705,17.501,94.522,140.393
201.001,10.696,96.613,143.499
191.123,9.285,96.613,143.499
197.375,2.329,98.751,146.674
199.774,-5.779,100.935,149.919
202.231,-4.304,100.935,149.919
199.774,-11.676,100.935,149.919
204.197,-9.219,100.935,149.919
199.774,-6.762,100.935,149.919
202.231,-13.150,100.935,149.919
196.825,-7.744,100.935,149.919
192.402,-2.339,100.935,149.919
186.996,3.067,100.935,149.919
181.291,-0.121,103.169,153.236
170.742,10.428,103.169,153.236
151.152,14.949,103.169,153.236
137.589,11.433,103.169,153.236
126.036,7.916,103.169,153.236
116.492,2.391,103.169,153.236
108.392,2.572,100.969,149.968
102.002,-0.869,100.969,149.968
92.661,-2.344,100.969,149.968
94.094,0.588,103.202,153.286
91.582,5.110,103.202,153.286
117.028,7.064,105.486,156.677
119.596,13.740,105.486,156.677
114.973,19.390,105.486,156.677
115.603,18.585,103.236,153.336
113.090,21.099,103.236,153.336
110.577,15.570,103.236,153.336
106.053,11.046,103.236,153.336
98.513,8.532,103.236,153.336
89.440,7.745,101.035,150.066
78.125,9.221,101.035,150.066
77.518,10.113,103.270,153.387
65.420,9.981,105.555,156.780
54.628,11.523,105.555,156.780
55.060,4.989,107.890,160.249
58.771,-0.599,110.277,163.794
52.865,-5.431,110.277,163.794
43.737,-8.116,110.277,163.794
51.987,-0.457,112.717,167.418
56.927,5.579,112.717,167.418
50.194,-0.570,110.314,163.848
101.587,9.978,107.961,160.354
105.266,8.401,107.961,160.354
101.587,12.080,107.961,160.354
106.284,18.350,105.659,156.934
107.828,24.009,105.659,156.934
104.226,29.668,105.659,156.934
107.828,34.298,105.659,156.934
105.483,37.459,103.406,153.588
109.012,40.552,101.201,150.312
107.717,41.680,99.042,147.107
112.057,45.056,99.042,147.107
117.296,44.300,96.930,143.970
125.319,40.997,96.930,143.970
127.679,36.749,96.930,143.970
133.814,34.389,96.930,143.970
140.893,31.086,96.930,143.970
146.931,35.805,94.863,140.900
152.839,39.533,92.840,137.895
157.812,41.794,92.840,137.895
