57.000,21.000,31.000,45.000
57.745,19.361,31.000,45.000
58.788,19.212,31.000,45.000
60.426,18.765,31.000,45.000
62.363,18.021,31.000,45.000
65.193,16.084,31.000,45.000
67.428,14.743,31.000,45.000
71.152,16.084,31.000,45.000
74.281,16.233,31.000,45.000
77.409,16.978,31.000,45.000
80.239,18.021,31.000,45.000
81.878,16.978,31.000,45.000
82.325,18.616,31.000,45.000
78.601,19.957,31.000,45.000
72.195,19.510,31.000,45.000
64.895,19.063,31.000,45.000
59.052,18.251,30.339,44.040
55.115,17.814,30.339,44.040
49.138,18.543,30.339,44.040
42.577,17.814,30.339,44.040
38.641,20.000,30.339,44.040
31.788,19.855,30.339,44.040
26.977,19.709,30.339,44.040
23.332,19.271,30.339,44.040
20.271,19.709,30.339,44.040
18.959,21.313,30.339,44.040
20.547,20.799,29.692,43.101
22.402,21.227,29.692,43.101
21.974,19.942,29.692,43.101
20.689,21.227,29.692,43.101
18.835,20.799,29.692,43.101
18.121,21.797,29.692,43.101
18.850,23.495,29.059,42.182
20.666,22.796,29.059,42.182
22.725,24.188,28.439,41.283
24.502,24.872,28.439,41.283
24.639,24.462,28.439,41.283
26.415,24.598,28.439,41.283
29.558,25.828,28.439,41.283
34.615,26.785,28.439,41.283
38.032,28.288,28.439,41.283
41.448,30.338,28.439,41.283
44.865,31.842,28.439,41.283
46.641,33.345,28.439,41.283
47.871,35.395,28.439,41.283
47.188,36.625,28.439,41.283
48.717,35.459,29.068,42.196
50.533,34.202,29.068,42.196
50.356,32.141,29.711,43.129
51.641,26.858,29.711,43.129
53.497,21.004,29.711,43.129
54.211,18.291,29.711,43.129
54.639,16.150,29.711,43.129
56.210,14.579,29.711,43.129
56.924,14.722,29.711,43.129
57.923,16.578,29.711,43.129
59.208,19.576,29.711,43.129
60.764,22.651,29.078,42.210
62.016,23.505,28.458,41.310
64.033,23.814,27.851,40.429
65.233,24.374,27.257,39.566
67.923,23.912,26.676,38.723
69.813,25.437,26.107,37.897
71.180,24.511,25.550,37.089
72.518,24.551,25.005,36.298
71.196,26.113,25.005,36.298
69.493,24.995,24.472,35.524
66.553,25.818,24.472,35.524
62.847,26.764,23.950,34.766
61.121,27.339,23.950,34.766
60.085,28.375,23.950,34.766
60.673,27.969,23.439,34.025
61.687,28.983,23.439,34.025
62.914,28.803,22.939,33.299
64.347,29.133,22.939,33.299
64.910,27.895,22.450,32.589
65.018,28.650,22.450,32.589
64.263,28.974,22.450,32.589
63.724,28.218,22.450,32.589
62.537,27.247,22.450,32.589
60.919,26.492,22.450,32.589
59.732,27.463,22.450,32.589
57.898,26.708,22.450,32.589
55.632,27.032,22.450,32.589
53.151,26.708,22.450,32.589
51.317,26.384,22.450,32.589
49.390,27.031,22.947,33.310
48.397,25.818,22.947,33.310
46.522,25.708,22.947,33.310
45.751,26.480,22.947,33.310
44.758,25.267,22.947,33.310
45.971,23.833,22.947,33.310
46.081,23.061,22.947,33.310
46.853,24.054,22.947,33.310
49.390,24.826,22.947,33.310
49.059,24.716,22.947,33.310
49.169,24.164,22.947,33.310
48.618,22.731,22.947,33.310
48.507,23.723,22.947,33.310
49.059,24.274,22.947,33.310
50.492,24.164,22.947,33.310
53.028,23.172,22.947,33.310
56.226,22.841,22.947,33.310
58.101,23.172,22.947,33.310
60.637,21.959,22.947,33.310
64.938,20.746,22.947,33.310
69.459,20.635,22.947,33.310
73.760,21.848,22.947,33.310
72.326,23.723,22.947,33.310
71.113,26.039,22.947,33.310
71.431,27.386,23.455,34.047
69.741,26.823,23.455,34.047
69.177,27.161,23.455,34.047
67.261,26.147,23.455,34.047
64.078,26.588,23.974,34.800
63.041,25.321,23.974,34.800
64.308,25.667,23.974,34.800
65.115,25.782,23.974,34.800
65.691,25.436,23.974,34.800
66.497,25.321,23.974,34.800
67.765,25.206,23.974,34.800
67.419,25.091,23.974,34.800
64.078,25.667,23.974,34.800
59.585,23.939,23.974,34.800
57.626,24.054,23.974,34.800
56.590,22.787,23.974,34.800
55.010,21.326,24.504,35.570
55.598,19.560,24.504,35.570
54.539,18.735,24.504,35.570
55.611,22.618,25.046,36.357
54.769,26.830,25.046,36.357
56.093,28.395,25.046,36.357
56.690,30.365,25.600,37.162
57.555,31.614,26.167,37.984
57.430,32.997,26.167,37.984
59.316,34.129,26.167,37.984
61.956,35.009,26.167,37.984
63.340,35.889,26.167,37.984
64.723,37.272,26.167,37.984
64.849,38.152,26.167,37.984
63.465,38.530,26.167,37.984
59.064,38.404,26.167,37.984
57.430,40.290,26.167,37.984
55.292,37.398,26.167,37.984
56.172,32.494,26.167,37.984
56.801,30.356,26.167,37.984
58.184,29.225,26.167,37.984
59.567,29.853,26.167,37.984
59.945,29.476,26.167,37.984
60.102,31.214,25.609,37.174
58.749,26.415,25.609,37.174
57.954,22.185,25.063,36.381
57.873,23.850,24.528,35.605
57.794,23.207,24.005,34.846
58.606,24.579,23.493,34.103
58.493,24.467,23.493,34.103
58.199,24.286,22.992,33.376
58.089,25.501,22.992,33.376
56.873,24.728,22.992,33.376
55.879,25.722,22.992,33.376
54.885,26.275,22.992,33.376
53.669,27.048,22.992,33.376
52.454,26.275,22.992,33.376
52.122,26.827,22.992,33.376
50.686,25.833,22.992,33.376
49.471,26.606,22.992,33.376
48.918,25.612,22.992,33.376
47.482,25.943,22.992,33.376
46.929,26.275,22.992,33.376
45.493,26.385,22.992,33.376
44.499,25.170,22.992,33.376
43.504,26.385,22.992,33.376
42.952,24.949,22.992,33.376
47.040,26.164,22.992,33.376
49.360,25.612,22.992,33.376
51.203,24.583,22.502,32.664
50.878,25.557,22.502,32.664
49.905,23.935,22.502,32.664
50.013,24.259,22.502,32.664
49.941,23.461,22.022,31.967
49.411,24.413,22.022,31.967
50.576,23.461,22.022,31.967
50.046,22.720,22.022,31.967
51.845,21.344,22.022,31.967
53.221,20.603,22.022,31.967
57.137,19.863,22.022,31.967
58.540,22.034,22.509,32.675
60.379,22.791,22.509,32.675
62.001,21.602,22.509,32.675
64.057,19.979,22.509,32.675
65.246,19.655,22.509,32.675
64.706,18.248,22.509,32.675
65.246,19.438,22.509,32.675
63.840,18.681,22.509,32.675
62.434,17.491,22.509,32.675
59.604,17.242,23.007,33.398
56.619,20.891,23.007,33.398
52.528,20.117,23.007,33.398
51.091,20.669,23.007,33.398
50.980,19.674,23.007,33.398
49.764,18.900,23.007,33.398
48.548,20.780,23.007,33.398
47.332,19.343,23.007,33.398
48.327,18.127,23.007,33.398
47.553,19.343,23.007,33.398
45.673,18.348,23.007,33.398
41.804,17.795,23.007,33.398
43.241,19.674,23.007,33.398
47.774,17.795,23.007,33.398
50.096,16.800,23.007,33.398
49.543,16.247,23.007,33.398
48.327,17.463,23.007,33.398
49.101,16.247,23.007,33.398
47.884,19.011,23.007,33.398
48.880,21.112,23.007,33.398
50.096,22.991,23.007,33.398
51.975,23.544,23.007,33.398
53.634,22.328,23.007,33.398
55.071,20.448,23.007,33.398
57.614,19.232,23.007,33.398
59.539,20.354,23.516,34.137
61.234,18.433,23.516,34.137
63.155,17.190,23.516,34.137
64.624,16.399,23.516,34.137
63.833,15.608,23.516,34.137
65.076,16.173,23.516,34.137
65.189,15.382,23.516,34.137
66.432,15.495,23.516,34.137
65.415,16.060,23.516,34.137
67.148,17.441,24.037,34.892
65.564,16.935,24.568,35.664
64.738,17.289,24.568,35.664
67.038,17.997,25.112,36.453
68.889,18.470,25.668,37.259
66.545,18.100,25.668,37.259
62.968,18.223,25.668,37.259
57.911,19.580,25.668,37.259
59.514,19.210,25.668,37.259
61.858,14.400,25.668,37.259
64.202,12.056,25.668,37.259
67.532,7.986,25.668,37.259
69.168,6.934,26.235,38.084
71.311,7.816,26.235,38.084
69.420,9.707,26.235,38.084
67.024,10.842,26.235,38.084
64.377,11.724,26.235,38.084
63.494,12.355,26.235,38.084
60.847,12.481,26.235,38.084
57.695,13.111,26.235,38.084
54.795,12.985,26.235,38.084
52.904,12.607,26.235,38.084
53.534,15.255,26.235,38.084
54.921,17.398,26.235,38.084
56.295,19.627,25.676,37.272
57.405,20.490,25.676,37.272
57.322,19.342,25.128,36.477
60.034,19.847,24.593,35.699
60.861,19.729,24.593,35.699
62.377,18.856,24.068,34.938
64.343,19.897,24.068,34.938
65.615,18.856,24.068,34.938
64.805,18.510,24.068,34.938
62.608,17.931,24.068,34.938
62.724,17.353,24.068,34.938
65.321,18.952,23.555,34.193
67.925,21.102,23.555,34.193
71.886,23.932,23.555,34.193
69.962,24.725,23.555,34.193
67.812,25.291,23.555,34.193
62.944,24.498,23.555,34.193
60.567,24.838,23.555,34.193
58.643,23.593,23.555,34.193
56.719,24.385,23.555,34.193
55.700,23.366,23.555,34.193
54.228,23.932,23.555,34.193
53.436,22.913,23.555,34.193
54.232,23.592,24.076,34.949
54.811,22.319,24.076,34.949
55.621,22.898,24.076,34.949
57.356,21.857,24.076,34.949
59.323,22.435,24.076,34.949
60.827,20.468,24.076,34.949
61.406,21.047,24.076,34.949
62.910,24.171,24.076,34.949
63.488,28.451,24.076,34.949
64.298,28.799,24.076,34.949
65.802,29.608,24.076,34.949
67.075,27.873,24.076,34.949
68.579,28.914,24.076,34.949
66.149,28.567,24.076,34.949
65.108,27.526,24.076,34.949
66.612,28.336,24.076,34.949
68.116,27.989,24.076,34.949
66.843,28.799,24.076,34.949
67.885,27.989,24.076,34.949
66.381,28.336,24.076,34.949
65.108,27.294,24.076,34.949
63.141,27.642,24.076,34.949
61.406,28.451,24.076,34.949
62.216,28.567,24.076,34.949
63.488,29.146,24.076,34.949
63.141,28.567,24.076,34.949
64.414,29.608,24.076,34.949
65.455,29.493,24.076,34.949
65.108,30.071,24.076,34.949
62.215,30.650,24.076,34.949
60.249,31.691,24.076,34.949
58.745,32.501,24.076,34.949
59.554,30.303,24.076,34.949
60.364,28.567,24.076,34.949
62.100,29.608,24.076,34.949
62.678,26.485,24.076,34.949
61.174,23.592,24.076,34.949
60.596,21.163,24.076,34.949
58.629,19.196,24.076,34.949
56.199,17.460,24.076,34.949
53.770,16.419,24.076,34.949
51.340,16.766,24.076,34.949
49.605,19.196,24.076,34.949
47.175,23.014,24.076,34.949
44.977,23.824,24.076,34.949
42.084,24.402,24.076,34.949
39.423,24.518,24.076,34.949
38.382,26.022,24.076,34.949
39.886,27.757,24.076,34.949
41.390,29.261,24.076,34.949
44.051,30.534,24.076,34.949
46.018,30.881,24.076,34.949
46.596,31.922,24.076,34.949
46.018,32.038,24.076,34.949
47.059,30.997,24.076,34.949
47.406,31.344,24.076,34.949
50.067,27.294,24.076,34.949
52.497,25.096,24.076,34.949
54.927,23.824,24.076,34.949
59.207,24.402,24.076,34.949
60.711,24.055,24.076,34.949
61.984,23.014,24.076,34.949
63.257,23.824,24.076,34.949
62.910,22.551,24.076,34.949
62.331,21.741,24.076,34.949
63.141,21.163,24.076,34.949
61.406,20.121,24.076,34.949
59.439,19.311,24.076,34.949
55.621,17.345,24.076,34.949
51.340,16.535,24.076,34.949
48.448,16.882,24.076,34.949
42.778,17.229,24.076,34.949
36.415,18.733,24.076,34.949
33.060,17.460,24.076,34.949
30.630,16.882,24.076,34.949
30.052,15.840,24.076,34.949
32.786,16.774,24.609,35.722
34.560,18.075,24.609,35.722
35.637,19.520,25.153,36.513
34.732,17.988,25.710,37.321
34.114,17.864,25.710,37.321
36.522,19.118,26.279,38.146
38.921,17.729,26.279,38.146
40.072,17.700,26.860,38.990
41.248,17.134,27.454,39.853
42.171,15.683,27.454,39.853
41.248,16.079,27.454,39.853
40.324,14.628,27.454,39.853
40.984,15.815,27.454,39.853
43.490,17.002,27.454,39.853
43.358,20.037,27.454,39.853
43.490,22.543,27.454,39.853
44.150,23.731,27.454,39.853
45.337,24.918,27.454,39.853
45.997,25.842,27.454,39.853
47.976,26.238,27.454,39.853
50.219,25.314,27.454,39.853
52.462,25.974,27.454,39.853
53.649,27.161,27.454,39.853
55.100,25.710,27.454,39.853
57.079,25.842,27.454,39.853
59.058,24.918,27.454,39.853
61.037,25.050,27.454,39.853
63.808,23.071,27.454,39.853
65.787,21.884,27.454,39.853
68.358,18.842,28.062,40.735
69.841,16.010,28.062,40.735
66.872,8.704,28.683,41.636
60.945,2.502,28.683,41.636
58.769,-0.390,29.317,42.557
56.938,0.596,29.317,42.557
54.824,7.500,29.317,42.557
54.402,18.629,29.317,42.557
53.697,31.450,29.317,42.557
53.838,37.226,29.317,42.557
53.697,38.494,29.317,42.557
53.838,38.917,29.317,42.557
54.543,37.367,29.317,42.557
55.529,34.127,29.317,42.557
56.233,32.013,29.317,42.557
55.529,28.773,29.317,42.557
54.824,26.096,29.317,42.557
53.838,25.110,29.317,42.557
52.570,25.533,29.317,42.557
50.739,24.547,29.317,42.557
50.880,25.251,29.317,42.557
49.893,24.828,29.317,42.557
49.752,25.814,29.317,42.557
50.457,25.955,29.317,42.557
49.752,26.660,29.317,42.557
50.175,26.237,29.317,42.557
50.624,26.284,28.692,41.650
50.486,26.421,28.692,41.650
50.072,26.835,28.692,41.650
49.383,27.800,28.692,41.650
49.520,27.387,28.692,41.650
49.107,26.973,28.692,41.650
48.417,27.938,28.692,41.650
48.831,27.524,28.692,41.650
47.866,27.387,28.692,41.650
48.280,26.973,28.692,41.650
48.693,27.938,28.692,41.650
48.004,27.524,28.692,41.650
48.142,26.559,28.692,41.650
49.378,26.870,28.080,40.761
49.783,27.275,28.080,40.761
49.378,26.331,28.080,40.761
50.328,26.895,27.481,39.892
49.139,27.556,27.481,39.892
50.592,26.631,27.481,39.892
50.460,27.027,27.481,39.892
51.120,27.688,27.481,39.892
50.988,25.971,27.481,39.892
52.705,26.103,27.481,39.892
52.044,25.179,27.481,39.892
50.856,24.254,27.481,39.892
49.319,24.498,28.089,40.775
48.308,25.027,28.711,41.677
49.274,22.958,28.711,41.677
49.412,21.716,28.711,41.677
50.653,22.682,28.711,41.677
49.687,22.820,28.711,41.677
50.653,23.510,28.711,41.677
49.963,22.544,28.711,41.677
50.377,23.234,28.711,41.677
50.515,23.648,28.711,41.677
50.377,24.889,28.711,41.677
50.239,25.303,28.711,41.677
49.549,24.061,28.711,41.677
50.239,25.303,28.711,41.677
49.274,24.337,28.711,41.677
49.963,24.751,28.711,41.677
49.274,25.441,28.711,41.677
50.515,24.199,28.711,41.677
50.929,23.510,28.711,41.677
49.963,23.923,28.711,41.677
50.929,23.510,28.711,41.677
51.619,22.820,28.711,41.677
52.585,23.510,28.711,41.677
52.723,22.544,28.711,41.677
51.481,22.406,28.711,41.677
52.723,22.820,28.711,41.677
51.205,23.785,28.711,41.677
52.447,23.923,28.711,41.677
53.689,23.510,28.711,41.677
52.723,24.199,28.711,41.677
53.413,23.510,28.711,41.677
54.654,24.199,28.711,41.677
54.827,24.511,28.098,40.788
54.963,25.456,28.098,40.788
55.098,24.511,28.098,40.788
55.233,25.456,28.098,40.788
55.638,24.241,28.098,40.788
54.422,25.186,28.098,40.788
55.368,25.591,28.098,40.788
54.963,25.996,28.098,40.788
54.557,26.131,28.098,40.788
54.963,24.376,28.098,40.788
55.368,25.321,28.098,40.788
55.503,25.456,28.098,40.788
54.287,25.051,28.098,40.788
55.503,25.996,28.098,40.788
54.017,25.591,28.098,40.788
54.692,25.726,28.098,40.788
54.017,25.051,28.098,40.788
54.422,25.726,28.098,40.788
54.287,25.591,28.098,40.788
52.716,26.401,28.720,41.691
53.130,24.882,28.720,41.691
53.544,25.849,28.720,41.691
53.958,25.158,28.720,41.691
52.716,24.468,28.720,41.691
52.578,25.435,28.720,41.691
53.544,25.020,28.720,41.691
53.682,25.987,28.720,41.691
52.440,25.573,28.720,41.691
53.958,24.882,28.720,41.691
52.992,25.849,28.720,41.691
53.958,25.158,28.720,41.691
54.096,24.192,28.720,41.691
54.510,24.882,28.720,41.691
54.924,25.573,28.720,41.691
54.234,24.882,28.720,41.691
55.200,25.573,28.720,41.691
