0.00742459
0.01132274
0.01102924
0.01123977
0.01090503
0.01091433
0.01092839
0.01092744
0.01085949
0.01088738
0.01087594
0.01092815
0.01088834
0.01097512
0.01088095
0.01096416
0.01086760
0.01100373
0.01090956
0.01090074
0.01097798
0.01087022
0.01090074
0.01081085
0.01083255
0.01081061
0.01084042
0.01072407
0.01067829
0.01078844
0.01086068
0.01086974
0.01085973
0.01085687
0.01076078
0.01072955
0.01070833
0.01077127
0.01081610
0.01087785
0.01088572
0.01093316
0.01085520
0.01088142
0.01072168
0.01077247
0.01088405
0.01076317
0.01074719
0.01090908
0.01084638
0.01084757
0.01070142
0.01078153
0.01067138
0.01085734
0.01085901
0.01082969
0.01077509
0.01067495
0.01067495
0.01071143
0.01073480
0.01077461
0.01070952
0.01067376
0.01083994
0.01094627
0.01097870
0.01084232
0.01074457
0.01070070
0.01075554
0.01088357
0.01097441
0.01112366
0.01091862
0.01086497
0.01068306
0.01071405
0.01079631
0.01082206
0.01086378
0.01097989
0.01097751
0.01092386
0.01091433
0.01077747
0.01088786
0.01089120
0.01097035
0.01096368
0.01096892
0.01106501
0.01092029
0.01088476
0.01091695
0.01096678
0.01093292
0.01101995
0.01097822
0.01100016
0.01091528
0.01091599
0.01087332
0.01090145
0.01079988
0.01072049
0.01075268
0.01069117
0.01084900
0.01084805
0.01096630
0.01089191
0.01085711
0.01071429
0.01078749
0.01070166
0.01079893
0.01081467
0.01062322
0.01081800
0.01081562
0.01073837
0.01077938
0.01083302
0.01080632
0.01087761
0.01080298
0.01086044
0.01076007
0.01094532
0.01097322
0.01098585
0.01091170
0.01080704
0.01090336
0.01105833
0.01088262
0.01095247
0.01081252
0.01075220
0.01076341
0.01074958
0.01086283
0.01106524
0.01093578
0.01112366
0.01098323
0.01096201
0.01064610
0.01094127
0.01087904
0.01076245
0.01098967
0.01120019
0.01102662
0.01113558
0.01090074
0.01082540
0.01077628
0.01087523
0.01075339
0.01111603
0.01095963
0.01114130
0.01097369
0.01102591
0.01077151
0.01079845
0.01072574
0.01090908
0.01097631
0.01117182
0.01099133
0.01112461
0.01091337
0.01100254
0.01100016
0.01101089
0.01111698
0.01114035
0.01103878
0.01108861
0.01094055
0.01104259
0.01093245
0.01106763
0.01091552
0.01103377
0.01102948
0.01096582
0.01095986
0.01100755
0.01091337
0.01093030
0.01091123
0.01099825
0.01089644
0.01100183
0.01082802
0.01082611
0.01078677
0.01067924
0.01070619
0.01073146
0.01092052
0.01092267
0.01083875
0.01069617
0.01083207
0.01082110
0.01085687
0.01089835
0.01099229
0.01084590
0.01072192
0.01074600
0.01087713
0.01087904
0.01090121
0.01089478
0.01090622
0.01117849
0.01092625
0.01085210
0.01087523
0.01087666
0.01095653
0.01092243
0.01095128
0.01078343
0.01074839
0.01079702
0.01092124
0.01079011
0.01080251
0.01088142
0.01091385
0.01088715
0.01078653
0.01069522
0.01088166
0.01092911
0.01096702
0.01097369
0.01093459
0.01076531
0.01077986
0.01100564
0.01097298
0.01104665
0.01100636
0.01108432
0.01092672
0.01088214
0.01073146
0.01074290
0.01094675
0.01087546
0.01099229
0.01103926
0.01092911
0.01108575
0.01072359
0.01094007
0.01089644
0.01073790
0.01096749
0.01102972
0.01096177
0.01101875
0.01092625
0.01084876
0.01077247
0.01104188
0.01087594
0.01094270
0.01073146
0.01086235
0.01099515
0.01089287
0.01073694
0.01080728
0.01087713
0.01088023
0.01080561
0.01085877
0.01087761
0.01076603
0.01080632
0.01084232
0.01085997
0.01095438
0.01097226
0.01075935
0.01087666
0.01071334
0.01093578
0.01095819
0.01097584
0.01069760
0.01089549
0.01089334
0.01092291
0.01116657
0.01091957
0.01111555
0.01094770
0.01094675
0.01083708
0.01092243
0.01084781
0.01110983
0.01089859
0.01079178
0.01080251
0.01099277
0.01086259
0.01102853
0.01083016
0.01074004
0.01079106
0.01086903
0.01092792
0.01093531
0.01093149
0.01102448
0.01094580
0.01090312
0.01090407
0.01092482
0.01091957
0.01119494
0.01095080
0.01089907
0.01093888
0.01118231
0.01099896
0.01112676
0.01088691
0.01084948
0.01092315
0.01114082
0.01092458
0.01084280
0.01094890
0.01106215
0.01096916
0.01108575
0.01087022
0.01103568
0.01091146
0.01093054
0.01079297
0.01082706
0.01092649
0.01102805
0.01092029
0.01087165
0.01084042
0.01101422
0.01100254
0.01100945
0.01094723
0.01093984
0.01095891
0.01087904
0.01100421
0.01114845
0.01106143
0.01093936
0.01093078
0.01106310
0.01093602
0.01082325
0.01098180
0.01094413
0.01093793
0.01084948
0.01080298
0.01088023
0.01091552
0.01087904
0.01096106
0.01096892
0.01128221
0.01103044
0.01083899
0.01106620
0.01092172
0.01110005
0.01094723
0.01110601
0.01098514
0.01098204
0.01092839
0.01087594
0.01081419
0.01093769
0.01086330
0.01096582
0.01098275
0.01079655
0.01079774
0.01095772
0.01086426
0.01105618
0.01086783
0.01094222
0.01093125
0.01101041
0.01099420
0.01100945
0.01090026
0.01101208
0.01091337
0.01099324
0.01097488
0.01097035
0.01108027
0.01084495
0.01098943
0.01087952
0.01089406
0.01094055
0.01096201
0.01100945
0.01096487
0.01093650
0.01087904
0.01097322
0.01094842
0.01089787
0.01107550
0.01094294
0.01088905
0.01090503
0.01090097
0.01095128
0.01103592
0.01106429
0.01099253
0.01100087
0.01096940
0.01106715
0.01096940
0.01107383
0.01091981
0.01115561
0.01099277
0.01096869
0.01095128
0.01113558
0.01101089
0.01102424
0.01099420
0.01102662
0.01100993
0.01103830
0.01091957
0.01087332
0.01091599
0.01101041
0.01097679
0.01099849
0.01104808
0.01097775
0.01100111
0.01094937
0.01094079
0.01080370
0.01094604
0.01099634
0.01098108
0.01113558
0.01098680
0.01107073
0.01094127
0.01108098
0.01093650
0.01093888
0.01086450
0.01089406
0.01095796
0.01097131
0.01096368
0.01094031
0.01096487
0.01108646
0.01096511
0.01098228
0.01098371
