6.000,166.000,42.000,26.000
7.994,165.867,42.000,26.000
9.988,166.532,42.000,26.000
11.716,165.601,42.000,26.000
13.444,166.532,42.000,26.000
15.704,166.399,42.000,26.000
17.432,167.861,42.000,26.000
19.692,167.196,42.000,26.000
20.888,168.127,42.000,26.000
21.819,167.994,42.000,26.000
22.483,168.393,42.000,26.000
24.211,169.057,42.000,26.000
25.142,168.393,42.000,26.000
26.338,169.589,42.000,26.000
27.800,168.393,42.000,26.000
28.997,169.589,42.000,26.000
30.459,168.659,42.000,26.000
32.187,169.057,42.000,26.000
33.383,169.722,42.000,26.000
34.846,169.057,42.000,26.000
36.042,170.254,42.000,26.000
38.036,170.387,42.000,26.000
40.030,170.785,42.000,26.000
41.758,169.855,42.000,26.000
42.954,171.051,42.000,26.000
44.416,171.716,42.000,26.000
45.879,170.785,42.000,26.000
46.655,172.015,42.929,26.575
47.063,171.336,42.929,26.575
48.286,172.015,42.929,26.575
49.780,171.336,42.929,26.575
49.644,172.015,42.929,26.575
50.867,171.336,42.929,26.575
52.090,172.015,42.929,26.575
53.041,171.607,42.929,26.575
53.720,172.830,42.929,26.575
54.672,171.607,42.929,26.575
55.079,173.102,42.929,26.575
56.574,172.151,42.929,26.575
57.253,172.830,42.929,26.575
59.291,171.879,42.929,26.575
60.514,172.015,42.929,26.575
62.008,171.336,42.929,26.575
62.960,172.287,42.929,26.575
64.182,171.879,42.929,26.575
64.412,172.008,43.879,27.163
66.495,170.758,43.879,27.163
68.301,171.730,43.879,27.163
69.828,171.036,43.879,27.163
70.245,170.619,43.879,27.163
70.768,170.751,44.850,27.764
72.046,170.609,44.850,27.764
73.607,170.751,44.850,27.764
74.317,170.609,44.850,27.764
75.878,171.319,44.850,27.764
76.304,170.609,44.850,27.764
77.866,171.319,44.850,27.764
79.143,170.325,44.850,27.764
80.705,169.899,44.850,27.764
80.563,171.461,44.850,27.764
82.408,170.467,44.850,27.764
83.402,171.177,44.850,27.764
84.111,170.467,44.850,27.764
84.821,171.177,44.850,27.764
83.828,170.751,44.850,27.764
85.105,171.745,44.850,27.764
83.873,170.407,45.842,28.378
84.018,171.132,45.842,28.378
84.743,171.857,45.842,28.378
83.727,170.842,45.842,28.378
83.672,171.281,46.856,29.006
82.692,172.037,47.893,29.648
84.359,172.188,47.893,29.648
84.814,170.824,47.893,29.648
84.663,171.885,47.893,29.648
83.601,172.037,47.893,29.648
84.663,172.188,47.893,29.648
86.027,171.430,47.893,29.648
86.481,172.491,47.893,29.648
85.117,171.734,47.893,29.648
84.359,172.795,47.893,29.648
84.208,173.552,47.893,29.648
84.966,172.188,47.893,29.648
86.330,172.643,47.893,29.648
85.875,172.188,47.893,29.648
85.817,173.276,48.953,30.304
85.115,174.066,50.036,30.975
84.956,172.324,50.036,30.975
85.115,173.749,50.036,30.975
84.640,173.591,50.036,30.975
84.165,174.066,50.036,30.975
84.006,173.274,50.036,30.975
83.946,174.081,51.143,31.660
82.540,174.571,52.274,32.360
82.044,173.413,52.274,32.360
82.209,172.916,52.274,32.360
83.367,173.413,52.274,32.360
83.304,173.570,53.431,33.076
83.811,173.062,53.431,33.076
82.628,172.893,53.431,33.076
84.150,174.077,53.431,33.076
82.966,172.217,53.431,33.076
83.954,173.781,54.613,33.808
83.781,172.225,54.613,33.808
82.998,173.106,55.821,34.556
83.528,173.636,55.821,34.556
84.411,172.753,55.821,34.556
84.588,172.576,55.821,34.556
84.520,173.477,57.057,35.321
82.952,171.400,58.319,36.102
84.613,172.692,58.319,36.102
85.905,171.400,58.319,36.102
84.686,171.958,59.609,36.901
87.138,171.392,59.609,36.901
86.195,169.694,59.609,36.901
86.384,171.015,59.609,36.901
87.704,171.958,59.609,36.901
87.893,170.638,59.609,36.901
88.212,170.425,60.928,37.717
89.176,169.075,60.928,37.717
88.598,171.197,60.928,37.717
89.176,169.461,60.928,37.717
90.526,170.811,60.928,37.717
91.490,169.847,60.928,37.717
93.226,170.811,60.928,37.717
91.952,169.393,62.276,38.552
92.937,170.379,62.276,38.552
93.271,169.339,63.654,39.405
93.875,168.735,63.654,39.405
95.285,169.742,63.654,39.405
94.790,168.679,65.062,40.277
97.467,168.885,65.062,40.277
97.816,168.653,66.502,41.168
98.868,168.442,66.502,41.168
99.499,168.653,66.502,41.168
101.394,168.021,66.502,41.168
101.750,168.221,67.973,42.079
101.965,166.715,67.973,42.079
104.331,168.651,67.973,42.079
103.356,166.177,69.477,43.010
104.896,167.277,69.477,43.010
104.811,166.116,71.014,43.961
106.834,165.442,71.014,43.961
108.147,166.588,72.585,44.934
109.755,164.520,72.585,44.934
110.621,166.168,74.191,45.928
111.018,163.955,75.833,46.944
111.424,164.681,77.511,47.983
113.142,161.982,77.511,47.983
115.840,163.700,77.511,47.983
116.255,161.387,79.226,49.044
117.509,162.641,79.226,49.044
119.766,160.886,79.226,49.044
119.013,162.641,79.226,49.044
117.760,160.384,79.226,49.044
121.019,159.130,79.226,49.044
118.261,160.384,79.226,49.044
111.992,159.632,79.226,49.044
107.279,158.463,77.536,47.999
103.611,158.738,75.883,46.975
103.851,158.978,75.883,46.975
123.195,165.685,77.562,48.014
121.477,161.021,77.562,48.014
155.665,165.082,75.908,46.990
151.087,163.814,77.587,48.030
142.840,160.990,79.304,49.093
155.056,163.691,77.612,48.046
154.226,162.072,75.957,47.021
150.139,160.870,75.957,47.021
154.707,160.630,75.957,47.021
159.275,162.793,75.957,47.021
164.024,166.307,74.338,46.018
166.863,162.625,75.982,47.037
167.584,165.270,75.982,47.037
163.001,161.506,77.663,48.077
161.377,162.249,79.382,49.141
164.409,158.838,81.138,50.228
164.665,161.150,81.138,50.228
163.895,159.352,81.138,50.228
166.206,157.554,81.138,50.228
165.042,159.397,82.933,51.340
166.355,158.609,82.933,51.340
169.767,160.447,82.933,51.340
168.032,158.517,84.768,52.475
166.816,158.771,86.644,53.636
168.418,155.049,88.560,54.823
171.219,157.641,90.520,56.036
173.487,154.940,92.523,57.276
177.880,153.476,92.523,57.276
183.236,154.362,94.570,58.543
187.469,149.677,96.662,59.838
192.431,151.237,98.801,61.162
196.204,147.640,100.987,62.516
198.735,147.280,103.221,63.899
201.321,148.268,105.505,65.312
197.729,145.121,107.839,66.758
203.531,148.192,107.839,66.758
201.824,143.073,107.839,66.758
198.153,143.397,110.225,68.235
192.952,137.937,112.664,69.744
198.301,140.433,112.664,69.744
191.505,137.071,115.156,71.287
188.341,133.636,117.704,72.865
180.468,129.351,120.308,74.477
174.001,128.132,122.970,76.124
173.612,129.300,122.970,76.124
157.312,124.824,125.691,77.809
152.140,122.835,125.691,77.809
146.969,119.254,125.691,77.809
156.914,120.448,125.691,77.809
172.428,123.232,125.691,77.809
170.439,119.652,125.691,77.809
177.998,121.641,125.691,77.809
161.687,116.470,125.691,77.809
88.895,112.720,128.472,79.530
73.851,114.753,128.472,79.530
83.203,111.093,128.472,79.530
86.862,107.434,128.472,79.530
91.335,108.654,128.472,79.530
88.394,110.678,125.732,77.834
95.955,112.667,125.732,77.834
93.169,117.045,125.732,77.834
99.496,113.655,123.051,76.174
110.790,113.266,123.051,76.174
106.506,119.887,123.051,76.174
102.222,125.728,123.051,76.174
107.285,130.012,123.051,76.174
110.790,125.728,123.051,76.174
115.074,128.455,123.051,76.174
119.358,124.949,123.051,76.174
124.799,126.137,120.427,74.550
128.992,122.707,120.427,74.550
131.660,119.276,120.427,74.550
135.090,124.231,120.427,74.550
140.807,120.801,120.427,74.550
145.000,115.846,120.427,74.550
153.264,121.417,117.859,72.960
159.195,128.307,115.345,71.404
165.401,125.021,115.345,71.404
172.337,121.736,115.345,71.404
179.273,126.482,115.345,71.404
184.749,121.006,115.345,71.404
192.416,116.990,115.345,71.404
204.463,112.974,115.345,71.404
213.786,117.606,112.886,69.882
227.005,120.822,112.886,69.882
239.510,119.035,112.886,69.882
257.016,122.965,112.886,69.882
276.667,120.464,112.886,69.882
297.746,122.965,112.886,69.882
320.255,119.035,112.886,69.882
346.336,115.820,112.886,69.882
