117.000,68.000,122.000,125.000
110.679,61.679,122.000,125.000
108.248,57.303,122.000,125.000
110.679,51.955,122.000,125.000
111.165,48.552,122.000,125.000
113.347,44.647,124.699,127.766
117.639,38.593,127.458,130.592
125.259,33.005,127.458,130.592
130.846,27.417,127.458,130.592
137.341,21.230,130.278,133.482
142.903,17.060,133.161,136.435
151.891,20.506,136.107,139.454
159.953,24.028,139.118,142.539
168.269,26.800,139.118,142.539
172.150,31.790,139.118,142.539
169.378,34.562,139.118,142.539
175.477,40.661,139.118,142.539
176.031,44.542,139.118,142.539
181.021,49.532,139.118,142.539
180.467,53.413,139.118,142.539
186.565,57.294,139.118,142.539
187.120,61.175,139.118,142.539
185.456,62.838,139.118,142.539
190.446,63.393,139.118,142.539
186.565,65.056,139.118,142.539
187.514,64.973,136.151,139.499
194.568,61.174,136.151,139.499
198.129,64.698,139.164,142.586
193.137,71.908,139.164,142.586
184.117,77.811,142.243,145.741
180.149,73.843,142.243,145.741
174.458,64.584,145.390,148.965
169.844,55.121,148.607,152.261
173.990,49.791,148.607,152.261
167.475,57.490,148.607,152.261
173.056,76.810,145.438,149.014
179.264,86.587,148.655,152.311
176.302,94.289,148.655,152.311
180.449,100.806,148.655,152.311
183.412,106.138,148.655,152.311
179.264,104.361,148.655,152.311
178.672,99.029,148.655,152.311
181.970,98.940,145.485,149.063
181.390,102.998,145.485,149.063
179.651,97.780,145.485,149.063
184.869,106.477,145.485,149.063
183.626,114.214,142.383,145.884
186.463,122.725,142.383,145.884
183.059,130.297,139.346,142.773
180.798,138.778,136.375,139.728
185.919,144.983,133.467,136.749
188.880,152.080,130.620,133.832
193.785,160.030,127.835,130.978
199.390,167.672,127.835,130.978
203.975,175.314,127.835,130.978
210.739,186.041,125.109,128.185
217.221,192.522,125.109,128.185
226.725,202.059,122.441,125.452
236.026,210.452,119.830,122.776
243.288,217.745,117.274,120.158
249.364,221.951,117.274,120.158
257.309,224.288,117.274,120.158
268.993,219.147,117.274,120.158
276.939,213.071,117.274,120.158
283.015,207.930,117.274,120.158
289.091,201.854,117.274,120.158
292.362,192.974,117.274,120.158
296.569,180.354,117.274,120.158
299.171,160.463,114.773,117.596
307.861,140.794,114.773,117.596
313.808,133.018,114.773,117.596
334.391,123.413,114.773,117.596
348.401,102.182,112.326,115.088
354.220,82.933,112.326,115.088
351.086,73.532,112.326,115.088
355.115,40.853,112.326,115.088
348.764,21.466,114.811,117.634
343.221,12.095,117.351,120.237
359.590,5.080,117.351,120.237
352.575,-1.000,117.351,120.237
354.913,0.403,117.351,120.237
378.765,6.483,117.351,120.237
387.651,9.756,117.351,120.237
382.507,11.159,117.351,120.237
376.427,6.950,117.351,120.237
368.476,9.289,117.351,120.237
360.526,6.015,117.351,120.237
351.640,7.418,117.351,120.237
342.754,10.692,117.351,120.237
333.868,14.901,117.351,120.237
324.982,18.175,117.351,120.237
316.096,22.384,117.351,120.237
301.696,27.362,119.948,122.897
283.011,31.458,122.601,125.616
274.705,35.855,122.601,125.616
265.421,37.321,122.601,125.616
256.137,38.787,122.601,125.616
247.831,35.366,122.601,125.616
239.525,35.855,122.601,125.616
233.173,35.366,122.601,125.616
227.798,35.855,122.601,125.616
219.852,34.972,125.314,128.395
213.359,31.476,125.314,128.395
205.868,33.974,125.314,128.395
199.376,31.476,125.314,128.395
191.884,33.974,125.314,128.395
184.393,34.473,125.314,128.395
173.905,37.969,125.314,128.395
164.416,43.463,125.314,128.395
153.185,49.814,128.087,131.236
146.549,56.450,128.087,131.236
136.850,59.003,128.087,131.236
117.963,54.409,128.087,131.236
102.108,59.252,125.355,128.438
110.668,63.992,122.682,125.699
114.090,73.282,122.682,125.699
107.734,81.594,122.682,125.699
44.662,38.079,122.682,125.699
40.262,27.811,122.682,125.699
38.271,11.715,120.066,123.018
40.664,2.624,120.066,123.018
38.271,-6.468,120.066,123.018
42.404,-14.283,122.722,125.740
41.355,-19.070,120.105,123.058
47.711,-23.756,117.544,120.434
50.053,-31.719,117.544,120.434
53.332,-40.620,117.544,120.434
59.422,-50.457,117.544,120.434
79.021,77.977,120.144,123.099
88.147,92.674,117.582,120.474
102.499,88.086,115.075,117.904
113.893,81.829,112.621,115.390
120.626,69.711,112.621,115.390
126.461,60.285,112.621,115.390
132.200,49.230,115.113,117.943
138.066,39.833,117.659,120.553
143.224,36.551,117.659,120.553
124.936,6.072,117.659,120.553
121.654,-0.962,117.659,120.553
117.033,-3.744,115.150,117.982
122.999,-1.450,115.150,117.982
117.951,0.845,115.150,117.982
112.392,-0.936,117.698,120.592
114.737,5.162,117.698,120.592
118.020,1.878,117.698,120.592
112.861,3.285,117.698,120.592
108.639,-0.936,117.698,120.592
101.603,4.223,117.698,120.592
108.639,1.878,117.698,120.592
102.541,8.914,117.698,120.592
89.073,3.200,120.302,123.260
94.347,9.433,120.302,123.260
99.621,12.789,120.302,123.260
95.306,6.556,120.302,123.260
89.657,3.711,117.737,120.632
85.434,8.873,117.737,120.632
81.211,4.650,117.737,120.632
84.495,10.750,117.737,120.632
78.395,4.650,117.737,120.632
84.495,8.873,117.737,120.632
82.149,3.711,117.737,120.632
78.865,0.427,117.737,120.632
78.395,0.896,117.737,120.632
76.988,-1.450,117.737,120.632
