347.000,58.000,103.000,251.000
339.504,60.044,103.000,251.000
337.460,58.000,103.000,251.000
336.778,58.681,103.000,251.000
332.008,58.000,103.000,251.000
325.875,61.407,103.000,251.000
321.105,59.363,103.000,251.000
312.246,62.770,103.000,251.000
306.113,60.726,103.000,251.000
298.617,65.496,103.000,251.000
299.298,63.452,103.000,251.000
290.439,70.948,103.000,251.000
289.758,70.266,103.000,251.000
282.262,75.036,103.000,251.000
281.580,72.992,103.000,251.000
276.810,76.399,103.000,251.000
278.855,67.540,103.000,251.000
271.359,70.948,103.000,251.000
274.766,66.177,103.000,251.000
271.359,62.770,103.000,251.000
274.766,56.637,103.000,251.000
267.270,62.770,103.000,251.000
276.129,58.000,103.000,251.000
271.359,64.133,103.000,251.000
274.766,74.355,103.000,251.000
267.270,87.303,103.000,251.000
277.492,90.710,103.000,251.000
284.988,84.577,103.000,251.000
293.847,74.355,103.000,251.000
299.980,65.496,103.000,251.000
306.113,59.363,103.000,251.000
301.343,65.496,103.000,251.000
299.157,63.575,100.803,245.647
295.822,65.575,100.803,245.647
288.486,59.573,100.803,245.647
283.818,65.575,100.803,245.647
287.152,64.908,100.803,245.647
279.870,73.313,98.654,240.409
271.385,83.103,98.654,240.409
276.841,91.329,96.550,235.282
291.533,89.412,96.550,235.282
298.559,90.051,96.550,235.282
307.593,94.407,94.491,230.265
318.844,89.029,92.476,225.354
341.482,79.852,92.476,225.354
345.764,75.569,92.476,225.354
351.271,79.852,92.476,225.354
343.317,78.016,92.476,225.354
347.600,79.852,92.476,225.354
342.093,79.240,92.476,225.354
350.047,72.510,92.476,225.354
353.106,73.121,92.476,225.354
348.824,70.062,92.476,225.354
354.330,74.345,92.476,225.354
358.613,74.957,92.476,225.354
355.554,70.674,92.476,225.354
359.836,72.510,92.476,225.354
354.330,65.780,92.476,225.354
350.047,65.168,92.476,225.354
358.001,62.109,92.476,225.354
350.047,61.497,92.476,225.354
358.001,65.780,92.476,225.354
361.060,71.286,92.476,225.354
356.863,64.350,94.522,230.340
354.987,68.727,94.522,230.340
349.359,63.099,94.522,230.340
338.728,57.471,94.522,230.340
333.099,50.592,94.522,230.340
323.719,48.715,94.522,230.340
316.840,54.344,94.522,230.340
308.710,53.718,94.522,230.340
304.333,50.592,94.522,230.340
301.206,43.713,94.522,230.340
299.330,39.335,94.522,230.340
303.707,42.462,94.522,230.340
298.120,36.670,96.613,235.436
298.759,33.474,96.613,235.436
294.285,31.556,96.613,235.436
287.247,29.615,98.751,240.645
285.287,26.348,98.751,240.645
284.634,30.921,98.751,240.645
289.207,26.348,98.751,240.645
292.474,37.455,98.751,240.645
294.434,45.948,98.751,240.645
302.928,51.828,98.751,240.645
306.194,56.402,98.751,240.645
300.314,45.295,98.751,240.645
303.581,49.868,98.751,240.645
310.768,58.362,98.751,240.645
315.341,66.855,98.751,240.645
317.301,74.042,98.751,240.645
314.034,69.469,98.751,240.645
317.301,80.575,98.751,240.645
312.728,85.149,98.751,240.645
317.301,88.416,98.751,240.645
321.875,85.149,98.751,240.645
329.061,91.029,98.751,240.645
327.101,85.149,98.751,240.645
321.221,83.189,98.751,240.645
316.648,81.229,98.751,240.645
314.688,76.655,98.751,240.645
310.114,70.775,98.751,240.645
302.928,60.975,98.751,240.645
298.354,56.402,98.751,240.645
289.861,51.828,98.751,240.645
283.981,44.642,98.751,240.645
276.794,36.148,98.751,240.645
277.447,40.722,98.751,240.645
270.261,34.841,98.751,240.645
274.834,44.642,98.751,240.645
268.954,50.522,98.751,240.645
272.221,55.095,98.751,240.645
267.647,50.522,98.751,240.645
269.607,51.175,98.751,240.645
265.034,43.988,98.751,240.645
269.607,47.255,98.751,240.645
266.340,38.761,98.751,240.645
273.527,40.722,98.751,240.645
279.407,42.682,98.751,240.645
283.981,43.335,98.751,240.645
293.220,44.012,96.645,235.514
298.975,44.651,96.645,235.514
307.287,46.569,96.645,235.514
309.205,51.045,96.645,235.514
312.402,51.685,96.645,235.514
315.599,54.882,96.645,235.514
320.075,55.521,96.645,235.514
320.715,57.439,96.645,235.514
320.075,60.636,96.645,235.514
323.272,61.276,96.645,235.514
322.633,65.752,96.645,235.514
327.109,71.506,96.645,235.514
326.469,75.982,96.645,235.514
324.551,70.227,96.645,235.514
327.748,73.424,96.645,235.514
324.551,79.179,96.645,235.514
328.126,66.623,98.783,240.724
323.551,56.820,98.783,240.724
317.669,45.709,98.783,240.724
310.480,41.134,98.783,240.724
300.676,39.174,98.783,240.724
296.102,35.906,98.783,240.724
292.834,41.788,98.783,240.724
290.873,46.363,98.783,240.724
290.219,54.859,98.783,240.724
292.180,68.584,98.783,240.724
294.141,79.694,98.783,240.724
288.259,85.576,98.783,240.724
283.684,87.537,98.783,240.724
281.723,82.962,98.783,240.724
284.991,56.166,98.783,240.724
286.952,45.056,98.783,240.724
290.219,58.780,98.783,240.724
293.487,68.584,98.783,240.724
295.448,65.316,98.783,240.724
296.102,62.048,98.783,240.724
301.984,66.623,98.783,240.724
303.944,65.969,98.783,240.724
308.519,73.159,98.783,240.724
306.558,68.584,98.783,240.724
308.519,61.394,98.783,240.724
309.173,52.898,98.783,240.724
303.291,26.102,98.783,240.724
309.173,33.292,98.783,240.724
312.440,47.016,98.783,240.724
317.015,50.284,98.783,240.724
322.897,53.552,98.783,240.724
323.551,51.591,98.783,240.724
326.494,49.748,96.677,235.591
327.134,45.271,96.677,235.591
332.890,44.631,96.677,235.591
336.088,47.829,96.677,235.591
336.503,49.725,94.615,230.567
334.625,46.595,94.615,230.567
339.007,48.473,94.615,230.567
340.884,52.855,94.615,230.567
333.999,52.229,94.615,230.567
342.136,46.595,94.615,230.567
350.274,43.465,94.615,230.567
352.152,50.351,94.615,230.567
347.770,47.221,94.615,230.567
349.648,51.603,94.615,230.567
356.087,49.838,92.597,225.650
351.799,40.648,92.597,225.650
346.285,48.613,92.597,225.650
341.997,44.324,92.597,225.650
338.934,44.937,92.597,225.650
348.778,44.390,90.623,220.838
345.780,42.592,90.623,220.838
343.982,39.594,90.623,220.838
350.577,44.990,90.623,220.838
346.342,43.299,88.690,216.128
348.102,49.754,88.690,216.128
342.821,44.473,88.690,216.128
341.061,48.580,88.690,216.128
338.127,47.994,88.690,216.128
341.061,50.928,88.690,216.128
338.127,50.341,88.690,216.128
342.235,47.407,88.690,216.128
348.689,42.126,88.690,216.128
339.888,43.886,88.690,216.128
348.689,51.514,88.690,216.128
348.102,54.448,88.690,216.128
343.995,56.209,88.690,216.128
338.714,53.275,88.690,216.128
352.668,65.194,86.799,211.519
358.985,68.065,86.799,211.519
351.519,64.045,86.799,211.519
347.499,61.174,86.799,211.519
354.965,64.045,86.799,211.519
354.391,61.174,86.799,211.519
357.262,58.303,86.799,211.519
354.391,55.431,86.799,211.519
351.519,49.114,86.799,211.519
352.093,55.431,86.799,211.519
353.816,64.045,86.799,211.519
353.081,70.175,84.948,207.009
345.775,69.613,84.948,207.009
342.965,73.547,84.948,207.009
334.535,71.861,84.948,207.009
329.476,72.423,84.948,207.009
324.418,75.233,84.948,207.009
322.732,72.423,84.948,207.009
316.550,76.358,84.948,207.009
319.360,72.423,84.948,207.009
316.550,67.365,84.948,207.009
319.360,71.299,84.948,207.009
327.790,66.241,84.948,207.009
333.973,70.175,84.948,207.009
342.403,66.241,84.948,207.009
342.965,65.679,84.948,207.009
346.107,59.307,86.827,211.589
340.937,58.733,86.827,211.589
335.767,52.414,86.827,211.589
331.826,43.517,88.748,216.270
333.588,52.325,88.748,216.270
335.349,59.958,88.748,216.270
330.065,57.022,88.748,216.270
325.954,51.738,88.748,216.270
335.936,54.673,88.748,216.270
342.395,51.738,88.748,216.270
330.065,48.802,88.748,216.270
322.432,43.517,88.748,216.270
315.973,51.150,88.748,216.270
311.863,44.692,88.748,216.270
308.927,46.453,88.748,216.270
304.817,42.343,88.748,216.270
298.358,48.802,88.748,216.270
301.294,44.692,88.748,216.270
306.578,54.673,88.748,216.270
311.863,54.086,88.748,216.270
314.798,57.022,88.748,216.270
311.863,54.086,88.748,216.270
304.229,48.802,88.748,216.270
307.165,48.215,88.748,216.270
310.101,55.848,88.748,216.270
311.863,61.132,88.748,216.270
313.624,58.196,88.748,216.270
314.211,64.655,88.748,216.270
315.973,69.940,88.748,216.270
316.560,67.004,88.748,216.270
320.670,71.114,88.748,216.270
321.257,71.701,88.748,216.270
323.019,72.288,88.748,216.270
318.909,70.527,88.748,216.270
314.798,73.463,88.748,216.270
312.915,75.203,86.856,211.658
309.964,75.798,85.003,207.144
309.402,75.236,85.003,207.144
307.715,80.297,85.003,207.144
308.079,86.300,83.191,202.727
310.831,92.355,83.191,202.727
303.676,96.207,83.191,202.727
298.722,100.060,83.191,202.727
299.272,98.409,83.191,202.727
292.071,93.311,85.031,207.212
287.008,93.874,85.031,207.212
283.070,96.687,85.031,207.212
281.382,93.874,85.031,207.212
277.444,89.936,85.031,207.212
281.382,93.874,85.031,207.212
277.444,95.561,85.031,207.212
282.507,93.874,85.031,207.212
280.702,95.541,83.218,202.794
284.557,96.091,83.218,202.794
280.702,98.844,83.218,202.794
281.253,101.597,83.218,202.794
282.905,96.642,83.218,202.794
284.557,92.788,83.218,202.794
289.512,94.440,83.218,202.794
294.467,91.687,83.218,202.794
301.624,85.631,83.218,202.794
297.770,80.675,83.218,202.794
295.018,77.922,83.218,202.794
297.770,76.271,83.218,202.794
300.523,80.125,83.218,202.794
299.973,77.372,83.218,202.794
304.928,83.428,83.218,202.794
305.478,86.181,83.218,202.794
308.231,85.631,83.218,202.794
304.377,89.485,83.218,202.794
301.624,92.237,83.218,202.794
302.175,97.193,83.218,202.794
296.119,104.350,83.218,202.794
295.568,102.698,83.218,202.794
296.119,107.654,83.218,202.794
292.265,106.002,83.218,202.794
290.613,107.654,83.218,202.794
287.860,104.901,83.218,202.794
279.601,103.249,83.218,202.794
272.444,101.597,83.218,202.794
266.382,89.643,85.059,207.280
270.322,75.574,85.059,207.280
268.633,66.007,85.059,207.280
272.573,57.566,85.059,207.280
272.010,62.631,85.059,207.280
277.075,68.821,85.059,207.280
281.014,78.388,85.059,207.280
275.949,87.955,85.059,207.280
281.014,81.764,85.059,207.280
275.949,89.080,85.059,207.280
283.265,82.890,85.059,207.280
283.828,80.076,85.059,207.280
285.516,78.388,85.059,207.280
281.577,81.202,85.059,207.280
279.888,87.392,85.059,207.280
282.702,83.453,85.059,207.280
280.897,93.799,83.245,202.860
284.752,89.944,83.245,202.860
287.506,87.190,83.245,202.860
288.057,81.132,83.245,202.860
293.014,76.175,83.245,202.860
296.869,73.421,83.245,202.860
299.623,81.682,83.245,202.860
303.478,87.741,83.245,202.860
306.232,88.292,83.245,202.860
307.884,84.436,83.245,202.860
309.536,64.058,83.245,202.860
302.461,57.197,81.470,198.534
307.312,57.736,81.470,198.534
301.427,63.489,79.733,194.300
301.955,64.017,79.733,194.300
296.152,66.655,79.733,194.300
288.239,60.852,79.733,194.300
282.432,53.777,81.497,198.599
282.781,64.729,79.759,194.364
285.419,72.645,79.759,194.364
281.726,78.449,79.759,194.364
278.032,90.586,79.759,194.364
278.559,93.224,79.759,194.364
273.810,113.804,79.759,194.364
274.338,121.720,79.759,194.364
268.533,119.081,79.759,194.364
272.227,114.332,79.759,194.364
266.423,108.528,79.759,194.364
271.172,110.111,79.759,194.364
265.367,101.140,79.759,194.364
262.729,100.612,79.759,194.364
260.090,94.808,79.759,194.364
257.452,100.612,79.759,194.364
260.402,91.345,81.524,198.664
254.469,98.357,81.524,198.664
260.402,94.581,81.524,198.664
265.256,88.648,81.524,198.664
274.425,91.345,81.524,198.664
266.335,97.278,81.524,198.664
265.795,98.896,81.524,198.664
269.930,92.781,83.327,203.060
276.444,79.667,85.171,207.552
280.388,76.850,85.171,207.552
286.587,71.778,85.171,207.552
285.060,71.236,87.055,212.144
290.243,78.724,87.055,212.144
295.427,81.603,87.055,212.144
300.611,86.787,87.055,212.144
305.026,87.428,88.981,216.838
309.147,80.952,88.981,216.838
310.913,80.364,88.981,216.838
313.856,70.356,88.981,216.838
317.977,69.767,88.981,216.838
324.453,75.065,88.981,216.838
326.219,76.831,88.981,216.838
330.340,80.952,88.981,216.838
330.929,81.541,88.981,216.838
330.340,77.420,88.981,216.838
332.106,74.476,88.981,216.838
325.631,72.710,88.981,216.838
323.864,70.944,88.981,216.838
327.985,64.468,88.981,216.838
326.219,63.880,88.981,216.838
330.340,69.178,88.981,216.838
323.864,78.009,88.981,216.838
327.985,88.017,88.981,216.838
319.155,89.783,88.981,216.838
311.502,79.775,88.981,216.838
303.848,73.299,88.981,216.838
295.018,60.936,88.981,216.838
287.365,55.638,88.981,216.838
289.131,62.114,88.981,216.838
294.865,57.883,90.950,221.636
287.042,62.095,90.950,221.636
288.848,56.679,90.950,221.636
284.636,52.467,90.950,221.636
280.423,55.476,90.950,221.636
284.636,51.263,90.950,221.636
288.848,49.458,90.950,221.636
290.653,47.653,90.950,221.636
288.848,54.272,90.950,221.636
282.229,56.077,90.950,221.636
276.813,54.272,90.950,221.636
268.991,63.298,90.950,221.636
263.575,68.714,90.950,221.636
258.159,72.926,90.950,221.636
252.744,75.934,90.950,221.636
242.514,81.350,90.950,221.636
238.264,80.813,89.011,216.909
232.964,83.758,89.011,216.909
234.731,76.102,89.011,216.909
229.431,70.802,89.011,216.909
231.197,65.502,89.011,216.909
225.897,69.624,89.011,216.909
225.308,67.858,89.011,216.909
225.897,71.980,89.011,216.909
220.597,76.102,89.011,216.909
215.297,81.402,89.011,216.909
220.597,76.102,89.011,216.909
215.297,73.158,89.011,216.909
211.175,72.569,89.011,216.909
207.052,69.624,89.011,216.909
205.286,73.747,89.011,216.909
210.586,80.224,89.011,216.909
208.819,89.058,89.011,216.909
217.147,98.750,87.112,212.284
210.802,89.824,89.040,216.980
203.094,90.479,91.010,221.781
195.215,81.154,93.023,226.688
192.138,81.770,93.023,226.688
199.655,81.221,91.040,221.854
201.207,87.650,89.098,217.123
203.861,83.715,87.198,212.492
210.207,78.523,87.198,212.492
213.092,74.485,87.198,212.492
213.669,83.139,87.198,212.492
216.553,89.484,87.198,212.492
222.487,96.755,85.339,207.961
224.181,90.544,85.339,207.961
229.263,100.142,85.339,207.961
229.827,107.482,85.339,207.961
226.928,115.686,83.519,203.526
223.025,114.128,81.738,199.186
336.048,87.630,81.738,199.186
337.441,82.977,79.995,194.938
332.678,88.799,79.995,194.938
335.324,88.270,79.995,194.938
332.678,83.507,79.995,194.938
326.899,83.035,78.289,190.781
317.058,92.876,78.289,190.781
308.407,104.396,76.619,186.713
305.804,104.921,74.985,182.731
303.323,108.393,74.985,182.731
285.960,117.819,74.985,182.731
282.487,119.308,74.985,182.731
277.025,109.566,76.644,186.774
282.603,105.002,76.644,186.774
290.209,98.410,76.644,186.774
298.830,90.804,76.644,186.774
306.436,71.027,76.644,186.774
311.000,66.464,76.644,186.774
312.521,76.098,76.644,186.774
308.971,83.704,76.644,186.774
312.521,85.226,76.644,186.774
318.099,82.690,76.644,186.774
324.691,79.141,76.644,186.774
