294.000,135.000,44.000,171.000
294.404,133.787,44.000,171.000
295.617,134.191,44.000,171.000
295.213,134.596,44.000,171.000
298.043,135.000,44.000,171.000
296.830,135.404,44.000,171.000
298.043,135.000,44.000,171.000
298.448,135.404,44.000,171.000
298.852,135.809,44.000,171.000
296.830,136.213,44.000,171.000
296.426,135.000,44.000,171.000
296.022,135.404,44.000,171.000
293.191,135.809,44.000,171.000
291.170,135.404,44.000,171.000
288.339,135.000,44.000,171.000
287.126,136.213,44.000,171.000
284.296,135.000,44.000,171.000
282.274,135.404,44.000,171.000
280.252,135.809,44.000,171.000
279.039,136.213,44.000,171.000
277.017,135.809,44.000,171.000
274.996,136.213,44.000,171.000
274.591,135.809,44.000,171.000
273.378,137.022,44.000,171.000
274.591,136.617,44.000,171.000
272.570,137.830,44.000,171.000
272.974,139.043,44.000,171.000
271.761,138.639,44.000,171.000
272.974,139.852,44.000,171.000
272.570,141.065,44.000,171.000
268.930,142.278,44.000,171.000
268.526,144.300,44.000,171.000
267.313,143.896,44.000,171.000
267.717,145.917,44.000,171.000
264.887,147.130,44.000,171.000
266.100,145.917,44.000,171.000
263.062,148.910,43.062,167.353
261.874,148.514,43.062,167.353
261.479,148.910,43.062,167.353
258.709,149.306,43.062,167.353
257.261,152.234,42.143,163.785
256.873,152.622,42.143,163.785
258.035,153.009,42.143,163.785
254.550,154.945,42.143,163.785
257.612,156.318,41.245,160.292
259.507,156.697,41.245,160.292
258.851,158.772,40.365,156.873
261.784,160.087,39.504,153.528
264.325,158.272,39.504,153.528
262.297,160.259,38.662,150.254
262.652,160.614,38.662,150.254
260.165,160.259,38.662,150.254
261.942,159.193,38.662,150.254
258.744,158.127,38.662,150.254
255.547,156.351,38.662,150.254
255.191,154.574,38.662,150.254
256.968,152.798,38.662,150.254
253.960,147.081,39.517,153.578
256.502,145.991,39.517,153.578
254.686,144.902,39.517,153.578
255.379,140.565,40.392,156.976
251.466,136.903,41.285,160.449
254.122,135.006,41.285,160.449
251.697,132.051,42.199,163.999
255.656,129.834,43.132,167.628
255.590,126.746,44.087,171.337
257.616,124.720,44.087,171.337
253.970,124.315,44.087,171.337
257.265,119.477,45.062,175.128
260.164,117.407,45.062,175.128
253.952,119.477,45.062,175.128
250.225,122.376,45.062,175.128
250.639,123.618,45.062,175.128
249.124,126.683,44.101,171.393
253.110,128.901,43.161,167.738
252.423,130.307,42.240,164.161
252.035,130.696,42.240,164.161
252.423,129.531,42.240,164.161
248.930,130.696,42.240,164.161
252.423,129.531,42.240,164.161
248.930,130.696,42.240,164.161
250.871,131.084,42.240,164.161
248.930,131.472,42.240,164.161
251.647,131.084,42.240,164.161
248.930,131.472,42.240,164.161
252.423,131.860,42.240,164.161
250.482,131.472,42.240,164.161
253.976,130.307,42.240,164.161
253.588,129.919,42.240,164.161
251.647,129.531,42.240,164.161
254.364,129.143,42.240,164.161
254.752,128.755,42.240,164.161
253.588,129.143,42.240,164.161
257.081,129.531,42.240,164.161
257.470,129.143,42.240,164.161
258.634,130.307,42.240,164.161
261.351,130.696,42.240,164.161
265.169,132.072,41.339,160.660
267.069,130.932,41.339,160.660
269.728,130.552,41.339,160.660
270.108,131.692,41.339,160.660
272.767,132.072,41.339,160.660
276.186,133.211,41.339,160.660
278.845,133.591,41.339,160.660
282.264,130.932,41.339,160.660
281.125,125.234,41.339,160.660
285.304,119.535,41.339,160.660
285.378,123.079,40.458,157.234
186.109,127.912,40.458,157.234
189.765,125.647,39.595,153.881
186.329,129.041,38.751,150.599
189.832,132.363,37.924,147.388
190.877,132.015,37.924,147.388
189.135,135.151,37.924,147.388
193.234,135.043,37.116,144.245
193.575,137.431,37.116,144.245
195.281,135.726,37.116,144.245
197.668,135.384,37.116,144.245
200.056,135.726,37.116,144.245
202.443,135.384,37.116,144.245
203.467,135.043,37.116,144.245
203.808,137.431,37.116,144.245
206.877,135.043,37.116,144.245
209.265,137.431,37.116,144.245
206.877,135.043,37.116,144.245
211.312,135.384,37.116,144.245
209.606,135.043,37.116,144.245
212.676,136.067,37.116,144.245
215.063,138.454,37.116,144.245
213.358,137.431,37.116,144.245
215.746,137.090,37.116,144.245
214.722,136.749,37.116,144.245
215.063,137.090,37.116,144.245
214.040,137.431,37.116,144.245
216.428,136.408,37.116,144.245
278.164,149.028,37.116,144.245
280.551,151.415,37.116,144.245
278.846,149.028,37.116,144.245
279.869,151.415,37.116,144.245
279.528,153.803,37.116,144.245
277.140,148.687,37.116,144.245
279.207,155.230,37.937,147.436
278.161,161.854,37.937,147.436
279.904,160.111,37.937,147.436
278.858,158.368,37.937,147.436
279.524,154.928,38.776,150.698
277.986,152.152,39.634,154.032
279.078,151.059,39.634,154.032
279.442,151.423,39.634,154.032
281.992,153.245,39.634,154.032
281.628,153.609,39.634,154.032
284.906,153.245,39.634,154.032
283.085,152.880,39.634,154.032
284.906,151.788,39.634,154.032
283.813,152.152,39.634,154.032
286.363,152.516,39.634,154.032
284.542,153.609,39.634,154.032
281.458,151.527,40.511,157.440
281.086,151.155,40.511,157.440
281.458,150.038,40.511,157.440
278.660,157.099,39.647,154.083
279.434,153.474,38.802,150.797
276.225,158.110,38.802,150.797
275.426,156.072,39.660,154.133
277.248,160.081,39.660,154.133
274.919,157.241,40.538,157.544
276.037,159.849,40.538,157.544
275.392,161.888,39.673,154.184
276.166,167.397,38.827,150.896
279.675,167.975,37.999,147.678
282.120,166.927,37.999,147.678
284.564,166.578,37.999,147.678
284.913,166.229,37.999,147.678
287.358,166.578,37.999,147.678
289.802,164.133,37.999,147.678
289.453,160.991,37.999,147.678
289.104,164.133,37.999,147.678
288.499,159.313,37.189,144.529
290.891,161.022,37.189,144.529
292.962,161.905,38.011,147.726
291.215,158.062,38.011,147.726
294.057,159.690,38.852,150.995
295.128,162.189,38.852,150.995
293.343,158.976,38.852,150.995
297.270,162.189,38.852,150.995
294.057,158.976,38.852,150.995
296.961,159.898,39.712,154.336
294.406,158.804,39.712,154.336
296.231,158.439,39.712,154.336
297.326,161.723,39.712,154.336
296.231,159.898,39.712,154.336
297.326,163.183,39.712,154.336
295.501,166.467,39.712,154.336
294.406,166.103,39.712,154.336
296.231,168.657,39.712,154.336
293.141,165.057,40.591,157.750
291.276,164.684,40.591,157.750
289.411,162.819,40.591,157.750
289.784,162.446,40.591,157.750
291.649,163.565,40.591,157.750
291.276,161.699,40.591,157.750
293.141,160.580,40.591,157.750
295.401,156.900,41.489,161.240
296.920,153.139,42.407,164.808
300.427,153.528,42.407,164.808
303.155,154.698,42.407,164.808
305.104,152.749,42.407,164.808
305.494,153.918,42.407,164.808
305.883,151.970,42.407,164.808
310.170,153.918,42.407,164.808
313.677,152.749,42.407,164.808
320.302,154.698,42.407,164.808
325.369,157.425,42.407,164.808
320.452,152.772,43.345,168.454
316.253,148.016,44.304,172.181
312.806,145.688,45.284,175.991
315.719,149.434,45.284,175.991
308.645,149.850,45.284,175.991
306.564,150.266,45.284,175.991
303.041,147.888,46.286,179.885
304.317,149.164,46.286,179.885
310.424,148.498,47.310,183.865
315.207,149.802,47.310,183.865
314.772,151.976,47.310,183.865
316.946,152.410,47.310,183.865
317.031,153.114,46.301,179.944
319.575,155.443,45.314,176.106
317.249,157.722,44.348,172.351
320.471,160.738,43.402,168.675
318.477,157.946,43.402,168.675
319.324,160.898,42.476,165.078
318.934,161.288,42.476,165.078
319.324,160.117,42.476,165.078
321.276,160.507,42.476,165.078
323.228,160.117,42.476,165.078
326.741,158.946,42.476,165.078
328.693,163.240,42.476,165.078
330.644,162.069,42.476,165.078
333.377,162.459,42.476,165.078
335.329,162.849,42.476,165.078
338.061,164.801,42.476,165.078
340.013,164.411,42.476,165.078
341.184,165.582,42.476,165.078
344.697,166.753,42.476,165.078
343.526,166.363,42.476,165.078
346.258,165.972,42.476,165.078
348.210,167.143,42.476,165.078
347.039,165.191,42.476,165.078
349.771,164.801,42.476,165.078
348.600,165.972,42.476,165.078
351.333,163.240,42.476,165.078
350.942,165.191,42.476,165.078
354.455,164.020,42.476,165.078
357.188,165.972,42.476,165.078
360.701,164.801,42.476,165.078
364.214,165.972,42.476,165.078
367.727,164.801,42.476,165.078
369.679,166.753,42.476,165.078
372.411,165.582,42.476,165.078
375.924,165.191,42.476,165.078
380.218,166.362,42.476,165.078
383.731,165.191,42.476,165.078
386.096,164.580,43.416,168.731
388.889,163.383,43.416,168.731
391.682,162.984,43.416,168.731
392.081,162.585,43.416,168.731
394.874,162.186,43.416,168.731
392.324,159.906,44.377,172.464
395.179,163.576,44.377,172.464
396.402,162.353,44.377,172.464
396.810,163.576,44.377,172.464
398.849,163.168,44.377,172.464
395.994,166.023,44.377,172.464
399.664,167.246,44.377,172.464
400.888,168.470,44.377,172.464
402.927,168.878,44.377,172.464
405.782,168.470,44.377,172.464
409.452,167.246,44.377,172.464
412.306,167.654,44.377,172.464
417.608,166.431,44.377,172.464
420.463,164.392,44.377,172.464
422.502,163.984,44.377,172.464
425.356,162.760,44.377,172.464
426.580,160.721,44.377,172.464
428.619,159.498,44.377,172.464
428.211,159.090,44.377,172.464
431.066,158.682,44.377,172.464
432.690,156.351,45.359,176.280
433.486,153.969,46.362,180.180
433.415,151.534,47.388,184.166
430.632,151.755,48.436,188.241
434.638,151.310,48.436,188.241
429.742,151.755,48.436,188.241
432.857,151.310,48.436,188.241
429.742,152.645,48.436,188.241
431.077,152.200,48.436,188.241
427.071,153.536,48.436,188.241
426.626,153.981,48.436,188.241
422.620,155.316,48.436,188.241
418.614,155.761,48.436,188.241
415.498,154.426,48.436,188.241
412.382,153.981,48.436,188.241
409.266,155.316,48.436,188.241
406.150,153.981,48.436,188.241
402.144,153.536,48.436,188.241
401.699,152.200,48.436,188.241
398.583,151.755,48.436,188.241
397.248,152.200,48.436,188.241
396.803,150.865,48.436,188.241
396.358,151.310,48.436,188.241
393.242,151.755,48.436,188.241
394.092,148.287,49.508,192.406
392.727,148.742,49.508,192.406
394.092,147.378,49.508,192.406
391.817,146.923,49.508,192.406
392.272,146.468,49.508,192.406
393.637,145.103,49.508,192.406
394.092,145.558,49.508,192.406
394.547,144.193,49.508,192.406
395.001,145.558,49.508,192.406
395.456,144.193,49.508,192.406
397.731,145.558,49.508,192.406
395.767,143.901,50.603,196.663
399.953,142.506,50.603,196.663
400.840,138.883,51.723,201.014
400.365,138.408,51.723,201.014
397.988,137.932,51.723,201.014
400.365,137.457,51.723,201.014
397.038,136.031,51.723,201.014
399.414,134.605,51.723,201.014
396.087,135.081,51.723,201.014
399.414,136.507,51.723,201.014
397.038,134.130,51.723,201.014
400.365,134.605,51.723,201.014
397.988,135.081,51.723,201.014
399.414,134.605,51.723,201.014
397.988,133.179,51.723,201.014
402.266,133.655,51.723,201.014
398.939,133.179,51.723,201.014
405.118,133.655,51.723,201.014
403.692,133.179,51.723,201.014
407.020,132.704,51.723,201.014
410.347,132.229,51.723,201.014
411.773,132.704,51.723,201.014
414.149,131.278,51.723,201.014
411.773,132.704,51.723,201.014
410.347,131.278,51.723,201.014
408.608,132.963,50.620,196.727
405.112,133.716,49.540,192.532
405.567,132.350,49.540,192.532
401.470,130.984,49.540,192.532
396.462,131.439,49.540,192.532
396.007,128.253,49.540,192.532
390.999,129.618,49.540,192.532
385.991,127.342,49.540,192.532
384.625,127.797,49.540,192.532
381.438,127.342,49.540,192.532
379.162,125.976,49.540,192.532
375.975,126.432,49.540,192.532
373.699,125.066,49.540,192.532
372.333,124.611,49.540,192.532
369.146,123.245,49.540,192.532
366.870,122.789,49.540,192.532
365.504,122.334,49.540,192.532
365.960,120.058,49.540,192.532
363.683,120.513,49.540,192.532
365.049,118.237,49.540,192.532
362.773,115.961,49.540,192.532
365.049,115.505,49.540,192.532
362.773,113.229,49.540,192.532
361.407,113.684,49.540,192.532
363.683,112.318,49.540,192.532
361.407,110.953,49.540,192.532
360.041,112.318,49.540,192.532
358.675,111.863,49.540,192.532
357.310,112.318,49.540,192.532
358.675,111.863,49.540,192.532
355.489,110.497,49.540,192.532
356.854,110.953,49.540,192.532
353.667,112.318,49.540,192.532
355.944,110.953,49.540,192.532
351.846,111.408,49.540,192.532
350.481,110.953,49.540,192.532
352.757,113.229,49.540,192.532
348.660,111.863,49.540,192.532
351.846,113.229,49.540,192.532
347.749,113.684,49.540,192.532
347.294,114.140,49.540,192.532
346.839,115.505,49.540,192.532
344.562,116.871,49.540,192.532
344.107,117.326,49.540,192.532
341.831,117.782,49.540,192.532
339.554,120.058,49.540,192.532
340.010,120.513,49.540,192.532
335.912,118.237,49.540,192.532
331.815,115.961,49.540,192.532
328.628,114.595,49.540,192.532
327.262,117.782,49.540,192.532
323.165,116.416,49.540,192.532
320.889,115.961,49.540,192.532
317.702,118.237,49.540,192.532
316.914,117.218,48.484,188.426
313.795,122.119,48.484,188.426
311.567,123.456,48.484,188.426
307.557,122.119,48.484,188.426
305.329,122.565,48.484,188.426
301.319,120.337,48.484,188.426
299.091,119.000,48.484,188.426
297.755,121.228,48.484,188.426
292.854,120.783,48.484,188.426
290.626,120.337,48.484,188.426
290.180,119.891,48.484,188.426
293.299,121.228,48.484,188.426
290.180,121.674,48.484,188.426
290.626,119.446,48.484,188.426
286.616,121.674,48.484,188.426
288.844,122.119,48.484,188.426
283.052,124.347,48.484,188.426
283.497,123.010,48.484,188.426
286.616,125.238,48.484,188.426
281.715,123.901,48.484,188.426
284.834,124.347,48.484,188.426
284.388,124.793,48.484,188.426
279.487,126.129,48.484,188.426
282.606,124.793,48.484,188.426
278.596,126.129,48.484,188.426
275.477,127.466,48.484,188.426
277.705,127.911,48.484,188.426
272.804,130.139,48.484,188.426
271.467,131.476,48.484,188.426
270.130,131.921,48.484,188.426
268.794,134.149,48.484,188.426
267.457,134.595,48.484,188.426
266.120,134.149,48.484,188.426
266.566,135.486,48.484,188.426
263.447,135.931,48.484,188.426
263.002,138.159,48.484,188.426
264.338,138.605,48.484,188.426
262.110,139.050,48.484,188.426
264.338,141.278,48.484,188.426
263.002,142.615,48.484,188.426
267.012,143.060,48.484,188.426
266.566,144.397,48.484,188.426
267.903,144.842,48.484,188.426
267.457,145.288,48.484,188.426
269.685,145.734,48.484,188.426
271.913,146.179,48.484,188.426
274.140,147.516,48.484,188.426
278.150,146.179,48.484,188.426
279.487,144.842,48.484,188.426
279.933,145.288,48.484,188.426
281.269,143.060,48.484,188.426
279.933,139.941,48.484,188.426
283.052,141.278,48.484,188.426
280.824,141.724,48.484,188.426
279.487,140.387,48.484,188.426
279.042,139.941,48.484,188.426
276.814,143.060,48.484,188.426
277.259,143.506,48.484,188.426
275.032,146.625,48.484,188.426
273.695,147.961,48.484,188.426
271.467,147.516,48.484,188.426
270.130,147.070,48.484,188.426
269.685,145.734,48.484,188.426
265.675,142.615,48.484,188.426
266.120,145.734,48.484,188.426
262.110,139.941,48.484,188.426
262.036,139.244,49.557,192.595
260.670,138.788,49.557,192.595
258.393,138.333,49.557,192.595
260.670,139.699,49.557,192.595
257.482,140.155,49.557,192.595
259.328,145.281,48.500,188.488
257.990,146.618,48.500,188.488
261.515,151.635,47.466,184.468
259.334,149.454,47.466,184.468
262.387,154.252,47.466,184.468
261.078,157.305,47.466,184.468
265.004,159.486,47.466,184.468
262.823,156.433,47.466,184.468
265.004,159.486,47.466,184.468
266.313,155.561,47.466,184.468
264.132,159.486,47.466,184.468
265.440,153.816,47.466,184.468
262.387,157.741,47.466,184.468
260.206,152.071,47.466,184.468
262.387,152.507,47.466,184.468
258.461,150.326,47.466,184.468
258.025,149.890,47.466,184.468
255.844,146.837,47.466,184.468
254.536,145.528,47.466,184.468
252.355,142.475,47.466,184.468
249.301,140.294,47.466,184.468
247.993,137.240,47.466,184.468
248.429,136.804,47.466,184.468
244.503,134.623,47.466,184.468
244.067,135.932,47.466,184.468
245.375,133.751,47.466,184.468
242.322,132.442,47.466,184.468
242.758,132.878,47.466,184.468
244.939,129.825,47.466,184.468
244.503,130.261,47.466,184.468
244.939,130.697,47.466,184.468
247.120,131.134,47.466,184.468
248.429,128.953,47.466,184.468
247.120,129.389,47.466,184.468
250.174,128.953,47.466,184.468
252.355,126.772,47.466,184.468
251.046,124.591,47.466,184.468
254.972,122.410,47.466,184.468
252.791,120.229,47.466,184.468
254.972,118.048,47.466,184.468
255.408,115.867,47.466,184.468
254.972,112.813,47.466,184.468
258.025,114.122,47.466,184.468
255.844,109.324,47.466,184.468
259.293,111.711,46.453,180.535
257.159,110.431,46.453,180.535
260.147,107.442,46.453,180.535
257.159,108.723,46.453,180.535
260.147,105.735,46.453,180.535
255.451,108.723,46.453,180.535
258.439,104.881,46.453,180.535
255.451,107.015,46.453,180.535
256.732,104.881,46.453,180.535
257.159,105.308,46.453,180.535
254.171,105.735,46.453,180.535
255.451,104.454,46.453,180.535
253.317,105.735,46.453,180.535
252.890,104.454,46.453,180.535
251.609,105.735,46.453,180.535
254.597,102.747,46.453,180.535
251.609,100.612,46.453,180.535
252.890,95.916,46.453,180.535
249.276,89.933,47.481,184.529
250.585,85.133,47.481,184.529
248.403,85.570,47.481,184.529
251.457,83.388,47.481,184.529
248.403,80.334,47.481,184.529
248.839,79.024,47.481,184.529
248.403,76.843,47.481,184.529
245.349,75.534,47.481,184.529
243.167,74.225,47.481,184.529
241.858,72.043,47.481,184.529
239.676,70.734,47.481,184.529
239.240,72.043,47.481,184.529
237.931,69.861,47.481,184.529
237.494,70.298,47.481,184.529
236.185,70.734,47.481,184.529
238.367,70.298,47.481,184.529
237.058,68.116,47.481,184.529
237.494,67.680,47.481,184.529
236.185,65.498,47.481,184.529
238.367,62.444,47.481,184.529
235.313,61.135,47.481,184.529
234.876,56.335,47.481,184.529
234.440,53.281,47.481,184.529
235.749,48.481,47.481,184.529
233.567,48.917,47.481,184.529
234.876,43.245,47.481,184.529
232.695,43.681,47.481,184.529
234.004,41.499,47.481,184.529
234.440,40.190,47.481,184.529
230.513,41.499,47.481,184.529
234.440,39.318,47.481,184.529
230.513,39.754,47.481,184.529
232.695,37.572,47.481,184.529
227.895,40.627,47.481,184.529
230.949,37.572,47.481,184.529
227.022,41.499,47.481,184.529
230.077,39.318,47.481,184.529
227.022,40.627,47.481,184.529
229.204,36.700,47.481,184.529
226.150,36.263,47.481,184.529
228.331,33.209,47.481,184.529
224.404,31.027,47.481,184.529
223.968,31.464,47.481,184.529
227.418,28.805,46.469,180.594
224.429,25.816,46.469,180.594
223.148,27.097,46.469,180.594
226.991,22.400,46.469,180.594
224.002,22.827,46.469,180.594
226.137,23.254,46.469,180.594
227.418,20.264,46.469,180.594
222.721,19.837,46.469,180.594
222.294,20.264,46.469,180.594
221.867,18.983,46.469,180.594
223.148,20.264,46.469,180.594
224.429,20.691,46.469,180.594
222.867,23.029,45.478,176.742
225.792,22.611,45.478,176.742
225.374,23.029,45.478,176.742
229.135,24.282,45.478,176.742
226.801,28.181,44.508,172.973
225.574,27.772,44.508,172.973
229.255,28.999,44.508,172.973
226.392,29.408,44.508,172.973
228.021,27.919,45.493,176.800
227.603,26.665,45.493,176.800
228.857,23.738,45.493,176.800
225.931,22.484,45.493,176.800
226.349,22.902,45.493,176.800
225.931,22.484,45.493,176.800
224.676,22.066,45.493,176.800
225.095,25.829,45.493,176.800
223.004,20.394,45.493,176.800
223.422,24.156,45.493,176.800
223.004,26.247,45.493,176.800
225.095,29.173,45.493,176.800
225.513,30.427,45.493,176.800
225.595,34.327,44.522,173.030
228.459,38.010,44.522,173.030
226.413,40.055,44.522,173.030
230.914,42.919,44.522,173.030
228.628,45.947,43.573,169.340
232.566,50.455,42.644,165.729
230.607,54.765,42.644,165.729
230.541,54.965,43.587,169.396
233.345,56.968,43.587,169.396
235.348,56.567,43.587,169.396
237.351,56.968,43.587,169.396
238.552,55.766,43.587,169.396
242.157,51.360,43.587,169.396
241.757,50.158,43.587,169.396
243.760,46.553,43.587,169.396
244.961,44.550,43.587,169.396
247.388,46.417,44.552,173.144
249.869,45.776,45.537,176.974
251.536,44.252,46.545,180.890
253.674,43.824,46.545,180.890
255.813,44.252,46.545,180.890
258.405,46.245,47.575,184.892
256.219,47.556,47.575,184.892
257.960,45.965,48.627,188.983
259.301,46.412,48.627,188.983
261.081,44.785,49.703,193.164
258.162,41.226,50.803,197.438
255.178,38.557,51.927,201.806
259.059,34.840,53.076,206.271
264.425,4.111,53.076,206.271
268.814,-2.229,53.076,206.271
273.794,-1.981,54.250,210.835
273.295,-6.468,54.250,210.835
278.779,-3.975,54.250,210.835
279.278,-5.471,54.250,210.835
282.767,-5.969,54.250,210.835
283.826,-3.241,53.093,206.339
288.218,-5.680,53.093,206.339
288.313,-3.010,51.961,201.939
291.656,-3.487,51.961,201.939
294.999,-4.920,51.961,201.939
297.386,-5.397,51.961,201.939
300.729,-4.920,51.961,201.939
305.026,-5.397,51.961,201.939
309.324,-4.920,51.961,201.939
313.208,-8.640,53.110,206.406
310.767,-7.176,53.110,206.406
309.673,-6.927,54.286,210.973
308.177,-6.429,54.286,210.973
305.682,-3.934,54.286,210.973
312.168,-8.424,54.286,210.973
314.662,-5.930,54.286,210.973
316.159,-3.435,54.286,210.973
318.653,-1.939,54.286,210.973
312.359,2.456,55.487,215.641
316.507,8.006,56.714,220.412
319.664,1.782,57.969,225.289
316.259,7.581,59.252,230.273
321.160,1.591,59.252,230.273
318.810,1.868,60.563,235.368
323.819,-2.028,60.563,235.368
320.262,2.875,61.902,240.576
324.889,-3.918,63.272,245.898
321.981,-4.499,63.272,245.898
320.237,-3.918,63.272,245.898
319.230,-4.098,61.923,240.654
324.352,-5.805,61.923,240.654
319.230,-7.512,61.923,240.654
322.076,-3.529,61.923,240.654
317.800,-4.802,60.602,235.522
321.174,-2.208,61.943,240.733
322.383,-5.676,60.622,235.600
318.483,1.566,60.622,235.600
325.036,-3.976,59.329,230.575
323.041,-10.451,58.064,225.658
323.146,-3.416,56.826,220.846
323.249,-6.598,55.614,216.136
320.393,-0.845,54.428,211.527
322.894,-4.347,54.428,211.527
321.064,1.283,53.267,207.016
323.048,3.963,52.131,202.602
320.371,7.508,51.020,198.281
324.591,2.351,51.020,198.281
325.060,2.820,51.020,198.281
324.591,3.288,51.020,198.281
328.811,4.695,51.020,198.281
331.155,4.226,51.020,198.281
329.748,3.757,51.020,198.281
333.968,4.226,51.020,198.281
334.437,4.695,51.020,198.281
333.968,6.102,51.020,198.281
336.312,5.633,51.020,198.281
337.719,4.226,51.020,198.281
336.907,8.600,49.932,194.053
337.366,9.976,49.932,194.053
336.907,9.518,49.932,194.053
339.651,12.029,48.867,189.915
335.849,5.735,49.948,194.116
337.226,5.276,49.948,194.116
335.849,3.899,49.948,194.116
335.390,2.522,49.948,194.116
336.266,-4.864,51.053,198.411
338.612,-3.457,51.053,198.411
335.328,-4.864,51.053,198.411
338.612,-5.333,51.053,198.411
337.204,-4.864,51.053,198.411
341.427,-5.333,51.053,198.411
343.773,-4.864,51.053,198.411
342.365,-8.148,51.053,198.411
346.588,-5.802,51.053,198.411
344.242,-4.395,51.053,198.411
349.403,-2.987,51.053,198.411
347.686,-7.655,49.964,194.180
349.982,-4.441,49.964,194.180
351.842,-6.353,48.899,190.039
351.393,-7.701,48.899,190.039
356.678,-4.376,47.856,185.986
355.359,-4.816,47.856,185.986
354.040,-6.135,47.856,185.986
358.877,-3.056,47.856,185.986
354.725,-4.888,46.836,182.020
358.599,-2.736,46.836,182.020
355.364,-2.040,45.837,178.139
358.313,-0.776,45.837,178.139
354.522,-1.198,45.837,178.139
356.628,-0.776,45.837,178.139
355.364,0.487,45.837,178.139
354.101,-0.776,45.837,178.139
353.679,-0.355,45.837,178.139
352.416,-0.776,45.837,178.139
356.207,0.487,45.837,178.139
354.943,1.751,45.837,178.139
356.207,3.015,45.837,178.139
355.785,4.278,45.837,178.139
357.049,6.385,45.837,178.139
357.470,4.278,45.837,178.139
359.577,5.542,45.837,178.139
358.313,1.751,45.837,178.139
360.419,1.330,45.837,178.139
359.155,1.751,45.837,178.139
359.577,0.487,45.837,178.139
359.155,0.909,45.837,178.139
360.419,2.172,45.837,178.139
361.683,2.593,45.837,178.139
361.261,3.015,45.837,178.139
362.525,3.436,45.837,178.139
364.631,3.015,45.837,178.139
362.525,3.436,45.837,178.139
365.474,3.015,45.837,178.139
364.210,3.436,45.837,178.139
364.631,3.015,45.837,178.139
363.368,4.278,45.837,178.139
365.886,7.396,44.859,174.340
366.299,4.510,44.859,174.340
364.237,5.747,44.859,174.340
366.299,6.984,44.859,174.340
365.062,7.396,44.859,174.340
368.415,3.329,45.852,178.197
366.873,7.259,44.874,174.397
368.935,5.197,44.874,174.397
367.698,6.435,44.874,174.397
369.341,-0.201,45.867,178.255
365.547,1.907,45.867,178.255
367.655,2.328,45.867,178.255
364.704,3.593,45.867,178.255
367.258,-3.190,46.882,182.199
365.965,-1.036,46.882,182.199
366.050,2.153,45.882,178.314
362.069,5.273,44.904,174.511
371.419,-3.079,45.897,178.372
369.310,-1.814,45.897,178.372
375.637,-2.235,45.897,178.372
373.528,-4.344,45.897,178.372
380.698,-4.766,45.897,178.372
387.025,-6.031,45.897,178.372
390.821,-7.297,45.897,178.372
396.304,-8.562,45.897,178.372
396.387,-7.880,44.918,174.569
402.834,-7.212,43.960,170.846
404.854,-8.424,43.960,170.846
403.642,-8.828,43.960,170.846
407.278,-8.424,43.960,170.846
406.578,-7.771,43.023,167.202
406.656,-6.369,42.105,163.637
410.138,-5.208,42.105,163.637
408.204,-6.369,42.105,163.637
412.755,-5.743,41.207,160.147
416.479,0.710,40.329,156.732
413.694,-2.977,39.469,153.390
417.961,-10.781,38.627,150.119
416.896,-9.006,38.627,150.119
421.256,-2.933,39.482,153.440
418.184,-5.007,40.355,156.835
421.522,0.556,40.355,156.835
422.230,-3.103,41.248,160.305
421.380,-6.056,42.161,163.852
424.532,-7.466,43.093,167.477
425.720,-7.070,43.093,167.477
426.908,-6.674,43.093,167.477
428.096,-6.278,43.093,167.477
427.208,-8.542,44.047,171.182
427.613,-7.328,44.047,171.182
429.637,-6.113,44.047,171.182
430.042,-6.518,44.047,171.182
431.256,-6.923,44.047,171.182
434.090,-6.518,44.047,171.182
436.923,-6.923,44.047,171.182
439.756,-6.518,44.047,171.182
436.113,-6.113,44.047,171.182
438.566,-6.747,45.021,174.970
440.635,-7.161,45.021,174.970
438.566,-5.920,45.021,174.970
440.635,-5.506,45.021,174.970
442.703,-5.092,45.021,174.970
444.772,-3.851,45.021,174.970
448.495,-2.610,45.021,174.970
451.392,-2.196,45.021,174.970
450.150,-0.955,45.021,174.970
453.047,0.286,45.021,174.970
457.116,2.551,44.061,171.238
455.901,2.146,44.061,171.238
461.165,3.361,44.061,171.238
462.379,4.575,44.061,171.238
463.594,3.361,44.061,171.238
466.429,3.766,44.061,171.238
468.850,5.982,43.122,167.587
472.416,5.585,43.122,167.587
471.528,3.320,44.076,171.294
472.388,5.537,43.136,167.642
475.163,5.141,43.136,167.642
473.181,3.952,43.136,167.642
476.749,2.762,43.136,167.642
478.731,2.366,43.136,167.642
477.542,2.762,43.136,167.642
480.317,3.159,43.136,167.642
479.920,3.555,43.136,167.642
482.695,4.744,43.136,167.642
480.713,5.141,43.136,167.642
482.695,4.744,43.136,167.642
483.884,3.555,43.136,167.642
486.659,3.159,43.136,167.642
484.677,2.762,43.136,167.642
488.245,3.159,43.136,167.642
490.227,2.762,43.136,167.642
491.416,2.366,43.136,167.642
491.020,2.762,43.136,167.642
493.002,2.366,43.136,167.642
493.398,1.969,43.136,167.642
494.587,0.780,43.136,167.642
495.776,-1.202,43.136,167.642
496.173,-0.805,43.136,167.642
494.191,-0.409,43.136,167.642
496.966,0.780,43.136,167.642
494.751,2.186,42.216,164.067
496.691,4.125,42.216,164.067
495.527,3.738,42.216,164.067
496.691,4.901,42.216,164.067
497.079,5.289,42.216,164.067
499.018,5.677,42.216,164.067
500.958,3.738,42.216,164.067
497.467,3.350,42.216,164.067
502.030,5.473,41.316,160.568
499.372,5.853,41.316,160.568
498.233,5.473,41.316,160.568
499.372,6.612,41.316,160.568
495.196,6.992,41.316,160.568
497.094,6.612,41.316,160.568
493.092,5.230,42.230,164.120
495.032,5.618,42.230,164.120
492.316,5.230,42.230,164.120
490.375,7.170,42.230,164.120
488.435,7.558,42.230,164.120
484.942,7.946,42.230,164.120
484.554,8.334,42.230,164.120
481.838,8.722,42.230,164.120
481.449,6.782,42.230,164.120
482.614,7.946,42.230,164.120
479.121,8.334,42.230,164.120
479.197,8.962,41.329,160.620
482.200,10.309,40.448,157.195
484.802,10.680,40.448,157.195
481.457,8.822,40.448,157.195
485.546,10.680,40.448,157.195
482.200,9.565,40.448,157.195
481.085,8.450,40.448,157.195
483.308,8.335,39.585,153.843
480.034,7.243,39.585,153.843
483.308,8.335,39.585,153.843
480.034,7.243,39.585,153.843
483.748,8.183,40.461,157.247
480.401,7.812,40.461,157.247
481.517,8.927,40.461,157.247
481.889,7.812,40.461,157.247
479.286,8.183,40.461,157.247
479.658,8.555,40.461,157.247
479.286,8.183,40.461,157.247
477.427,10.043,40.461,157.247
479.286,9.671,40.461,157.247
475.939,9.299,40.461,157.247
474.824,9.671,40.461,157.247
473.708,7.812,40.461,157.247
474.080,9.671,40.461,157.247
472.475,7.545,41.356,160.726
470.575,7.165,41.356,160.726
468.675,6.025,41.356,160.726
466.774,4.885,41.356,160.726
464.651,6.965,40.474,157.298
462.573,8.284,39.611,153.944
460.540,8.873,38.767,150.661
458.758,13.504,38.767,150.661
454.708,13.394,37.940,147.448
451.570,19.321,37.940,147.448
447.735,18.275,37.940,147.448
443.899,16.532,37.940,147.448
440.064,15.486,37.940,147.448
436.926,20.018,37.940,147.448
434.979,21.254,37.131,144.304
430.543,24.325,37.131,144.304
426.107,23.984,37.131,144.304
390.654,48.216,36.339,141.226
385.645,65.915,36.339,141.226
385.311,68.920,36.339,141.226
382.305,71.926,36.339,141.226
386.647,67.585,36.339,141.226
390.988,59.236,36.339,141.226
389.986,61.574,36.339,141.226
389.652,64.579,36.339,141.226
389.718,67.694,35.564,138.215
388.522,70.113,34.806,135.267
386.923,69.154,34.806,135.267
387.882,68.194,34.806,135.267
386.923,66.595,34.806,135.267
388.522,64.356,34.806,135.267
384.885,74.122,34.063,132.383
382.533,79.456,33.337,129.560
384.677,78.537,33.337,129.560
382.966,84.348,32.626,126.797
384.759,88.878,31.930,124.093
386.813,90.932,31.930,124.093
385.173,91.973,31.249,121.446
385.230,94.098,30.583,118.856
386.910,96.178,29.931,116.322
388.286,97.003,29.931,116.322
387.460,97.278,29.931,116.322
388.836,98.103,29.931,116.322
391.011,101.200,29.292,113.841
390.741,99.854,29.292,113.841
392.626,102.276,29.292,113.841
392.357,102.007,29.292,113.841
393.164,103.891,29.292,113.841
391.818,105.776,29.292,113.841
390.472,104.968,29.292,113.841
389.665,106.852,29.292,113.841
389.718,108.326,28.668,111.414
387.873,108.589,28.668,111.414
387.417,111.555,28.056,109.038
386.474,113.960,27.458,106.712
385.212,116.231,27.458,106.712
383.951,117.997,27.458,106.712
382.689,119.259,27.458,106.712
383.951,122.034,27.458,106.712
382.689,123.801,27.458,106.712
384.960,127.081,27.458,106.712
386.222,128.847,27.458,106.712
386.474,131.118,27.458,106.712
384.203,133.894,27.458,106.712
386.979,136.165,27.458,106.712
385.569,138.033,26.873,104.437
384.189,139.860,26.300,102.210
382.373,141.649,25.739,100.030
379.298,142.358,25.739,100.030
376.696,141.649,25.739,100.030
376.657,137.843,26.308,102.243
374.481,139.052,26.308,102.243
372.305,139.777,26.308,102.243
371.887,141.566,25.747,100.063
372.123,141.330,25.747,100.063
373.306,142.039,25.747,100.063
373.353,141.966,25.198,97.929
370.343,141.735,25.198,97.929
368.722,140.577,25.198,97.929
368.953,139.882,25.198,97.929
366.512,138.558,25.756,100.095
364.508,133.768,26.325,102.310
365.472,131.381,26.908,104.574
366.708,130.145,26.908,104.574
365.128,128.731,27.503,106.887
363.513,127.287,28.112,109.252
365.321,127.028,28.112,109.252
364.206,126.088,28.734,111.669
364.710,125.674,29.369,114.140
365.520,125.944,29.369,114.140
367.409,125.674,29.369,114.140
366.804,125.252,30.019,116.666
368.735,126.631,30.019,116.666
368.689,125.626,30.683,119.247
371.791,127.600,30.683,119.247
368.819,127.159,31.362,121.885
372.565,129.176,31.362,121.885
373.430,131.194,31.362,121.885
375.447,132.635,31.362,121.885
376.888,133.499,31.362,121.885
377.439,133.646,32.056,124.582
379.223,134.407,32.765,127.338
379.525,134.708,32.765,127.338
379.826,135.612,32.765,127.338
378.922,135.913,32.765,127.338
380.122,135.441,33.490,130.156
379.199,135.749,33.490,130.156
381.353,135.441,33.490,130.156
381.045,133.903,33.490,130.156
383.815,132.979,33.490,130.156
385.354,132.671,33.490,130.156
388.739,132.979,33.490,130.156
392.125,134.518,33.490,130.156
395.510,134.826,33.490,130.156
398.896,135.134,33.490,130.156
400.760,134.652,34.231,133.035
403.591,134.337,34.231,133.035
405.497,133.192,34.989,135.979
406.778,132.021,35.763,138.987
409.079,131.035,35.763,138.987
411.379,130.706,35.763,138.987
410.643,128.828,36.554,142.062
412.994,129.836,36.554,142.062
409.971,130.844,36.554,142.062
412.006,130.317,37.363,145.205
409.099,127.642,38.189,148.418
406.643,127.292,38.189,148.418
405.590,126.239,38.189,148.418
403.835,125.186,38.189,148.418
404.505,123.180,39.034,151.702
400.724,121.129,39.898,155.058
401.823,120.030,39.898,155.058
398.719,117.934,40.781,158.489
401.343,117.559,40.781,158.489
398.719,116.435,40.781,158.489
399.844,117.559,40.781,158.489
400.559,115.417,41.683,161.995
397.316,113.227,42.605,165.580
401.313,109.365,43.548,169.243
405.715,108.964,43.548,169.243
406.916,109.365,43.548,169.243
404.358,109.568,44.511,172.988
408.857,109.977,44.511,172.988
410.903,111.205,44.511,172.988
413.766,111.614,44.511,172.988
410.903,110.386,44.511,172.988
412.948,109.977,44.511,172.988
414.175,108.750,44.511,172.988
417.038,107.523,44.511,172.988
413.357,107.114,44.511,172.988
414.138,106.474,45.496,176.815
411.465,105.819,46.503,180.727
411.038,107.956,46.503,180.727
414.030,109.238,46.503,180.727
415.312,110.520,46.503,180.727
418.303,112.656,46.503,180.727
422.149,113.084,46.503,180.727
424.286,115.221,46.503,180.727
426.423,110.520,46.503,180.727
425.141,113.511,46.503,180.727
428.132,115.648,46.503,180.727
430.269,116.075,46.503,180.727
426.651,113.633,47.532,184.725
430.582,113.196,47.532,184.725
428.398,106.644,47.532,184.725
431.455,106.207,47.532,184.725
430.145,98.781,47.532,184.725
429.708,100.092,47.532,184.725
433.640,95.287,47.532,184.725
430.582,97.471,47.532,184.725
430.145,98.781,47.532,184.725
432.329,100.092,47.532,184.725
431.019,101.402,47.532,184.725
434.076,103.586,47.532,184.725
428.398,104.897,47.532,184.725
427.088,106.207,47.532,184.725
431.019,109.265,47.532,184.725
430.582,112.322,47.532,184.725
430.145,115.380,47.532,184.725
426.214,114.943,47.532,184.725
423.156,116.253,47.532,184.725
425.768,119.486,46.518,180.786
424.486,120.769,46.518,180.786
426.623,122.051,46.518,180.786
426.196,124.188,46.518,180.786
425.768,122.051,46.518,180.786
427.906,123.333,46.518,180.786
427.478,121.196,46.518,180.786
428.761,122.479,46.518,180.786
430.043,122.051,46.518,180.786
431.326,121.624,46.518,180.786
431.753,121.196,46.518,180.786
434.745,121.624,46.518,180.786
432.608,121.196,46.518,180.786
436.812,126.008,45.526,176.931
436.394,126.426,45.526,176.931
438.486,127.681,45.526,176.931
439.741,126.426,45.526,176.931
441.833,126.008,45.526,176.931
440.578,128.937,45.526,176.931
440.159,127.681,45.526,176.931
438.904,126.426,45.526,176.931
435.976,129.355,45.526,176.931
435.557,128.100,45.526,176.931
434.026,134.422,44.555,173.158
432.259,129.533,45.541,176.989
431.004,129.114,45.541,176.989
433.096,129.533,45.541,176.989
431.004,129.951,45.541,176.989
432.259,129.533,45.541,176.989
429.330,131.625,45.541,176.989
428.911,130.370,45.541,176.989
425.981,130.788,45.541,176.989
424.726,129.533,45.541,176.989
427.656,129.114,45.541,176.989
423.889,127.859,45.541,176.989
424.307,126.603,45.541,176.989
423.052,127.022,45.541,176.989
420.714,126.892,44.570,173.214
417.847,124.025,44.570,173.214
414.980,120.339,44.570,173.214
412.691,121.791,43.619,169.521
413.092,119.787,43.619,169.521
412.398,120.435,42.689,165.906
411.221,117.689,42.689,165.906
410.044,115.728,42.689,165.906
415.144,113.766,42.689,165.906
415.978,112.888,41.779,162.368
419.754,112.769,40.888,158.905
423.135,110.139,40.888,158.905
421.257,105.254,40.888,158.905
404.821,97.649,41.792,162.421
417.495,98.033,41.792,162.421
420.952,99.185,41.792,162.421
417.495,99.569,41.792,162.421
419.415,97.649,41.792,162.421
419.799,96.497,41.792,162.421
417.879,96.113,41.792,162.421
418.263,95.728,41.792,162.421
417.111,94.576,41.792,162.421
416.727,93.424,41.792,162.421
416.343,92.272,41.792,162.421
417.495,91.888,41.792,162.421
417.111,93.040,41.792,162.421
416.727,91.888,41.792,162.421
415.575,90.736,41.792,162.421
418.263,89.584,41.792,162.421
417.879,87.663,41.792,162.421
419.799,87.279,41.792,162.421
421.720,87.663,41.792,162.421
422.104,87.279,41.792,162.421
423.256,87.663,41.792,162.421
423.640,87.279,41.792,162.421
423.256,87.663,41.792,162.421
425.176,87.279,41.792,162.421
424.792,88.431,41.792,162.421
422.872,89.583,41.792,162.421
425.560,89.968,41.792,162.421
424.408,91.888,41.792,162.421
426.328,93.040,41.792,162.421
425.176,94.960,41.792,162.421
424.792,96.881,41.792,162.421
426.712,98.033,41.792,162.421
424.792,98.417,41.792,162.421
426.712,98.801,41.792,162.421
426.328,99.953,41.792,162.421
428.249,101.105,41.792,162.421
427.096,103.794,41.792,162.421
428.626,103.192,42.717,166.014
427.449,106.725,42.717,166.014
427.056,108.688,42.717,166.014
429.019,110.651,42.717,166.014
426.271,114.184,42.717,166.014
426.664,116.147,42.717,166.014
425.486,118.110,42.717,166.014
423.523,121.643,42.717,166.014
424.701,122.035,42.717,166.014
422.192,122.235,43.662,169.687
420.988,124.241,43.662,169.687
422.192,126.247,43.662,169.687
420.988,129.056,43.662,169.687
422.192,132.667,43.662,169.687
420.186,133.871,43.662,169.687
419.784,135.075,43.662,169.687
419.383,135.476,43.662,169.687
419.784,135.075,43.662,169.687
422.593,134.673,43.662,169.687
421.389,135.877,43.662,169.687
421.791,137.081,43.662,169.687
420.587,139.087,43.662,169.687
422.593,137.081,43.662,169.687
421.389,137.482,43.662,169.687
420.988,137.081,43.662,169.687
424.599,136.680,43.662,169.687
420.988,137.883,43.662,169.687
424.599,137.482,43.662,169.687
422.593,137.883,43.662,169.687
420.587,139.087,43.662,169.687
424.198,139.488,43.662,169.687
427.007,139.890,43.662,169.687
424.198,138.686,43.662,169.687
422.994,137.482,43.662,169.687
428.488,138.905,42.731,166.069
428.095,139.297,42.731,166.069
429.273,138.119,42.731,166.069
428.880,137.727,42.731,166.069
431.629,137.334,42.731,166.069
429.666,137.727,42.731,166.069
430.500,138.362,41.820,162.527
432.421,138.746,41.820,162.527
429.731,139.131,41.820,162.527
430.884,139.515,41.820,162.527
428.194,138.362,41.820,162.527
431.653,137.978,41.820,162.527
429.731,138.362,41.820,162.527
427.810,138.746,41.820,162.527
426.657,139.131,41.820,162.527
425.504,139.515,41.820,162.527
420.508,136.825,41.820,162.527
418.586,137.209,41.820,162.527
422.045,136.825,41.820,162.527
421.661,134.903,41.820,162.527
419.739,134.519,41.820,162.527
406.288,134.903,41.820,162.527
414.359,132.982,41.820,162.527
419.355,133.366,41.820,162.527
422.813,132.982,41.820,162.527
418.586,137.209,41.820,162.527
421.276,136.056,41.820,162.527
418.586,134.903,41.820,162.527
418.522,131.909,42.745,166.123
421.272,129.945,42.745,166.123
420.093,128.766,42.745,166.123
422.057,126.802,42.745,166.123
420.879,127.981,42.745,166.123
420.486,126.802,42.745,166.123
423.236,126.410,42.745,166.123
420.486,130.731,42.745,166.123
423.236,127.981,42.745,166.123
421.272,128.374,42.745,166.123
422.450,127.981,42.745,166.123
420.486,130.731,42.745,166.123
421.665,129.552,42.745,166.123
418.915,130.731,42.745,166.123
420.879,130.338,42.745,166.123
419.701,130.731,42.745,166.123
418.005,129.300,43.691,169.799
419.210,129.702,43.691,169.799
418.808,128.497,43.691,169.799
417.908,126.202,44.658,173.556
416.988,123.857,45.646,177.395
415.730,125.115,45.646,177.395
417.827,126.373,45.646,177.395
414.052,128.471,45.646,177.395
416.149,129.729,45.646,177.395
413.213,129.310,45.646,177.395
415.310,128.890,45.646,177.395
412.374,126.793,45.646,177.395
412.794,127.212,45.646,177.395
411.535,126.793,45.646,177.395
407.760,125.535,45.646,177.395
403.985,127.632,45.646,177.395
409.438,129.729,45.646,177.395
405.886,126.461,46.656,181.320
402.885,124.317,46.656,181.320
403.314,124.746,46.656,181.320
407.173,125.175,46.656,181.320
405.029,124.746,46.656,181.320
406.315,122.602,46.656,181.320
407.601,121.316,46.656,181.320
407.173,121.745,46.656,181.320
412.746,121.316,46.656,181.320
412.318,119.172,46.656,181.320
415.319,117.886,46.656,181.320
414.890,117.457,46.656,181.320
411.668,118.151,45.661,177.454
407.892,117.731,45.661,177.454
405.794,116.473,45.661,177.454
404.535,115.214,45.661,177.454
406.633,116.473,45.661,177.454
403.696,117.731,45.661,177.454
400.759,117.312,45.661,177.454
396.982,115.214,45.661,177.454
399.919,114.794,45.661,177.454
397.821,115.214,45.661,177.454
394.884,113.116,45.661,177.454
391.947,113.535,45.661,177.454
390.688,109.759,45.661,177.454
391.947,111.018,45.661,177.454
396.563,108.920,45.661,177.454
392.786,108.500,45.661,177.454
389.849,111.437,45.661,177.454
387.751,112.696,45.661,177.454
381.457,112.277,45.661,177.454
378.520,114.375,45.661,177.454
375.366,117.480,44.687,173.669
374.134,117.069,44.687,173.669
370.439,119.123,44.687,173.669
368.144,118.995,43.734,169.966
370.154,119.397,43.734,169.966
367.341,118.192,43.734,169.966
365.331,116.182,43.734,169.966
364.125,114.976,43.734,169.966
366.135,116.182,43.734,169.966
362.732,114.719,44.702,173.726
364.786,116.773,44.702,173.726
365.197,118.005,44.702,173.726
368.072,120.059,44.702,173.726
371.770,121.291,44.702,173.726
375.467,121.702,44.702,173.726
379.164,123.756,44.702,173.726
382.039,125.810,44.702,173.726
381.629,127.043,44.702,173.726
384.504,129.097,44.702,173.726
386.558,132.794,44.702,173.726
384.504,134.848,44.702,173.726
384.915,136.902,44.702,173.726
383.683,138.134,44.702,173.726
384.915,138.545,44.702,173.726
383.683,138.956,44.702,173.726
381.909,139.165,45.691,177.570
384.849,138.745,45.691,177.570
382.749,138.325,45.691,177.570
384.849,140.424,45.691,177.570
386.108,141.684,45.691,177.570
388.208,142.944,45.691,177.570
391.147,144.203,45.691,177.570
393.246,145.463,45.691,177.570
394.506,146.723,45.691,177.570
396.605,147.142,45.691,177.570
397.865,150.082,45.691,177.570
395.766,153.861,45.691,177.570
397.865,157.640,45.691,177.570
399.125,167.297,45.691,177.570
397.025,176.114,45.691,177.570
398.285,176.534,45.691,177.570
396.185,176.114,45.691,177.570
395.766,174.855,45.691,177.570
396.185,172.755,45.691,177.570
397.445,168.137,45.691,177.570
394.506,174.435,45.691,177.570
395.766,168.976,45.691,177.570
395.346,162.678,45.691,177.570
397.445,156.380,45.691,177.570
395.346,160.999,45.691,177.570
395.766,166.457,45.691,177.570
393.082,172.770,46.701,181.499
394.370,168.907,46.701,181.499
391.365,164.186,46.701,181.499
390.936,171.482,46.701,181.499
392.224,169.336,46.701,181.499
389.219,168.907,46.701,181.499
391.365,168.478,46.701,181.499
388.361,168.049,46.701,181.499
390.507,167.620,46.701,181.499
387.503,165.474,46.701,181.499
387.932,163.328,46.701,181.499
387.503,160.324,46.701,181.499
384.499,157.319,46.701,181.499
385.786,155.174,46.701,181.499
384.499,152.169,46.701,181.499
381.494,148.307,46.701,181.499
380.207,144.444,46.701,181.499
377.809,140.175,45.706,177.628
381.589,135.554,45.706,177.628
379.489,130.934,45.706,177.628
381.191,136.472,44.731,173.840
378.314,132.772,44.731,173.840
379.187,130.268,43.777,170.133
382.003,129.865,43.777,170.133
386.428,133.486,43.777,170.133
388.834,129.484,42.843,166.505
385.116,124.808,41.930,162.954
388.906,127.659,41.036,159.479
396.071,137.087,41.036,159.479
403.414,147.147,40.160,156.078
411.903,150.469,40.160,156.078
418.177,147.147,40.160,156.078
422.975,152.683,40.160,156.078
427.773,148.624,40.160,156.078
433.308,152.683,40.160,156.078
439.073,154.703,39.304,152.750
375.086,115.600,38.466,149.492
372.430,115.490,37.646,146.304
374.160,114.453,37.646,146.304
377.273,114.107,37.646,146.304
376.927,115.144,37.646,146.304
380.041,116.874,37.646,146.304
380.387,117.220,37.646,146.304
379.121,120.447,36.843,143.184
378.782,120.786,36.843,143.184
377.090,119.770,36.843,143.184
375.397,118.755,36.843,143.184
374.381,117.062,36.843,143.184
372.011,118.077,36.843,143.184
370.995,119.093,36.843,143.184
368.625,118.077,36.843,143.184
366.932,120.447,36.843,143.184
369.610,122.300,36.057,140.131
366.627,123.957,36.057,140.131
366.054,126.410,35.288,137.143
365.729,127.382,35.288,137.143
364.108,128.355,35.288,137.143
363.784,130.625,35.288,137.143
364.108,130.950,35.288,137.143
363.135,133.868,35.288,137.143
362.811,135.490,35.288,137.143
363.135,137.111,35.288,137.143
360.865,140.030,35.288,137.143
361.838,142.300,35.288,137.143
359.568,143.921,35.288,137.143
359.244,144.245,35.288,137.143
360.865,142.624,35.288,137.143
357.298,144.245,35.288,137.143
359.568,147.164,35.288,137.143
356.649,149.434,35.288,137.143
356.974,151.704,35.288,137.143
357.946,152.677,35.288,137.143
355.676,154.298,35.288,137.143
357.946,155.920,35.288,137.143
355.676,158.190,35.288,137.143
357.946,155.271,35.288,137.143
355.676,158.838,35.288,137.143
356.649,157.866,35.288,137.143
353.731,160.136,35.288,137.143
356.001,160.460,35.288,137.143
353.731,162.081,35.288,137.143
352.758,163.703,35.288,137.143
354.379,163.378,35.288,137.143
351.461,165.648,35.288,137.143
352.434,163.378,35.288,137.143
349.515,163.054,35.288,137.143
348.542,163.378,35.288,137.143
347.569,164.351,35.288,137.143
349.191,165.324,35.288,137.143
346.921,165.648,35.288,137.143
345.299,166.621,35.288,137.143
344.326,167.594,35.288,137.143
342.705,169.216,35.288,137.143
342.381,170.189,35.288,137.143
339.462,169.216,35.288,137.143
338.489,169.540,35.288,137.143
336.219,169.864,35.288,137.143
337.192,170.837,35.288,137.143
334.922,172.459,35.288,137.143
332.652,174.080,35.288,137.143
332.328,175.701,35.288,137.143
329.409,177.323,35.288,137.143
327.788,179.593,35.288,137.143
328.761,176.674,35.288,137.143
324.545,178.944,35.288,137.143
322.275,181.863,35.288,137.143
321.088,179.262,34.536,134.218
318.232,182.118,34.536,134.218
314.741,184.340,34.536,134.218
311.885,186.561,34.536,134.218
309.663,182.436,34.536,134.218
306.807,185.292,34.536,134.218
303.950,186.879,34.536,134.218
301.729,182.753,34.536,134.218
297.603,185.609,34.536,134.218
296.651,182.118,34.536,134.218
293.160,186.244,34.536,134.218
290.938,189.735,34.536,134.218
288.716,185.609,34.536,134.218
285.860,189.100,34.536,134.218
284.908,184.975,34.536,134.218
281.417,187.196,34.536,134.218
279.830,183.705,34.536,134.218
276.339,187.196,34.536,134.218
274.752,183.705,34.536,134.218
272.530,187.831,34.536,134.218
269.039,190.053,34.536,134.218
269.991,187.196,34.536,134.218
265.231,191.957,34.536,134.218
266.183,189.100,34.536,134.218
262.057,193.226,34.536,134.218
259.201,191.005,34.536,134.218
258.249,195.131,34.536,134.218
254.757,193.544,34.536,134.218
255.075,190.687,34.536,134.218
252.218,195.448,34.536,134.218
249.362,193.861,34.536,134.218
247.141,196.717,34.536,134.218
244.919,194.496,34.536,134.218
240.915,197.292,35.300,137.188
239.293,195.670,35.300,137.188
235.200,195.162,36.081,140.223
