206.000,85.000,49.000,57.000
202.038,88.128,49.000,57.000
200.996,90.004,49.000,57.000
203.706,88.545,49.000,57.000
202.664,85.000,49.000,57.000
205.374,78.119,49.000,57.000
205.166,69.570,49.000,57.000
202.038,62.272,49.000,57.000
199.546,61.875,47.955,55.784
198.118,62.487,47.955,55.784
201.179,64.324,47.955,55.784
203.831,67.793,47.955,55.784
205.668,72.486,47.955,55.784
163.834,80.853,47.955,55.784
159.549,76.568,47.955,55.784
158.121,68.201,47.955,55.784
214.119,124.113,49.016,57.019
221.419,125.990,49.016,57.019
211.199,123.696,49.016,57.019
206.545,120.684,50.101,58.280
205.053,121.324,50.101,58.280
203.134,118.552,50.101,58.280
207.667,116.359,51.209,59.570
217.909,119.628,51.209,59.570
227.715,111.130,51.209,59.570
225.318,112.655,51.209,59.570
239.918,102.413,51.209,59.570
241.879,84.326,51.209,59.570
233.381,74.520,51.209,59.570
225.318,71.687,51.209,59.570
215.076,67.111,51.209,59.570
219.216,70.380,51.209,59.570
174.544,34.424,51.209,59.570
168.661,37.257,51.209,59.570
172.365,40.090,51.209,59.570
182.607,37.693,51.209,59.570
175.416,43.141,51.209,59.570
164.738,47.281,51.209,59.570
150.574,50.986,51.209,59.570
209.920,51.909,52.342,60.888
206.579,49.014,52.342,60.888
216.798,58.894,51.226,59.589
215.272,61.728,51.226,59.589
218.541,64.562,51.226,59.589
208.732,93.554,51.226,59.589
226.389,118.186,51.226,59.589
241.430,106.633,51.226,59.589
248.623,115.134,51.226,59.589
245.354,139.330,51.226,59.589
250.367,116.006,51.226,59.589
240.122,90.938,51.226,59.589
254.291,108.595,51.226,59.589
262.792,115.788,51.226,59.589
287.425,120.802,51.226,59.589
284.591,129.739,51.226,59.589
292.491,140.249,50.133,58.318
308.036,136.964,49.064,57.075
312.003,141.767,49.064,57.075
321.398,131.954,49.064,57.075
328.437,128.073,50.150,58.338
329.931,125.299,50.150,58.338
327.826,123.103,51.259,59.628
364.600,125.386,52.394,60.948
368.382,124.102,51.276,59.648
405.733,159.860,50.183,58.376
406.062,158.218,49.113,57.131
408.399,161.043,48.065,55.913
409.831,164.520,48.065,55.913
408.808,167.997,48.065,55.913
406.758,171.156,47.040,54.720
401.753,173.358,47.040,54.720
393.146,175.960,47.040,54.720
379.334,175.360,47.040,54.720
408.927,151.287,48.081,55.931
408.723,149.855,48.081,55.931
401.562,150.878,48.081,55.931
393.991,148.218,48.081,55.931
386.012,144.739,48.081,55.931
380.897,136.351,48.081,55.931
381.002,127.029,49.145,57.168
396.686,123.892,49.145,57.168
397.412,131.153,48.097,55.949
393.932,138.726,48.097,55.949
390.453,139.749,48.097,55.949
389.020,143.229,48.097,55.949
392.948,145.370,49.161,57.187
398.596,147.253,49.161,57.187
401.734,145.789,49.161,57.187
402.275,143.203,50.249,58.452
407.193,147.693,50.249,58.452
405.696,146.196,50.249,58.452
407.621,140.851,50.249,58.452
405.068,135.545,51.360,59.746
408.784,134.452,51.360,59.746
405.329,136.985,50.265,58.472
415.967,140.289,49.193,57.225
407.384,118.309,49.193,57.225
411.780,133.172,49.193,57.225
406.241,129.281,50.282,58.491
409.450,132.490,50.282,58.491
401.119,149.819,49.209,57.243
404.267,146.191,48.160,56.023
382.259,148.760,49.225,57.262
374.506,148.765,48.176,56.041
371.431,152.250,48.176,56.041
368.981,155.021,47.148,54.846
370.837,159.667,46.143,53.676
361.216,135.515,46.143,53.676
364.168,137.413,45.159,52.532
361.670,139.526,45.159,52.532
370.143,152.303,46.158,53.694
366.803,152.500,46.158,53.694
359.155,132.815,45.174,52.549
352.042,136.083,45.174,52.549
336.856,84.758,45.174,52.549
335.126,81.105,45.174,52.549
333.780,84.758,45.174,52.549
331.112,60.305,44.210,51.428
332.770,73.594,45.188,52.566
339.885,88.785,45.188,52.566
337.001,96.669,45.188,52.566
317.579,111.476,45.188,52.566
313.541,126.667,45.188,52.566
313.733,134.551,45.188,52.566
310.849,132.051,45.188,52.566
303.349,129.551,45.188,52.566
295.850,115.899,45.188,52.566
282.197,111.860,45.188,52.566
280.082,91.670,45.188,52.566
259.122,84.555,45.188,52.566
253.634,74.197,46.188,53.729
226.707,47.664,46.188,53.729
228.083,43.143,46.188,53.729
202.335,44.519,46.188,53.729
181.698,2.261,46.188,53.729
185.825,-1.473,46.188,53.729
188.023,-3.363,45.203,52.583
186.095,-4.842,44.239,51.462
193.613,-4.825,45.218,52.601
195.730,-3.094,45.218,52.601
202.464,5.180,45.218,52.601
207.275,25.000,45.218,52.601
217.088,34.813,45.218,52.601
243.350,45.945,44.254,51.479
277.058,96.226,44.254,51.479
263.311,96.791,44.254,51.479
275.929,92.459,44.254,51.479
269.714,93.024,44.254,51.479
276.305,84.173,44.254,51.479
285.533,74.569,44.254,51.479
286.098,69.861,44.254,51.479
287.039,72.686,44.254,51.479
306.059,80.784,44.254,51.479
299.845,82.855,44.254,51.479
285.093,80.527,45.233,52.618
265.267,79.180,45.233,52.618
293.562,95.156,45.233,52.618
280.281,87.649,45.233,52.618
262.767,79.120,44.268,51.496
254.655,69.364,45.248,52.635
261.009,90.352,45.248,52.635
263.105,88.371,46.249,53.800
309.748,109.429,46.249,53.800
307.977,89.945,46.249,53.800
318.408,98.802,46.249,53.800
339.072,107.658,46.249,53.800
