0.02549434
0.00298667
0.00276160
0.00271297
0.00271583
0.00275230
0.00275087
0.00270510
0.00274301
0.00268531
0.00270200
0.00272679
0.00270557
0.00268579
0.00272441
0.00269103
0.00268841
0.00270486
0.00273204
0.00269127
0.00268984
0.00273156
0.00269723
0.00269842
0.00268745
0.00269103
0.00269175
0.00270367
0.00270629
0.00269008
0.00269246
0.00273085
0.00272465
0.00270009
0.00269032
0.00272870
0.00268531
0.00271320
0.00271440
0.00269151
0.00268698
0.00272703
0.00268793
0.00270510
0.00270748
0.00273061
0.00270462
0.00273633
0.00272989
0.00268555
0.00274324
0.00272751
0.00270367
0.00269651
0.00270271
0.00269341
0.00272584
0.00272751
0.00268888
0.00269437
0.00268602
0.00267887
0.00273228
0.00268197
0.00273204
0.00272608
0.00268245
0.00272727
0.00268865
0.00270367
0.00268078
0.00268650
0.00272155
0.00268579
0.00273156
0.00270033
0.00268173
0.00273156
0.00267863
0.00271940
0.00267529
0.00271320
0.00268269
0.00267482
0.00272417
0.00266981
0.00275087
0.00269723
0.00268650
0.00267363
0.00270534
0.00266647
0.00268698
0.00272274
0.00269008
0.00269198
0.00269079
0.00271797
0.00268650
0.00274825
0.00269461
0.00271964
0.00269461
0.00274181
0.00267696
0.00268126
0.00268126
0.00269747
0.00270391
0.00269794
0.00272727
0.00269771
0.00271869
0.00267363
0.00274062
0.00268078
0.00273180
0.00267935
0.00273895
0.00267720
0.00270891
0.00272346
0.00269842
0.00269175
0.00269270
0.00273800
0.00268126
0.00271797
0.00267625
0.00271273
0.00269222
0.00268936
0.00271559
0.00268245
0.00275183
0.00268960
0.00273061
0.00268769
0.00268579
0.00269604
0.00269341
0.00268364
0.00269723
0.00272584
0.00268435
0.00271583
0.00270081
0.00271916
0.00267506
0.00274229
0.00267649
0.00271940
0.00267863
0.00270200
0.00274014
0.00269890
0.00271916
0.00270176
0.00275159
0.00267863
0.00272155
0.00268936
0.00277829
0.00327373
0.00270009
0.00275636
0.00270581
0.00273323
0.00267744
0.00276709
0.00268531
0.00272393
0.00269151
0.00268197
0.00271392
0.00268292
0.00273228
0.00267434
0.00275564
0.00275660
0.00279617
0.00275874
0.00279689
0.00276113
0.00278497
0.00275683
0.00275779
0.00279641
0.00275826
0.00276208
0.00279832
0.00276160
0.00280142
0.00275540
0.00275326
0.00271583
0.00283885
0.00269866
0.00273848
0.00269008
0.00274444
0.00269032
0.00273728
0.00267625
0.00269675
0.00268412
0.00267577
0.00267982
0.00267649
0.00273156
0.00268936
0.00275826
0.00277925
0.00279713
0.00278878
0.00275946
0.00275493
0.00275373
0.00275993
0.00275850
0.00275898
0.00276232
0.00275755
0.00279593
0.00279760
0.00275707
0.00276208
0.00274706
0.00269270
0.00267911
0.00273752
0.00267506
0.00270867
0.00273967
0.00270104
0.00272441
0.00269175
0.00268364
0.00267982
0.00269127
0.00271630
0.00269222
0.00268435
0.00272775
0.00269270
0.00272584
0.00271654
0.00268006
0.00273108
0.00270295
0.00268030
0.00273466
0.00267673
0.00273943
0.00269651
0.00268102
0.00272560
0.00267315
0.00268316
0.00272918
0.00269294
0.00272584
0.00272274
0.00267863
0.00271893
0.00267267
0.00270152
0.00274491
0.00269890
0.00274372
0.00268030
0.00269485
0.00273013
0.00269103
0.00271916
0.00267768
0.00269699
0.00273800
0.00267959
0.00272131
0.00271368
0.00267506
0.00271177
0.00268722
0.00268412
0.00268340
0.00268245
0.00271511
0.00273156
0.00267625
0.00268078
0.00268626
0.00272751
0.00273585
0.00268149
0.00272775
0.00268793
0.00268698
0.00268221
0.00267863
0.00268531
0.00269794
0.00273705
0.00269747
0.00269890
0.00271916
0.00268197
0.00268579
0.00267649
0.00273275
0.00271559
0.00267839
0.00273275
0.00268984
0.00269294
0.00271654
0.00268173
0.00271583
0.00273943
0.00274038
0.00269389
0.00272870
0.00272274
0.00268078
0.00269675
0.00272465
0.00268435
0.00268459
0.00269580
0.00269532
0.00267959
0.00271606
0.00269127
0.00269461
0.00273275
0.00273728
0.00269723
0.00269675
0.00269938
0.00267601
0.00267935
0.00268674
0.00270104
0.00269032
0.00269151
0.00268936
0.00268292
0.00269485
0.00272226
0.00272679
