0.00892138
0.00388336
0.00378489
0.00379348
0.00394201
0.00379515
0.00375295
0.00381303
0.00374842
0.00376177
0.00377798
0.00378466
0.00377536
0.00379372
0.00377703
0.00378704
0.00378942
0.00378704
0.00390339
0.00378966
0.00377321
0.00391746
0.00385833
0.00385833
0.00395060
0.00385237
0.00385213
0.00386143
0.00384593
0.00386047
0.00384760
0.00385666
0.00385165
0.00389600
0.00385213
0.00389028
0.00385737
0.00389719
0.00387073
0.00385213
0.00385284
0.00386333
0.00385666
0.00385642
0.00388312
0.00385904
0.00385213
0.00384831
0.00392151
0.00389051
0.00385165
0.00389123
0.00385475
0.00389481
0.00386214
0.00385070
0.00388956
0.00385189
0.00385427
0.00385427
0.00384951
0.00384855
0.00388765
0.00386310
0.00389814
0.00385237
0.00385284
0.00384951
0.00393009
0.00386310
0.00385022
0.00385237
0.00384998
0.00388908
0.00385141
0.00385952
0.00385785
0.00384712
0.00389457
0.00387907
0.00385141
0.00385523
0.00391507
0.00385070
0.00389194
0.00385785
0.00385785
0.00386381
0.00389934
0.00384831
0.00385213
0.00385785
0.00384998
0.00386453
0.00384665
0.00390220
0.00384903
0.00384951
0.00385141
0.00385547
