0.02592444
0.02209997
0.02172065
0.02203345
0.02238584
0.02229309
0.02222919
0.02235675
0.02176976
0.02164817
0.02154970
0.02157879
0.02186680
0.02173996
0.02177310
0.02175736
0.02163601
0.02153659
0.02143502
0.02162170
0.02163935
0.02164412
0.02158642
0.02185202
0.02182794
0.02146697
0.02151203
0.02147484
0.02166939
0.02184010
0.02163243
0.02146554
0.02156258
0.02167201
0.02154851
0.02152038
0.02174854
0.02162433
0.02160621
0.02149916
0.02154183
0.02180910
0.02158761
0.02148533
0.02156997
0.02178121
0.02170587
0.02143884
0.02149796
0.02166748
0.02157784
0.02152586
0.02148390
0.02184749
0.02182770
0.02166486
0.02166271
0.02170587
0.02172041
0.02172661
0.02163863
0.02168870
0.02172303
0.02202845
0.02230716
0.02196956
0.02166772
0.02233458
0.02226305
0.02229762
0.02246118
0.02169156
0.02146912
0.02154541
0.02151179
0.02159834
0.02154398
0.02148485
0.02167630
0.02171183
0.02147365
0.02139473
0.02169514
0.02177739
0.02160811
0.02150440
0.02155828
0.02162027
0.02163458
0.02150488
0.02143955
0.02152061
0.02174211
0.02174020
0.02163219
0.02140927
0.02183628
0.02144885
0.02162170
0.02160096
0.02161050
0.02173543
0.02158999
0.02146840
0.02171540
0.02150321
0.02157283
0.02143383
0.02156544
0.02172375
0.02157450
0.02145314
0.02143002
0.02151418
0.02152371
0.02152491
0.02165055
0.02167559
0.02163696
0.02145815
0.02145457
0.02166009
0.02168131
0.02169490
0.02156329
0.02177596
0.02172041
0.02146053
0.02152014
0.02156496
0.02169013
0.02154183
0.02148223
0.02155542
0.02170897
0.02162790
0.02157283
0.02149272
0.02214766
0.02158618
0.02180958
0.02167988
0.02169514
0.02188516
0.02163100
0.02150178
0.02233219
0.02161407
0.02159667
0.02154326
0.02164459
0.02179670
0.02169514
0.02153349
0.02149153
0.02155566
0.02172089
0.02174735
0.02150846
0.02155018
0.02145886
0.02140474
0.02148724
0.02142048
0.02171636
0.02168560
0.02158785
0.02162910
0.02156901
0.02170181
0.02148056
0.02147508
0.02176738
0.02157068
0.02161193
0.02139354
0.02141261
0.02167273
0.02150679
0.02156186
0.02151179
0.02170396
0.02156234
0.02155161
0.02152610
0.02162790
0.02162385
0.02143192
0.02157736
0.02189922
0.02173162
0.02142596
0.02155232
0.02177548
0.02162671
0.02146220
0.02148819
0.02152348
0.02174067
0.02178669
0.02147198
0.02152681
0.02153111
0.02157855
0.02150846
0.02153039
0.02188349
0.02142525
0.02165937
0.02140260
0.02156448
0.02181554
0.02156687
0.02166724
0.02172112
0.02166677
0.02147293
0.02150130
0.02154469
0.02148223
0.02175570
0.02156520
0.02155471
0.02151346
0.02163053
0.02163172
0.02215314
0.02179360
0.02182388
0.02227068
0.02225184
0.02224946
0.02215552
0.02151227
0.02142549
0.02158880
0.02177453
0.02161503
0.02153587
0.02147055
0.02153516
0.02152729
0.02150297
0.02143836
0.02155828
0.02159953
0.02154469
0.02163124
0.02153921
0.02164316
0.02149224
0.02138233
0.02155828
0.02175522
0.02167559
0.02147269
0.02150989
0.02152872
0.02156329
0.02139974
0.02144432
0.02174973
0.02153945
0.02156019
0.02144027
0.02144051
0.02166986
0.02161193
0.02171564
0.02162242
0.02177000
0.02165389
0.02159977
0.02150130
0.02155805
0.02158380
0.02146077
0.02153897
0.02174354
0.02148318
0.02137494
0.02140236
0.02158213
0.02166128
0.02155542
0.02163959
0.02145314
0.02161598
0.02155733
0.02133989
0.02146220
0.02152538
0.02151465
0.02154374
0.02160573
0.02166176
0.02140522
0.02145314
0.02138853
0.02141929
0.02174902
0.02157283
0.02153420
0.02148199
0.02154589
0.02161288
0.02149773
0.02138567
0.02147007
0.02160859
0.02157259
0.02154756
0.02157450
0.02157927
0.02152872
0.02147770
0.02151203
0.02172875
0.02163291
0.02142525
0.02147079
0.02165246
0.02167463
0.02140594
0.02143812
0.02161384
0.02164292
0.02142262
0.02133918
0.02152395
0.02153945
0.02142191
0.02143431
0.02150631
0.02172279
0.02179861
0.02139878
0.02134228
0.02186346
0.02153182
0.02148914
0.02142668
0.02146435
0.02171063
0.02142882
0.02138114
0.02143407
0.02155161
0.02169371
0.02156520
0.02155352
0.02158618
0.02150154
0.02142119
0.02163982
0.02178192
0.02173567
0.02150846
0.02154016
0.02154279
0.02147388
0.02147365
0.02142477
0.02152562
0.02173948
0.02162790
