0.00890803
0.00847483
0.00829411
0.00837684
0.00836825
0.00829768
0.00825119
0.00822711
0.00824285
0.00823236
0.00826883
0.00824714
0.00834751
0.00836492
0.00822091
0.00825572
0.00821805
0.00827909
0.00819802
0.00823450
0.00820756
0.00826192
0.00820971
0.00831509
0.00823355
0.00854468
0.00833774
0.00830293
0.00838423
0.00821042
0.00826240
0.00818443
0.00829983
0.00823951
0.00829506
0.00823665
0.00823379
0.00819397
0.00829482
0.00834632
0.00820732
0.00829387
0.00821376
0.00826263
0.00828505
0.00839472
0.00825930
0.00833511
0.00819731
0.00823784
0.00824738
0.00822616
0.00829816
0.00821280
0.00826192
0.00824714
0.00830197
0.00823069
0.00827909
0.00820541
0.00823951
0.00818872
0.00825381
0.00826359
0.00822377
0.00834489
0.00823617
0.00824714
0.00830078
0.00850987
0.00828314
0.00824928
0.00819778
0.00823784
0.00821662
0.00826883
0.00832582
0.00821662
0.00835586
0.00821304
0.00830030
0.00823379
0.00827408
0.00820565
0.00829887
0.00823212
0.00832415
0.00823593
0.00829911
0.00827765
0.00821805
0.00822735
0.00821972
0.00826836
0.00821710
0.00832701
0.00819945
0.00827813
0.00823855
0.00828409
0.00823402
0.00833082
0.00820017
0.00820541
0.00826168
0.00822592
0.00825644
0.00821257
0.00831056
0.00821042
0.00826335
0.00824666
0.00834489
0.00821996
0.00823164
0.00818920
0.00822163
0.00830245
0.00821924
0.00829101
0.00821447
0.00823927
0.00825977
0.00837970
0.00823545
0.00834441
0.00820446
0.00824285
0.00822210
0.00825667
0.00827408
0.00821900
0.00823760
0.00821567
0.00829911
0.00828600
0.00837064
0.00833750
0.00831938
0.00820899
0.00825858
0.00823092
0.00823879
0.00826478
0.00819993
0.00824785
0.00827026
0.00835967
0.00822377
0.00834370
0.00821972
0.00824833
0.00822353
0.00837803
0.00825787
0.00831556
0.00839233
0.00834465
0.00837517
0.00822878
0.00826049
0.00822544
0.00824642
0.00824046
0.00834560
0.00823641
0.00834608
0.00822949
0.00819278
0.00826359
0.00821400
0.00828528
0.00822139
0.00826716
0.00820661
0.00827336
0.00827050
0.00828910
0.00824881
0.00839233
0.00820112
0.00821567
0.00832653
0.00832987
0.00826430
0.00821900
0.00827765
0.00827479
0.00831771
0.00837207
0.00846481
0.00822306
0.00824761
0.00820208
0.00826383
0.00829053
0.00821900
0.00827003
0.00819612
0.00824070
0.00822568
0.00829268
0.00825095
0.00832009
0.00824523
0.00833488
0.00822449
0.00823641
0.00827265
0.00825024
0.00825882
0.00820756
0.00828862
0.00823712
0.00830436
0.00821257
0.00823998
0.00821781
0.00825262
0.00823283
0.00822353
0.00829983
0.00829720
0.00834417
0.00822830
0.00830412
0.00823355
0.00829482
0.00820923
0.00824833
0.00821686
0.00831556
0.00824285
0.00826883
0.00826240
0.00829864
0.00830936
0.00824594
0.00826263
0.00821424
0.00823283
0.00819325
0.00838757
0.00826955
0.00829887
0.00821376
0.00822568
0.00828600
0.00828934
0.00827575
0.00825453
0.00827384
0.00819802
0.00827646
0.00822973
0.00828123
0.00822854
0.00837874
0.00822330
0.00820780
0.00831699
0.00833106
0.00830889
0.00821710
0.00833344
0.00826693
0.00830936
0.00832200
0.00841236
0.00822496
0.00830698
0.00819969
0.00822926
0.00828004
0.00822520
0.00826049
0.00820041
0.00825143
0.00822186
0.00830722
0.00822878
0.00834036
0.00820231
0.00824428
0.00821924
0.00824785
0.00825906
0.00821376
0.00825214
0.00820589
0.00832939
0.00827742
0.00834107
0.00821996
0.00825500
0.00822473
0.00825739
0.00823164
0.00825930
0.00826573
0.00827241
0.00833821
0.00822473
0.00839305
0.00829720
0.00839329
0.00823474
0.00825143
0.00821710
0.00830841
0.00822473
0.00825500
0.00824833
0.00823832
0.00835752
0.00823665
0.00827026
0.00824833
0.00828505
0.00820398
0.00840783
0.00823784
0.00834680
0.00822353
0.00823998
0.00823259
0.00821257
0.00828576
0.00826979
0.00825524
0.00818539
0.00824094
0.00822735
0.00829196
0.00822210
0.00831962
0.00820684
0.00832605
0.00825286
0.00822711
0.00828052
0.00820470
0.00824189
0.00819278
0.00825763
0.00826335
0.00844097
0.00825334
0.00837159
0.00820303
0.00825882
0.00828481
0.00822878
0.00826573
0.00820351
0.00825524
0.00824285
0.00832844
0.00827885
0.00825620
0.00826764
0.00832057
0.00833631
0.00832534
0.00823307
0.00825119
0.00824046
0.00820613
0.00828195
0.00825191
0.00836778
0.00821686
0.00828743
0.00827909
0.00832987
0.00826502
0.00842714
0.00826383
0.00827622
0.00835896
0.00831604
0.00828767
0.00822949
0.00827408
0.00823092
0.00824046
0.00820994
0.00827980
0.00822306
0.00825000
0.00821733
0.00825024
0.00831676
0.00824380
0.00830340
0.00821900
0.00824094
0.00819945
0.00828791
0.00825977
0.00832963
0.00826526
0.00831461
0.00820565
0.00825953
0.00829005
0.00836897
0.00835109
0.00826144
0.00825882
0.00821757
0.00826979
0.00821304
0.00831413
0.00824356
0.00841522
0.00833392
0.00833035
0.00828505
0.00825381
0.00825381
0.00820470
0.00827813
0.00827241
0.00829172
0.00821996
0.00832486
0.00823402
0.00832891
0.00834799
0.00829935
0.00831699
0.00822043
0.00826907
0.00828218
0.00831819
0.00823784
0.00828195
0.00819969
0.00823760
0.00826335
0.00824118
0.00826192
0.00824928
0.00824738
0.00819731
0.00834131
0.00828815
0.00834823
0.00822878
0.00824285
0.00823832
0.00825453
0.00822973
0.00829816
0.00824714
0.00829506
0.00834370
0.00825977
0.00826740
0.00825381
0.00845313
0.00827885
0.00831938
0.00825262
0.00828719
0.00826168
0.00826359
0.00824046
0.00826120
0.00830841
0.00828385
