478.000,143.000,80.000,111.000
477.625,141.876,80.000,111.000
475.002,140.002,80.000,111.000
476.126,137.379,80.000,111.000
475.002,135.505,80.000,111.000
473.128,133.631,80.000,111.000
472.754,132.507,80.000,111.000
470.880,130.633,80.000,111.000
470.505,129.509,80.000,111.000
468.631,128.385,80.000,111.000
469.756,126.511,80.000,111.000
467.882,126.137,80.000,111.000
469.006,125.012,80.000,111.000
469.381,124.638,80.000,111.000
468.257,124.263,80.000,111.000
467.882,123.139,80.000,111.000
466.758,122.014,80.000,111.000
467.132,122.389,80.000,111.000
463.760,123.513,80.000,111.000
463.385,124.638,80.000,111.000
461.511,125.012,80.000,111.000
458.138,125.387,80.000,111.000
455.515,125.762,80.000,111.000
451.393,126.886,80.000,111.000
448.020,128.010,80.000,111.000
442.859,129.504,81.770,113.456
437.583,131.825,83.579,115.966
430.565,134.198,85.428,118.532
420.901,137.454,87.318,121.154
411.872,140.782,89.250,123.835
402.644,143.316,91.225,126.575
394.098,145.019,93.243,129.375
385.799,148.076,93.243,129.375
370.374,153.245,91.255,126.616
360.223,157.479,89.309,123.916
351.095,160.010,87.404,121.274
341.678,162.876,87.404,121.274
333.080,166.561,87.404,121.274
316.293,169.427,87.404,121.274
301.308,170.209,89.338,123.957
290.846,170.627,89.338,123.957
281.221,173.557,89.338,123.957
274.944,174.812,89.338,123.957
269.179,174.744,91.315,126.699
264.474,175.171,91.315,126.699
262.133,174.213,93.335,129.503
262.570,177.274,93.335,129.503
264.756,178.586,93.335,129.503
263.270,174.885,95.400,132.368
266.387,172.030,97.511,135.296
269.585,172.486,97.511,135.296
271.868,169.289,97.511,135.296
273.159,165.423,99.668,138.290
274.560,163.088,99.668,138.290
275.960,158.887,99.668,138.290
275.494,150.950,99.668,138.290
275.960,139.278,99.668,138.290
275.494,127.606,99.668,138.290
277.828,110.331,99.668,138.290
276.427,99.593,99.668,138.290
279.695,86.988,99.668,138.290
278.295,77.183,99.668,138.290
279.695,68.313,99.668,138.290
278.295,59.442,99.668,138.290
279.695,51.505,99.668,138.290
277.361,46.369,99.668,138.290
279.695,40.300,99.668,138.290
276.427,36.098,99.668,138.290
279.695,33.764,99.668,138.290
278.295,30.496,99.668,138.290
281.563,27.227,99.668,138.290
284.831,26.761,99.668,138.290
287.165,24.426,99.668,138.290
290.434,25.827,99.668,138.290
296.503,26.294,99.668,138.290
303.506,27.694,99.668,138.290
308.619,28.719,97.543,135.341
314.559,31.003,97.543,135.341
318.671,32.374,97.543,135.341
323.697,35.573,97.543,135.341
329.582,37.456,95.463,132.455
337.065,39.299,93.427,129.630
342.754,40.612,93.427,129.630
351.765,40.729,91.435,126.866
361.409,40.018,89.485,124.160
371.889,42.952,89.485,124.160
391.024,45.488,87.576,121.512
402.921,47.539,87.576,121.512
413.997,50.411,87.576,121.512
425.894,52.462,87.576,121.512
437.790,54.513,87.576,121.512
449.687,58.205,87.576,121.512
465.686,65.179,87.576,121.512
474.301,69.692,87.576,121.512
481.419,73.029,89.514,124.201
490.225,76.803,89.514,124.201
498.192,79.738,89.514,124.201
504.481,82.673,89.514,124.201
509.094,86.447,89.514,124.201
512.069,91.409,87.605,121.552
511.659,95.923,87.605,121.552
510.428,100.437,87.605,121.552
507.555,103.310,87.605,121.552
502.220,107.824,87.605,121.552
496.065,113.158,87.605,121.552
489.909,118.493,87.605,121.552
482.933,121.366,87.605,121.552
477.598,124.238,87.605,121.552
473.084,127.111,87.605,121.552
469.391,129.984,87.605,121.552
463.235,132.035,87.605,121.552
456.259,134.087,87.605,121.552
447.641,136.960,87.605,121.552
438.203,140.653,87.605,121.552
430.406,144.347,87.605,121.552
422.609,148.861,87.605,121.552
414.812,151.733,87.605,121.552
408.656,154.606,87.605,121.552
402.152,157.093,89.543,124.242
395.022,162.546,89.543,124.242
387.503,165.958,91.525,126.990
380.215,173.247,91.525,126.990
372.926,179.678,91.525,126.990
363.923,183.536,91.525,126.990
356.635,184.822,91.525,126.990
348.489,186.109,91.525,126.990
341.201,188.252,91.525,126.990
335.627,190.396,91.525,126.990
330.054,192.539,91.525,126.990
324.480,189.538,91.525,126.990
321.244,190.358,93.550,129.800
319.053,188.167,93.550,129.800
322.120,190.358,93.550,129.800
326.064,187.290,93.550,129.800
330.884,188.605,93.550,129.800
336.581,190.796,93.550,129.800
343.154,191.234,93.550,129.800
351.480,194.301,93.550,129.800
359.806,199.998,93.550,129.800
370.762,204.819,93.550,129.800
381.717,209.639,93.550,129.800
390.043,212.707,93.550,129.800
400.122,216.650,93.550,129.800
409.544,218.397,95.619,132.672
420.742,223.324,95.619,132.672
431.044,228.251,95.619,132.672
438.658,233.178,95.619,132.672
444.481,239.001,95.619,132.672
448.512,243.928,95.619,132.672
453.439,244.376,95.619,132.672
455.679,243.928,95.619,132.672
457.023,241.688,95.619,132.672
454.783,238.553,95.619,132.672
450.752,237.209,95.619,132.672
446.721,231.386,95.619,132.672
445.377,224.668,95.619,132.672
441.346,220.637,95.619,132.672
438.210,220.189,95.619,132.672
439.554,217.053,95.619,132.672
440.898,214.814,95.619,132.672
442.242,212.574,95.619,132.672
440.002,211.230,95.619,132.672
445.825,207.199,95.619,132.672
444.481,203.168,95.619,132.672
446.676,200.306,97.735,135.607
442.556,202.595,97.735,135.607
440.050,204.420,99.897,138.608
435.838,203.016,99.897,138.608
431.627,202.548,99.897,138.608
424.607,200.209,99.897,138.608
415.249,195.277,102.108,141.674
406.676,192.221,104.367,144.809
397.913,192.140,106.676,148.013
389.418,189.642,106.676,148.013
376.314,190.597,109.036,151.287
358.437,184.978,109.036,151.287
339.539,182.425,109.036,151.287
329.379,178.623,106.711,148.061
311.884,175.123,106.711,148.061
299.812,169.855,109.072,151.337
280.908,168.322,109.072,151.337
269.157,164.746,109.072,151.337
257.406,164.235,109.072,151.337
247.698,162.702,109.072,151.337
239.012,162.191,109.072,151.337
231.348,163.724,109.072,151.337
224.706,164.235,109.072,151.337
218.064,168.833,109.072,151.337
211.422,170.366,109.072,151.337
204.780,174.965,109.072,151.337
198.138,179.563,109.072,151.337
193.540,182.117,109.072,151.337
187.920,186.716,109.072,151.337
183.321,187.227,109.072,151.337
178.723,189.781,109.072,151.337
174.125,192.336,109.072,151.337
170.548,191.825,109.072,151.337
166.972,194.380,109.072,151.337
164.417,194.891,109.072,151.337
163.906,194.380,109.072,151.337
162.373,192.847,109.072,151.337
159.819,195.402,109.072,151.337
161.352,192.847,109.072,151.337
157.775,192.336,109.072,151.337
156.242,190.803,109.072,151.337
154.710,188.249,109.072,151.337
151.133,183.650,109.072,151.337
149.600,175.986,109.072,151.337
145.002,170.366,109.072,151.337
140.085,160.741,111.485,154.685
134.340,152.907,111.485,154.685
126.507,145.074,111.485,154.685
120.762,135.152,111.485,154.685
116.062,123.140,111.485,154.685
114.734,112.206,109.108,151.387
113.434,101.504,106.781,148.158
115.055,89.103,104.504,144.999
117.503,79.802,104.504,144.999
120.929,66.585,104.504,144.999
124.356,56.305,104.504,144.999
127.783,46.025,104.504,144.999
132.189,35.745,104.504,144.999
136.594,27.423,104.504,144.999
143.937,20.080,104.504,144.999
151.280,13.716,104.504,144.999
161.560,9.310,104.504,144.999
172.583,6.610,102.275,141.907
181.524,4.890,100.094,138.880
188.466,2.304,97.960,135.919
197.184,3.681,97.960,135.919
208.401,1.149,95.870,133.020
226.305,3.000,93.826,130.184
235.354,1.423,91.825,127.407
242.552,2.367,89.867,124.690
250.408,6.537,87.951,122.031
254.116,7.773,87.951,122.031
257.824,9.833,87.951,122.031
261.541,13.119,86.075,119.429
264.402,15.559,84.239,116.882
262.429,18.321,84.239,116.882
262.035,20.294,84.239,116.882
264.835,22.681,82.443,114.390
262.131,25.385,82.443,114.390
259.428,27.315,82.443,114.390
255.952,29.246,82.443,114.390
258.656,32.722,82.443,114.390
255.440,35.058,80.685,111.950
255.818,38.460,80.685,111.950
256.952,41.106,80.685,111.950
256.574,43.751,80.685,111.950
257.708,46.397,80.685,111.950
260.354,48.287,80.685,111.950
259.976,48.665,80.685,111.950
263.377,49.799,80.685,111.950
266.059,52.814,78.964,109.563
269.388,53.923,78.964,109.563
272.717,53.554,78.964,109.563
272.347,52.444,78.964,109.563
277.156,49.855,78.964,109.563
281.964,47.265,78.964,109.563
284.554,46.895,78.964,109.563
282.704,49.485,78.964,109.563
286.773,48.375,78.964,109.563
285.663,49.485,78.964,109.563
286.033,49.855,78.964,109.563
286.519,50.666,77.280,107.226
285.433,52.476,77.280,107.226
283.623,54.286,77.280,107.226
284.708,58.268,77.280,107.226
280.726,60.802,77.280,107.226
281.088,62.612,77.280,107.226
278.554,64.422,77.280,107.226
277.468,66.232,77.280,107.226
277.830,68.767,77.280,107.226
278.192,70.577,77.280,107.226
279.278,72.387,77.280,107.226
278.916,75.645,77.280,107.226
279.278,78.179,77.280,107.226
280.364,81.437,77.280,107.226
279.278,83.247,77.280,107.226
283.260,86.505,77.280,107.226
281.642,89.393,75.632,104.940
282.705,92.581,75.632,104.940
280.225,94.353,75.632,104.940
281.996,98.250,75.632,104.940
279.516,100.021,75.632,104.940
281.288,103.918,75.632,104.940
277.391,107.107,75.632,104.940
281.288,111.004,75.632,104.940
283.059,113.484,75.632,104.940
284.122,117.381,75.632,104.940
285.185,120.570,75.632,104.940
283.601,123.396,74.019,102.702
287.415,125.130,74.019,102.702
289.842,128.250,74.019,102.702
292.963,129.984,74.019,102.702
294.003,132.411,74.019,102.702
293.121,135.177,72.441,100.512
294.221,138.538,70.896,98.368
291.456,138.627,69.384,96.271
295.015,143.099,67.905,94.218
296.659,145.024,66.456,92.208
300.668,148.107,65.039,90.242
308.115,151.125,63.652,88.318
315.404,154.078,62.295,86.434
319.162,155.844,60.966,84.591
319.537,157.571,59.666,82.787
315.903,158.410,59.666,82.787
311.421,156.868,58.394,81.022
307.318,155.500,58.394,81.022
308.686,156.321,58.394,81.022
305.130,154.953,58.394,81.022
307.592,156.321,58.394,81.022
380.625,160.971,58.394,81.022
382.566,160.517,57.149,79.294
381.885,161.620,55.930,77.603
382.229,163.205,54.737,75.948
382.566,164.262,53.570,74.328
384.322,164.513,53.570,74.328
382.064,162.757,53.570,74.328
381.813,163.008,53.570,74.328
381.562,163.259,53.570,74.328
383.826,164.777,52.428,72.743
383.581,165.513,52.428,72.743
382.746,165.473,53.587,74.353
383.499,166.728,53.587,74.353
384.252,164.469,53.587,74.353
382.997,165.222,53.587,74.353
382.144,165.181,54.773,75.998
383.427,165.951,54.773,75.998
382.022,165.908,55.985,77.679
381.131,165.865,57.224,79.398
380.219,161.928,58.490,81.154
379.288,164.157,59.784,82.950
377.755,165.273,61.106,84.785
378.683,162.039,59.803,82.977
378.402,162.319,59.803,82.977
380.390,160.774,58.528,81.208
379.693,162.432,57.280,79.476
382.108,161.091,57.280,79.476
380.230,161.896,57.280,79.476
382.133,160.933,56.058,77.781
380.821,162.246,56.058,77.781
381.608,162.508,56.058,77.781
381.953,163.591,54.863,76.122
384.272,164.650,53.693,74.499
382.511,164.902,53.693,74.499
383.769,163.644,53.693,74.499
383.014,164.398,53.693,74.499
384.775,164.650,53.693,74.499
383.517,164.902,53.693,74.499
383.266,165.153,53.693,74.499
383.014,165.405,53.693,74.499
384.775,166.159,53.693,74.499
383.014,162.889,53.693,74.499
384.272,164.147,53.693,74.499
382.511,164.902,53.693,74.499
384.272,165.153,53.693,74.499
382.511,163.392,53.693,74.499
383.769,164.650,53.693,74.499
383.517,164.902,53.693,74.499
382.763,163.644,53.693,74.499
384.020,164.902,53.693,74.499
383.266,164.147,53.693,74.499
382.008,164.902,53.693,74.499
383.266,165.153,53.693,74.499
380.845,165.112,54.881,76.147
381.572,162.936,56.095,77.832
379.588,162.893,57.336,79.554
380.904,163.406,58.605,81.314
456.302,153.677,59.901,83.113
461.753,158.871,61.227,84.952
464.349,164.180,62.581,86.832
462.744,167.173,63.966,88.753
463.044,171.668,63.966,88.753
466.939,176.162,63.966,88.753
469.636,178.859,63.966,88.753
472.332,181.556,63.966,88.753
474.430,181.855,63.966,88.753
475.277,181.806,65.381,90.717
477.413,182.391,66.828,92.724
478.947,180.391,68.306,94.775
478.627,179.431,68.306,94.775
477.667,180.391,68.306,94.775
476.707,178.151,68.306,94.775
475.108,175.912,68.306,94.775
474.788,174.952,68.306,94.775
473.188,172.712,68.306,94.775
474.788,169.192,68.306,94.775
473.188,164.393,68.306,94.775
474.788,159.593,68.306,94.775
474.468,154.154,68.306,94.775
476.700,148.126,69.818,96.872
476.945,141.965,71.362,99.015
478.583,136.361,72.941,101.206
480.258,130.633,74.555,103.445
478.346,126.227,76.205,105.734
480.096,119.502,77.891,108.073
481.127,112.629,79.614,110.465
480.754,107.780,79.614,110.465
481.127,102.186,79.614,110.465
481.500,97.338,79.614,110.465
480.381,90.998,79.614,110.465
478.516,86.150,79.614,110.465
478.889,81.302,79.614,110.465
474.041,76.454,79.614,110.465
470.685,73.097,79.614,110.465
466.582,69.741,79.614,110.465
470.685,135.005,79.614,110.465
471.057,140.599,79.614,110.465
470.685,148.430,79.614,110.465
471.174,153.562,77.916,108.109
472.269,151.737,77.916,108.109
471.904,149.912,77.916,108.109
470.809,151.007,77.916,108.109
471.904,148.453,77.916,108.109
472.269,146.628,77.916,108.109
471.174,148.453,77.916,108.109
472.999,145.898,77.916,108.109
470.444,148.453,77.916,108.109
472.999,145.898,77.916,108.109
470.444,149.183,77.916,108.109
472.999,146.628,77.916,108.109
470.444,148.453,77.916,108.109
472.999,145.898,77.916,108.109
470.444,149.183,77.916,108.109
472.999,147.358,77.916,108.109
470.444,149.183,77.916,108.109
472.999,146.628,77.916,108.109
470.444,148.453,77.916,108.109
472.999,145.898,77.916,108.109
470.444,149.183,77.916,108.109
472.999,147.358,77.916,108.109
470.444,149.183,77.916,108.109
472.999,147.358,77.916,108.109
470.444,149.183,77.916,108.109
472.999,146.628,77.916,108.109
470.444,148.453,77.916,108.109
472.999,146.628,77.916,108.109
470.444,148.453,77.916,108.109
472.999,145.898,77.916,108.109
470.444,149.183,77.916,108.109
472.999,146.628,77.916,108.109
470.444,148.453,77.916,108.109
472.999,145.898,77.916,108.109
470.444,148.453,77.916,108.109
472.999,145.898,77.916,108.109
470.444,149.183,77.916,108.109
472.999,146.628,77.916,108.109
470.444,148.453,77.916,108.109
472.999,145.898,77.916,108.109
470.444,149.183,77.916,108.109
472.999,146.628,77.916,108.109
470.444,148.453,77.916,108.109
472.999,145.898,77.916,108.109
470.444,148.453,77.916,108.109
472.999,145.898,77.916,108.109
470.444,149.183,77.916,108.109
472.999,146.628,77.916,108.109
470.444,149.183,77.916,108.109
472.999,147.358,77.916,108.109
470.444,149.912,77.916,108.109
472.999,147.358,77.916,108.109
470.444,149.912,77.916,108.109
472.999,147.358,77.916,108.109
471.174,149.183,77.916,108.109
472.999,146.628,77.916,108.109
470.444,148.453,77.916,108.109
472.999,145.898,77.916,108.109
470.444,149.183,77.916,108.109
472.999,146.628,77.916,108.109
470.444,148.453,77.916,108.109
472.999,145.898,77.916,108.109
470.444,148.453,77.916,108.109
472.999,145.898,77.916,108.109
470.444,149.183,77.916,108.109
472.999,146.628,77.916,108.109
470.444,148.453,77.916,108.109
472.999,145.898,77.916,108.109
470.444,148.453,77.916,108.109
472.999,145.898,77.916,108.109
470.444,148.453,77.916,108.109
472.999,145.898,77.916,108.109
470.444,149.183,77.916,108.109
472.999,146.628,77.916,108.109
470.444,148.453,77.916,108.109
472.999,145.898,77.916,108.109
470.444,149.183,77.916,108.109
472.999,146.628,77.916,108.109
470.444,148.453,77.916,108.109
472.999,145.898,77.916,108.109
470.444,149.183,77.916,108.109
472.999,146.628,77.916,108.109
470.444,149.183,77.916,108.109
472.999,146.628,77.916,108.109
470.444,149.183,77.916,108.109
472.999,146.628,77.916,108.109
470.444,148.453,77.916,108.109
472.999,146.628,77.916,108.109
470.444,148.453,77.916,108.109
472.999,145.898,77.916,108.109
470.444,148.453,77.916,108.109
472.999,145.898,77.916,108.109
470.444,149.183,77.916,108.109
472.999,147.358,77.916,108.109
470.444,149.183,77.916,108.109
472.999,146.628,77.916,108.109
470.444,148.453,77.916,108.109
472.999,145.898,77.916,108.109
471.174,148.453,77.916,108.109
473.729,145.898,77.916,108.109
471.174,149.183,77.916,108.109
474.477,149.123,79.640,110.501
470.887,149.061,81.402,112.946
465.635,148.999,83.203,115.444
468.363,145.491,83.203,115.444
465.421,148.662,85.044,117.999
469.803,143.483,85.044,117.999
472.591,146.272,85.044,117.999
380.568,117.987,85.044,117.999
380.966,123.166,85.044,117.999
386.941,127.548,85.044,117.999
392.917,127.947,85.044,117.999
399.003,130.361,86.926,120.609
405.110,133.211,86.926,120.609
410.486,134.834,88.849,123.278
417.707,133.902,90.815,126.005
425.790,132.626,90.815,126.005
433.872,133.902,90.815,126.005
440.253,133.477,90.815,126.005
448.336,134.753,90.815,126.005
458.120,135.178,90.815,126.005
464.501,137.305,90.815,126.005
471.733,140.283,90.815,126.005
478.965,143.261,90.815,126.005
486.197,147.941,90.815,126.005
494.280,152.620,90.815,126.005
503.213,158.150,90.815,126.005
510.594,162.494,92.824,128.793
520.595,168.147,92.824,128.793
530.596,172.929,92.824,128.793
537.987,177.712,92.824,128.793
544.510,181.626,92.824,128.793
549.293,185.539,92.824,128.793
550.597,189.452,92.824,128.793
552.771,192.496,92.824,128.793
553.098,193.327,94.878,131.643
550.875,196.438,94.878,131.643
552.209,196.882,94.878,131.643
547.931,194.965,96.977,134.555
547.477,195.419,96.977,134.555
544.297,196.782,96.977,134.555
539.300,197.236,96.977,134.555
533.395,194.965,96.977,134.555
523.855,190.877,96.977,134.555
503.413,185.880,96.977,134.555
490.239,182.700,96.977,134.555
475.499,179.797,99.123,137.532
465.249,172.977,101.316,140.575
453.384,173.451,101.316,140.575
444.878,168.450,103.557,143.686
431.150,169.377,105.848,146.865
416.090,168.266,108.190,150.114
405.954,169.235,110.584,153.435
400.969,168.075,113.031,156.830
398.071,167.988,115.531,160.300
393.200,166.364,115.531,160.300
392.483,164.029,118.088,163.847
386.399,162.370,118.088,163.847
386.814,162.279,120.700,167.472
379.026,161.013,123.371,171.177
373.825,160.435,123.371,171.177
366.312,158.701,123.371,171.177
357.153,157.407,126.100,174.964
334.116,155.635,126.100,174.964
324.074,157.407,126.100,174.964
319.156,160.981,123.411,171.233
314.343,161.135,120.779,167.581
305.856,165.095,120.779,167.581
293.975,165.661,120.779,167.581
280.963,162.832,120.779,167.581
269.708,165.165,118.204,164.008
251.222,167.447,115.683,160.510
242.532,167.592,113.216,157.087
238.116,170.800,110.802,153.737
232.794,170.938,108.439,150.459
226.191,169.415,108.439,150.459
218.571,168.907,108.439,150.459
211.968,169.415,108.439,150.459
208.412,165.859,108.439,150.459
204.856,167.383,108.439,150.459
206.380,163.827,108.439,150.459
207.904,165.351,108.439,150.459
212.476,162.811,108.439,150.459
215.015,161.287,108.439,150.459
221.619,158.747,108.439,150.459
227.206,158.239,108.439,150.459
234.826,156.716,108.439,150.459
242.445,155.192,108.439,150.459
249.049,155.700,108.439,150.459
254.636,155.192,108.439,150.459
259.208,155.700,108.439,150.459
263.779,154.176,108.439,150.459
267.335,154.684,108.439,150.459
268.859,154.176,108.439,150.459
268.351,153.668,108.439,150.459
264.795,153.160,108.439,150.459
262.256,152.652,108.439,150.459
263.779,148.080,108.439,150.459
262.488,147.237,106.126,147.250
262.985,143.757,106.126,147.250
262.679,141.014,103.863,144.110
262.192,136.636,103.863,144.110
263.652,131.284,103.863,144.110
263.165,128.851,103.863,144.110
265.598,124.472,103.863,144.110
265.112,121.067,103.863,144.110
268.517,117.661,103.863,144.110
274.783,114.977,101.648,141.037
278.116,113.549,101.648,141.037
281.449,111.168,101.648,141.037
283.830,106.883,101.648,141.037
289.068,103.550,101.648,141.037
287.639,100.217,101.648,141.037
291.925,96.883,101.648,141.037
289.544,95.455,101.648,141.037
291.925,92.122,101.648,141.037
294.305,89.741,101.648,141.037
291.925,88.313,101.648,141.037
294.305,88.789,101.648,141.037
294.012,89.834,99.481,138.029
297.274,89.368,99.481,138.029
299.682,92.187,97.359,135.086
300.281,94.067,95.283,132.205
305.191,93.621,95.283,132.205
306.530,94.960,95.283,132.205
309.697,97.660,93.251,129.386
313.628,100.718,93.251,129.386
316.686,102.902,93.251,129.386
319.743,105.959,93.251,129.386
325.369,110.286,91.262,126.627
330.071,114.134,91.262,126.627
334.774,118.836,91.262,126.627
338.621,122.684,91.262,126.627
341.614,126.531,91.262,126.627
344.606,130.379,91.262,126.627
347.599,134.226,91.262,126.627
352.280,139.285,89.316,123.926
353.536,143.050,89.316,123.926
351.444,146.816,89.316,123.926
351.025,152.255,89.316,123.926
350.607,156.020,89.316,123.926
348.515,161.459,89.316,123.926
345.586,166.061,89.316,123.926
343.494,170.664,89.316,123.926
340.566,176.103,89.316,123.926
335.964,180.705,89.316,123.926
330.525,186.981,89.316,123.926
324.249,191.583,89.316,123.926
316.299,197.858,89.316,123.926
308.350,203.297,89.316,123.926
299.564,207.063,89.316,123.926
294.962,210.828,89.316,123.926
296.318,215.779,87.412,121.283
297.546,217.826,87.412,121.283
297.294,220.304,85.547,118.697
300.099,222.307,85.547,118.697
306.032,223.959,83.723,116.166
308.815,226.332,81.938,113.689
312.278,229.394,80.190,111.264
312.771,231.666,78.480,108.891
312.545,232.473,76.807,106.569
314.344,232.833,76.807,106.569
313.265,232.473,76.807,106.569
314.344,232.833,76.807,106.569
313.265,232.473,76.807,106.569
314.344,232.833,76.807,106.569
313.265,233.193,76.807,106.569
313.625,232.113,76.807,106.569
312.545,233.912,76.807,106.569
314.344,232.113,76.807,106.569
313.265,233.193,76.807,106.569
313.625,232.113,76.807,106.569
313.265,233.912,76.807,106.569
314.344,232.113,76.807,106.569
313.265,233.912,76.807,106.569
313.625,232.113,76.807,106.569
313.265,233.193,76.807,106.569
313.625,232.113,76.807,106.569
312.545,233.912,76.807,106.569
314.344,232.113,76.807,106.569
313.984,233.193,76.807,106.569
312.905,233.552,76.807,106.569
313.984,232.473,76.807,106.569
313.625,233.552,76.807,106.569
312.545,233.912,76.807,106.569
314.344,232.113,76.807,106.569
313.984,233.912,76.807,106.569
312.905,232.833,76.807,106.569
313.265,231.753,76.807,106.569
314.344,232.113,76.807,106.569
313.265,233.912,76.807,106.569
313.625,232.113,76.807,106.569
312.545,233.912,76.807,106.569
314.344,232.113,76.807,106.569
313.265,233.193,76.807,106.569
313.625,232.113,76.807,106.569
313.265,233.193,76.807,106.569
313.625,232.113,76.807,106.569
313.265,233.193,76.807,106.569
313.625,232.113,76.807,106.569
313.265,233.912,76.807,106.569
314.344,232.113,76.807,106.569
313.984,233.912,76.807,106.569
312.905,232.833,76.807,106.569
313.984,231.753,76.807,106.569
312.905,233.552,76.807,106.569
313.265,232.473,76.807,106.569
314.344,232.833,76.807,106.569
313.265,232.473,76.807,106.569
314.344,233.552,76.807,106.569
313.265,233.912,76.807,106.569
314.344,232.113,76.807,106.569
313.984,233.912,76.807,106.569
312.905,232.833,76.807,106.569
313.265,231.753,76.807,106.569
314.344,232.113,76.807,106.569
313.984,233.912,76.807,106.569
312.905,232.833,76.807,106.569
313.265,231.753,76.807,106.569
314.344,232.833,76.807,106.569
313.265,233.193,76.807,106.569
313.625,232.113,76.807,106.569
313.265,233.193,76.807,106.569
313.625,232.113,76.807,106.569
313.265,233.912,76.807,106.569
313.625,232.113,76.807,106.569
312.545,233.912,76.807,106.569
314.344,232.113,76.807,106.569
313.265,233.912,76.807,106.569
314.344,232.113,76.807,106.569
313.984,233.912,76.807,106.569
312.905,232.833,76.807,106.569
313.265,231.753,76.807,106.569
314.344,232.833,76.807,106.569
313.265,233.193,76.807,106.569
313.625,232.113,76.807,106.569
312.545,233.912,76.807,106.569
315.064,232.113,76.807,106.569
313.265,233.912,76.807,106.569
313.625,232.113,76.807,106.569
313.265,233.912,76.807,106.569
314.344,232.113,76.807,106.569
313.984,233.912,76.807,106.569
312.905,232.833,76.807,106.569
313.265,231.753,76.807,106.569
314.344,232.833,76.807,106.569
313.265,233.193,76.807,106.569
313.625,232.113,76.807,106.569
313.265,233.912,76.807,106.569
314.344,232.113,76.807,106.569
313.984,233.912,76.807,106.569
312.905,232.833,76.807,106.569
313.265,231.753,76.807,106.569
314.344,232.833,76.807,106.569
313.265,233.193,76.807,106.569
313.625,232.113,76.807,106.569
313.265,233.912,76.807,106.569
314.344,232.113,76.807,106.569
313.984,233.912,76.807,106.569
312.905,232.833,76.807,106.569
313.265,231.753,76.807,106.569
314.344,232.113,76.807,106.569
313.265,233.912,76.807,106.569
313.625,232.113,76.807,106.569
313.265,233.912,76.807,106.569
314.344,232.113,76.807,106.569
313.984,233.912,76.807,106.569
312.905,232.833,76.807,106.569
313.265,231.753,76.807,106.569
314.344,232.833,76.807,106.569
313.265,233.193,76.807,106.569
313.625,232.113,76.807,106.569
312.545,233.912,76.807,106.569
314.344,232.113,76.807,106.569
313.265,233.193,76.807,106.569
313.625,232.113,76.807,106.569
312.545,233.912,76.807,106.569
315.064,231.394,76.807,106.569
313.984,233.912,76.807,106.569
312.905,232.833,76.807,106.569
313.265,231.753,76.807,106.569
314.344,232.833,76.807,106.569
313.265,233.193,76.807,106.569
313.625,232.113,76.807,106.569
313.265,233.912,76.807,106.569
314.344,232.113,76.807,106.569
313.984,233.912,76.807,106.569
312.905,232.833,76.807,106.569
313.265,231.753,76.807,106.569
314.344,232.113,76.807,106.569
313.984,233.193,76.807,106.569
312.905,232.833,76.807,106.569
313.265,231.753,76.807,106.569
313.625,231.394,76.807,106.569
311.826,230.314,76.807,106.569
311.466,228.515,76.807,106.569
311.106,226.716,76.807,106.569
309.307,222.759,76.807,106.569
308.228,218.801,76.807,106.569
309.307,214.844,76.807,106.569
311.826,210.166,76.807,106.569
314.344,206.209,76.807,106.569
318.302,200.092,76.807,106.569
322.260,193.976,76.807,106.569
327.656,188.579,76.807,106.569
332.334,183.182,76.807,106.569
337.730,177.786,76.807,106.569
343.127,172.389,76.807,106.569
349.243,167.712,76.807,106.569
355.360,163.034,76.807,106.569
361.476,156.918,76.807,106.569
367.592,152.241,76.807,106.569
374.582,146.209,78.506,108.927
384.511,141.429,78.506,108.927
392.418,136.027,80.243,111.337
400.311,131.892,80.243,111.337
407.453,129.261,80.243,111.337
415.346,128.133,80.243,111.337
425.495,129.261,80.243,111.337
434.140,128.885,80.243,111.337
441.282,130.013,80.243,111.337
445.417,132.644,80.243,111.337
449.552,133.772,80.243,111.337
454.438,134.899,80.243,111.337
459.325,137.530,80.243,111.337
463.459,139.410,80.243,111.337
467.594,140.537,80.243,111.337
470.977,142.417,80.243,111.337
473.608,145.048,80.243,111.337
476.239,148.431,80.243,111.337
478.119,151.814,80.243,111.337
479.998,155.197,80.243,111.337
481.877,159.331,80.243,111.337
484.509,163.466,80.243,111.337
487.140,166.849,80.243,111.337
488.267,170.232,80.243,111.337
490.147,172.863,80.243,111.337
492.026,174.743,80.243,111.337
493.154,175.870,80.243,111.337
492.026,176.998,80.243,111.337
491.650,180.381,80.243,111.337
490.523,183.012,80.243,111.337
488.643,184.891,80.243,111.337
487.516,184.516,80.243,111.337
485.636,184.891,80.243,111.337
483.005,185.267,80.243,111.337
481.126,184.140,80.243,111.337
479.246,183.012,80.243,111.337
477.566,182.388,78.532,108.963
474.503,183.195,76.857,106.639
476.303,181.395,76.857,106.639
472.611,181.491,75.218,104.365
474.432,181.585,73.614,102.139
472.018,180.550,73.614,102.139
473.743,179.516,73.614,102.139
472.866,180.273,72.044,99.961
475.228,177.235,72.044,99.961
477.590,174.873,72.044,99.961
477.928,172.511,72.044,99.961
480.290,172.173,72.044,99.961
481.977,169.811,72.044,99.961
482.315,168.798,72.044,99.961
484.002,167.786,72.044,99.961
483.665,166.774,72.044,99.961
484.002,166.436,72.044,99.961
481.640,166.099,72.044,99.961
477.928,164.411,72.044,99.961
474.890,163.399,72.044,99.961
472.528,163.061,72.044,99.961
473.541,161.374,72.044,99.961
470.503,161.036,72.044,99.961
469.491,158.674,72.044,99.961
469.153,156.312,72.044,99.961
471.516,155.299,72.044,99.961
472.528,154.287,72.044,99.961
474.882,152.131,73.638,102.173
475.857,152.074,75.267,104.433
476.853,151.285,76.933,106.744
477.935,151.645,76.933,106.744
478.953,150.090,78.635,109.106
480.758,148.501,80.375,111.520
479.629,148.878,80.375,111.520
480.693,146.472,82.153,113.987
481.077,147.627,82.153,113.987
479.153,145.702,82.153,113.987
480.308,144.548,82.153,113.987
478.384,143.393,82.153,113.987
481.867,142.532,83.971,116.509
482.260,142.925,83.971,116.509
478.720,141.745,83.971,116.509
475.180,144.498,83.971,116.509
470.066,143.318,83.971,116.509
464.953,143.712,83.971,116.509
459.053,144.105,83.971,116.509
452.366,142.925,83.971,116.509
446.466,145.678,83.971,116.509
441.352,148.432,83.971,116.509
437.812,146.465,83.971,116.509
439.779,145.285,83.971,116.509
432.729,141.956,85.828,119.087
442.780,144.770,85.828,119.087
387.700,147.584,85.828,119.087
380.865,147.986,85.828,119.087
378.855,148.388,85.828,119.087
380.865,149.595,85.828,119.087
380.617,151.252,83.998,116.547
379.437,153.219,83.998,116.547
382.978,155.187,83.998,116.547
388.880,157.154,83.998,116.547
393.995,159.121,83.998,116.547
425.080,159.515,83.998,116.547
434.129,161.482,83.998,116.547
436.884,162.663,83.998,116.547
434.129,166.204,83.998,116.547
427.077,169.405,85.856,119.126
422.653,172.220,85.856,119.126
415.816,174.231,85.856,119.126
404.153,176.242,85.856,119.126
451.188,154.479,87.756,121.762
458.998,149.135,87.756,121.762
465.986,144.613,87.756,121.762
468.854,143.692,89.698,124.455
465.913,146.633,89.698,124.455
469.704,142.696,87.785,121.801
468.470,145.574,87.785,121.801
469.704,143.518,87.785,121.801
468.470,145.574,87.785,121.801
469.704,142.696,87.785,121.801
468.470,145.574,87.785,121.801
470.596,143.306,85.913,119.204
468.583,145.318,85.913,119.204
469.791,144.915,85.913,119.204
469.543,143.471,84.081,116.662
470.725,144.653,84.081,116.662
469.543,146.622,84.081,116.662
470.725,143.865,84.081,116.662
470.331,145.834,84.081,116.662
470.088,143.662,82.288,114.174
471.245,146.360,82.288,114.174
471.630,145.204,82.288,114.174
471.393,146.792,80.533,111.739
472.525,147.170,80.533,111.739
472.902,144.529,80.533,111.739
470.261,147.924,80.533,111.739
472.902,146.038,80.533,111.739
470.488,148.320,78.815,109.356
473.073,147.213,78.815,109.356
471.227,149.059,78.815,109.356
473.073,145.736,78.815,109.356
470.488,149.059,78.815,109.356
473.073,146.474,78.815,109.356
471.227,148.320,78.815,109.356
473.073,147.951,78.815,109.356
471.227,148.320,78.815,109.356
473.073,147.213,78.815,109.356
471.227,149.059,78.815,109.356
473.073,145.736,78.815,109.356
470.488,149.059,78.815,109.356
473.073,146.474,78.815,109.356
471.227,148.320,78.815,109.356
473.073,147.951,78.815,109.356
471.227,148.320,78.815,109.356
473.073,147.951,78.815,109.356
471.227,149.059,78.815,109.356
473.073,145.736,78.815,109.356
470.488,149.059,78.815,109.356
473.073,146.474,78.815,109.356
470.488,148.320,78.815,109.356
473.073,147.951,78.815,109.356
471.965,148.320,78.815,109.356
472.334,148.689,78.815,109.356
472.703,146.105,78.815,109.356
470.119,149.428,78.815,109.356
471.965,146.105,78.815,109.356
469.381,148.689,78.815,109.356
471.965,146.105,78.815,109.356
467.166,150.166,78.815,109.356
469.750,147.582,78.815,109.356
467.166,149.428,78.815,109.356
470.488,146.105,78.815,109.356
468.642,149.428,78.815,109.356
471.227,146.105,78.815,109.356
471.596,148.689,78.815,109.356
471.965,145.367,78.815,109.356
470.857,147.951,78.815,109.356
472.703,146.843,78.815,109.356
470.857,148.689,78.815,109.356
472.703,146.105,78.815,109.356
470.857,148.689,78.815,109.356
472.703,146.105,78.815,109.356
470.119,149.428,78.815,109.356
472.703,146.105,78.815,109.356
470.119,149.428,78.815,109.356
472.703,146.105,78.815,109.356
470.119,149.428,78.815,109.356
472.703,146.105,78.815,109.356
470.119,148.689,78.815,109.356
472.703,146.105,78.815,109.356
470.119,149.428,78.815,109.356
472.703,145.367,78.815,109.356
470.119,148.689,78.815,109.356
472.703,146.105,78.815,109.356
470.119,149.428,78.815,109.356
472.703,146.105,78.815,109.356
470.119,149.428,78.815,109.356
472.703,145.367,78.815,109.356
470.119,147.951,78.815,109.356
472.703,146.843,78.815,109.356
470.857,148.689,78.815,109.356
472.703,145.367,78.815,109.356
470.119,148.689,78.815,109.356
472.703,146.105,78.815,109.356
470.119,149.428,78.815,109.356
472.703,146.105,78.815,109.356
470.119,148.689,78.815,109.356
472.703,146.105,78.815,109.356
470.857,148.689,78.815,109.356
472.703,146.105,78.815,109.356
470.119,149.428,78.815,109.356
472.703,145.367,78.815,109.356
470.119,148.689,78.815,109.356
472.703,146.105,78.815,109.356
470.119,149.428,78.815,109.356
472.703,146.105,78.815,109.356
470.119,149.428,78.815,109.356
472.703,146.105,78.815,109.356
470.119,149.428,78.815,109.356
472.703,146.105,78.815,109.356
470.119,149.428,78.815,109.356
472.703,146.105,78.815,109.356
470.119,149.428,78.815,109.356
472.703,146.105,78.815,109.356
470.119,149.428,78.815,109.356
472.703,146.105,78.815,109.356
470.119,149.428,78.815,109.356
472.703,146.105,78.815,109.356
470.119,149.428,78.815,109.356
472.703,146.105,78.815,109.356
470.119,149.428,78.815,109.356
472.703,146.105,78.815,109.356
470.119,149.428,78.815,109.356
472.703,146.105,78.815,109.356
470.119,149.428,78.815,109.356
472.703,146.105,78.815,109.356
470.119,149.428,78.815,109.356
472.703,146.105,78.815,109.356
470.119,149.428,78.815,109.356
472.703,146.105,78.815,109.356
470.119,149.428,78.815,109.356
472.703,146.105,78.815,109.356
470.119,149.428,78.815,109.356
472.703,146.105,78.815,109.356
470.119,149.428,78.815,109.356
472.703,146.105,78.815,109.356
470.119,149.428,78.815,109.356
472.703,146.105,78.815,109.356
470.119,149.428,78.815,109.356
472.703,146.105,78.815,109.356
470.119,149.428,78.815,109.356
472.703,146.105,78.815,109.356
470.119,149.428,78.815,109.356
472.703,146.105,78.815,109.356
470.119,149.428,78.815,109.356
472.703,146.105,78.815,109.356
470.119,149.428,78.815,109.356
472.703,146.105,78.815,109.356
470.119,149.428,78.815,109.356
472.703,146.105,78.815,109.356
470.119,149.428,78.815,109.356
472.703,146.105,78.815,109.356
470.119,149.428,78.815,109.356
472.703,146.105,78.815,109.356
470.119,149.428,78.815,109.356
472.703,146.105,78.815,109.356
470.119,149.428,78.815,109.356
472.703,146.105,78.815,109.356
470.119,149.428,78.815,109.356
472.703,146.105,78.815,109.356
470.119,149.428,78.815,109.356
472.703,146.105,78.815,109.356
470.119,149.428,78.815,109.356
472.703,146.105,78.815,109.356
470.119,149.428,78.815,109.356
472.703,146.105,78.815,109.356
470.119,149.428,78.815,109.356
472.703,146.105,78.815,109.356
470.119,149.428,78.815,109.356
472.703,145.367,78.815,109.356
470.119,148.689,78.815,109.356
472.703,146.105,78.815,109.356
470.857,148.689,78.815,109.356
472.703,145.367,78.815,109.356
471.596,147.951,78.815,109.356
473.405,146.358,80.559,111.776
469.774,146.296,82.342,114.249
466.302,143.596,82.342,114.249
467.459,144.753,82.342,114.249
469.388,145.139,82.342,114.249
472.125,143.011,80.586,111.813
472.502,145.654,80.586,111.813
475.181,145.027,78.867,109.428
474.953,147.262,77.185,107.095
477.484,146.177,77.185,107.095
475.505,146.868,78.893,109.464
475.875,145.759,78.893,109.464
473.288,146.129,78.893,109.464
474.396,146.499,78.893,109.464
473.288,144.651,78.893,109.464
472.179,147.238,78.893,109.464
472.549,146.129,78.893,109.464
472.179,147.238,78.893,109.464
471.809,146.868,78.893,109.464
472.179,145.759,78.893,109.464
474.766,146.129,78.893,109.464
475.251,146.940,77.211,107.130
477.783,146.578,77.211,107.130
480.314,144.770,77.211,107.130
478.506,148.025,77.211,107.130
482.484,145.493,77.211,107.130
479.953,145.855,77.211,107.130
478.144,145.493,77.211,107.130
476.336,145.855,77.211,107.130
473.606,145.045,78.919,109.500
473.236,146.154,78.919,109.500
433.680,142.827,78.919,109.500
420.002,140.239,78.919,109.500
415.936,144.306,78.919,109.500
418.514,145.779,80.665,111.923
421.934,148.069,82.450,114.399
415.012,144.800,84.274,116.930
419.404,148.831,86.138,119.517
413.351,147.621,86.138,119.517
407.794,149.229,88.044,122.161
401.607,146.342,88.044,122.161
397.070,148.404,88.044,122.161
390.456,146.924,86.167,119.556
386.824,148.942,86.167,119.556
380.769,145.309,86.167,119.556
376.329,144.906,86.167,119.556
372.191,143.457,84.329,117.007
369.425,145.432,84.329,117.007
365.870,141.877,84.329,117.007
362.315,139.112,84.329,117.007
357.970,136.347,84.329,117.007
353.625,132.792,84.329,117.007
352.439,129.236,84.329,117.007
351.254,128.051,84.329,117.007
349.279,127.656,84.329,117.007
348.884,128.051,84.329,117.007
347.699,128.446,84.329,117.007
