164.000,121.000,27.000,24.000
163.900,120.498,27.000,24.000
165.204,121.000,27.000,24.000
164.502,120.498,27.000,24.000
165.606,121.000,27.000,24.000
166.107,120.298,27.000,24.000
165.405,119.996,27.000,24.000
166.509,120.097,27.000,24.000
166.810,120.398,27.000,24.000
167.512,120.900,27.000,24.000
166.810,120.197,27.000,24.000
167.312,121.100,27.000,24.000
167.412,121.401,27.000,24.000
168.114,121.702,27.000,24.000
167.813,121.000,27.000,24.000
168.716,121.100,27.000,24.000
169.018,120.599,27.000,24.000
168.315,120.298,27.000,24.000
169.218,121.201,27.000,24.000
169.319,120.699,27.000,24.000
169.820,119.997,27.000,24.000
170.723,121.100,27.000,24.000
171.426,121.401,27.000,24.000
170.924,121.702,27.000,24.000
171.827,121.000,27.000,24.000
171.928,121.301,27.000,24.000
172.028,121.602,27.000,24.000
170.723,120.097,27.000,24.000
171.627,119.394,27.000,24.000
171.125,118.893,27.000,24.000
171.225,118.993,27.000,24.000
170.523,120.097,27.000,24.000
171.225,120.398,27.000,24.000
170.322,121.702,27.000,24.000
171.025,121.201,27.000,24.000
169.921,121.903,27.000,24.000
171.025,121.401,27.000,24.000
169.519,120.900,27.000,24.000
170.222,120.197,27.000,24.000
169.319,120.097,27.000,24.000
169.820,120.197,27.000,24.000
170.322,120.699,27.000,24.000
169.218,120.197,27.000,24.000
169.720,122.305,27.000,24.000
170.021,123.408,27.000,24.000
168.717,124.512,27.000,24.000
169.620,124.011,27.000,24.000
168.917,124.512,27.000,24.000
169.419,123.810,27.000,24.000
168.516,123.509,27.000,24.000
169.218,123.007,27.000,24.000
168.114,123.509,27.000,24.000
168.415,122.606,27.000,24.000
168.917,122.305,27.000,24.000
169.620,123.208,27.000,24.000
168.917,122.907,27.000,24.000
169.419,122.405,27.000,24.000
168.717,123.509,27.000,24.000
169.419,122.806,27.000,24.000
168.516,123.509,27.000,24.000
169.018,123.007,27.000,24.000
168.315,123.509,27.000,24.000
168.817,124.011,27.000,24.000
169.319,123.107,27.000,24.000
168.415,122.606,27.000,24.000
169.118,122.505,27.000,24.000
168.215,121.803,27.000,24.000
168.917,121.702,27.000,24.000
168.817,121.000,27.000,24.000
169.118,122.104,27.000,24.000
168.215,121.803,27.000,24.000
168.516,121.903,27.000,24.000
168.817,123.007,27.000,24.000
169.319,123.910,27.000,24.000
168.616,123.007,27.000,24.000
169.319,122.907,27.000,24.000
168.416,122.405,27.000,24.000
169.319,123.709,27.000,24.000
169.018,122.806,27.000,24.000
168.717,122.305,27.000,24.000
170.021,122.606,27.000,24.000
169.319,121.903,27.000,24.000
170.222,122.806,27.000,24.000
169.921,122.505,27.000,24.000
171.025,121.602,27.000,24.000
170.121,121.502,27.000,24.000
170.623,122.204,27.000,24.000
171.326,123.308,27.000,24.000
171.025,123.007,27.000,24.000
170.523,122.907,27.000,24.000
171.627,123.007,27.000,24.000
171.928,122.907,27.000,24.000
172.229,122.003,27.000,24.000
171.326,121.702,27.000,24.000
172.229,121.602,27.000,24.000
171.928,121.903,27.000,24.000
173.032,122.806,27.000,24.000
171.928,122.304,27.000,24.000
173.232,123.408,27.000,24.000
172.530,123.910,27.000,24.000
173.232,122.606,27.000,24.000
173.333,122.104,27.000,24.000
173.634,123.007,27.000,24.000
173.935,122.706,27.000,24.000
174.437,121.803,27.000,24.000
174.938,122.907,27.000,24.000
175.440,122.606,27.000,24.000
174.537,121.903,27.000,24.000
175.440,121.602,27.000,24.000
175.741,120.699,27.000,24.000
176.243,121.201,27.000,24.000
175.540,122.505,27.000,24.000
176.444,121.602,27.000,24.000
176.544,121.100,27.000,24.000
177.046,122.405,27.000,24.000
175.942,123.107,27.000,24.000
177.046,122.606,27.000,24.000
175.942,122.706,27.000,24.000
176.845,123.007,27.000,24.000
176.544,123.308,27.000,24.000
176.644,122.606,27.000,24.000
175.942,121.702,27.000,24.000
177.046,121.000,27.000,24.000
175.540,122.104,27.000,24.000
176.444,123.408,27.000,24.000
175.340,122.907,27.000,24.000
175.841,122.204,27.000,24.000
176.544,123.509,27.000,24.000
175.440,123.609,27.000,24.000
175.741,124.311,27.000,24.000
175.239,125.215,27.000,24.000
174.537,124.914,27.000,24.000
175.440,125.014,27.000,24.000
175.139,124.111,27.000,24.000
174.637,123.408,27.000,24.000
175.540,123.509,27.000,24.000
175.440,122.606,27.000,24.000
175.540,122.706,27.000,24.000
175.239,122.003,27.000,24.000
174.938,122.706,27.000,24.000
176.042,122.204,27.000,24.000
174.938,123.509,27.000,24.000
175.841,122.204,27.000,24.000
175.340,121.502,27.000,24.000
174.637,120.799,27.000,24.000
175.139,120.498,27.000,24.000
174.437,121.201,27.000,24.000
174.738,121.100,27.000,24.000
174.838,120.599,27.000,24.000
175.139,120.097,27.000,24.000
174.035,121.401,27.000,24.000
173.333,120.900,27.000,24.000
174.236,121.401,27.000,24.000
173.533,122.104,27.000,24.000
174.437,121.602,27.000,24.000
173.734,121.301,27.000,24.000
174.437,123.609,27.000,24.000
173.734,123.509,27.000,24.000
174.035,123.810,27.000,24.000
173.333,123.308,27.000,24.000
174.035,123.810,27.000,24.000
173.132,122.505,27.000,24.000
173.834,122.204,27.000,24.000
174.738,122.907,27.000,24.000
173.834,122.405,27.000,24.000
174.136,123.509,27.000,24.000
173.232,122.806,27.000,24.000
173.734,123.709,27.000,24.000
173.433,124.412,27.000,24.000
173.132,125.516,27.000,24.000
172.630,124.211,27.000,24.000
173.533,125.114,27.000,24.000
172.430,124.010,27.000,24.000
172.931,123.308,27.000,24.000
173.232,124.412,27.000,24.000
172.129,123.910,27.000,24.000
172.229,122.405,27.000,24.000
172.329,122.104,27.000,24.000
172.430,122.003,27.000,24.000
172.530,121.903,27.000,24.000
172.430,121.000,27.000,24.000
171.928,120.498,27.000,24.000
172.630,120.398,27.000,24.000
172.129,120.498,27.000,24.000
171.225,120.398,27.000,24.000
171.526,120.297,27.000,24.000
171.827,121.000,27.000,24.000
171.928,120.297,27.000,24.000
171.225,120.197,27.000,24.000
170.523,119.495,27.000,24.000
171.025,119.996,27.000,24.000
169.720,119.093,27.000,24.000
170.824,118.792,27.000,24.000
170.122,117.488,27.000,24.000
169.218,117.789,27.000,24.000
169.519,117.086,27.000,24.000
169.018,117.588,27.000,24.000
168.315,117.287,27.000,24.000
169.018,117.789,27.000,24.000
167.713,117.287,27.000,24.000
168.817,117.187,27.000,24.000
168.115,115.481,27.000,24.000
167.211,115.380,27.000,24.000
167.512,115.481,27.000,24.000
167.412,115.782,27.000,24.000
166.910,114.878,27.000,24.000
167.613,114.979,27.000,24.000
166.710,115.280,27.000,24.000
166.810,116.183,27.000,24.000
166.308,117.086,27.000,24.000
165.806,116.785,27.000,24.000
166.509,117.287,27.000,24.000
165.806,118.391,27.000,24.000
166.308,119.695,27.000,24.000
165.004,119.595,27.000,24.000
164.703,121.100,27.000,24.000
165.405,122.405,27.000,24.000
164.703,123.709,27.000,24.000
165.606,123.007,27.000,24.000
164.502,123.509,27.000,24.000
164.402,122.405,27.000,24.000
164.101,123.308,27.000,24.000
163.197,122.204,27.000,24.000
163.298,121.301,27.000,24.000
162.595,122.003,27.000,24.000
163.097,121.301,27.000,24.000
162.194,122.204,27.000,24.000
162.495,121.301,27.000,24.000
161.993,120.598,27.000,24.000
162.896,120.498,27.000,24.000
162.997,121.000,27.000,24.000
163.298,119.495,27.000,24.000
162.194,119.996,27.000,24.000
162.495,119.093,27.000,24.000
162.796,119.394,27.000,24.000
162.896,119.896,27.000,24.000
163.398,118.993,27.000,24.000
162.696,119.495,27.000,24.000
163.599,118.591,27.000,24.000
162.696,117.086,27.000,24.000
163.398,116.785,27.000,24.000
163.097,116.685,27.000,24.000
163.599,117.387,27.000,24.000
163.097,118.090,27.000,24.000
162.997,116.584,27.000,24.000
164.101,116.484,27.000,24.000
163.197,117.588,27.000,24.000
163.498,116.083,27.000,24.000
164.000,114.979,27.000,24.000
163.298,114.678,27.000,24.000
164.201,114.979,27.000,24.000
164.301,114.276,27.000,24.000
164.402,114.377,27.000,24.000
165.104,114.878,27.000,24.000
164.402,113.975,27.000,24.000
165.305,114.276,27.000,24.000
165.405,115.982,27.000,24.000
165.706,115.882,27.000,24.000
166.409,116.384,27.000,24.000
165.706,116.083,27.000,24.000
166.409,115.982,27.000,24.000
166.108,114.878,27.000,24.000
166.208,115.581,27.000,24.000
166.710,115.079,27.000,24.000
167.613,115.380,27.000,24.000
166.910,115.481,27.000,24.000
168.014,115.180,27.000,24.000
167.111,115.882,27.000,24.000
167.814,115.180,27.000,24.000
168.717,115.882,27.000,24.000
168.616,115.380,27.000,24.000
168.917,116.484,27.000,24.000
169.620,115.782,27.000,24.000
168.917,115.079,27.000,24.000
169.821,116.584,27.000,24.000
170.322,115.882,27.000,24.000
169.419,116.384,27.000,24.000
170.322,117.287,27.000,24.000
170.623,116.584,27.000,24.000
171.527,117.287,27.000,24.000
171.025,117.387,27.000,24.000
171.527,117.287,27.000,24.000
172.028,116.584,27.000,24.000
171.326,115.882,27.000,24.000
172.430,116.986,27.000,24.000
172.931,117.488,27.000,24.000
173.634,118.391,27.000,24.000
173.534,117.889,27.000,24.000
174.035,117.989,27.000,24.000
173.132,116.885,27.000,24.000
174.035,116.384,27.000,24.000
173.734,118.290,27.000,24.000
174.789,117.713,27.597,24.531
174.892,118.225,27.597,24.531
175.404,117.507,27.597,24.531
174.481,117.405,27.597,24.531
175.404,118.533,27.597,24.531
175.507,118.431,27.597,24.531
176.020,117.507,27.597,24.531
176.247,116.704,28.208,25.074
175.303,115.760,28.208,25.074
175.827,115.656,28.208,25.074
176.351,115.760,28.208,25.074
175.618,116.704,28.208,25.074
176.351,117.648,28.208,25.074
175.618,117.123,28.208,25.074
176.142,118.277,28.208,25.074
175.198,118.381,28.208,25.074
175.932,119.115,28.208,25.074
175.408,118.381,28.208,25.074
176.142,118.696,28.208,25.074
175.408,117.543,28.208,25.074
176.142,117.018,28.208,25.074
175.408,118.381,28.208,25.074
176.142,119.535,28.208,25.074
175.408,118.801,28.208,25.074
175.932,119.535,28.208,25.074
175.198,119.220,28.208,25.074
175.722,120.373,28.208,25.074
176.247,120.269,28.208,25.074
175.303,120.793,28.208,25.074
175.827,119.849,28.208,25.074
176.561,119.535,28.208,25.074
175.408,118.801,28.208,25.074
175.513,118.696,28.208,25.074
176.037,120.269,28.208,25.074
174.884,119.954,28.208,25.074
175.827,119.010,28.208,25.074
175.513,118.277,28.208,25.074
174.569,118.172,28.208,25.074
175.093,119.115,28.208,25.074
174.360,118.381,28.208,25.074
174.674,118.067,28.208,25.074
174.989,118.381,28.208,25.074
174.045,118.696,28.208,25.074
174.150,118.381,28.208,25.074
173.626,119.744,28.208,25.074
173.940,118.801,28.208,25.074
172.997,119.744,28.208,25.074
172.892,119.849,28.208,25.074
173.416,119.535,28.208,25.074
172.263,118.801,28.208,25.074
171.948,120.164,28.208,25.074
171.214,119.849,28.208,25.074
171.109,119.325,28.208,25.074
170.376,119.220,28.208,25.074
170.480,118.696,28.208,25.074
170.166,119.220,28.208,25.074
169.013,120.373,28.208,25.074
168.698,120.688,28.208,25.074
168.593,119.535,28.208,25.074
168.488,119.430,28.208,25.074
167.126,120.164,28.208,25.074
166.392,119.639,28.208,25.074
166.496,119.325,28.208,25.074
165.763,119.639,28.208,25.074
166.496,118.696,28.208,25.074
165.553,118.172,28.208,25.074
165.658,119.954,28.208,25.074
165.972,120.059,28.208,25.074
164.819,119.954,28.208,25.074
165.553,119.220,28.208,25.074
164.479,118.834,28.832,25.629
165.015,118.512,28.832,25.629
164.479,119.477,28.832,25.629
165.444,118.512,28.832,25.629
164.694,117.977,28.832,25.629
163.944,118.084,28.832,25.629
164.908,118.834,28.832,25.629
165.015,118.512,28.832,25.629
164.694,118.191,28.832,25.629
164.372,117.655,28.832,25.629
165.765,117.762,28.832,25.629
164.801,118.512,28.832,25.629
165.337,117.334,28.832,25.629
166.087,116.584,28.832,25.629
165.980,118.405,28.832,25.629
165.658,118.084,28.832,25.629
165.337,118.191,28.832,25.629
166.301,117.012,28.832,25.629
166.194,117.334,28.832,25.629
165.873,117.441,28.832,25.629
166.194,117.548,28.832,25.629
166.087,117.441,28.832,25.629
166.194,117.334,28.832,25.629
166.730,118.084,28.832,25.629
166.194,119.691,28.832,25.629
167.158,118.941,28.832,25.629
166.623,119.691,28.832,25.629
166.301,118.512,28.832,25.629
167.480,117.762,28.832,25.629
167.801,117.441,28.832,25.629
166.623,117.119,28.832,25.629
166.944,119.155,28.832,25.629
167.480,119.477,28.832,25.629
168.444,119.370,28.832,25.629
167.694,118.620,28.832,25.629
167.158,119.370,28.832,25.629
168.123,120.334,28.832,25.629
167.801,120.441,28.832,25.629
167.480,119.477,28.832,25.629
168.444,120.013,28.832,25.629
168.552,121.406,28.832,25.629
168.444,120.441,28.832,25.629
168.337,120.549,28.832,25.629
168.016,119.584,28.832,25.629
167.480,119.906,28.832,25.629
168.659,119.798,28.832,25.629
167.266,119.477,28.832,25.629
168.230,120.656,28.832,25.629
167.355,120.039,29.470,26.196
167.684,120.148,29.470,26.196
168.231,121.134,29.470,26.196
167.465,120.148,29.470,26.196
167.793,120.477,29.470,26.196
167.027,119.929,29.470,26.196
167.793,120.258,29.470,26.196
167.246,119.710,29.470,26.196
168.012,119.381,29.470,26.196
167.684,120.148,29.470,26.196
168.889,120.039,29.470,26.196
167.903,119.929,29.470,26.196
168.451,119.601,29.470,26.196
169.436,119.929,29.470,26.196
169.327,120.039,29.470,26.196
168.779,120.805,29.470,26.196
168.670,120.039,29.470,26.196
169.874,120.805,29.470,26.196
168.670,119.601,29.470,26.196
169.874,118.615,29.470,26.196
168.451,119.381,29.470,26.196
169.655,121.243,29.470,26.196
169.546,121.353,29.470,26.196
168.998,120.586,29.470,26.196
169.108,119.820,29.470,26.196
168.779,120.805,29.470,26.196
167.793,120.039,29.470,26.196
168.560,121.024,29.470,26.196
168.889,120.477,29.470,26.196
167.903,119.710,29.470,26.196
168.670,121.134,29.470,26.196
169.217,121.463,29.470,26.196
168.012,120.696,29.470,26.196
167.345,120.520,30.122,26.775
168.353,121.079,30.122,26.775
167.569,120.520,30.122,26.775
166.338,119.288,30.122,26.775
167.569,120.744,30.122,26.775
165.958,120.099,30.788,27.368
166.073,120.442,30.788,27.368
165.501,119.183,30.788,27.368
166.302,120.671,30.788,27.368
164.814,120.328,30.788,27.368
163.784,119.756,30.788,27.368
162.613,119.334,31.470,27.973
163.197,118.983,31.470,27.973
163.782,120.738,31.470,27.973
162.262,120.387,31.470,27.973
162.145,119.802,31.470,27.973
161.326,121.323,31.470,27.973
160.507,120.270,31.470,27.973
160.624,119.451,31.470,27.973
159.806,120.270,31.470,27.973
159.221,119.685,31.470,27.973
159.806,121.206,31.470,27.973
158.519,120.621,31.470,27.973
158.049,119.462,32.166,28.592
157.213,120.538,32.166,28.592
156.854,120.657,32.166,28.592
155.778,120.538,32.166,28.592
155.050,119.601,32.878,29.225
154.195,118.990,32.878,29.225
153.828,119.601,32.878,29.225
152.973,118.746,32.878,29.225
153.095,119.601,32.878,29.225
151.995,118.990,32.878,29.225
151.140,119.113,32.878,29.225
151.262,118.502,32.878,29.225
150.407,118.379,32.878,29.225
150.040,119.724,32.878,29.225
149.185,119.113,32.878,29.225
148.574,120.457,32.878,29.225
147.230,118.624,32.878,29.225
148.085,117.280,32.878,29.225
146.741,118.868,32.878,29.225
145.641,119.479,32.878,29.225
145.274,118.624,32.878,29.225
145.641,118.746,32.878,29.225
144.541,118.135,32.878,29.225
144.908,118.746,32.878,29.225
143.808,118.379,32.878,29.225
142.953,119.968,32.878,29.225
143.075,119.113,32.878,29.225
142.077,119.170,33.605,29.871
142.702,117.796,33.605,29.871
141.328,117.671,33.605,29.871
140.703,118.795,33.605,29.871
141.078,119.669,33.605,29.871
141.203,119.295,33.605,29.871
139.579,117.421,33.605,29.871
139.855,117.220,34.349,30.532
139.217,117.603,34.349,30.532
139.345,116.454,34.349,30.532
137.430,116.327,34.349,30.532
137.558,116.965,34.349,30.532
137.840,116.495,35.108,31.208
136.404,117.408,35.108,31.208
137.057,116.756,35.108,31.208
135.883,117.930,35.108,31.208
135.491,118.060,35.108,31.208
135.100,118.191,35.108,31.208
135.491,117.539,35.108,31.208
134.317,117.147,35.108,31.208
133.793,117.208,35.885,31.898
133.811,117.270,36.679,32.604
132.584,117.407,36.679,32.604
133.266,116.725,36.679,32.604
131.766,116.043,36.679,32.604
130.539,116.998,36.679,32.604
131.494,117.134,36.679,32.604
130.539,117.543,36.679,32.604
130.130,117.679,36.679,32.604
128.903,117.270,36.679,32.604
128.494,117.407,36.679,32.604
128.903,117.543,36.679,32.604
127.404,117.134,36.679,32.604
127.813,116.725,36.679,32.604
126.313,116.861,36.679,32.604
126.177,115.362,36.679,32.604
124.498,115.708,37.491,33.325
125.195,117.241,37.491,33.325
124.219,116.823,37.491,33.325
123.801,117.241,37.491,33.325
122.547,115.987,37.491,33.325
123.244,115.569,37.491,33.325
121.990,115.708,37.491,33.325
121.572,116.126,37.491,33.325
122.547,115.151,37.491,33.325
121.293,115.290,37.491,33.325
120.318,114.872,37.491,33.325
119.900,114.454,37.491,33.325
119.203,114.315,37.491,33.325
118.228,114.175,37.491,33.325
118.088,114.036,37.491,33.325
117.392,114.454,37.491,33.325
117.252,113.757,37.491,33.325
116.277,115.290,37.491,33.325
115.859,115.429,37.491,33.325
116.124,115.382,36.691,32.614
115.170,116.882,36.691,32.614
114.488,115.655,36.691,32.614
114.352,117.700,36.691,32.614
112.106,116.915,37.503,33.336
113.178,117.136,36.703,32.625
111.677,116.727,36.703,32.625
110.995,115.772,36.703,32.625
111.677,115.363,36.703,32.625
109.998,115.143,37.515,33.347
109.579,114.446,37.515,33.347
109.998,116.816,37.515,33.347
109.301,116.956,37.515,33.347
108.882,115.980,37.515,33.347
107.906,115.562,37.515,33.347
107.488,116.259,37.515,33.347
108.464,115.840,37.515,33.347
107.767,115.701,37.515,33.347
106.791,115.562,37.515,33.347
106.372,115.701,37.515,33.347
106.681,116.634,38.345,34.085
105.968,115.921,38.345,34.085
105.541,116.349,38.345,34.085
105.968,115.921,38.345,34.085
104.971,117.204,38.345,34.085
104.828,115.921,38.345,34.085
104.971,115.779,38.345,34.085
104.543,114.781,38.345,34.085
105.541,114.069,38.345,34.085
104.543,114.211,38.345,34.085
105.541,115.494,38.345,34.085
104.543,115.066,38.345,34.085
104.115,115.209,38.345,34.085
103.403,115.636,38.345,34.085
103.422,116.886,39.194,34.839
102.403,115.575,39.194,34.839
104.005,115.138,39.194,34.839
102.985,114.701,39.194,34.839
103.422,113.972,39.194,34.839
102.111,115.283,39.194,34.839
102.131,113.840,40.061,35.610
102.280,113.691,40.061,35.610
103.024,115.031,40.061,35.610
101.191,113.556,40.947,36.398
101.647,112.795,40.947,36.398
100.582,114.773,40.947,36.398
100.430,113.404,40.947,36.398
101.800,113.252,40.947,36.398
100.430,112.186,40.947,36.398
101.495,112.034,40.947,36.398
100.734,112.795,40.947,36.398
99.973,114.165,40.947,36.398
101.039,113.099,40.947,36.398
99.973,114.165,40.947,36.398
100.126,113.404,40.947,36.398
100.887,114.469,40.947,36.398
99.517,113.404,40.947,36.398
100.887,113.860,40.947,36.398
99.212,112.795,40.947,36.398
100.582,114.469,40.947,36.398
98.908,114.317,40.947,36.398
99.669,113.860,40.947,36.398
98.111,112.984,41.853,37.203
98.889,113.140,41.853,37.203
98.733,113.295,41.853,37.203
98.889,112.828,41.853,37.203
98.264,111.933,42.779,38.026
97.151,111.138,42.779,38.026
97.628,111.615,42.779,38.026
99.059,111.138,42.779,38.026
98.264,112.887,42.779,38.026
97.151,112.092,42.779,38.026
97.310,111.615,42.779,38.026
96.833,112.410,42.779,38.026
97.946,111.933,42.779,38.026
97.787,111.138,42.779,38.026
96.992,111.297,42.779,38.026
97.787,111.138,42.779,38.026
96.356,112.569,42.779,38.026
97.151,111.456,42.779,38.026
95.720,112.887,42.779,38.026
97.151,111.774,42.779,38.026
96.038,112.251,42.779,38.026
97.469,112.092,42.779,38.026
96.038,111.615,42.779,38.026
97.469,110.820,42.779,38.026
96.038,110.979,42.779,38.026
97.469,110.820,42.779,38.026
95.720,111.615,42.779,38.026
96.515,110.820,42.779,38.026
95.720,110.979,42.779,38.026
96.515,111.456,42.779,38.026
95.720,112.251,42.779,38.026
96.197,111.774,42.779,38.026
95.084,110.661,42.779,38.026
96.197,111.774,42.779,38.026
94.766,111.297,42.779,38.026
95.561,112.410,42.779,38.026
94.448,111.615,42.779,38.026
95.243,111.138,42.779,38.026
94.448,111.933,42.779,38.026
95.561,111.138,42.779,38.026
94.766,111.933,42.779,38.026
95.243,111.774,42.779,38.026
94.448,111.615,42.779,38.026
93.971,110.820,42.779,38.026
94.448,111.615,42.779,38.026
94.289,112.410,42.779,38.026
93.176,113.841,42.779,38.026
93.335,113.046,42.779,38.026
93.494,112.887,42.779,38.026
93.653,113.364,42.779,38.026
93.812,113.841,42.779,38.026
93.971,113.682,42.779,38.026
94.130,113.841,42.779,38.026
92.699,113.682,42.779,38.026
93.494,114.159,42.779,38.026
92.699,114.318,42.779,38.026
92.858,114.795,42.779,38.026
92.381,114.000,42.779,38.026
91.904,114.795,42.779,38.026
92.381,114.636,42.779,38.026
91.586,114.795,42.779,38.026
91.109,113.682,42.779,38.026
91.586,112.887,42.779,38.026
90.473,114.318,42.779,38.026
90.314,115.113,42.779,38.026
90.155,114.636,42.779,38.026
89.360,114.159,42.779,38.026
89.837,114.636,42.779,38.026
90.314,113.841,42.779,38.026
89.519,114.636,42.779,38.026
89.360,114.159,42.779,38.026
88.565,115.908,42.779,38.026
89.360,115.431,42.779,38.026
88.565,115.908,42.779,38.026
88.406,114.477,42.779,38.026
88.883,115.590,42.779,38.026
89.042,115.113,42.779,38.026
88.565,116.544,42.779,38.026
87.770,115.431,42.779,38.026
88.883,115.908,42.779,38.026
88.406,117.021,42.779,38.026
87.611,116.862,42.779,38.026
88.088,116.067,42.779,38.026
88.565,114.954,42.779,38.026
87.452,113.841,42.779,38.026
88.565,114.636,42.779,38.026
87.452,115.113,42.779,38.026
87.929,115.272,42.779,38.026
88.724,115.749,42.779,38.026
87.611,114.954,42.779,38.026
88.088,115.113,42.779,38.026
88.565,115.272,42.779,38.026
87.134,115.749,42.779,38.026
86.657,114.954,42.779,38.026
87.452,114.159,42.779,38.026
87.293,112.728,42.779,38.026
86.816,112.887,42.779,38.026
88.247,113.682,42.779,38.026
87.134,113.523,42.779,38.026
86.975,113.046,42.779,38.026
88.406,113.523,42.779,38.026
86.975,112.728,42.779,38.026
88.088,112.887,42.779,38.026
88.247,112.728,42.779,38.026
87.134,112.569,42.779,38.026
87.293,112.092,42.779,38.026
88.088,112.887,42.779,38.026
88.565,112.728,42.779,38.026
87.770,112.251,42.779,38.026
88.565,113.364,42.779,38.026
87.770,112.887,42.779,38.026
88.883,113.046,42.779,38.026
88.406,113.205,42.779,38.026
88.565,112.728,42.779,38.026
88.406,112.887,42.779,38.026
88.883,113.364,42.779,38.026
89.360,113.841,42.779,38.026
88.565,112.410,42.779,38.026
89.360,112.887,42.779,38.026
88.883,111.774,42.779,38.026
89.678,113.205,42.779,38.026
89.837,113.364,42.779,38.026
90.632,113.205,42.779,38.026
89.837,112.728,42.779,38.026
90.632,112.251,42.779,38.026
91.109,113.046,42.779,38.026
91.586,113.523,42.779,38.026
90.791,113.364,42.779,38.026
91.904,114.159,42.779,38.026
91.427,113.682,42.779,38.026
92.222,111.933,42.779,38.026
91.745,112.410,42.779,38.026
92.540,113.523,42.779,38.026
92.063,112.410,42.779,38.026
93.494,113.523,42.779,38.026
92.381,112.410,42.779,38.026
92.858,112.887,42.779,38.026
93.335,114.000,42.779,38.026
92.540,114.477,42.779,38.026
93.335,114.318,42.779,38.026
92.540,113.841,42.779,38.026
93.653,112.728,42.779,38.026
94.130,113.205,42.779,38.026
93.335,114.000,42.779,38.026
94.130,113.523,42.779,38.026
93.653,113.364,42.779,38.026
95.084,113.205,42.779,38.026
94.607,113.046,42.779,38.026
94.766,113.523,42.779,38.026
95.243,113.364,42.779,38.026
94.448,114.477,42.779,38.026
94.925,114.318,42.779,38.026
94.130,114.159,42.779,38.026
94.607,113.364,42.779,38.026
95.720,114.159,42.779,38.026
94.607,113.682,42.779,38.026
95.402,113.205,42.779,38.026
95.879,113.682,42.779,38.026
95.402,113.523,42.779,38.026
95.879,113.682,42.779,38.026
96.356,113.523,42.779,38.026
95.561,113.364,42.779,38.026
96.674,114.477,42.779,38.026
96.515,115.272,42.779,38.026
96.356,114.159,42.779,38.026
96.197,113.682,42.779,38.026
96.356,113.205,42.779,38.026
97.151,115.272,42.779,38.026
96.674,115.431,42.779,38.026
97.469,115.590,42.779,38.026
97.310,113.205,42.779,38.026
96.833,113.046,42.779,38.026
97.946,113.205,42.779,38.026
98.423,113.682,42.779,38.026
96.992,113.205,42.779,38.026
98.741,114.000,42.779,38.026
98.900,114.477,42.779,38.026
99.059,114.636,42.779,38.026
98.900,113.841,42.779,38.026
99.695,114.636,42.779,38.026
99.218,114.477,42.779,38.026
99.377,115.272,42.779,38.026
99.218,114.795,42.779,38.026
99.059,113.682,42.779,38.026
100.490,114.795,42.779,38.026
99.695,115.272,42.779,38.026
100.808,115.749,42.779,38.026
100.013,114.000,42.779,38.026
101.126,112.887,42.779,38.026
99.695,114.318,42.779,38.026
101.126,115.113,42.779,38.026
99.377,114.954,42.779,38.026
100.172,114.477,42.779,38.026
99.059,114.318,42.779,38.026
100.490,114.477,42.779,38.026
99.567,114.729,41.867,37.215
100.656,114.573,41.867,37.215
99.567,114.729,41.867,37.215
100.034,114.573,41.867,37.215
100.189,113.484,41.867,37.215
99.100,113.640,41.867,37.215
99.567,114.418,41.867,37.215
99.723,114.573,41.867,37.215
100.189,114.418,41.867,37.215
98.789,113.951,41.867,37.215
99.567,113.795,41.867,37.215
99.100,114.884,41.867,37.215
98.633,115.040,41.867,37.215
99.100,114.884,41.867,37.215
98.011,114.418,41.867,37.215
99.411,114.262,41.867,37.215
98.011,115.040,41.867,37.215
99.411,114.884,41.867,37.215
98.011,114.418,41.867,37.215
99.100,113.951,41.867,37.215
97.700,114.418,41.867,37.215
98.478,114.262,41.867,37.215
97.389,115.663,41.867,37.215
97.544,115.507,41.867,37.215
98.011,116.596,41.867,37.215
99.507,116.843,40.974,36.421
100.878,115.472,40.974,36.421
101.944,114.711,40.974,36.421
100.878,115.472,40.974,36.421
99.812,114.711,40.974,36.421
99.050,115.777,40.974,36.421
99.203,115.320,40.974,36.421
99.660,114.863,40.974,36.421
98.594,115.625,40.974,36.421
99.355,117.604,40.974,36.421
99.812,116.843,40.974,36.421
98.746,116.386,40.974,36.421
99.507,117.148,40.974,36.421
100.878,116.082,40.974,36.421
98.898,115.625,40.974,36.421
100.269,116.082,40.974,36.421
100.421,116.843,40.974,36.421
99.537,117.672,40.100,35.645
98.494,117.523,40.100,35.645
99.537,117.374,40.100,35.645
98.792,117.523,40.100,35.645
99.537,117.076,40.100,35.645
98.196,116.330,40.100,35.645
99.537,116.479,40.100,35.645
98.196,117.225,40.100,35.645
99.239,116.777,40.100,35.645
98.494,116.032,40.100,35.645
97.748,116.181,40.100,35.645
99.756,117.280,39.245,34.885
98.152,118.009,39.245,34.885
99.835,117.959,38.408,34.141
98.836,117.531,38.408,34.141
100.484,117.207,37.589,33.413
98.668,119.303,37.589,33.413
100.550,118.447,36.788,32.700
101.507,118.310,36.788,32.700
100.003,117.627,36.788,32.700
101.581,117.316,36.003,32.003
100.109,119.056,36.003,32.003
100.405,117.452,36.800,32.711
99.721,116.768,36.800,32.711
100.132,117.999,36.800,32.711
99.721,117.589,36.800,32.711
100.679,117.452,36.800,32.711
98.427,118.084,37.614,33.435
99.126,117.105,37.614,33.435
99.825,118.084,37.614,33.435
99.126,117.664,37.614,33.435
99.825,117.245,37.614,33.435
98.846,117.944,37.614,33.435
99.545,117.525,37.614,33.435
99.965,117.385,37.614,33.435
99.266,116.127,37.614,33.435
98.287,116.826,37.614,33.435
98.986,115.847,37.614,33.435
99.685,118.224,37.614,33.435
98.986,118.923,37.614,33.435
99.406,118.224,37.614,33.435
98.986,118.363,37.614,33.435
99.965,117.664,37.614,33.435
99.266,117.525,37.614,33.435
98.567,117.385,37.614,33.435
98.986,118.363,37.614,33.435
100.330,118.046,36.812,32.722
99.373,120.098,36.812,32.722
98.689,119.688,36.812,32.722
99.920,120.372,36.812,32.722
98.962,119.688,36.812,32.722
100.194,121.467,36.812,32.722
98.689,120.235,36.812,32.722
99.373,119.551,36.812,32.722
98.689,118.320,36.812,32.722
99.646,117.636,36.812,32.722
99.379,119.435,36.027,32.024
101.700,119.131,35.258,31.341
100.782,118.738,35.258,31.341
102.224,120.704,35.258,31.341
100.782,119.787,35.258,31.341
102.224,121.228,35.258,31.341
100.782,120.311,35.258,31.341
102.748,119.656,35.258,31.341
101.831,119.262,35.258,31.341
102.224,117.821,35.258,31.341
100.520,118.214,35.258,31.341
101.528,119.432,34.507,30.672
100.373,118.791,34.507,30.672
98.794,119.117,35.270,31.351
100.236,117.937,35.270,31.351
98.794,118.855,35.270,31.351
99.712,118.462,35.270,31.351
99.318,119.641,35.270,31.351
99.336,118.071,36.050,32.045
98.398,118.473,36.050,32.045
98.695,118.813,36.848,32.754
98.010,118.128,36.848,32.754
97.176,117.908,37.663,33.478
97.036,117.768,37.663,33.478
98.576,118.468,37.663,33.478
97.316,117.768,37.663,33.478
97.176,118.748,37.663,33.478
96.756,118.048,37.663,33.478
98.016,119.308,37.663,33.478
98.156,118.048,37.663,33.478
98.856,117.628,37.663,33.478
97.316,116.928,37.663,33.478
98.016,117.628,37.663,33.478
97.454,117.113,38.497,34.219
98.067,115.695,39.348,34.976
98.798,115.841,39.348,34.976
97.482,116.280,39.348,34.976
97.921,116.719,39.348,34.976
98.652,115.695,39.348,34.976
98.213,115.549,39.348,34.976
99.822,115.402,39.348,34.976
98.798,117.304,39.348,34.976
99.237,116.572,39.348,34.976
99.968,115.256,39.348,34.976
99.078,115.931,40.219,35.750
100.124,116.679,40.219,35.750
100.274,115.931,40.219,35.750
99.526,116.679,40.219,35.750
99.857,115.508,41.109,36.541
100.621,116.272,41.109,36.541
100.468,116.119,41.109,36.541
101.232,117.494,41.109,36.541
100.162,116.425,41.109,36.541
101.232,116.577,41.109,36.541
101.385,116.730,41.109,36.541
101.538,117.494,41.109,36.541
101.385,117.036,41.109,36.541
101.538,117.800,41.109,36.541
101.996,117.036,41.109,36.541
101.232,118.105,41.109,36.541
102.301,117.036,41.109,36.541
101.843,117.188,41.109,36.541
102.913,116.730,41.109,36.541
102.454,117.800,41.109,36.541
102.301,116.119,41.109,36.541
102.149,116.577,41.109,36.541
102.913,115.813,41.109,36.541
103.677,115.966,41.109,36.541
102.301,115.813,41.109,36.541
102.760,115.661,41.109,36.541
103.829,115.202,41.109,36.541
103.065,116.272,41.109,36.541
102.301,115.508,41.109,36.541
103.371,115.050,41.109,36.541
103.829,116.425,41.109,36.541
104.288,115.050,41.109,36.541
102.607,116.425,41.109,36.541
103.982,114.744,41.109,36.541
102.913,115.508,41.109,36.541
104.288,114.744,41.109,36.541
102.913,115.508,41.109,36.541
104.593,114.133,41.109,36.541
103.218,114.897,41.109,36.541
103.677,114.744,41.109,36.541
104.135,116.119,41.109,36.541
102.454,116.883,41.109,36.541
103.524,117.341,41.109,36.541
102.760,117.189,41.109,36.541
102.913,117.952,41.109,36.541
103.371,118.105,41.109,36.541
102.302,117.952,41.109,36.541
102.149,118.411,41.109,36.541
101.690,117.341,41.109,36.541
102.149,117.800,41.109,36.541
100.774,118.564,41.109,36.541
101.232,118.411,41.109,36.541
99.551,119.480,41.109,36.541
100.315,119.328,41.109,36.541
98.940,118.564,41.109,36.541
99.704,117.800,41.109,36.541
97.718,119.786,41.109,36.541
97.260,119.328,41.109,36.541
96.190,119.786,41.109,36.541
95.426,119.939,41.109,36.541
95.884,120.091,41.109,36.541
95.426,120.855,41.109,36.541
94.968,120.091,41.109,36.541
93.898,119.328,41.109,36.541
95.273,118.564,41.109,36.541
93.593,119.022,41.109,36.541
94.051,119.786,41.109,36.541
92.676,119.022,41.109,36.541
93.745,120.091,41.109,36.541
92.981,120.855,41.109,36.541
91.912,120.091,41.109,36.541
92.981,120.244,41.109,36.541
91.301,118.564,41.109,36.541
92.370,118.716,41.109,36.541
91.301,119.480,41.109,36.541
91.759,118.411,41.109,36.541
90.995,119.480,41.109,36.541
90.537,118.716,41.109,36.541
90.384,119.175,41.109,36.541
90.231,119.633,41.109,36.541
89.773,118.564,41.109,36.541
90.537,118.411,41.109,36.541
89.773,118.564,41.109,36.541
89.926,118.411,41.109,36.541
90.078,117.647,41.109,36.541
88.703,118.105,41.109,36.541
89.467,118.258,41.109,36.541
89.315,116.883,41.109,36.541
88.245,118.258,41.109,36.541
88.266,116.427,42.018,37.350
87.485,117.520,42.018,37.350
88.154,116.945,42.948,38.176
87.037,117.105,42.948,38.176
87.835,116.626,42.948,38.176
86.398,117.424,42.948,38.176
88.154,116.307,42.948,38.176
87.037,116.466,42.948,38.176
87.516,117.264,42.948,38.176
87.037,118.062,42.948,38.176
86.558,118.222,42.948,38.176
86.718,117.743,42.948,38.176
86.558,118.222,42.948,38.176
86.718,116.466,42.948,38.176
87.197,117.264,42.948,38.176
87.356,118.062,42.948,38.176
87.835,118.222,42.948,38.176
86.718,117.743,42.948,38.176
86.877,118.541,42.948,38.176
86.899,119.278,43.898,39.021
86.736,119.115,43.898,39.021
86.246,120.257,43.898,39.021
87.715,120.094,43.898,39.021
86.573,119.931,43.898,39.021
86.736,119.768,43.898,39.021
87.225,120.583,43.898,39.021
88.367,119.768,43.898,39.021
87.225,120.257,43.898,39.021
88.367,119.768,43.898,39.021
88.204,120.583,43.898,39.021
87.715,119.768,43.898,39.021
86.899,120.257,43.898,39.021
88.041,120.747,43.898,39.021
88.204,121.562,43.898,39.021
88.041,120.420,43.898,39.021
87.552,118.952,43.898,39.021
87.389,118.462,43.898,39.021
88.857,118.952,43.898,39.021
87.389,118.789,43.898,39.021
88.531,118.952,43.898,39.021
88.041,118.789,43.898,39.021
87.552,118.626,43.898,39.021
87.715,118.789,43.898,39.021
86.573,118.626,43.898,39.021
87.715,118.462,43.898,39.021
86.573,118.952,43.898,39.021
87.715,119.768,43.898,39.021
86.573,119.278,43.898,39.021
87.389,117.810,43.898,39.021
87.878,118.299,43.898,39.021
86.410,119.115,43.898,39.021
87.552,117.647,43.898,39.021
85.757,117.157,43.898,39.021
86.899,116.668,43.898,39.021
85.757,117.810,43.898,39.021
85.920,118.299,43.898,39.021
86.736,117.484,43.898,39.021
84.941,117.973,43.898,39.021
85.979,117.033,44.869,39.884
85.145,117.200,44.869,39.884
83.978,117.033,44.869,39.884
85.812,117.534,44.869,39.884
84.978,118.034,44.869,39.884
85.812,117.534,44.869,39.884
84.645,117.367,44.869,39.884
85.145,117.200,44.869,39.884
83.644,117.367,44.869,39.884
85.145,118.534,44.869,39.884
83.311,117.033,44.869,39.884
84.145,115.866,44.869,39.884
83.311,116.366,44.869,39.884
83.811,117.534,44.869,39.884
84.645,117.367,44.869,39.884
83.478,117.534,44.869,39.884
83.644,117.367,44.869,39.884
83.478,117.200,44.869,39.884
83.644,116.366,44.869,39.884
83.811,116.200,44.869,39.884
83.644,116.366,44.869,39.884
82.477,116.533,44.869,39.884
83.311,116.700,44.869,39.884
83.478,116.200,44.869,39.884
82.310,116.033,44.869,39.884
82.477,115.199,44.869,39.884
83.311,116.366,44.869,39.884
81.810,116.867,44.869,39.884
82.977,116.366,44.869,39.884
82.143,117.200,44.869,39.884
81.310,116.700,44.869,39.884
81.810,117.534,44.869,39.884
82.310,117.701,44.869,39.884
81.143,116.867,44.869,39.884
81.643,116.366,44.869,39.884
82.477,117.534,44.869,39.884
81.977,117.034,44.869,39.884
82.143,116.533,44.869,39.884
80.976,117.367,44.869,39.884
82.477,117.534,44.869,39.884
80.976,118.368,44.869,39.884
82.811,117.867,44.869,39.884
81.643,116.700,44.869,39.884
82.477,117.534,44.869,39.884
81.310,118.368,44.869,39.884
81.810,117.534,44.869,39.884
82.644,116.700,44.869,39.884
81.143,115.866,44.869,39.884
80.976,117.034,44.869,39.884
82.477,117.867,44.869,39.884
81.643,117.701,44.869,39.884
82.477,117.534,44.869,39.884
81.643,118.701,44.869,39.884
82.811,117.534,44.869,39.884
82.977,118.701,44.869,39.884
83.144,117.534,44.869,39.884
81.643,118.701,44.869,39.884
83.144,118.201,44.869,39.884
81.977,118.034,44.869,39.884
83.811,117.200,44.869,39.884
82.977,116.700,44.869,39.884
83.811,116.200,44.869,39.884
83.311,116.700,44.869,39.884
82.477,115.866,44.869,39.884
83.311,117.034,44.869,39.884
82.477,116.867,44.869,39.884
82.977,117.367,44.869,39.884
84.145,118.534,44.869,39.884
82.644,118.034,44.869,39.884
84.145,117.534,44.869,39.884
82.977,117.701,44.869,39.884
84.478,116.533,44.869,39.884
82.977,117.701,44.869,39.884
84.478,117.534,44.869,39.884
82.977,118.368,44.869,39.884
84.145,119.201,44.869,39.884
82.644,118.701,44.869,39.884
84.145,118.868,44.869,39.884
82.644,119.702,44.869,39.884
84.145,118.534,44.869,39.884
82.644,119.035,44.869,39.884
83.811,117.200,44.869,39.884
83.311,117.701,44.869,39.884
83.144,118.201,44.869,39.884
83.311,118.368,44.869,39.884
83.478,118.201,44.869,39.884
82.977,118.701,44.869,39.884
84.478,117.534,44.869,39.884
83.311,119.702,44.869,39.884
82.477,118.201,44.869,39.884
83.311,118.701,44.869,39.884
82.477,117.867,44.869,39.884
82.977,119.368,44.869,39.884
83.811,118.868,44.869,39.884
83.644,118.034,44.869,39.884
82.811,119.201,44.869,39.884
82.977,118.701,44.869,39.884
83.811,117.534,44.869,39.884
82.310,117.701,44.869,39.884
82.477,116.867,44.869,39.884
81.977,117.701,44.869,39.884
83.144,117.867,44.869,39.884
81.643,118.034,44.869,39.884
82.811,118.201,44.869,39.884
82.644,118.034,44.869,39.884
82.477,118.201,44.869,39.884
82.310,117.701,44.869,39.884
81.476,118.201,44.869,39.884
82.310,119.035,44.869,39.884
82.143,119.201,44.869,39.884
82.644,118.368,44.869,39.884
82.811,117.867,44.869,39.884
82.644,119.035,44.869,39.884
82.811,119.535,44.869,39.884
82.977,120.369,44.869,39.884
83.478,119.869,44.869,39.884
82.644,119.035,44.869,39.884
82.811,118.534,44.869,39.884
83.644,120.702,44.869,39.884
82.477,119.869,44.869,39.884
83.311,120.035,44.869,39.884
82.477,120.202,44.869,39.884
83.644,120.369,44.869,39.884
83.144,120.202,44.869,39.884
82.644,119.702,44.869,39.884
83.811,119.201,44.869,39.884
84.311,120.035,44.869,39.884
83.478,119.869,44.869,39.884
84.311,119.368,44.869,39.884
83.144,119.535,44.869,39.884
84.311,120.369,44.869,39.884
83.811,119.869,44.869,39.884
85.312,119.035,44.869,39.884
84.478,118.201,44.869,39.884
85.312,117.701,44.869,39.884
84.812,117.200,44.869,39.884
85.979,117.701,44.869,39.884
85.145,118.534,44.869,39.884
84.978,119.035,44.869,39.884
85.812,119.201,44.869,39.884
85.646,119.368,44.869,39.884
86.146,119.201,44.869,39.884
84.645,118.701,44.869,39.884
86.146,118.201,44.869,39.884
85.312,118.034,44.869,39.884
86.146,117.200,44.869,39.884
85.312,116.700,44.869,39.884
86.479,116.867,44.869,39.884
87.118,119.382,43.912,39.033
85.786,118.442,44.884,39.897
86.954,118.942,44.884,39.897
86.453,118.108,44.884,39.897
86.287,118.275,44.884,39.897
86.655,118.353,45.877,40.780
86.144,118.864,45.877,40.780
86.655,119.035,45.877,40.780
86.144,119.547,45.877,40.780
87.678,118.694,45.877,40.780
86.485,119.205,45.877,40.780
88.019,118.353,45.877,40.780
87.508,118.182,45.877,40.780
88.701,118.353,45.877,40.780
86.826,117.841,45.877,40.780
88.019,118.353,45.877,40.780
87.849,118.864,45.877,40.780
87.678,119.376,45.877,40.780
88.003,120.304,44.899,39.910
89.171,119.470,44.899,39.910
88.003,118.969,44.899,39.910
89.505,118.468,44.899,39.910
88.337,118.969,44.899,39.910
88.838,118.468,44.899,39.910
89.005,118.635,44.899,39.910
90.173,117.801,44.899,39.910
88.671,117.968,44.899,39.910
89.505,118.135,44.899,39.910
89.338,117.300,44.899,39.910
89.505,118.468,44.899,39.910
89.338,118.301,44.899,39.910
89.171,118.802,44.899,39.910
89.672,117.968,44.899,39.910
90.173,117.801,44.899,39.910
89.338,116.633,44.899,39.910
89.839,116.800,44.899,39.910
90.673,116.633,44.899,39.910
89.839,116.466,44.899,39.910
89.672,118.635,44.899,39.910
89.839,117.801,44.899,39.910
89.338,117.968,44.899,39.910
89.361,118.738,45.892,40.793
89.190,117.885,45.892,40.793
87.090,116.549,46.907,41.696
87.613,117.072,46.907,41.696
88.485,116.549,46.907,41.696
87.264,116.375,46.907,41.696
87.787,116.200,46.907,41.696
87.962,116.026,46.907,41.696
88.833,116.549,46.907,41.696
87.264,116.723,46.907,41.696
87.787,115.503,46.907,41.696
88.310,117.421,46.907,41.696
86.741,117.247,46.907,41.696
87.962,117.072,46.907,41.696
87.090,116.200,46.907,41.696
85.521,116.723,46.907,41.696
87.439,116.549,46.907,41.696
85.870,117.770,46.907,41.696
87.439,116.898,46.907,41.696
85.870,116.026,46.907,41.696
87.090,116.898,46.907,41.696
85.521,116.375,46.907,41.696
86.393,116.898,46.907,41.696
85.521,117.770,46.907,41.696
86.741,116.898,46.907,41.696
86.218,116.026,46.907,41.696
85.347,116.549,46.907,41.696
86.218,116.026,46.907,41.696
85.347,115.852,46.907,41.696
86.218,117.421,46.907,41.696
85.347,117.246,46.907,41.696
85.870,116.723,46.907,41.696
86.393,116.200,46.907,41.696
85.172,116.723,46.907,41.696
85.695,117.595,46.907,41.696
86.218,118.816,46.907,41.696
84.649,117.595,46.907,41.696
85.870,117.421,46.907,41.696
85.347,117.595,46.907,41.696
85.870,117.769,46.907,41.696
86.044,116.549,46.907,41.696
86.567,118.467,46.907,41.696
85.347,117.595,46.907,41.696
85.521,117.769,46.907,41.696
85.347,116.898,46.907,41.696
85.521,116.723,46.907,41.696
86.393,118.641,46.907,41.696
85.172,119.862,46.907,41.696
85.695,118.641,46.907,41.696
86.218,118.118,46.907,41.696
84.998,117.246,46.907,41.696
86.218,117.421,46.907,41.696
84.998,117.246,46.907,41.696
86.218,116.723,46.907,41.696
84.649,116.200,46.907,41.696
85.521,117.072,46.907,41.696
85.695,116.549,46.907,41.696
85.172,117.421,46.907,41.696
84.649,117.595,46.907,41.696
85.870,117.769,46.907,41.696
86.393,116.898,46.907,41.696
84.824,116.375,46.907,41.696
86.044,115.852,46.907,41.696
85.870,115.677,46.907,41.696
84.998,116.200,46.907,41.696
86.218,115.677,46.907,41.696
84.301,114.806,46.907,41.696
85.172,115.329,46.907,41.696
85.347,116.200,46.907,41.696
84.824,117.072,46.907,41.696
86.393,116.549,46.907,41.696
85.172,116.026,46.907,41.696
84.649,115.154,46.907,41.696
85.521,115.677,46.907,41.696
85.347,115.154,46.907,41.696
84.824,116.375,46.907,41.696
85.695,116.200,46.907,41.696
85.691,115.805,45.907,40.806
84.838,115.634,45.907,40.806
86.033,114.781,45.907,40.806
85.179,113.928,45.907,40.806
85.691,115.122,45.907,40.806
84.838,114.269,45.907,40.806
84.668,115.122,45.907,40.806
84.497,114.952,45.907,40.806
85.691,116.487,45.907,40.806
84.156,116.317,45.907,40.806
85.009,116.146,45.907,40.806
84.156,116.317,45.907,40.806
84.326,116.829,45.907,40.806
84.497,117.340,45.907,40.806
85.009,116.487,45.907,40.806
83.815,115.975,45.907,40.806
82.620,116.829,45.907,40.806
83.815,116.658,45.907,40.806
82.620,117.170,45.907,40.806
83.473,116.658,45.907,40.806
82.961,117.170,45.907,40.806
82.791,116.658,45.907,40.806
81.596,117.511,45.907,40.806
82.108,117.340,45.907,40.806
82.279,116.487,45.907,40.806
81.767,116.658,45.907,40.806
81.255,117.170,45.907,40.806
81.767,115.975,45.907,40.806
80.231,116.829,45.907,40.806
81.767,115.975,45.907,40.806
79.890,115.464,45.907,40.806
80.402,115.975,45.907,40.806
80.573,116.487,45.907,40.806
79.037,115.975,45.907,40.806
79.890,116.487,45.907,40.806
78.696,115.634,45.907,40.806
78.184,114.781,45.907,40.806
79.037,114.952,45.907,40.806
77.502,116.146,45.907,40.806
78.355,117.340,45.907,40.806
77.160,117.852,45.907,40.806
76.648,118.705,45.907,40.806
75.454,117.852,45.907,40.806
77.331,117.340,45.907,40.806
75.454,116.487,45.907,40.806
74.942,115.634,45.907,40.806
75.267,116.234,44.928,39.936
74.432,116.735,44.928,39.936
74.265,115.900,44.928,39.936
73.764,116.401,44.928,39.936
74.265,117.570,44.928,39.936
73.096,117.069,44.928,39.936
71.928,117.904,44.928,39.936
73.430,117.069,44.928,39.936
71.928,118.238,44.928,39.936
72.429,117.737,44.928,39.936
71.260,118.572,44.928,39.936
71.427,117.737,44.928,39.936
70.592,116.902,44.928,39.936
70.759,116.067,44.928,39.936
69.924,116.568,44.928,39.936
70.759,115.733,44.928,39.936
69.256,115.900,44.928,39.936
68.421,115.399,44.928,39.936
68.922,114.898,44.928,39.936
68.087,114.063,44.928,39.936
67.586,114.898,44.928,39.936
67.753,114.063,44.928,39.936
67.252,114.230,44.928,39.936
66.083,114.397,44.928,39.936
65.916,115.232,44.928,39.936
67.085,114.731,44.928,39.936
64.914,113.896,44.928,39.936
66.083,113.729,44.928,39.936
64.246,113.896,44.928,39.936
64.747,114.063,44.928,39.936
65.709,114.328,43.970,39.085
64.238,113.838,43.970,39.085
63.748,113.347,43.970,39.085
64.892,113.838,43.970,39.085
64.075,114.001,43.970,39.085
62.604,114.491,43.970,39.085
63.748,114.001,43.970,39.085
62.931,114.818,43.970,39.085
63.421,113.674,43.970,39.085
61.950,112.857,43.970,39.085
63.094,112.694,43.970,39.085
61.624,113.511,43.970,39.085
62.768,112.040,43.970,39.085
61.950,112.530,43.970,39.085
62.441,113.674,43.970,39.085
60.970,113.184,43.970,39.085
62.114,114.328,43.970,39.085
60.316,113.511,43.970,39.085
61.133,112.040,43.970,39.085
59.989,112.530,43.970,39.085
61.787,112.694,43.970,39.085
60.316,113.184,43.970,39.085
59.172,113.347,43.970,39.085
59.989,113.511,43.970,39.085
59.826,112.040,43.970,39.085
60.643,112.857,43.970,39.085
59.172,112.040,43.970,39.085
58.355,112.203,43.970,39.085
59.499,112.694,43.970,39.085
58.355,111.223,43.970,39.085
59.172,111.386,43.970,39.085
58.028,112.530,43.970,39.085
57.865,112.367,43.970,39.085
59.663,112.857,43.970,39.085
57.865,112.040,43.970,39.085
58.682,112.530,43.970,39.085
57.538,112.040,43.970,39.085
58.028,112.857,43.970,39.085
56.558,112.367,43.970,39.085
57.701,112.203,43.970,39.085
57.211,113.347,43.970,39.085
56.721,112.530,43.970,39.085
57.538,112.367,43.970,39.085
56.394,113.184,43.970,39.085
56.231,113.020,43.970,39.085
56.067,112.530,43.970,39.085
55.250,112.040,43.970,39.085
56.067,111.223,43.970,39.085
54.596,110.733,43.970,39.085
55.740,111.876,43.970,39.085
54.923,111.713,43.970,39.085
54.760,111.876,43.970,39.085
53.616,112.040,43.970,39.085
54.433,111.550,43.970,39.085
53.289,111.713,43.970,39.085
53.779,111.550,43.970,39.085
53.289,111.386,43.970,39.085
52.145,112.203,43.970,39.085
52.309,112.040,43.970,39.085
52.799,112.203,43.970,39.085
52.962,111.713,43.970,39.085
52.799,111.550,43.970,39.085
52.309,111.059,43.970,39.085
52.145,112.203,43.970,39.085
51.328,112.040,43.970,39.085
52.145,112.530,43.970,39.085
51.655,112.694,43.970,39.085
52.472,113.838,43.970,39.085
51.328,113.347,43.970,39.085
51.818,113.511,43.970,39.085
52.635,113.020,43.970,39.085
51.491,113.838,43.970,39.085
52.309,113.674,43.970,39.085
51.491,113.184,43.970,39.085
51.328,113.347,43.970,39.085
51.165,114.491,43.970,39.085
50.347,112.694,43.970,39.085
51.165,113.184,43.970,39.085
50.021,113.347,43.970,39.085
50.838,113.838,43.970,39.085
51.655,113.020,43.970,39.085
50.511,114.164,43.970,39.085
51.001,113.347,43.970,39.085
51.818,112.857,43.970,39.085
50.347,113.020,43.970,39.085
50.511,112.857,43.970,39.085
50.021,113.020,43.970,39.085
49.530,113.511,43.970,39.085
50.347,112.367,43.970,39.085
50.184,113.184,43.970,39.085
49.694,112.367,43.970,39.085
51.165,112.203,43.970,39.085
49.694,111.386,43.970,39.085
51.165,111.876,43.970,39.085
50.021,111.386,43.970,39.085
50.511,112.203,43.970,39.085
51.001,112.040,43.970,39.085
51.165,111.223,43.970,39.085
50.846,111.797,43.032,38.251
51.965,111.637,43.032,38.251
50.846,111.157,43.032,38.251
52.285,111.317,43.032,38.251
51.486,112.437,43.032,38.251
51.326,112.917,43.032,38.251
52.765,111.477,43.032,38.251
51.646,111.637,43.032,38.251
52.445,111.797,43.032,38.251
53.245,111.957,43.032,38.251
52.445,111.797,43.032,38.251
53.565,113.236,43.032,38.251
51.805,113.396,43.032,38.251
52.925,113.556,43.032,38.251
53.085,113.716,43.032,38.251
52.285,113.236,43.032,38.251
53.725,114.036,43.032,38.251
52.285,113.556,43.032,38.251
53.725,114.356,43.032,38.251
52.285,113.876,43.032,38.251
53.085,113.077,43.032,38.251
52.285,113.876,43.032,38.251
53.405,113.396,43.032,38.251
52.285,113.236,43.032,38.251
53.085,113.077,43.032,38.251
52.285,112.597,43.032,38.251
53.405,114.036,43.032,38.251
52.605,112.917,43.032,38.251
51.486,112.437,43.032,38.251
52.605,114.196,43.032,38.251
51.486,112.437,43.032,38.251
52.605,113.876,43.032,38.251
51.805,112.117,43.032,38.251
52.605,112.277,43.032,38.251
51.486,112.117,43.032,38.251
52.605,112.917,43.032,38.251
52.125,111.157,43.032,38.251
53.245,110.677,43.032,38.251
52.765,111.797,43.032,38.251
53.245,111.637,43.032,38.251
53.405,112.117,43.032,38.251
52.925,111.317,43.032,38.251
52.765,112.437,43.032,38.251
53.245,111.637,43.032,38.251
54.364,113.396,43.032,38.251
53.885,112.277,43.032,38.251
53.085,111.797,43.032,38.251
54.205,112.597,43.032,38.251
53.405,111.797,43.032,38.251
54.844,112.277,43.032,38.251
53.725,111.477,43.032,38.251
53.885,111.957,43.032,38.251
54.684,111.477,43.032,38.251
53.885,112.597,43.032,38.251
54.684,112.757,43.032,38.251
53.885,112.277,43.032,38.251
55.004,112.437,43.032,38.251
54.844,111.957,43.032,38.251
54.684,113.396,43.032,38.251
55.164,112.277,43.032,38.251
55.324,111.477,43.032,38.251
55.164,110.678,43.032,38.251
55.964,110.518,43.032,38.251
55.164,111.957,43.032,38.251
55.964,110.837,43.032,38.251
56.269,113.249,42.115,37.435
57.051,111.528,42.115,37.435
55.955,112.623,42.115,37.435
57.364,112.467,42.115,37.435
57.834,112.623,42.115,37.435
56.738,113.093,42.115,37.435
58.147,112.623,42.115,37.435
57.677,112.780,42.115,37.435
57.834,111.684,42.115,37.435
57.677,112.154,42.115,37.435
58.147,111.684,42.115,37.435
58.303,113.093,42.115,37.435
59.399,112.936,42.115,37.435
58.303,112.154,42.115,37.435
59.086,112.623,42.115,37.435
58.303,112.467,42.115,37.435
59.712,112.623,42.115,37.435
58.616,112.780,42.115,37.435
59.399,112.936,42.115,37.435
59.869,112.467,42.115,37.435
59.399,113.249,42.115,37.435
60.182,113.719,42.115,37.435
59.399,112.936,42.115,37.435
59.869,113.719,42.115,37.435
59.086,113.249,42.115,37.435
59.556,112.780,42.115,37.435
58.773,113.562,42.115,37.435
59.869,113.093,42.115,37.435
58.773,112.623,42.115,37.435
59.869,114.032,42.115,37.435
59.399,112.310,42.115,37.435
60.495,111.841,42.115,37.435
59.086,111.371,42.115,37.435
60.182,112.467,42.115,37.435
59.399,112.310,42.115,37.435
60.495,111.528,42.115,37.435
58.773,111.058,42.115,37.435
59.556,110.275,42.115,37.435
58.460,111.684,42.115,37.435
58.303,111.841,42.115,37.435
59.086,111.371,42.115,37.435
58.616,111.841,42.115,37.435
58.460,110.745,42.115,37.435
57.990,111.841,42.115,37.435
59.086,111.058,42.115,37.435
58.616,112.780,42.115,37.435
58.147,114.188,42.115,37.435
58.929,113.719,42.115,37.435
58.147,114.502,42.115,37.435
58.929,113.719,42.115,37.435
57.834,114.815,42.115,37.435
59.243,113.093,42.115,37.435
60.025,112.936,42.115,37.435
58.303,111.841,42.115,37.435
59.712,112.310,42.115,37.435
58.303,112.467,42.115,37.435
59.712,113.249,42.115,37.435
58.303,111.528,42.115,37.435
59.399,112.310,42.115,37.435
59.556,110.588,42.115,37.435
58.147,110.745,42.115,37.435
59.556,111.528,42.115,37.435
58.147,111.371,42.115,37.435
58.929,112.467,42.115,37.435
58.773,112.623,42.115,37.435
58.616,113.406,42.115,37.435
58.773,112.310,42.115,37.435
58.929,113.719,42.115,37.435
59.086,114.188,42.115,37.435
59.243,113.719,42.115,37.435
59.399,114.188,42.115,37.435
59.869,113.719,42.115,37.435
58.773,114.502,42.115,37.435
59.556,114.032,42.115,37.435
58.773,113.249,42.115,37.435
59.444,112.023,43.047,38.264
59.604,112.823,43.047,38.264
62.004,112.663,43.047,38.264
60.034,109.750,43.999,39.110
59.870,108.605,43.999,39.110
60.688,106.479,43.999,39.110
62.159,104.681,43.999,39.110
60.361,100.265,43.999,39.110
59.870,103.045,43.999,39.110
59.214,108.890,44.972,39.975
58.044,111.732,44.972,39.975
57.373,112.503,45.967,40.860
57.885,111.307,45.967,40.860
57.031,111.478,45.967,40.860
57.202,112.674,45.967,40.860
55.807,110.627,46.984,41.764
56.331,112.897,46.984,41.764
54.759,113.770,46.984,41.764
57.112,115.394,45.982,40.873
56.941,113.856,45.982,40.873
57.112,115.736,45.982,40.873
34.376,103.817,45.002,40.002
33.874,104.988,45.002,40.002
35.160,103.963,44.042,39.149
34.525,105.485,43.103,38.314
35.967,104.684,43.103,38.314
37.507,106.174,42.184,37.497
37.037,104.135,42.184,37.497
37.507,105.233,42.184,37.497
36.410,104.135,42.184,37.497
38.135,105.233,42.184,37.497
39.232,106.330,42.184,37.497
40.329,105.546,42.184,37.497
62.470,115.503,41.000,37.000
61.653,114.716,42.184,37.497
60.242,115.187,42.184,37.497
61.653,113.775,42.184,37.497
60.556,114.559,42.184,37.497
60.712,114.089,42.184,37.497
60.242,113.932,42.184,37.497
62.470,115.503,41.000,37.000
62.470,115.503,41.000,37.000
61.653,112.521,42.184,37.497
60.373,111.944,43.117,38.326
60.854,111.142,43.117,38.326
60.694,112.585,43.117,38.326
61.174,111.783,43.117,38.326
59.534,111.526,44.071,39.174
60.353,111.034,44.071,39.174
59.695,110.431,45.046,40.041
59.193,110.933,45.046,40.041
60.030,111.436,45.046,40.041
59.528,110.598,45.046,40.041
58.691,111.436,45.046,40.041
59.408,110.819,46.043,40.927
58.553,111.332,46.043,40.927
58.381,112.530,46.043,40.927
59.237,112.017,46.043,40.927
58.381,111.161,46.043,40.927
58.210,110.306,46.043,40.927
57.168,109.675,47.062,41.832
56.993,110.550,47.062,41.832
57.743,111.357,48.103,42.758
57.564,109.391,48.103,42.758
56.313,111.000,48.103,42.758
57.207,111.894,48.103,42.758
57.028,111.000,48.103,42.758
56.492,111.894,48.103,42.758
55.955,111.715,48.103,42.758
57.207,111.894,48.103,42.758
56.313,112.072,48.103,42.758
56.849,112.251,48.103,42.758
55.240,109.927,48.103,42.758
55.776,112.609,48.103,42.758
55.240,110.642,48.103,42.758
54.151,108.500,49.167,43.704
55.431,109.779,49.167,43.704
54.722,109.012,48.119,42.772
54.543,110.264,48.119,42.772
53.649,107.939,48.119,42.772
55.616,108.833,48.119,42.772
54.722,107.581,48.119,42.772
55.259,107.045,48.119,42.772
55.795,108.654,48.119,42.772
54.543,107.760,48.119,42.772
54.364,109.012,48.119,42.772
55.616,110.264,48.119,42.772
55.437,108.297,48.119,42.772
56.689,109.549,48.119,42.772
55.437,109.370,48.119,42.772
55.616,109.906,48.119,42.772
54.007,109.370,48.119,42.772
54.543,108.833,48.119,42.772
53.649,109.370,48.119,42.772
55.024,109.653,47.092,41.860
55.549,110.179,47.092,41.860
54.324,108.603,47.092,41.860
55.199,108.778,47.092,41.860
54.674,109.303,47.092,41.860
56.357,109.918,46.088,40.967
54.815,107.692,46.088,40.967
55.672,108.548,46.088,40.967
55.500,108.719,46.088,40.967
56.014,109.233,46.088,40.967
54.616,108.958,47.108,41.874
54.441,109.833,47.108,41.874
53.916,108.608,47.108,41.874
52.690,110.884,47.108,41.874
54.266,111.409,47.108,41.874
53.740,110.183,47.108,41.874
52.674,109.538,48.150,42.800
53.927,111.149,48.150,42.800
52.316,109.896,48.150,42.800
54.285,111.507,48.150,42.800
53.390,110.612,48.150,42.800
53.211,112.581,48.150,42.800
51.243,110.970,48.150,42.800
54.343,111.599,47.123,41.887
52.550,108.410,48.166,42.814
51.655,107.515,48.166,42.814
52.908,108.768,48.166,42.814
54.161,108.947,48.166,42.814
52.328,109.031,49.232,43.761
52.877,109.579,49.232,43.761
53.792,110.860,49.232,43.761
51.779,110.311,49.232,43.761
54.158,111.226,49.232,43.761
53.609,111.409,49.232,43.761
54.524,111.958,49.232,43.761
54.167,111.190,48.182,42.828
54.704,110.653,48.182,42.828
55.600,108.325,48.182,42.828
55.251,107.228,47.154,41.915
57.529,107.404,47.154,41.915
55.952,107.228,47.154,41.915
57.178,107.404,47.154,41.915
56.653,106.878,47.154,41.915
55.776,108.455,47.154,41.915
57.354,107.579,47.154,41.915
58.230,108.105,47.154,41.915
57.354,106.878,47.154,41.915
58.931,108.806,47.154,41.915
58.055,108.280,47.154,41.915
59.982,107.053,47.154,41.915
58.405,106.878,47.154,41.915
59.982,109.156,47.154,41.915
57.461,106.692,48.197,42.842
58.715,107.230,48.197,42.842
58.177,107.767,48.197,42.842
57.640,107.946,48.197,42.842
58.536,108.842,48.197,42.842
58.877,109.817,47.170,41.929
58.351,108.940,47.170,41.929
57.825,108.414,47.170,41.929
58.000,109.291,47.170,41.929
58.877,107.713,47.170,41.929
59.753,108.940,47.170,41.929
58.526,109.466,47.170,41.929
57.650,109.291,47.170,41.929
60.687,110.245,46.164,41.034
60.172,110.416,46.164,41.034
60.687,110.245,46.164,41.034
61.545,110.416,46.164,41.034
60.687,111.274,46.164,41.034
62.231,110.416,46.164,41.034
61.030,111.961,46.164,41.034
61.202,111.446,46.164,41.034
61.717,112.304,46.164,41.034
62.575,111.103,46.164,41.034
62.746,110.931,46.164,41.034
64.065,110.872,45.179,40.159
63.897,111.712,45.179,40.159
63.394,112.216,45.179,40.159
65.241,112.720,45.179,40.159
64.401,112.887,45.179,40.159
64.233,113.055,45.179,40.159
63.394,111.544,45.179,40.159
62.371,110.229,46.179,41.048
63.916,112.460,46.179,41.048
63.058,111.945,46.179,41.048
62.543,110.744,46.179,41.048
64.431,111.259,46.179,41.048
62.317,109.558,47.201,41.956
62.493,110.435,47.201,41.956
63.165,111.390,46.194,41.061
62.307,110.531,46.194,41.061
62.135,110.703,46.194,41.061
62.307,110.875,46.194,41.061
63.508,111.733,46.194,41.061
62.650,112.248,46.194,41.061
63.165,113.793,46.194,41.061
62.307,114.309,46.194,41.061
61.261,112.251,47.216,41.970
60.735,112.427,47.216,41.970
60.559,112.953,47.216,41.970
60.033,113.480,47.216,41.970
61.612,112.953,47.216,41.970
60.384,113.480,47.216,41.970
58.223,111.013,48.261,42.898
60.555,113.344,48.261,42.898
60.016,114.241,48.261,42.898
62.433,115.909,47.232,41.984
67.116,115.147,45.000,40.000
61.005,113.374,47.232,41.984
61.181,111.443,47.232,41.984
62.410,110.565,47.232,41.984
61.181,111.091,47.232,41.984
62.761,111.267,47.232,41.984
62.585,112.496,47.232,41.984
62.058,113.374,47.232,41.984
63.746,113.314,46.224,41.088
63.575,113.829,46.224,41.088
63.746,112.283,46.224,41.088
64.262,113.829,46.224,41.088
63.746,112.970,46.224,41.088
64.605,113.485,46.224,41.088
64.090,112.626,46.224,41.088
63.575,110.737,46.224,41.088
64.777,111.252,46.224,41.088
64.605,112.111,46.224,41.088
64.090,112.970,46.224,41.088
63.918,112.455,46.224,41.088
63.403,112.283,46.224,41.088
64.605,113.142,46.224,41.088
64.090,111.939,46.224,41.088
64.262,112.798,46.224,41.088
63.746,112.283,46.224,41.088
65.293,112.798,46.224,41.088
64.434,111.596,46.224,41.088
63.918,111.080,46.224,41.088
63.746,111.596,46.224,41.088
65.636,110.737,46.224,41.088
64.434,111.252,46.224,41.088
63.031,111.332,47.247,41.997
65.397,112.288,46.239,41.102
64.537,112.460,46.239,41.102
64.709,112.631,46.239,41.102
64.537,113.491,46.239,41.102
64.022,114.694,46.239,41.102
63.163,114.866,46.239,41.102
64.366,112.975,46.239,41.102
63.850,113.147,46.239,41.102
64.366,113.663,46.239,41.102
63.506,112.116,46.239,41.102
62.647,112.975,46.239,41.102
62.819,113.491,46.239,41.102
62.303,112.288,46.239,41.102
61.788,113.147,46.239,41.102
61.960,111.944,46.239,41.102
61.100,112.460,46.239,41.102
59.697,111.470,47.263,42.011
60.575,111.646,47.263,42.011
59.697,111.821,47.263,42.011
60.927,111.294,47.263,42.011
60.049,111.119,47.263,42.011
61.278,112.348,47.263,42.011
61.805,112.875,47.263,42.011
60.927,112.348,47.263,42.011
60.751,112.875,47.263,42.011
62.779,113.831,46.255,41.115
62.607,114.347,46.255,41.115
65.254,114.951,45.268,40.238
63.740,114.110,45.268,40.238
64.581,112.932,45.268,40.238
66.096,113.437,45.268,40.238
64.581,112.596,45.268,40.238
66.768,113.437,45.268,40.238
65.927,113.941,45.268,40.238
68.842,115.181,44.303,39.380
68.204,116.712,43.358,38.541
69.976,115.262,43.358,38.541
68.848,113.812,43.358,38.541
69.332,115.584,43.358,38.541
72.124,116.461,42.433,37.719
70.705,115.673,42.433,37.719
72.439,115.199,42.433,37.719
70.705,114.095,42.433,37.719
72.439,115.830,42.433,37.719
71.651,116.303,42.433,37.719
73.070,115.830,42.433,37.719
71.651,115.673,42.433,37.719
72.755,114.253,42.433,37.719
71.467,114.327,43.372,38.553
70.486,115.071,44.332,39.406
70.980,115.565,44.332,39.406
71.474,116.060,44.332,39.406
71.153,117.274,43.387,38.566
72.604,115.500,43.387,38.566
72.290,116.067,42.461,37.743
74.112,116.621,41.556,36.939
72.722,117.393,41.556,36.939
75.993,118.532,40.670,36.151
74.824,119.646,39.802,35.380
76.156,118.018,39.802,35.380
74.528,118.462,39.802,35.380
76.156,116.835,39.802,35.380
75.120,116.391,39.802,35.380
74.380,114.468,39.802,35.380
75.416,112.545,39.802,35.380
74.084,112.989,39.802,35.380
76.648,113.794,38.954,34.625
75.345,112.491,38.954,34.625
73.562,113.159,39.815,35.391
72.354,112.000,40.696,36.175
72.202,112.756,40.696,36.175
72.051,111.395,40.696,36.175
73.413,111.849,40.696,36.175
71.446,112.605,40.696,36.175
72.808,110.941,40.696,36.175
72.221,112.347,39.828,35.403
74.500,112.867,38.979,34.648
74.776,113.377,38.148,33.909
74.067,114.369,38.148,33.909
72.322,114.435,38.992,34.659
70.023,109.404,46.000,41.000
70.023,109.404,46.000,41.000
70.023,109.404,46.000,41.000
74.754,113.122,36.550,32.489
73.803,112.171,36.550,32.489
70.023,109.404,46.000,41.000
75.001,112.809,36.562,32.500
74.593,111.586,36.562,32.500
70.023,109.404,46.000,41.000
70.023,109.404,46.000,41.000
70.023,109.404,46.000,41.000
70.023,111.709,46.000,41.000
70.023,109.404,46.000,41.000
70.023,109.404,46.000,41.000
70.023,109.404,46.000,41.000
70.023,109.404,46.000,41.000
70.023,109.404,46.000,41.000
70.023,109.404,46.000,41.000
67.718,109.404,46.000,41.000
67.718,109.404,46.000,41.000
67.718,109.404,46.000,41.000
67.718,109.404,46.000,41.000
67.718,109.404,46.000,41.000
67.718,109.404,46.000,41.000
67.718,109.404,46.000,41.000
67.718,109.904,46.000,40.000
67.718,109.404,46.000,41.000
67.718,107.599,46.000,40.000
66.019,109.364,46.000,41.000
66.019,109.364,46.000,41.000
66.019,109.364,46.000,41.000
66.019,109.364,46.000,41.000
66.019,109.364,46.000,41.000
66.019,109.364,46.000,41.000
66.019,109.864,46.000,40.000
66.519,109.864,45.000,40.000
66.519,109.864,45.000,40.000
66.519,109.864,45.000,40.000
64.267,109.864,45.000,40.000
64.267,109.864,45.000,40.000
64.267,109.864,45.000,40.000
64.267,109.864,45.000,40.000
64.267,109.864,45.000,40.000
64.267,109.864,45.000,40.000
64.267,109.864,45.000,40.000
64.267,109.864,45.000,40.000
62.015,109.864,45.000,40.000
62.015,112.117,45.000,40.000
62.015,112.117,45.000,40.000
62.015,112.117,45.000,40.000
62.015,112.117,45.000,40.000
62.015,112.117,45.000,40.000
62.015,112.117,45.000,40.000
62.015,112.117,45.000,40.000
62.015,112.117,45.000,40.000
62.015,112.117,45.000,40.000
62.015,112.117,45.000,40.000
62.015,112.117,45.000,40.000
62.015,112.117,45.000,40.000
59.762,112.117,45.000,40.000
59.762,112.117,45.000,40.000
60.262,112.117,44.000,40.000
60.262,112.617,44.000,39.000
60.262,112.617,44.000,39.000
60.262,112.617,44.000,39.000
60.262,112.617,44.000,39.000
60.262,112.617,44.000,39.000
60.262,112.617,44.000,39.000
60.262,112.617,44.000,39.000
58.064,112.617,44.000,39.000
58.064,112.617,44.000,39.000
58.064,112.617,44.000,39.000
58.064,112.617,44.000,39.000
58.064,112.617,44.000,39.000
58.064,112.617,44.000,39.000
58.064,112.617,44.000,39.000
58.064,112.617,44.000,39.000
58.064,112.617,44.000,39.000
58.064,114.815,44.000,39.000
58.064,113.716,44.000,39.000
58.064,113.716,44.000,39.000
58.564,111.518,43.000,39.000
58.564,112.018,43.000,38.000
58.564,114.163,43.000,38.000
58.564,114.163,43.000,38.000
58.564,114.163,43.000,38.000
58.564,112.018,43.000,38.000
58.564,112.018,43.000,38.000
58.564,114.163,43.000,38.000
58.564,114.163,43.000,38.000
58.564,114.163,43.000,38.000
58.564,114.163,43.000,38.000
58.564,114.163,43.000,38.000
58.564,114.163,43.000,38.000
58.564,114.163,43.000,38.000
58.564,114.163,43.000,38.000
58.564,116.309,43.000,38.000
58.564,114.163,43.000,38.000
60.173,114.163,43.000,38.000
60.173,114.163,43.000,38.000
60.673,114.163,42.000,38.000
60.673,116.296,42.000,38.000
60.673,116.296,42.000,38.000
60.673,116.296,42.000,38.000
60.673,116.296,42.000,38.000
60.673,114.163,42.000,38.000
60.673,116.296,42.000,38.000
60.673,116.296,42.000,38.000
60.673,116.296,42.000,38.000
60.673,116.296,42.000,38.000
60.673,116.296,42.000,38.000
60.673,116.296,42.000,38.000
60.673,116.796,42.000,37.000
60.673,116.796,42.000,37.000
60.673,116.796,42.000,37.000
60.673,116.796,42.000,37.000
60.673,116.796,42.000,37.000
60.673,116.796,42.000,37.000
60.673,116.796,42.000,37.000
60.673,116.796,42.000,37.000
60.673,116.796,42.000,37.000
61.173,116.796,41.000,37.000
61.173,116.796,41.000,37.000
61.173,114.743,41.000,37.000
61.173,114.743,41.000,37.000
61.173,116.796,41.000,37.000
61.173,116.796,41.000,37.000
61.173,116.796,41.000,37.000
61.173,116.796,41.000,37.000
61.173,116.796,41.000,37.000
60.673,116.796,42.000,37.000
60.673,116.796,42.000,37.000
61.173,116.796,41.000,37.000
61.173,116.796,41.000,37.000
61.173,116.796,41.000,37.000
61.173,116.796,41.000,37.000
61.173,115.770,41.000,37.000
75.551,124.178,21.337,18.966
76.106,124.733,21.337,18.966
76.978,124.336,21.337,18.966
76.212,123.851,20.882,18.562
76.911,123.928,20.882,18.562
77.358,124.201,20.437,18.166
78.193,123.821,20.437,18.166
77.752,124.820,20.001,17.779
78.421,124.895,20.001,17.779
79.090,124.672,20.001,17.779
78.659,125.793,19.574,17.399
80.332,126.011,19.574,17.399
80.841,125.502,19.574,17.399
80.138,126.739,19.157,17.028
80.686,126.028,18.748,16.665
81.452,124.565,18.748,16.665
82.637,124.077,18.748,16.665
82.289,123.311,18.748,16.665
83.334,124.635,18.748,16.665
84.100,125.959,18.748,16.665
84.588,125.053,18.748,16.665
85.076,124.008,18.748,16.665
85.564,123.520,18.748,16.665
86.191,124.844,18.748,16.665
86.818,125.610,18.748,16.665
86.051,126.656,18.748,16.665
87.236,127.143,18.748,16.665
88.142,126.795,18.748,16.665
88.769,126.307,18.748,16.665
88.421,127.631,18.748,16.665
89.884,127.004,18.748,16.665
90.372,126.098,18.748,16.665
91.445,125.134,18.349,16.310
90.967,125.339,18.349,16.310
91.360,124.527,17.957,15.962
92.259,124.247,17.574,15.622
92.006,125.483,17.200,15.288
92.965,125.675,17.200,15.288
93.412,126.250,17.200,15.288
93.860,127.209,17.200,15.288
94.307,127.529,17.200,15.288
95.394,127.209,17.200,15.288
95.762,128.543,16.833,14.962
96.484,128.160,16.474,14.643
96.837,128.139,16.122,14.331
97.976,127.240,16.122,14.331
98.275,126.341,16.122,14.331
99.082,126.205,15.779,14.025
99.759,127.090,15.442,13.726
100.975,127.734,15.113,13.434
101.481,128.127,15.113,13.434
101.696,129.082,14.791,13.147
102.850,128.148,14.791,13.147
103.895,127.653,14.791,13.147
104.719,128.588,14.791,13.147
105.214,128.753,14.791,13.147
105.637,128.310,14.475,12.867
106.766,126.965,14.475,12.867
107.251,124.974,14.475,12.867
107.735,124.598,14.475,12.867
108.874,125.617,14.166,12.592
109.032,126.196,14.166,12.592
109.843,127.497,13.864,12.324
110.513,127.652,13.864,12.324
110.874,128.528,13.864,12.324
111.750,128.785,13.864,12.324
112.420,129.558,13.864,12.324
112.574,129.610,13.864,12.324
113.368,129.195,13.569,12.061
113.418,128.741,13.569,12.061
113.872,129.397,13.569,12.061
114.528,128.539,13.569,12.061
114.982,129.699,13.569,12.061
115.335,131.061,13.569,12.061
114.578,130.405,13.569,12.061
115.435,129.951,13.569,12.061
116.018,129.740,13.279,11.804
115.376,130.283,13.279,11.804
115.820,131.517,13.279,11.804
116.363,131.467,13.279,11.804
115.623,130.332,13.279,11.804
116.166,128.506,13.279,11.804
115.721,128.062,13.279,11.804
116.363,127.617,13.279,11.804
115.721,127.075,13.279,11.804
116.166,126.729,13.279,11.804
115.425,125.989,13.279,11.804
115.771,127.025,13.279,11.804
115.919,127.568,13.279,11.804
114.882,128.506,13.279,11.804
114.339,129.345,13.279,11.804
114.784,129.888,13.279,11.804
114.833,128.851,13.279,11.804
115.869,130.184,13.279,11.804
115.202,135.495,12.996,11.552
114.574,133.708,12.996,11.552
113.850,134.239,12.996,11.552
113.512,132.452,12.996,11.552
112.691,127.767,12.996,11.552
112.256,126.656,12.996,11.552
112.980,127.863,12.996,11.552
112.353,128.781,12.996,11.552
112.691,128.056,12.996,11.552
111.773,128.008,12.996,11.552
111.531,127.960,12.996,11.552
111.290,126.946,12.996,11.552
112.014,126.028,12.996,11.552
111.580,126.752,12.996,11.552
111.435,126.318,12.996,11.552
111.773,125.690,12.996,11.552
111.145,126.318,12.996,11.552
111.483,125.496,12.996,11.552
111.338,126.028,12.996,11.552
111.193,126.559,12.996,11.552
111.242,125.738,12.996,11.552
110.807,125.979,12.996,11.552
110.179,127.863,12.996,11.552
110.614,127.622,12.996,11.552
109.792,127.187,12.996,11.552
110.131,126.946,12.996,11.552
110.179,126.221,12.996,11.552
110.517,127.042,12.996,11.552
109.503,127.477,12.996,11.552
109.261,127.042,12.996,11.552
109.792,127.767,12.996,11.552
109.358,127.912,12.996,11.552
109.889,128.636,12.996,11.552
109.261,128.588,12.996,11.552
109.599,128.250,12.996,11.552
108.778,127.622,12.996,11.552
109.213,127.284,12.996,11.552
109.841,127.139,12.996,11.552
109.213,128.829,12.996,11.552
109.744,128.491,12.996,11.552
109.020,128.056,12.996,11.552
109.551,128.974,12.996,11.552
109.503,129.023,12.996,11.552
109.165,128.878,12.996,11.552
109.986,129.216,12.996,11.552
110.227,128.684,12.996,11.552
110.565,128.539,12.996,11.552
109.454,127.815,12.996,11.552
110.372,127.767,12.996,11.552
110.710,127.235,12.996,11.552
109.986,126.994,12.996,11.552
110.420,127.718,12.996,11.552
110.855,127.477,12.996,11.552
110.324,127.235,12.996,11.552
111.048,127.767,12.996,11.552
111.047,128.309,12.719,11.306
111.567,128.734,12.719,11.306
111.331,129.065,12.719,11.306
111.095,128.356,12.719,11.306
111.898,128.309,12.719,11.306
112.135,127.789,12.719,11.306
112.465,127.552,12.719,11.306
111.756,126.749,12.719,11.306
112.575,127.553,12.448,11.065
113.269,126.489,12.448,11.065
113.223,127.090,12.448,11.065
113.362,128.154,12.448,11.065
113.871,128.663,12.448,11.065
113.640,127.969,12.448,11.065
114.426,128.386,12.448,11.065
114.935,128.062,12.448,11.065
114.333,128.571,12.448,11.065
115.027,127.692,12.448,11.065
114.704,127.645,12.448,11.065
115.583,127.044,12.448,11.065
115.444,126.535,12.448,11.065
116.045,126.489,12.448,11.065
115.444,125.980,12.448,11.065
116.138,126.766,12.448,11.065
115.906,127.460,12.448,11.065
115.768,128.062,12.448,11.065
116.554,127.460,12.448,11.065
116.138,128.339,12.448,11.065
115.814,128.848,12.448,11.065
116.045,128.802,12.448,11.065
116.277,129.218,12.448,11.065
116.045,128.617,12.448,11.065
115.721,127.645,12.448,11.065
116.693,127.877,12.448,11.065
117.017,128.016,12.448,11.065
116.323,128.709,12.448,11.065
116.832,128.293,12.448,11.065
116.415,128.987,12.448,11.065
117.202,128.386,12.448,11.065
117.526,127.877,12.448,11.065
117.942,127.368,12.448,11.065
117.248,127.969,12.448,11.065
117.850,128.201,12.448,11.065
117.433,128.524,12.448,11.065
118.035,128.108,12.448,11.065
117.711,128.895,12.448,11.065
118.405,129.403,12.448,11.065
118.636,129.912,12.448,11.065
118.960,129.218,12.448,11.065
118.451,129.635,12.448,11.065
119.237,128.941,12.448,11.065
119.561,129.820,12.448,11.065
119.793,129.496,12.448,11.065
119.099,128.895,12.448,11.065
119.515,129.218,12.448,11.065
120.209,129.820,12.448,11.065
119.700,129.681,12.448,11.065
120.394,130.468,12.448,11.065
120.440,130.884,12.448,11.065
120.672,130.005,12.448,11.065
120.903,129.403,12.448,11.065
120.024,128.709,12.448,11.065
120.163,129.126,12.448,11.065
120.209,130.005,12.448,11.065
120.440,129.681,12.448,11.065
120.302,128.987,12.448,11.065
119.978,129.496,12.448,11.065
119.746,128.802,12.448,11.065
120.348,129.403,12.448,11.065
119.746,129.357,12.448,11.065
120.163,129.681,12.448,11.065
119.654,128.987,12.448,11.065
119.885,128.941,12.448,11.065
119.006,129.357,12.448,11.065
118.682,129.681,12.448,11.065
119.284,128.895,12.448,11.065
118.682,128.663,12.448,11.065
118.914,128.247,12.448,11.065
117.942,128.108,12.448,11.065
117.803,128.987,12.448,11.065
117.757,129.496,12.448,11.065
118.451,129.265,12.448,11.065
118.127,128.663,12.448,11.065
117.896,128.339,12.448,11.065
117.572,129.126,12.448,11.065
118.266,129.635,12.448,11.065
117.850,128.663,12.448,11.065
117.248,128.062,12.448,11.065
117.387,128.386,12.448,11.065
117.896,128.709,12.448,11.065
117.202,128.108,12.448,11.065
117.248,128.524,12.448,11.065
117.294,128.941,12.448,11.065
117.156,129.172,12.448,11.065
117.202,128.756,12.448,11.065
116.785,127.969,12.448,11.065
116.647,127.923,12.448,11.065
117.248,128.709,12.448,11.065
117.017,128.293,12.448,11.065
116.600,128.802,12.448,11.065
117.202,128.108,12.448,11.065
116.600,128.802,12.448,11.065
117.109,128.293,12.448,11.065
116.785,128.987,12.448,11.065
116.554,128.108,12.448,11.065
117.248,128.709,12.448,11.065
116.739,128.201,12.448,11.065
117.526,129.080,12.448,11.065
117.109,129.218,12.448,11.065
116.693,130.097,12.448,11.065
117.294,130.791,12.448,11.065
116.693,130.468,12.448,11.065
117.294,131.624,12.448,11.065
116.971,131.208,12.448,11.065
116.462,131.994,12.448,11.065
117.156,131.115,12.448,11.065
116.647,130.606,12.448,11.065
117.248,130.097,12.448,11.065
116.647,131.069,12.448,11.065
116.600,132.133,12.448,11.065
116.739,132.734,12.448,11.065
116.323,132.041,12.448,11.065
116.184,132.642,12.448,11.065
115.860,132.041,12.448,11.065
115.444,131.902,12.448,11.065
116.138,131.300,12.448,11.065
115.721,131.532,12.448,11.065
116.415,130.560,12.448,11.065
115.814,130.236,12.448,11.065
115.120,131.300,12.448,11.065
115.444,131.439,12.448,11.065
115.860,132.226,12.448,11.065
115.166,131.902,12.448,11.065
115.027,131.115,12.448,11.065
114.519,131.254,12.448,11.065
115.305,132.133,12.448,11.065
114.704,132.457,12.448,11.065
115.120,133.058,12.448,11.065
114.611,132.179,12.448,11.065
115.027,131.670,12.448,11.065
114.519,131.902,12.448,11.065
114.935,132.318,12.448,11.065
114.241,132.549,12.448,11.065
114.010,131.855,12.448,11.065
113.686,131.994,12.448,11.065
114.657,131.115,12.448,11.065
114.241,131.532,12.448,11.065
113.732,130.930,12.448,11.065
114.241,131.902,12.448,11.065
113.640,132.226,12.448,11.065
114.056,131.809,12.448,11.065
113.362,131.670,12.448,11.065
113.686,131.161,12.448,11.065
113.362,132.133,12.448,11.065
113.131,131.532,12.448,11.065
112.714,130.653,12.448,11.065
113.223,130.421,12.448,11.065
112.622,131.208,12.448,11.065
113.038,130.606,12.448,11.065
112.276,130.148,12.723,11.310
111.662,130.573,12.723,11.310
112.371,131.094,12.723,11.310
111.756,130.763,12.723,11.310
111.665,130.687,13.005,11.560
111.230,130.348,13.005,11.560
111.858,130.880,13.005,11.560
111.036,131.605,13.005,11.560
111.085,130.397,13.005,11.560
110.746,130.252,13.005,11.560
110.118,130.783,13.005,11.560
110.746,131.895,13.005,11.560
110.021,131.557,13.005,11.560
110.359,131.315,13.005,11.560
110.601,130.590,13.005,11.560
109.876,131.218,13.005,11.560
109.924,132.233,13.005,11.560
110.359,131.605,13.005,11.560
110.795,132.330,13.005,11.560
110.166,132.088,13.005,11.560
110.601,132.813,13.005,11.560
109.973,132.088,13.005,11.560
110.698,132.910,13.005,11.560
110.805,132.933,13.292,11.815
111.447,132.389,13.292,11.815
111.398,131.450,13.292,11.815
112.040,130.808,13.292,11.815
111.496,130.364,13.292,11.815
112.435,132.488,13.292,11.815
112.978,132.735,13.292,11.815
112.534,132.191,13.292,11.815
113.275,132.933,13.292,11.815
113.818,132.191,13.292,11.815
114.559,132.636,13.292,11.815
114.177,132.143,13.009,11.564
115.096,132.868,13.009,11.564
115.531,132.046,13.009,11.564
115.870,132.288,13.009,11.564
116.111,131.273,13.009,11.564
116.546,131.708,13.009,11.564
116.982,132.240,13.009,11.564
117.513,131.998,13.009,11.564
117.368,132.240,13.009,11.564
118.771,131.418,13.009,11.564
119.012,132.046,13.009,11.564
119.447,132.675,13.009,11.564
120.269,132.240,13.009,11.564
120.801,131.128,13.009,11.564
120.753,132.627,13.009,11.564
121.381,131.805,13.009,11.564
122.107,132.336,13.009,11.564
121.672,131.805,13.009,11.564
122.107,132.627,13.009,11.564
122.735,132.095,13.009,11.564
122.784,132.530,13.009,11.564
122.639,131.321,13.009,11.564
123.170,130.693,13.009,11.564
123.896,131.611,13.009,11.564
124.640,132.434,12.732,11.317
124.782,131.724,12.732,11.317
125.083,131.746,13.013,11.567
125.518,132.278,13.013,11.567
125.180,132.036,13.013,11.567
125.809,132.568,13.013,11.567
126.147,131.746,13.013,11.567
126.389,132.181,13.013,11.567
126.897,131.702,13.301,11.823
126.551,131.059,13.301,11.823
127.491,131.603,13.301,11.823
127.936,131.850,13.301,11.823
128.282,132.196,13.301,11.823
128.529,132.641,13.301,11.823
128.974,131.999,13.301,11.823
128.365,133.047,13.595,12.085
129.325,134.311,13.595,12.085
129.982,135.069,13.595,12.085
129.426,134.816,13.595,12.085
130.083,134.159,13.595,12.085
130.437,134.816,13.595,12.085
130.689,134.361,13.595,12.085
131.245,134.614,13.595,12.085
130.993,132.643,13.595,12.085
130.639,132.795,13.595,12.085
131.599,133.351,13.595,12.085
131.082,132.431,13.896,12.352
130.823,131.862,13.896,12.352
131.391,130.468,13.896,12.352
131.546,131.036,13.896,12.352
131.125,130.310,14.204,12.626
131.241,130.006,14.518,12.905
131.080,131.031,14.518,12.905
130.378,130.438,14.518,12.905
130.972,130.923,14.518,12.905
130.162,131.085,14.518,12.905
127.410,118.729,14.518,12.905
126.681,119.230,14.208,12.630
126.374,120.434,13.905,12.360
126.074,121.114,13.609,12.097
125.586,120.804,13.319,11.839
126.031,120.061,13.319,11.839
125.190,119.913,13.319,11.839
125.196,119.731,13.613,12.101
127.979,131.519,13.613,12.101
126.917,131.671,13.613,12.101
126.461,132.127,13.613,12.101
127.018,132.278,13.613,12.101
126.461,132.936,13.613,12.101
126.714,132.481,13.613,12.101
125.854,133.138,13.613,12.101
126.107,133.594,13.613,12.101
126.563,132.835,13.613,12.101
126.310,131.874,13.613,12.101
126.866,130.811,13.613,12.101
126.208,131.368,13.613,12.101
126.057,131.924,13.613,12.101
126.693,131.003,13.914,12.368
127.159,130.434,13.914,12.368
126.693,130.693,13.914,12.368
127.159,131.572,13.914,12.368
126.693,131.520,13.914,12.368
127.676,130.848,13.914,12.368
128.141,130.486,13.914,12.368
127.676,131.158,13.914,12.368
128.649,131.397,14.222,12.642
128.596,130.710,14.222,12.642
129.072,130.234,14.222,12.642
129.737,129.600,14.537,12.922
129.143,131.600,14.537,12.922
129.845,132.518,14.537,12.922
130.331,134.733,14.537,12.922
131.034,133.923,14.537,12.922
130.764,133.004,14.537,12.922
130.926,132.518,14.537,12.922
131.520,131.600,14.537,12.922
132.222,129.492,14.537,12.922
131.952,129.114,14.537,12.922
131.466,128.196,14.537,12.922
132.276,128.790,14.537,12.922
132.655,128.412,14.537,12.922
133.033,129.006,14.537,12.922
132.655,128.736,14.537,12.922
133.789,128.790,14.537,12.922
132.788,129.264,14.859,13.208
133.285,128.988,14.859,13.208
132.346,129.705,14.859,13.208
132.843,130.202,14.859,13.208
133.671,129.485,14.859,13.208
132.953,130.202,14.859,13.208
133.450,130.700,14.859,13.208
132.732,131.749,14.859,13.208
133.119,131.252,14.859,13.208
132.401,130.534,14.859,13.208
132.567,129.926,14.859,13.208
132.953,129.208,14.859,13.208
132.846,129.693,15.187,13.500
132.677,130.088,15.187,13.500
132.169,128.225,15.187,13.500
131.548,128.733,15.187,13.500
131.717,129.467,15.187,13.500
131.435,128.846,15.187,13.500
130.814,127.548,15.187,13.500
130.983,127.943,15.187,13.500
129.798,127.096,15.187,13.500
129.516,127.491,15.187,13.500
128.895,128.677,15.187,13.500
128.613,129.185,15.187,13.500
128.443,129.354,15.187,13.500
127.935,130.539,15.187,13.500
126.863,131.725,15.187,13.500
127.371,132.684,15.187,13.500
126.637,132.063,15.187,13.500
126.355,131.104,15.187,13.500
125.960,130.483,15.187,13.500
125.452,131.442,15.187,13.500
125.960,131.725,15.187,13.500
125.000,130.539,15.187,13.500
124.492,130.031,15.187,13.500
124.774,130.539,15.187,13.500
124.944,131.160,15.187,13.500
124.097,130.539,15.187,13.500
124.040,131.386,15.187,13.500
124.210,132.233,15.187,13.500
123.928,132.966,15.187,13.500
124.210,132.233,15.187,13.500
123.928,133.644,15.187,13.500
123.532,133.813,15.187,13.500
124.379,132.289,15.187,13.500
123.871,132.910,15.187,13.500
124.379,131.838,15.187,13.500
123.645,130.426,15.187,13.500
124.266,130.934,15.187,13.500
123.532,131.330,15.187,13.500
124.153,132.402,15.187,13.500
123.532,132.910,15.187,13.500
124.040,133.531,15.187,13.500
123.532,133.362,15.187,13.500
124.040,134.208,15.187,13.500
123.532,133.587,15.187,13.500
124.266,133.870,15.187,13.500
124.097,132.910,15.187,13.500
123.702,132.966,15.187,13.500
124.548,132.346,15.187,13.500
124.153,133.079,15.187,13.500
123.871,132.458,15.187,13.500
124.605,134.095,15.187,13.500
124.323,133.700,15.187,13.500
124.040,133.644,15.187,13.500
124.210,132.684,15.187,13.500
123.928,133.079,15.187,13.500
123.307,133.587,15.187,13.500
123.702,134.886,15.187,13.500
124.323,134.265,15.187,13.500
123.589,134.095,15.187,13.500
123.984,133.813,15.187,13.500
123.250,133.757,15.187,13.500
123.758,133.813,15.187,13.500
123.815,133.983,15.187,13.500
124.097,134.152,15.187,13.500
123.250,133.531,15.187,13.500
122.968,133.700,15.187,13.500
122.686,132.741,15.187,13.500
123.337,132.395,14.863,13.212
122.840,133.003,14.863,13.212
123.448,133.058,14.863,13.212
122.951,132.892,14.863,13.212
123.558,133.721,14.863,13.212
123.061,133.003,14.863,13.212
123.669,132.726,14.863,13.212
122.951,133.555,14.863,13.212
122.674,133.168,14.863,13.212
122.288,133.445,14.863,13.212
122.122,133.389,14.863,13.212
121.625,133.334,14.863,13.212
122.122,132.947,14.863,13.212
121.183,133.555,14.863,13.212
121.238,133.058,14.863,13.212
120.741,133.555,14.863,13.212
121.349,132.947,14.863,13.212
120.520,132.561,14.863,13.212
120.796,133.721,14.863,13.212
120.520,134.439,14.863,13.212
119.912,133.610,14.863,13.212
120.299,133.445,14.863,13.212
119.581,132.726,14.863,13.212
119.636,133.113,14.863,13.212
119.802,132.285,14.863,13.212
119.636,132.671,14.863,13.212
119.581,132.947,14.863,13.212
119.526,132.119,14.863,13.212
119.581,132.064,14.863,13.212
119.857,131.566,14.863,13.212
119.802,132.064,14.863,13.212
119.857,131.787,14.863,13.212
120.354,132.726,14.863,13.212
119.526,132.782,14.863,13.212
119.802,133.058,14.863,13.212
120.299,132.561,14.863,13.212
119.691,133.942,14.863,13.212
120.299,133.334,14.863,13.212
120.133,132.726,14.863,13.212
120.078,133.003,14.863,13.212
120.354,131.953,14.863,13.212
120.741,131.898,14.863,13.212
121.238,132.174,14.863,13.212
121.293,132.450,14.863,13.212
121.238,132.726,14.863,13.212
121.625,133.445,14.863,13.212
122.232,132.726,14.863,13.212
122.177,133.003,14.863,13.212
122.012,132.285,14.863,13.212
123.282,132.671,14.863,13.212
122.785,131.732,14.863,13.212
123.503,131.345,14.863,13.212
123.558,130.517,14.863,13.212
124.055,131.898,14.863,13.212
124.884,131.069,14.863,13.212
124.829,130.351,14.863,13.212
125.547,129.633,14.863,13.212
125.271,130.461,14.863,13.212
125.547,130.517,14.863,13.212
126.044,130.793,14.863,13.212
126.873,131.511,14.863,13.212
127.260,130.903,14.863,13.212
127.094,130.848,14.863,13.212
127.370,131.124,14.863,13.212
127.757,130.738,14.863,13.212
128.475,131.898,14.863,13.212
128.862,130.848,14.863,13.212
129.469,131.235,14.863,13.212
129.193,130.406,14.863,13.212
129.027,130.351,14.863,13.212
129.966,131.180,14.863,13.212
130.353,131.456,14.863,13.212
129.856,131.843,14.863,13.212
130.574,131.787,14.863,13.212
130.629,132.395,14.863,13.212
131.016,132.450,14.863,13.212
131.292,133.058,14.863,13.212
130.574,132.561,14.863,13.212
130.961,132.947,14.863,13.212
131.458,132.671,14.863,13.212
130.961,132.947,14.863,13.212
131.679,132.671,14.863,13.212
131.182,133.610,14.863,13.212
130.795,133.003,14.863,13.212
131.624,132.395,14.863,13.212
131.237,133.003,14.863,13.212
130.740,132.285,14.863,13.212
131.458,133.445,14.863,13.212
130.961,134.163,14.863,13.212
131.458,133.445,14.863,13.212
130.850,133.831,14.863,13.212
131.237,133.224,14.863,13.212
130.740,132.616,14.863,13.212
131.127,132.561,14.863,13.212
130.408,133.500,14.863,13.212
130.795,132.782,14.863,13.212
131.292,133.721,14.863,13.212
130.243,133.334,14.863,13.212
129.856,132.616,14.863,13.212
130.685,132.561,14.863,13.212
130.187,132.395,14.863,13.212
129.690,132.782,14.863,13.212
130.187,132.726,14.863,13.212
129.359,133.445,14.863,13.212
129.414,133.168,14.863,13.212
129.580,133.334,14.863,13.212
129.414,132.505,14.863,13.212
128.806,131.898,14.863,13.212
129.414,130.738,14.863,13.212
128.917,131.677,14.863,13.212
129.525,131.511,14.863,13.212
128.585,131.566,14.863,13.212
128.751,131.069,14.863,13.212
129.027,130.130,14.863,13.212
128.641,130.738,14.863,13.212
127.922,130.461,14.863,13.212
128.088,129.964,14.863,13.212
127.260,129.799,14.863,13.212
127.315,130.406,14.863,13.212
127.591,129.688,14.863,13.212
126.983,130.185,14.863,13.212
127.591,130.130,14.863,13.212
126.873,129.412,14.863,13.212
126.928,130.020,14.863,13.212
126.541,128.970,14.863,13.212
126.044,128.473,14.863,13.212
126.541,128.859,14.863,13.212
125.934,128.694,14.863,13.212
126.320,128.528,14.863,13.212
125.492,128.031,14.863,13.212
125.768,127.092,14.863,13.212
126.044,127.368,14.863,13.212
125.879,127.092,14.863,13.212
125.713,127.257,14.863,13.212
125.437,126.981,14.863,13.212
125.050,126.153,14.863,13.212
125.547,126.871,14.863,13.212
124.608,127.699,14.863,13.212
125.105,128.086,14.863,13.212
124.166,127.699,14.863,13.212
124.332,128.086,14.863,13.212
124.497,127.368,14.863,13.212
124.332,127.092,14.863,13.212
124.387,127.036,14.863,13.212
124.000,126.208,14.863,13.212
124.718,125.932,14.863,13.212
124.221,125.103,14.863,13.212
123.614,124.606,14.863,13.212
124.221,124.440,14.863,13.212
123.393,125.048,14.863,13.212
123.558,124.219,14.863,13.212
123.614,124.937,14.863,13.212
123.227,124.661,14.863,13.212
122.398,124.274,14.863,13.212
122.674,125.213,14.863,13.212
122.177,124.937,14.863,13.212
121.791,125.213,14.863,13.212
121.956,124.385,14.863,13.212
121.570,125.213,14.863,13.212
120.962,126.153,14.863,13.212
121.349,126.539,14.863,13.212
120.299,127.478,14.863,13.212
119.691,128.086,14.863,13.212
119.857,127.589,14.863,13.212
119.691,128.638,14.863,13.212
119.264,130.004,14.547,12.930
118.669,130.274,14.547,12.930
118.832,131.193,14.547,12.930
117.480,131.356,14.547,12.930
117.858,131.950,14.547,12.930
116.723,131.248,14.547,12.930
117.318,132.491,14.547,12.930
116.507,133.086,14.547,12.930
116.020,132.707,14.547,12.930
115.209,132.329,14.547,12.930
114.723,132.924,14.547,12.930
115.209,132.545,14.547,12.930
114.182,132.167,14.547,12.930
113.695,132.761,14.547,12.930
113.317,131.734,14.547,12.930
112.939,132.221,14.547,12.930
112.236,132.491,14.547,12.930
112.506,132.761,14.547,12.930
111.911,131.842,14.547,12.930
111.425,131.356,14.547,12.930
112.019,131.734,14.547,12.930
111.100,129.517,14.547,12.930
110.614,130.112,14.547,12.930
110.884,129.085,14.547,12.930
110.397,128.598,14.547,12.930
110.235,127.787,14.547,12.930
109.857,127.733,14.547,12.930
109.370,126.814,14.547,12.930
109.857,127.625,14.547,12.930
109.154,127.139,14.547,12.930
108.667,126.976,14.547,12.930
109.154,126.706,14.547,12.930
108.451,126.219,14.547,12.930
108.613,126.922,14.547,12.930
108.235,126.760,14.547,12.930
107.856,127.463,14.547,12.930
107.262,128.166,14.547,12.930
107.532,127.679,14.547,12.930
107.802,126.760,14.547,12.930
106.775,126.274,14.547,12.930
106.397,127.517,14.547,12.930
106.991,128.436,14.547,12.930
106.289,127.733,14.547,12.930
105.910,126.598,14.547,12.930
105.856,127.301,14.547,12.930
105.369,128.328,14.547,12.930
105.964,127.733,14.547,12.930
105.045,126.598,14.547,12.930
104.883,125.895,14.547,12.930
104.937,125.625,14.547,12.930
104.727,125.398,14.236,12.655
104.992,125.980,14.236,12.655
104.621,126.456,14.236,12.655
104.780,125.768,14.236,12.655
104.198,125.610,14.236,12.655
104.674,125.980,14.236,12.655
103.987,126.668,14.236,12.655
104.463,126.826,14.236,12.655
103.748,127.624,13.933,12.385
104.445,128.206,13.636,12.121
104.090,127.344,13.636,12.121
103.736,127.699,13.636,12.121
103.381,127.141,13.636,12.121
104.259,128.199,13.345,11.862
103.854,127.296,13.640,12.125
103.657,128.060,13.349,11.866
103.806,128.407,13.349,11.866
104.352,127.762,13.349,11.866
103.873,128.702,13.065,11.613
104.504,127.974,13.065,11.613
104.358,128.702,13.065,11.613
104.076,129.247,12.786,11.365
104.884,129.770,12.786,11.365
105.312,130.673,12.786,11.365
105.036,131.389,12.513,11.123
104.617,132.273,12.513,11.123
105.299,131.523,12.790,11.369
104.813,130.756,13.073,11.621
105.736,130.027,13.073,11.621
106.076,130.658,13.073,11.621
105.153,131.387,13.073,11.621
105.590,131.727,13.073,11.621
104.790,131.044,13.362,11.878
105.436,131.690,13.362,11.878
105.187,132.236,13.362,11.878
106.032,131.293,13.362,11.878
105.386,130.746,13.362,11.878
104.840,131.392,13.362,11.878
105.485,131.243,13.362,11.878
104.641,130.597,13.362,11.878
104.257,131.346,13.077,11.624
104.256,131.892,12.799,11.376
104.589,131.654,12.799,11.376
105.112,131.416,12.799,11.376
104.494,130.988,12.799,11.376
104.493,131.797,12.526,11.134
104.167,131.657,12.526,11.134
103.934,131.983,12.526,11.134
103.515,132.402,12.526,11.134
104.213,132.914,12.526,11.134
104.123,132.357,12.803,11.380
103.438,132.477,13.086,11.632
103.779,132.915,13.086,11.632
103.827,132.575,13.086,11.632
104.168,133.012,13.086,11.632
103.468,132.026,13.375,11.889
102.822,131.380,13.375,11.889
103.551,130.268,13.671,12.152
104.039,131.035,13.380,11.893
103.655,131.880,13.095,11.640
103.257,130.994,13.384,11.897
103.805,131.442,13.384,11.897
103.257,130.994,13.384,11.897
103.927,132.128,13.099,11.643
104.171,131.495,13.099,11.643
103.246,132.031,13.099,11.643
102.808,131.203,13.099,11.643
103.635,130.667,13.099,11.643
103.295,130.132,13.099,11.643
102.662,129.207,13.099,11.643
103.100,129.548,13.099,11.643
102.662,130.181,13.099,11.643
103.489,129.742,13.099,11.643
103.246,129.986,13.099,11.643
102.710,129.353,13.099,11.643
103.343,129.402,13.099,11.643
103.154,130.042,12.819,11.395
103.869,129.804,12.819,11.395
103.059,129.089,12.819,11.395
103.774,128.565,12.819,11.395
103.631,128.136,12.819,11.395
103.012,128.851,12.819,11.395
103.631,129.470,12.819,11.395
100.915,116.749,12.819,11.395
101.006,116.641,12.546,11.152
101.454,117.434,12.279,10.914
100.798,116.887,12.550,11.156
100.998,117.005,12.828,11.403
101.427,116.576,12.828,11.403
101.760,115.956,12.828,11.403
101.569,115.682,13.112,11.655
101.715,115.048,13.112,11.655
101.374,115.097,13.112,11.655
101.033,114.756,13.112,11.655
100.692,115.097,13.112,11.655
101.103,115.322,13.402,11.913
100.854,115.073,13.402,11.913
100.406,114.027,13.402,11.913
99.792,114.877,13.698,12.176
99.538,115.234,13.698,12.176
99.894,115.590,13.698,12.176
98.825,114.826,13.698,12.176
98.265,114.572,13.698,12.176
98.723,114.215,13.698,12.176
98.202,114.873,14.001,12.446
97.525,114.405,14.001,12.446
97.725,114.487,13.703,12.180
96.757,114.232,13.703,12.180
96.401,114.589,13.703,12.180
96.890,114.081,13.411,11.921
96.409,113.775,13.125,11.666
95.938,114.511,12.845,11.418
95.699,114.368,12.845,11.418
94.983,114.416,12.845,11.418
95.030,114.845,12.845,11.418
94.569,115.841,12.571,11.174
94.616,116.636,12.571,11.174
94.476,116.402,12.571,11.174
93.868,115.608,12.571,11.174
94.102,115.374,12.571,11.174
93.868,115.795,12.571,11.174
93.354,116.028,12.571,11.174
92.841,115.421,12.571,11.174
93.168,115.281,12.571,11.174
92.934,115.140,12.571,11.174
92.513,114.533,12.571,11.174
91.719,115.047,12.571,11.174
91.392,114.813,12.571,11.174
91.065,115.421,12.571,11.174
91.486,115.654,12.571,11.174
90.318,115.421,12.571,11.174
89.617,114.626,12.571,11.174
89.290,115.421,12.571,11.174
88.869,115.561,12.571,11.174
88.449,116.075,12.571,11.174
87.374,115.561,12.571,11.174
86.580,115.795,12.571,11.174
86.066,116.589,12.571,11.174
86.393,116.168,12.571,11.174
85.318,115.561,12.571,11.174
84.524,116.075,12.571,11.174
83.543,115.841,12.571,11.174
82.936,116.636,12.571,11.174
83.076,116.122,12.571,11.174
82.375,116.542,12.571,11.174
81.020,117.243,12.571,11.174
81.067,117.290,12.571,11.174
80.646,117.243,12.571,11.174
79.385,117.009,12.571,11.174
78.404,117.523,12.571,11.174
77.516,118.131,12.571,11.174
77.095,117.430,12.571,11.174
77.142,116.636,12.571,11.174
76.254,117.149,12.571,11.174
76.581,117.009,12.571,11.174
76.815,116.402,12.571,11.174
75.834,116.729,12.571,11.174
75.065,116.169,12.849,11.421
75.468,116.191,13.133,11.674
75.028,115.850,13.133,11.674
74.123,115.974,13.424,11.932
73.405,116.722,13.721,12.196
72.640,116.161,13.721,12.196
71.366,116.620,13.721,12.196
71.009,115.651,13.721,12.196
70.244,115.702,13.721,12.196
69.887,116.671,13.721,12.196
69.020,117.028,13.721,12.196
68.561,116.671,13.721,12.196
68.204,116.416,13.721,12.196
67.235,115.651,13.721,12.196
66.674,116.620,13.721,12.196
34.450,111.988,55.000,49.000
54.907,130.003,13.721,12.196
53.632,130.666,13.721,12.196
52.867,129.697,13.721,12.196
50.878,129.850,13.721,12.196
49.705,129.187,13.721,12.196
47.818,129.646,13.721,12.196
46.849,128.983,13.721,12.196
45.880,129.136,13.721,12.196
44.512,128.208,14.024,12.466
43.104,128.989,14.024,12.466
42.114,129.354,14.024,12.466
41.019,129.094,14.024,12.466
39.091,128.520,14.024,12.466
38.101,129.094,14.024,12.466
36.902,129.771,14.024,12.466
36.433,129.406,14.024,12.466
35.546,130.084,14.024,12.466
