150.000,53.000,40.000,148.000
147.519,57.608,40.000,148.000
145.037,62.217,40.000,148.000
142.556,64.698,40.000,148.000
140.783,63.635,40.000,148.000
138.302,66.825,40.000,148.000
137.239,70.015,40.000,148.000
134.757,71.079,40.000,148.000
131.567,73.560,40.000,148.000
129.085,71.788,40.000,148.000
128.022,74.269,40.000,148.000
126.250,76.041,40.000,148.000
127.313,77.814,40.000,148.000
124.832,74.624,40.000,148.000
123.768,74.269,40.000,148.000
124.123,74.624,40.000,148.000
123.059,72.142,40.000,148.000
121.996,71.079,40.000,148.000
120.932,69.306,40.000,148.000
121.287,68.243,40.000,148.000
118.270,64.767,40.885,151.275
118.632,65.854,40.885,151.275
119.719,68.390,40.885,151.275
118.632,66.578,40.885,151.275
118.270,69.115,40.885,151.275
119.357,69.477,40.885,151.275
119.719,71.289,40.885,151.275
121.531,71.651,40.885,151.275
123.342,73.462,40.885,151.275
123.705,72.376,40.885,151.275
126.241,72.013,40.885,151.275
127.328,70.926,40.885,151.275
129.140,71.289,40.885,151.275
130.227,68.752,40.885,151.275
132.763,72.738,40.885,151.275
134.575,70.926,40.885,151.275
135.250,66.621,41.790,154.621
138.583,62.548,41.790,154.621
140.435,62.177,41.790,154.621
142.287,60.326,41.790,154.621
142.657,60.696,41.790,154.621
143.027,66.992,41.790,154.621
145.620,68.843,41.790,154.621
147.471,69.954,41.790,154.621
150.064,69.584,41.790,154.621
151.915,66.992,41.790,154.621
154.508,67.362,41.790,154.621
157.841,67.732,41.790,154.621
160.433,69.584,41.790,154.621
163.026,70.695,41.790,154.621
164.878,70.325,41.790,154.621
166.729,70.695,41.790,154.621
167.840,71.806,41.790,154.621
169.692,71.436,41.790,154.621
170.062,71.065,41.790,154.621
172.293,70.215,40.898,151.324
173.380,67.678,40.898,151.324
174.165,68.942,40.026,148.097
175.230,67.878,40.026,148.097
172.579,71.167,39.173,144.939
175.704,67.348,39.173,144.939
174.662,69.778,39.173,144.939
175.704,71.514,39.173,144.939
174.662,72.556,39.173,144.939
176.398,71.514,39.173,144.939
175.143,75.402,38.337,141.848
175.482,76.421,38.337,141.848
174.463,75.402,38.337,141.848
174.123,75.741,38.337,141.848
173.104,74.043,38.337,141.848
172.085,73.703,38.337,141.848
170.386,74.043,38.337,141.848
168.687,70.985,38.337,141.848
167.668,67.927,38.337,141.848
164.610,69.626,38.337,141.848
164.271,65.209,38.337,141.848
161.892,62.831,38.337,141.848
159.514,61.132,38.337,141.848
158.495,59.434,38.337,141.848
156.117,60.453,38.337,141.848
154.418,61.472,38.337,141.848
152.040,64.530,38.337,141.848
150.341,68.946,38.337,141.848
147.963,68.607,38.337,141.848
144.905,73.023,38.337,141.848
141.847,76.761,38.337,141.848
138.790,78.459,38.337,141.848
138.450,79.479,38.337,141.848
134.713,79.818,38.337,141.848
133.693,78.799,38.337,141.848
132.674,80.498,38.337,141.848
131.655,80.838,38.337,141.848
130.636,79.818,38.337,141.848
130.296,77.440,38.337,141.848
127.918,75.062,38.337,141.848
126.219,73.363,38.337,141.848
126.559,73.023,38.337,141.848
125.539,74.043,38.337,141.848
124.520,75.062,38.337,141.848
123.501,76.081,38.337,141.848
122.019,73.455,39.186,144.986
121.672,73.802,39.186,144.986
123.408,74.149,39.186,144.986
121.672,73.107,39.186,144.986
124.798,73.455,39.186,144.986
124.004,71.490,40.052,148.194
126.488,72.555,40.052,148.194
125.424,68.651,40.052,148.194
129.328,71.135,40.052,148.194
131.103,69.361,40.052,148.194
132.168,71.135,40.052,148.194
133.566,69.864,40.939,151.473
134.995,66.307,41.844,154.824
136.849,62.969,41.844,154.824
139.445,61.857,41.844,154.824
140.557,60.744,41.844,154.824
142.411,62.598,41.844,154.824
143.524,64.452,41.844,154.824
144.636,68.532,41.844,154.824
143.524,70.386,41.844,154.824
146.120,73.723,41.844,154.824
146.491,76.319,41.844,154.824
147.603,79.656,41.844,154.824
147.692,78.805,40.952,151.523
149.506,80.620,40.952,151.523
150.595,79.531,40.952,151.523
150.958,80.620,40.952,151.523
152.773,81.709,40.952,151.523
154.587,84.249,40.952,151.523
156.402,80.983,40.952,151.523
157.491,78.442,40.952,151.523
159.305,76.628,40.952,151.523
157.491,75.539,40.952,151.523
157.854,73.724,40.952,151.523
158.942,71.910,40.952,151.523
159.305,69.369,40.952,151.523
158.942,66.829,40.952,151.523
161.483,63.563,40.952,151.523
160.394,61.022,40.952,151.523
162.209,58.482,40.952,151.523
162.572,59.570,40.952,151.523
162.935,58.482,40.952,151.523
164.023,60.296,40.952,151.523
162.935,56.304,40.952,151.523
161.846,58.845,40.952,151.523
161.483,56.304,40.952,151.523
162.572,55.941,40.952,151.523
161.483,54.852,40.952,151.523
161.120,53.038,40.952,151.523
160.757,53.401,40.952,151.523
