123.000,87.000,132.000,176.000
123.605,86.395,132.000,176.000
126.629,87.000,132.000,176.000
126.024,85.186,132.000,176.000
127.838,85.790,132.000,176.000
130.862,85.186,132.000,176.000
132.676,84.581,132.000,176.000
133.281,86.395,132.000,176.000
135.095,85.790,132.000,176.000
136.909,87.605,132.000,176.000
138.724,85.790,132.000,176.000
139.328,87.605,132.000,176.000
138.724,87.000,132.000,176.000
140.400,85.680,134.921,179.894
139.782,83.826,134.921,179.894
141.637,84.444,134.921,179.894
143.491,86.299,134.921,179.894
141.637,85.680,134.921,179.894
143.491,83.826,134.921,179.894
144.109,84.444,134.921,179.894
143.491,85.062,134.921,179.894
144.109,83.208,134.921,179.894
141.019,85.062,134.921,179.894
141.637,83.208,134.921,179.894
137.310,85.062,134.921,179.894
134.219,81.972,134.921,179.894
132.365,83.826,134.921,179.894
130.510,81.972,134.921,179.894
129.892,83.826,134.921,179.894
130.510,80.735,134.921,179.894
128.656,83.826,134.921,179.894
130.510,80.735,134.921,179.894
129.892,83.826,134.921,179.894
130.510,81.972,134.921,179.894
131.128,85.062,134.921,179.894
132.983,83.208,134.921,179.894
134.837,85.062,134.921,179.894
134.219,83.208,134.921,179.894
134.837,86.299,134.921,179.894
136.692,84.444,134.921,179.894
136.074,86.299,134.921,179.894
136.692,84.444,134.921,179.894
134.558,84.378,137.906,183.874
133.926,82.483,137.906,183.874
134.558,84.378,137.906,183.874
135.190,82.483,137.906,183.874
134.558,85.642,137.906,183.874
135.190,81.219,137.906,183.874
135.821,84.378,137.906,183.874
136.453,82.483,137.906,183.874
137.085,84.378,137.906,183.874
138.980,81.219,137.906,183.874
139.612,83.114,137.906,183.874
141.508,79.955,137.906,183.874
142.139,81.851,137.906,183.874
144.035,79.955,137.906,183.874
142.139,81.851,137.906,183.874
144.035,78.692,137.906,183.874
144.667,80.587,137.906,183.874
142.771,79.955,137.906,183.874
143.403,80.587,137.906,183.874
144.035,78.692,137.906,183.874
140.876,80.587,137.906,183.874
141.508,77.428,137.906,183.874
139.612,81.851,137.906,183.874
137.717,78.692,137.906,183.874
138.349,80.587,137.906,183.874
136.453,78.692,137.906,183.874
138.349,80.587,137.906,183.874
135.190,78.692,137.906,183.874
137.085,80.587,137.906,183.874
133.926,79.955,137.906,183.874
137.085,79.324,137.906,183.874
135.190,81.219,137.906,183.874
135.821,78.060,137.906,183.874
135.190,79.955,137.906,183.874
135.821,79.324,137.906,183.874
133.926,81.219,137.906,183.874
137.085,79.324,137.906,183.874
135.190,82.483,137.906,183.874
138.349,79.324,137.906,183.874
137.717,82.483,137.906,183.874
138.349,80.587,137.906,183.874
141.508,82.483,137.906,183.874
140.876,84.378,137.906,183.874
141.508,82.483,137.906,183.874
143.403,85.642,137.906,183.874
141.508,85.010,137.906,183.874
144.667,85.642,137.906,183.874
142.771,85.010,137.906,183.874
144.667,84.378,137.906,183.874
144.035,87.537,137.906,183.874
145.930,84.378,137.906,183.874
146.562,87.537,137.906,183.874
147.194,86.905,137.906,183.874
147.826,87.537,137.906,183.874
148.457,88.169,137.906,183.874
149.089,85.010,137.906,183.874
147.194,88.169,137.906,183.874
147.826,83.746,137.906,183.874
147.194,86.905,137.906,183.874
146.562,83.746,137.906,183.874
145.930,86.905,137.906,183.874
147.826,82.483,137.906,183.874
147.194,85.642,137.906,183.874
149.089,82.483,137.906,183.874
149.721,85.642,137.906,183.874
150.353,79.955,137.906,183.874
153.512,84.378,137.906,183.874
152.880,82.483,137.906,183.874
154.776,83.114,137.906,183.874
156.671,81.219,137.906,183.874
157.303,81.851,137.906,183.874
160.462,79.955,137.906,183.874
162.357,81.851,137.906,183.874
164.253,78.692,137.906,183.874
167.412,80.587,137.906,183.874
170.571,78.692,137.906,183.874
172.466,79.324,137.906,183.874
175.625,79.955,137.906,183.874
178.784,76.796,137.906,183.874
181.943,78.692,137.906,183.874
185.102,74.269,137.906,183.874
189.525,77.428,137.906,183.874
192.684,73.005,137.906,183.874
195.843,74.901,137.906,183.874
200.266,70.478,137.906,183.874
204.688,72.374,137.906,183.874
210.421,68.854,134.965,179.953
214.750,70.709,134.965,179.953
220.315,67.617,134.965,179.953
225.880,65.762,134.965,179.953
230.208,65.144,134.965,179.953
234.536,63.289,134.965,179.953
240.101,61.434,134.965,179.953
244.430,63.289,134.965,179.953
247.521,61.434,134.965,179.953
250.613,63.289,134.965,179.953
253.705,63.907,134.965,179.953
256.796,65.762,134.965,179.953
259.888,66.380,134.965,179.953
264.216,65.762,134.965,179.953
268.545,67.617,134.965,179.953
270.400,68.235,134.965,179.953
277.201,68.854,134.965,179.953
282.766,69.472,134.965,179.953
287.095,70.090,134.965,179.953
293.898,73.797,132.087,176.115
300.554,74.402,132.087,176.115
304.790,75.007,132.087,176.115
310.237,74.402,132.087,176.115
315.683,75.007,132.087,176.115
323.550,74.402,132.087,176.115
328.996,75.007,132.087,176.115
335.653,73.192,132.087,176.115
344.644,74.486,129.270,172.360
349.974,73.894,129.270,172.360
356.489,74.486,129.270,172.360
364.188,72.710,129.270,172.360
370.703,73.302,129.270,172.360
378.360,74.569,126.513,168.684
384.737,74.691,123.815,165.087
392.111,75.259,123.815,165.087
394.948,76.960,123.815,165.087
402.282,74.893,121.175,161.566
406.168,76.559,121.175,161.566
408.944,78.224,121.175,161.566
411.720,77.669,121.175,161.566
415.606,78.224,121.175,161.566
416.161,78.780,121.175,161.566
418.937,79.335,121.175,161.566
420.602,82.111,121.175,161.566
422.268,82.666,121.175,161.566
423.933,84.331,121.175,161.566
424.488,85.997,121.175,161.566
426.154,87.662,121.175,161.566
425.599,89.328,121.175,161.566
426.154,88.772,121.175,161.566
424.488,89.328,121.175,161.566
425.043,90.993,121.175,161.566
422.268,90.438,121.175,161.566
420.602,90.993,121.175,161.566
418.937,91.548,121.175,161.566
416.161,90.993,121.175,161.566
413.385,91.548,121.175,161.566
412.830,92.103,121.175,161.566
411.164,91.548,121.175,161.566
408.389,90.993,121.175,161.566
407.834,90.438,121.175,161.566
407.278,89.883,121.175,161.566
404.503,90.438,121.175,161.566
402.837,89.883,121.175,161.566
402.282,89.328,121.175,161.566
399.506,90.993,121.175,161.566
397.841,90.438,121.175,161.566
398.396,90.993,121.175,161.566
396.730,92.658,121.175,161.566
397.286,93.214,121.175,161.566
395.620,93.769,121.175,161.566
395.065,94.324,121.175,161.566
393.399,97.100,121.175,161.566
391.734,99.875,121.175,161.566
388.958,102.651,121.175,161.566
385.072,105.427,121.175,161.566
381.186,103.762,121.175,161.566
378.410,108.758,121.175,161.566
376.745,112.644,121.175,161.566
373.969,117.640,121.175,161.566
374.524,117.085,121.175,161.566
371.748,122.082,121.175,161.566
368.680,126.630,123.856,165.141
376.057,136.277,123.856,165.141
374.354,143.653,123.856,165.141
369.247,144.221,123.856,165.141
366.410,143.653,123.856,165.141
362.438,140.816,123.856,165.141
358.466,144.788,123.856,165.141
356.764,146.490,123.856,165.141
358.466,148.193,123.856,165.141
357.899,149.895,123.856,165.141
358.466,151.597,123.856,165.141
356.764,152.165,123.856,165.141
357.331,155.002,123.856,165.141
356.764,155.569,123.856,165.141
357.331,157.272,123.856,165.141
356.764,160.109,123.856,165.141
356.196,162.946,123.856,165.141
357.770,162.885,126.596,168.795
357.190,164.625,126.596,168.795
357.770,166.365,126.596,168.795
357.190,165.785,126.596,168.795
358.930,168.685,126.596,168.795
356.030,170.425,126.596,168.795
358.930,169.845,126.596,168.795
356.030,171.585,126.596,168.795
356.610,171.005,126.596,168.795
354.870,171.585,126.596,168.795
356.610,172.165,126.596,168.795
353.710,171.585,126.596,168.795
354.290,172.165,126.596,168.795
352.550,171.585,126.596,168.795
353.130,172.165,126.596,168.795
352.550,171.585,126.596,168.795
350.810,172.165,126.596,168.795
349.070,171.585,126.596,168.795
350.810,171.005,126.596,168.795
347.910,170.425,126.596,168.795
348.490,167.525,126.596,168.795
346.750,166.945,126.596,168.795
347.330,165.205,126.596,168.795
344.430,164.625,126.596,168.795
345.010,162.885,126.596,168.795
344.430,163.465,126.596,168.795
342.690,160.565,126.596,168.795
342.110,159.985,126.596,168.795
340.370,160.565,126.596,168.795
337.470,157.665,126.596,168.795
336.890,159.405,126.596,168.795
333.990,157.665,126.596,168.795
332.250,158.245,126.596,168.795
328.190,157.665,126.596,168.795
326.450,159.405,126.596,168.795
321.230,159.985,126.596,168.795
317.170,160.565,126.596,168.795
315.430,162.305,126.596,168.795
310.210,161.725,126.596,168.795
306.150,163.465,126.596,168.795
303.250,164.045,126.596,168.795
299.190,166.945,126.596,168.795
297.188,166.883,129.397,172.529
293.038,165.105,129.397,172.529
290.074,166.883,129.397,172.529
285.925,166.290,129.397,172.529
282.960,166.883,129.397,172.529
277.625,165.105,129.397,172.529
273.475,164.512,129.397,172.529
268.140,163.919,129.397,172.529
261.619,160.955,129.397,172.529
256.283,161.548,129.397,172.529
250.948,158.584,129.397,172.529
245.613,159.177,129.397,172.529
240.277,155.027,129.397,172.529
236.127,154.434,129.397,172.529
231.978,152.655,129.397,172.529
227.828,150.877,129.397,172.529
224.864,147.913,129.397,172.529
220.714,144.949,129.397,172.529
217.750,141.985,129.397,172.529
213.243,139.461,132.260,176.347
210.213,135.219,132.260,176.347
208.395,135.825,132.260,176.347
205.046,131.988,135.186,180.248
200.711,128.892,135.186,180.248
203.808,129.511,135.186,180.248
198.234,123.937,135.186,180.248
197.614,125.795,135.186,180.248
195.756,122.698,135.186,180.248
193.898,124.556,135.186,180.248
190.801,120.221,135.186,180.248
189.948,120.155,138.177,184.236
188.049,119.522,138.177,184.236
186.150,118.889,138.177,184.236
184.251,118.255,138.177,184.236
181.086,117.622,138.177,184.236
179.187,116.989,138.177,184.236
178.554,117.622,138.177,184.236
175.388,115.723,138.177,184.236
173.489,113.824,138.177,184.236
170.324,113.191,138.177,184.236
172.223,112.558,138.177,184.236
167.792,111.925,138.177,184.236
167.159,110.026,138.177,184.236
165.259,109.393,138.177,184.236
165.893,106.227,138.177,184.236
162.727,108.127,138.177,184.236
160.828,104.961,138.177,184.236
160.195,105.594,138.177,184.236
158.296,103.695,138.177,184.236
157.663,103.062,138.177,184.236
153.232,102.429,138.177,184.236
155.131,103.062,138.177,184.236
153.232,99.897,138.177,184.236
152.598,100.530,138.177,184.236
151.965,97.365,138.177,184.236
152.598,99.264,138.177,184.236
151.965,97.365,138.177,184.236
152.598,96.732,138.177,184.236
151.965,93.566,138.177,184.236
152.598,91.667,138.177,184.236
150.699,89.768,138.177,184.236
151.332,90.401,138.177,184.236
150.699,87.236,138.177,184.236
148.800,90.401,138.177,184.236
149.433,87.236,138.177,184.236
147.534,89.135,138.177,184.236
148.167,88.502,138.177,184.236
147.534,87.869,138.177,184.236
148.167,91.034,138.177,184.236
147.534,90.401,138.177,184.236
148.167,92.300,138.177,184.236
148.800,92.933,138.177,184.236
148.167,93.566,138.177,184.236
151.332,92.933,138.177,184.236
153.232,93.566,138.177,184.236
155.131,92.933,138.177,184.236
157.030,93.566,138.177,184.236
158.929,94.199,138.177,184.236
158.296,96.099,138.177,184.236
158.929,97.998,138.177,184.236
160.684,95.303,141.234,188.312
163.920,97.244,141.234,188.312
164.567,97.891,141.234,188.312
167.802,98.538,141.234,188.312
169.743,97.891,141.234,188.312
170.390,99.832,141.234,188.312
172.331,100.479,141.234,188.312
174.273,98.538,141.234,188.312
173.382,98.469,144.359,192.479
174.043,97.808,144.359,192.479
170.736,97.146,144.359,192.479
170.075,99.130,144.359,192.479
168.091,98.469,144.359,192.479
168.752,99.130,144.359,192.479
166.768,98.469,144.359,192.479
171.397,95.162,144.359,192.479
172.059,95.823,144.359,192.479
174.043,99.130,144.359,192.479
174.504,93.570,147.553,196.737
173.828,92.894,147.553,196.737
173.152,89.514,147.553,196.737
172.476,88.838,147.553,196.737
171.800,90.866,147.553,196.737
172.476,88.838,147.553,196.737
173.152,89.514,147.553,196.737
172.476,86.134,147.553,196.737
174.504,86.810,147.553,196.737
173.828,86.134,147.553,196.737
174.504,84.106,147.553,196.737
175.180,86.134,147.553,196.737
175.856,84.106,147.553,196.737
176.532,86.134,147.553,196.737
179.912,82.754,147.553,196.737
180.588,86.134,147.553,196.737
182.617,85.458,147.553,196.737
184.645,86.134,147.553,196.737
186.673,88.162,147.553,196.737
184.645,88.838,147.553,196.737
185.566,92.891,144.407,192.542
187.744,94.306,141.327,188.436
190.981,93.658,141.327,188.436
186.449,95.601,141.327,188.436
190.981,96.248,141.327,188.436
189.039,98.191,141.327,188.436
190.981,96.248,141.327,188.436
189.039,98.191,141.327,188.436
190.981,97.543,141.327,188.436
190.334,99.486,141.327,188.436
189.686,97.543,141.327,188.436
192.923,99.486,141.327,188.436
189.686,97.543,141.327,188.436
191.629,100.781,141.327,188.436
188.391,98.838,141.327,188.436
190.334,102.076,141.327,188.436
188.391,98.838,141.327,188.436
189.039,100.781,141.327,188.436
187.096,100.133,141.327,188.436
189.039,100.781,141.327,188.436
187.096,98.838,141.327,188.436
189.039,100.781,141.327,188.436
187.096,98.838,141.327,188.436
189.039,100.781,141.327,188.436
188.391,98.838,141.327,188.436
189.039,100.781,141.327,188.436
188.391,97.543,141.327,188.436
189.039,100.781,141.327,188.436
188.391,97.543,141.327,188.436
189.039,99.486,141.327,188.436
188.391,97.543,141.327,188.436
189.039,98.191,141.327,188.436
189.686,98.838,141.327,188.436
189.039,98.191,141.327,188.436
188.391,100.133,141.327,188.436
189.039,98.191,141.327,188.436
188.391,100.133,141.327,188.436
189.039,98.191,141.327,188.436
188.391,101.428,141.327,188.436
189.039,96.896,141.327,188.436
189.686,101.428,141.327,188.436
189.039,98.191,141.327,188.436
188.391,102.723,141.327,188.436
189.039,99.486,141.327,188.436
188.391,102.723,141.327,188.436
190.334,100.781,141.327,188.436
189.686,102.723,141.327,188.436
190.334,100.781,141.327,188.436
189.686,102.723,141.327,188.436
190.334,102.076,141.327,188.436
189.686,104.018,141.327,188.436
190.334,102.076,141.327,188.436
189.686,105.313,141.327,188.436
190.334,100.781,141.327,188.436
189.686,105.313,141.327,188.436
190.334,100.781,141.327,188.436
189.686,105.313,141.327,188.436
190.334,102.076,141.327,188.436
189.686,106.608,141.327,188.436
190.334,103.371,141.327,188.436
189.686,106.608,141.327,188.436
190.334,103.371,141.327,188.436
190.981,106.608,141.327,188.436
190.334,104.666,141.327,188.436
190.981,107.903,141.327,188.436
190.334,104.666,141.327,188.436
192.276,107.903,141.327,188.436
191.629,105.961,141.327,188.436
190.981,109.198,141.327,188.436
191.629,107.256,141.327,188.436
192.276,109.198,141.327,188.436
191.629,105.961,141.327,188.436
192.276,109.198,141.327,188.436
191.629,107.256,141.327,188.436
190.981,110.493,141.327,188.436
191.629,105.961,141.327,188.436
193.571,110.493,141.327,188.436
192.923,105.961,141.327,188.436
192.276,110.493,141.327,188.436
192.923,105.961,141.327,188.436
192.276,110.493,141.327,188.436
192.923,105.961,141.327,188.436
192.276,110.493,141.327,188.436
192.923,105.961,141.327,188.436
192.276,110.493,141.327,188.436
194.218,105.961,141.327,188.436
193.571,110.493,141.327,188.436
196.808,107.256,141.327,188.436
197.456,111.788,141.327,188.436
196.808,107.256,141.327,188.436
200.046,111.788,141.327,188.436
198.103,108.550,141.327,188.436
198.751,111.788,141.327,188.436
199.398,108.550,141.327,188.436
200.046,110.493,141.327,188.436
200.693,108.550,141.327,188.436
203.931,110.493,141.327,188.436
201.988,108.550,141.327,188.436
205.226,110.493,141.327,188.436
207.168,109.845,141.327,188.436
209.110,111.788,141.327,188.436
211.053,109.845,141.327,188.436
214.290,113.083,141.327,188.436
216.233,111.140,141.327,188.436
219.470,113.083,141.327,188.436
222.708,112.435,141.327,188.436
224.650,111.788,141.327,188.436
226.592,113.730,141.327,188.436
228.535,110.493,141.327,188.436
231.772,113.730,141.327,188.436
232.420,111.788,141.327,188.436
234.362,113.730,141.327,188.436
236.305,113.083,141.327,188.436
236.952,115.025,141.327,188.436
237.600,113.083,141.327,188.436
240.837,115.025,141.327,188.436
241.485,114.378,141.327,188.436
243.427,112.435,141.327,188.436
245.369,114.378,141.327,188.436
247.312,112.435,141.327,188.436
249.254,115.673,141.327,188.436
249.902,113.730,141.327,188.436
251.844,113.083,141.327,188.436
252.492,115.025,141.327,188.436
254.434,111.788,141.327,188.436
256.377,111.140,141.327,188.436
258.319,110.493,141.327,188.436
261.556,107.256,141.327,188.436
263.499,110.493,141.327,188.436
264.146,107.256,141.327,188.436
266.089,107.903,141.327,188.436
268.031,105.961,141.327,188.436
269.974,106.608,141.327,188.436
271.916,104.666,141.327,188.436
273.859,105.313,141.327,188.436
275.801,103.371,141.327,188.436
279.038,102.723,141.327,188.436
279.686,103.371,141.327,188.436
282.923,100.133,141.327,188.436
284.866,102.076,141.327,188.436
288.103,98.838,141.327,188.436
290.046,98.191,141.327,188.436
293.283,96.248,141.327,188.436
295.225,96.896,141.327,188.436
298.463,94.953,141.327,188.436
300.405,94.306,141.327,188.436
303.643,92.363,141.327,188.436
305.585,93.011,141.327,188.436
307.528,93.658,141.327,188.436
308.175,91.716,141.327,188.436
311.412,92.363,141.327,188.436
312.060,91.716,141.327,188.436
311.412,92.363,141.327,188.436
314.650,89.126,141.327,188.436
312.707,92.363,141.327,188.436
313.355,90.421,141.327,188.436
311.412,92.363,141.327,188.436
307.834,90.951,144.454,192.605
305.848,94.260,144.454,192.605
302.539,96.245,144.454,192.605
298.881,93.428,147.650,196.866
296.546,97.566,150.917,201.222
292.725,97.492,154.256,205.674
289.191,102.439,154.256,205.674
285.658,100.319,154.256,205.674
283.537,102.439,154.256,205.674
280.004,105.973,154.256,205.674
276.470,109.506,154.256,205.674
272.937,110.213,154.256,205.674
266.576,115.160,154.256,205.674
262.670,118.017,157.669,210.225
259.058,121.629,157.669,210.225
255.447,125.241,157.669,210.225
248.946,124.519,157.669,210.225
241.955,128.938,161.157,214.876
239.740,129.676,161.157,214.876
239.002,127.461,161.157,214.876
236.453,128.914,164.723,219.630
232.680,123.632,164.723,219.630
234.944,116.840,164.723,219.630
232.680,108.538,164.723,219.630
228.906,97.218,164.723,219.630
228.152,84.389,164.723,219.630
225.888,71.559,164.723,219.630
223.624,55.711,164.723,219.630
221.360,41.373,164.723,219.630
219.096,31.562,164.723,219.630
216.832,24.770,164.723,219.630
213.058,17.978,164.723,219.630
210.794,9.677,164.723,219.630
210.040,1.375,164.723,219.630
207.776,5.149,164.723,219.630
205.512,-3.153,164.723,219.630
203.248,0.621,164.723,219.630
202.822,5.145,161.210,214.946
200.606,7.361,161.210,214.946
198.390,9.576,161.210,214.946
196.175,13.269,161.210,214.946
192.482,16.962,161.210,214.946
192.065,22.813,157.772,210.363
193.051,28.540,154.407,205.877
192.652,34.144,151.115,201.486
190.575,32.067,151.115,201.486
190.184,38.887,147.892,197.189
186.796,36.854,147.892,197.189
187.720,39.610,144.738,192.984
186.068,43.585,141.652,188.869
185.419,41.638,141.652,188.869
182.550,46.779,138.631,184.841
180.968,46.914,135.675,180.899
180.346,46.292,135.675,180.899
175.995,48.157,135.675,180.899
172.887,48.778,135.675,180.899
169.779,50.643,135.675,180.899
167.914,52.508,135.675,180.899
164.807,56.859,135.675,180.899
161.699,59.967,135.675,180.899
159.834,63.075,135.675,180.899
157.969,64.940,135.675,180.899
157.348,68.048,135.675,180.899
159.212,71.155,135.675,180.899
157.348,70.534,135.675,180.899
156.726,73.642,135.675,180.899
156.104,74.263,135.675,180.899
156.726,77.371,135.675,180.899
154.861,80.479,135.675,180.899
152.996,84.830,135.675,180.899
152.375,89.181,135.675,180.899
151.753,91.046,135.675,180.899
148.645,95.397,135.675,180.899
150.510,98.505,135.675,180.899
147.402,102.856,135.675,180.899
144.294,105.964,135.675,180.899
144.916,107.829,135.675,180.899
143.051,110.937,135.675,180.899
144.916,112.802,135.675,180.899
145.537,110.937,135.675,180.899
149.888,114.045,135.675,180.899
149.267,114.666,135.675,180.899
154.861,115.288,135.675,180.899
160.455,115.910,135.675,180.899
159.834,117.774,135.675,180.899
164.185,118.396,135.675,180.899
167.293,117.774,135.675,180.899
172.933,122.699,132.781,177.042
173.542,123.307,132.781,177.042
172.933,125.132,132.781,177.042
174.758,118.440,132.781,177.042
171.717,121.482,132.781,177.042
171.108,116.007,132.781,177.042
172.933,112.966,132.781,177.042
171.108,109.924,132.781,177.042
169.283,103.232,132.781,177.042
166.242,100.191,132.781,177.042
167.071,97.974,129.950,173.266
164.094,100.951,129.950,173.266
162.308,97.974,129.950,173.266
160.522,98.569,129.950,173.266
159.927,96.783,129.950,173.266
156.950,96.188,129.950,173.266
156.355,97.974,129.950,173.266
153.378,98.569,129.950,173.266
153.973,97.974,129.950,173.266
155.759,100.951,129.950,173.266
157.545,103.928,129.950,173.266
161.713,102.141,129.950,173.266
163.499,101.546,129.950,173.266
170.048,100.951,129.950,173.266
176.598,101.077,127.178,169.571
183.007,105.155,127.178,169.571
180.094,109.234,127.178,169.571
186.503,103.990,127.178,169.571
178.447,109.973,129.992,173.323
180.098,102.494,132.868,177.158
174.207,106.219,135.808,181.077
177.318,111.818,135.808,181.077
181.626,104.005,138.813,185.084
177.174,102.098,138.813,185.084
181.577,96.751,141.884,189.179
178.327,93.501,141.884,189.179
169.876,100.651,141.884,189.179
164.026,100.001,141.884,189.179
167.276,98.051,141.884,189.179
162.726,105.201,141.884,189.179
167.276,100.651,141.884,189.179
170.526,97.401,141.884,189.179
164.676,105.852,141.884,189.179
166.478,97.689,145.023,193.364
166.942,97.618,148.232,197.643
170.234,89.090,151.512,202.015
169.278,93.337,154.864,206.485
175.664,86.952,154.864,206.485
173.896,100.779,151.561,202.082
177.520,100.926,148.329,197.772
180.918,102.964,148.329,197.772
182.956,102.285,148.329,197.772
187.661,96.572,151.611,202.148
195.352,97.939,154.965,206.620
203.162,94.389,154.965,206.620
198.192,100.778,154.965,206.620
200.160,94.810,158.394,211.192
196.150,85.698,161.898,215.864
192.441,93.857,161.898,215.864
190.216,91.631,161.898,215.864
139.944,86.935,165.480,220.640
124.741,82.134,169.142,225.522
117.767,78.260,169.142,225.522
116.992,72.835,169.142,225.522
119.317,70.510,169.142,225.522
116.642,78.467,172.884,230.512
123.769,66.878,176.709,235.612
106.767,75.783,176.709,235.612
110.692,75.697,180.619,240.825
116.485,79.834,180.619,240.825
123.930,74.594,184.615,246.153
133.234,75.440,184.615,246.153
142.538,77.978,184.615,246.153
151.842,77.132,184.615,246.153
154.379,74.594,184.615,246.153
168.758,75.440,184.615,246.153
178.123,70.085,188.699,251.599
192.820,67.491,188.699,251.599
205.980,70.986,192.874,257.166
219.235,73.637,192.874,257.166
230.660,78.934,188.761,251.682
243.632,74.610,188.761,251.682
246.227,78.934,188.761,251.682
255.739,74.610,188.761,251.682
261.793,73.746,188.761,251.682
257.469,78.070,188.761,251.682
241.922,79.771,192.938,257.250
230.431,89.495,192.938,257.250
217.172,90.379,192.938,257.250
219.824,84.191,192.938,257.250
222.733,79.266,188.823,251.764
225.329,69.750,188.823,251.764
228.176,76.604,184.796,246.395
237.490,78.415,180.856,241.141
243.290,84.215,180.856,241.141
245.776,88.358,180.856,241.141
243.711,93.325,176.999,235.998
236.413,86.027,176.999,235.998
235.956,92.451,173.224,230.966
228.813,91.658,173.224,230.966
223.776,102.535,169.530,226.040
220.343,114.677,165.915,221.220
225.664,127.599,165.915,221.220
227.944,140.521,165.915,221.220
234.842,137.751,162.377,216.502
232.274,123.779,165.969,221.292
245.200,132.143,165.969,221.292
252.044,122.258,165.969,221.292
260.408,121.498,165.969,221.292
273.171,124.591,162.430,216.573
284.227,130.486,158.966,211.955
295.048,126.428,155.576,207.435
307.165,137.120,155.576,207.435
316.381,134.523,152.258,203.011
325.449,146.381,152.258,203.011
335.913,155.449,152.258,203.011
344.981,151.962,152.258,203.011
352.654,163.820,152.258,203.011
363.018,173.381,149.012,198.682
367.797,171.333,149.012,198.682
373.941,173.381,149.012,198.682
375.989,172.698,149.012,198.682
383.499,178.842,149.012,198.682
385.547,184.986,149.012,198.682
386.230,181.573,149.012,198.682
393.739,186.352,149.012,198.682
387.595,178.842,149.012,198.682
396.470,184.986,149.012,198.682
396.085,183.815,145.834,194.445
402.098,188.492,145.834,194.445
401.430,187.824,145.834,194.445
412.644,195.693,142.724,190.298
413.298,189.808,142.724,190.298
417.875,191.770,142.724,190.298
423.809,190.647,139.680,186.240
418.050,196.407,139.680,186.240
416.130,193.207,139.680,186.240
414.210,196.407,139.680,186.240
411.010,195.767,139.680,186.240
418.051,202.070,136.701,182.269
411.162,197.686,136.701,182.269
402.502,202.817,139.726,186.301
404.422,200.897,139.726,186.301
399.941,198.977,139.726,186.301
399.580,200.346,136.746,182.328
398.019,204.102,133.830,178.440
396.180,202.262,133.830,178.440
393.114,207.780,133.830,178.440
387.181,201.354,136.791,182.388
390.451,208.735,133.874,178.499
388.611,204.441,133.874,178.499
387.083,205.754,131.019,174.692
385.282,202.752,131.019,174.692
385.882,210.556,131.019,174.692
384.387,204.897,128.225,170.967
384.974,210.184,128.225,170.967
382.378,205.779,125.491,167.321
384.102,213.253,125.491,167.321
382.378,204.629,125.491,167.321
382.053,200.317,122.815,163.753
384.867,197.504,122.815,163.753
376.957,205.216,120.196,160.261
376.406,196.956,120.196,160.261
371.450,200.810,120.196,160.261
372.000,204.665,120.196,160.261
368.505,212.212,117.632,156.843
367.162,220.637,115.124,153.498
364.525,215.890,115.124,153.498
365.244,221.086,112.669,150.225
363.958,220.200,110.266,147.021
360.118,210.712,112.706,150.274
363.808,219.779,110.302,147.070
364.497,224.757,107.950,143.933
363.013,223.273,107.950,143.933
360.540,218.822,107.950,143.933
359.308,218.927,105.648,140.864
363.700,223.695,103.395,137.860
357.150,212.832,105.683,140.910
356.666,216.221,105.683,140.910
351.726,216.323,103.429,137.905
349.632,220.077,101.223,134.964
348.240,218.686,101.223,134.964
348.873,219.678,99.065,132.086
347.742,220.649,96.952,129.269
347.491,224.168,94.884,126.513
348.922,225.936,92.861,123.815
346.222,226.846,90.881,121.174
348.303,228.095,90.881,121.174
347.266,228.183,88.943,118.590
346.250,230.626,87.046,116.061
346.025,231.479,85.190,113.586
345.635,233.431,85.190,113.586
345.415,235.771,83.373,111.164
345.797,236.916,83.373,111.164
343.887,238.062,83.373,111.164
343.505,237.680,83.373,111.164
340.831,235.007,83.373,111.164
338.921,233.861,83.373,111.164
336.248,232.715,83.373,111.164
333.574,232.333,83.373,111.164
327.844,229.659,83.373,111.164
323.947,228.267,81.595,108.793
319.835,227.893,81.595,108.793
314.976,229.015,81.595,108.793
306.378,227.146,81.595,108.793
300.770,228.267,81.595,108.793
295.163,228.641,81.595,108.793
289.994,226.274,83.400,111.200
284.263,227.420,83.400,111.200
278.531,227.802,83.400,111.200
275.857,228.184,83.400,111.200
270.573,226.558,85.246,113.661
267.840,226.948,85.246,113.661
265.681,225.286,87.132,116.175
263.475,222.758,89.059,118.746
263.067,222.350,89.059,118.746
261.843,221.942,89.059,118.746
262.251,221.534,89.059,118.746
263.475,223.574,89.059,118.746
265.515,227.246,89.059,118.746
270.003,231.735,89.059,118.746
274.491,246.831,89.059,118.746
270.543,241.708,91.030,121.373
266.789,236.286,91.030,121.373
261.023,225.857,93.044,124.058
257.186,215.200,93.044,124.058
260.170,221.594,93.044,124.058
255.821,226.615,91.060,121.413
252.369,225.095,89.118,118.824
249.777,224.394,87.217,116.290
245.700,228.330,85.357,113.810
242.181,224.811,85.357,113.810
238.661,222.073,85.357,113.810
233.918,219.894,83.537,111.383
230.473,217.215,83.537,111.383
226.568,215.821,81.756,109.008
226.943,218.443,81.756,109.008
219.826,215.821,81.756,109.008
213.870,212.672,83.565,111.419
212.721,215.352,83.565,111.419
208.510,214.203,83.565,111.419
206.596,215.352,83.565,111.419
203.916,213.437,83.565,111.419
200.470,212.289,83.565,111.419
196.259,215.735,83.565,111.419
195.876,215.352,83.565,111.419
192.171,212.133,85.413,113.884
185.137,208.843,87.303,116.404
182.337,207.643,87.303,116.404
176.806,200.961,89.235,118.980
171.492,199.735,89.235,118.980
169.448,203.414,89.235,118.980
164.643,199.977,91.209,121.612
164.068,204.268,93.227,124.303
165.349,208.966,93.227,124.303
180.713,209.806,95.290,127.053
195.120,216.355,95.290,127.053
200.795,212.426,95.290,127.053
188.767,206.627,93.258,124.343
190.903,203.636,93.258,124.343
196.458,202.355,93.258,124.343
202.075,199.649,95.321,127.095
221.409,202.321,97.430,129.907
237.032,192.055,97.430,129.907
244.621,189.823,97.430,129.907
254.694,188.196,95.352,127.136
263.868,184.265,95.352,127.136
269.517,183.515,93.319,124.425
268.234,181.377,93.319,124.425
268.662,180.095,93.319,124.425
261.393,183.942,93.319,124.425
262.801,181.560,91.329,121.772
259.035,180.305,91.329,121.772
255.269,178.213,91.329,121.772
250.666,177.795,91.329,121.772
243.171,183.529,89.381,119.175
237.848,181.482,89.381,119.175
233.343,183.529,89.381,119.175
241.124,182.301,89.381,119.175
247.997,182.387,87.475,116.633
259.359,180.155,85.610,114.146
267.596,179.762,85.610,114.146
274.263,182.508,85.610,114.146
279.335,188.640,83.784,111.712
285.092,193.630,83.784,111.712
287.096,199.630,81.997,109.330
284.711,203.331,80.249,106.998
287.339,207.661,78.537,104.716
291.297,207.043,76.862,102.483
289.741,209.833,75.223,100.298
293.533,207.249,73.619,98.159
297.244,204.069,72.049,96.066
296.253,201.759,72.049,96.066
294.603,206.710,72.049,96.066
292.292,207.040,72.049,96.066
292.622,206.050,72.049,96.066
295.593,206.380,72.049,96.066
295.923,204.729,72.049,96.066
292.952,203.739,72.049,96.066
289.982,206.050,72.049,96.066
287.671,202.419,72.049,96.066
290.642,200.108,72.049,96.066
292.952,203.079,72.049,96.066
295.923,206.050,72.049,96.066
301.535,214.302,72.049,96.066
302.525,219.253,72.049,96.066
307.476,224.205,72.049,96.066
313.748,228.496,72.049,96.066
320.680,234.768,72.049,96.066
326.951,241.039,72.049,96.066
341.401,248.109,70.513,94.017
354.919,255.650,69.009,92.012
361.558,268.612,69.009,92.012
366.300,281.575,69.009,92.012
376.101,286.317,69.009,92.012
388.112,291.260,67.537,90.050
399.561,293.426,67.537,90.050
411.009,297.448,67.537,90.050
425.150,292.146,66.097,88.130
436.070,290.458,64.688,86.250
441.045,293.949,63.308,84.411
445.354,297.365,61.958,82.611
450.119,301.255,60.637,80.849
453.730,303.756,60.637,80.849
457.858,307.028,59.344,79.125
461.373,311.802,58.078,77.438
463.236,316.325,58.078,77.438
465.098,320.849,58.078,77.438
462.703,327.501,58.078,77.438
460.841,333.089,58.078,77.438
458.446,340.805,58.078,77.438
456.757,345.478,56.840,75.786
453.096,353.063,55.628,74.170
445.706,361.473,55.628,74.170
440.354,366.825,55.628,74.170
433.982,377.274,55.628,74.170
429.140,387.723,55.628,74.170
425.317,394.094,55.628,74.170
422.514,400.465,55.628,74.170
419.710,405.308,55.628,74.170
419.567,412.731,54.441,72.588
416.118,418.915,55.646,74.194
412.294,424.268,55.646,74.194
411.019,428.602,55.646,74.194
431.299,389.958,56.877,75.836
429.996,389.177,56.877,75.836
430.778,391.522,56.877,75.836
432.081,393.346,56.877,75.836
432.341,393.085,56.877,75.836
434.165,392.303,56.877,75.836
435.468,392.564,56.877,75.836
438.837,392.117,55.664,74.219
441.643,390.332,55.664,74.219
444.466,387.129,56.896,75.861
445.730,383.315,58.154,77.539
447.595,377.720,58.154,77.539
446.123,368.293,59.441,79.255
448.029,358.217,59.441,79.255
421.069,397.160,59.441,79.255
420.252,393.075,59.441,79.255
422.158,386.812,59.441,79.255
421.341,381.637,59.441,79.255
423.247,375.919,59.441,79.255
421.886,369.655,59.441,79.255
422.158,365.026,59.441,79.255
422.975,360.396,59.441,79.255
423.247,356.856,59.441,79.255
424.064,353.860,59.441,79.255
422.158,351.409,59.441,79.255
424.064,348.958,59.441,79.255
422.336,347.966,58.173,77.565
422.522,345.725,59.461,79.281
422.249,345.453,59.461,79.281
423.066,343.546,59.461,79.281
421.704,342.729,59.461,79.281
423.590,341.569,60.776,81.035
408.185,299.940,62.121,82.828
408.384,294.595,63.495,84.660
406.929,292.559,63.495,84.660
408.384,291.104,63.495,84.660
407.511,291.395,63.495,84.660
408.384,287.613,63.495,84.660
407.511,283.832,63.495,84.660
405.475,281.214,63.495,84.660
405.678,281.182,64.900,86.533
402.407,277.912,64.900,86.533
402.614,277.263,66.336,88.448
398.412,277.230,67.804,90.405
395.616,272.571,67.804,90.405
393.899,271.893,69.304,92.405
390.168,267.906,70.837,94.450
386.598,264.336,70.837,94.450
384.131,266.322,72.404,96.539
380.921,261.468,74.006,98.675
379.750,262.839,75.644,100.858
376.631,257.640,75.644,100.858
374.716,259.042,77.317,103.090
372.023,254.593,79.028,105.371
369.489,252.783,79.028,105.371
368.402,253.145,79.028,105.371
369.489,250.611,79.028,105.371
366.954,250.973,79.028,105.371
368.764,248.438,79.028,105.371
368.402,245.904,79.028,105.371
370.937,247.714,79.028,105.371
370.575,243.732,79.028,105.371
371.661,244.818,79.028,105.371
372.023,241.559,79.028,105.371
373.027,238.515,80.777,107.702
372.657,235.925,80.777,107.702
373.767,237.035,80.777,107.702
374.877,233.705,80.777,107.702
374.507,231.114,80.777,107.702
376.358,229.264,80.777,107.702
373.544,226.920,82.564,110.085
373.166,223.516,82.564,110.085
373.544,220.868,82.564,110.085
371.653,221.246,82.564,110.085
369.762,217.842,82.564,110.085
367.870,215.951,82.564,110.085
365.979,215.573,82.564,110.085
364.844,212.925,82.564,110.085
362.953,213.303,82.564,110.085
362.575,210.655,82.564,110.085
360.683,208.007,82.564,110.085
359.549,208.386,82.564,110.085
358.414,205.738,82.564,110.085
357.279,203.090,82.564,110.085
356.144,201.955,82.564,110.085
355.766,199.307,82.564,110.085
354.631,200.442,82.564,110.085
353.497,197.038,82.564,110.085
352.362,195.903,82.564,110.085
350.471,193.255,82.564,110.085
349.336,195.146,82.564,110.085
348.201,192.499,82.564,110.085
346.310,190.607,82.564,110.085
343.662,190.986,82.564,110.085
341.014,188.338,82.564,110.085
337.610,188.716,82.564,110.085
334.205,185.312,82.564,110.085
330.801,187.960,82.564,110.085
326.640,185.312,82.564,110.085
323.236,187.960,82.564,110.085
319.832,184.555,82.564,110.085
316.427,187.203,82.564,110.085
313.023,186.068,82.564,110.085
311.132,187.203,82.564,110.085
308.484,184.555,82.564,110.085
305.079,184.177,82.564,110.085
303.188,182.286,82.564,110.085
300.540,183.420,82.564,110.085
296.380,179.260,82.564,110.085
292.975,180.394,82.564,110.085
290.327,176.233,82.564,110.085
286.166,177.368,82.564,110.085
283.519,176.990,82.564,110.085
279.358,175.099,82.564,110.085
275.697,174.273,84.390,112.521
272.218,175.433,84.390,112.521
269.511,175.820,84.390,112.521
265.258,176.206,84.390,112.521
262.552,177.366,84.390,112.521
259.072,173.887,84.390,112.521
255.593,175.820,84.390,112.521
253.659,172.340,84.390,112.521
250.720,173.101,86.258,115.010
246.896,173.059,88.166,117.555
243.825,172.177,90.117,120.156
241.761,169.287,90.117,120.156
237.766,170.957,92.111,122.814
234.812,166.315,92.111,122.814
232.702,168.425,92.111,122.814
230.592,165.471,92.111,122.814
227.638,167.581,92.111,122.814
227.216,163.783,92.111,122.814
224.262,165.893,92.111,122.814
222.152,166.315,92.111,122.814
220.886,164.205,92.111,122.814
219.620,165.471,92.111,122.814
218.354,163.361,92.111,122.814
219.620,163.783,92.111,122.814
218.354,165.893,92.111,122.814
222.996,163.783,92.111,122.814
224.262,164.205,92.111,122.814
228.060,161.251,92.111,122.814
230.170,162.517,92.111,122.814
233.124,163.783,92.111,122.814
233.546,167.581,92.111,122.814
236.500,166.315,92.111,122.814
240.298,165.893,92.111,122.814
244.096,168.002,92.111,122.814
247.894,165.049,92.111,122.814
248.316,167.158,92.111,122.814
251.270,164.204,92.111,122.814
250.848,166.314,92.111,122.814
250.426,165.048,92.111,122.814
251.692,166.314,92.111,122.814
249.582,162.516,92.111,122.814
250.848,162.938,92.111,122.814
251.142,159.391,94.149,125.531
248.985,162.410,94.149,125.531
247.691,160.253,94.149,125.531
245.535,161.547,94.149,125.531
242.515,157.665,94.149,125.531
240.359,152.921,94.149,125.531
238.202,147.313,94.149,125.531
234.923,140.107,96.232,128.309
231.837,135.257,96.232,128.309
227.869,130.408,96.232,128.309
223.019,126.440,96.232,128.309
218.170,128.644,96.232,128.309
214.202,129.085,96.232,128.309
208.106,130.868,98.361,131.147
