0.00476146
0.01130843
0.01167393
0.01070333
0.01094723
0.01064229
0.01059961
0.01069617
0.01065397
0.01057243
0.01058245
0.01049590
0.01056027
0.01055431
0.01059389
0.01052213
0.01057577
0.01053786
0.01052952
0.01054931
0.01053262
0.01058722
0.01063395
0.01060629
0.01094103
0.01062918
0.01066566
0.01064110
0.01061463
0.01041126
0.01062560
0.01049042
0.01062822
0.01047802
0.01056600
0.01053762
0.01057816
0.01054072
0.01049256
0.01056814
0.01055288
0.01048899
0.01066589
0.01101112
0.01053452
0.01059103
0.01062298
0.01052284
0.01060581
0.01058388
0.01059103
0.01050258
0.01055336
0.01057768
0.01056576
0.01058269
0.01053858
0.01045918
0.01055312
0.01053572
0.01049757
0.01049066
0.01059055
0.01038480
0.01050639
0.01056528
0.01045680
0.01052237
0.01049542
0.01057816
0.01051068
0.01053381
0.01048470
0.01048899
