0.00447536
0.01148534
0.01215339
0.01069617
0.01083064
0.01103234
0.01066470
0.01063466
0.01080990
0.01072264
0.01070309
0.01068759
0.01080966
0.01070833
0.01062894
0.01077008
0.01075125
0.01068354
0.01075506
0.01065254
0.01069880
0.01061606
0.01063657
0.01062036
0.01063609
0.01067138
0.01064205
0.01068068
0.01079488
0.01064301
0.01063442
0.01065564
0.01061678
0.01095748
0.01063251
0.01066971
0.01060605
0.01062679
0.01072288
0.01054645
0.01058578
0.01057863
0.01062059
0.01071978
0.01069593
0.01072168
0.01074266
0.01070166
0.01069617
0.01066160
0.01062870
0.01063108
0.01066136
0.01069355
0.01068163
0.01081800
0.01078796
0.01058578
0.01067376
0.01063013
0.01063204
0.01059747
0.01070452
0.01071668
0.01068425
0.01063299
0.01062822
0.01084113
0.01062965
0.01063490
0.01053476
0.01060963
0.01066160
0.01067901
0.01072955
0.01073432
0.01064110
0.01064324
0.01073170
0.01064873
0.01079106
0.01065445
0.01067543
0.01064825
0.01075006
0.01069260
0.01052141
0.01066041
0.01053739
0.01061726
0.01065445
0.01062870
0.01062322
0.01068735
0.01059318
0.01052570
0.01054478
0.01060581
0.01055241
0.01063442
0.01075625
0.01065898
0.01064491
0.01063395
0.01062036
0.01053214
0.01059008
0.01067376
0.01065850
0.01064563
0.01056743
0.01053810
0.01056075
0.01060581
0.01059127
0.01071453
0.01077724
0.01071286
0.01060295
0.01064420
0.01059198
0.01064420
0.01068878
0.01065612
0.01064491
0.01069546
0.01051259
0.01054668
0.01065207
0.01060891
0.01050639
0.01061821
0.01072121
0.01063490
0.01055431
0.01062775
0.01062918
0.01066637
0.01063967
0.01071715
0.01066256
0.01092267
0.01070166
0.01061130
0.01064467
0.01064324
0.01060772
0.01063704
0.01068854
0.01065874
0.01066351
0.01072121
0.01065803
0.01064730
0.01072836
0.01063347
0.01057053
0.01062512
0.01056814
0.01073742
0.01058698
0.01060033
0.01063776
0.01061249
0.01059055
0.01073313
0.01063704
0.01063919
0.01077390
0.01069427
0.01063728
0.01056409
0.01053834
0.01055050
0.01065278
0.01067543
0.01070070
0.01071191
0.01061130
0.01064301
0.01064682
0.01063466
0.01062179
0.01058674
0.01069617
0.01061249
0.01065922
0.01064920
0.01062846
0.01059461
0.01059842
0.01069641
0.01057363
0.01058006
0.01053262
0.01057029
0.01054478
0.01062560
0.01061630
0.01065111
0.01067615
0.01069880
0.01050544
0.01058531
0.01061893
0.01064038
0.01060772
0.01060128
0.01067019
0.01069808
0.01065373
0.01062083
0.01061416
0.01054287
0.01054215
0.01069808
0.01070070
0.01077318
0.01061559
0.01061249
0.01061368
0.01065826
0.01072240
0.01068830
0.01067162
0.01071548
0.01080585
0.01066470
0.01065040
0.01073003
0.01070023
0.01073313
0.01067305
0.01061130
0.01073790
0.01067495
0.01071906
0.01074433
0.01066399
0.01063275
0.01053309
0.01080656
0.01066566
0.01064873
0.01067495
0.01061702
0.01063561
0.01070023
0.01072502
0.01072288
0.01070571
0.01064229
0.01071239
0.01066875
0.01074791
0.01060081
0.01063180
0.01062799
0.01064706
0.01059914
0.01066971
0.01072359
0.01067257
0.01072884
0.01066184
0.01093841
0.01067066
0.01064253
0.01062942
0.01068735
0.01064777
0.01073265
0.01081681
0.01069236
0.01066756
0.01065087
0.01064682
0.01061106
0.01068258
0.01069808
0.01066279
0.01066732
0.01065326
0.01068234
0.01069236
0.01061749
0.01069427
0.01068211
0.01077914
0.01066399
0.01070237
0.01079059
0.01071310
0.01065159
0.01073289
0.01074195
0.01066828
0.01073265
0.01077819
0.01084709
0.01081109
0.01078296
0.01065731
0.01075983
0.01073337
0.01065540
0.01069236
