0.00483656
0.01454020
0.01496935
0.01331210
0.01306701
0.01288676
0.01297927
0.01264691
0.01281023
0.01293159
0.01292443
0.01300359
0.01275277
0.01285839
0.01281428
0.01269484
0.01288533
0.01283216
0.01294160
0.01309848
0.01247621
0.01295018
0.01281881
0.01281905
0.01295829
0.01302004
0.01289606
0.01299810
0.01278996
0.01294804
0.01274157
0.01281619
0.01278210
0.01284647
0.01285768
0.01277590
0.01284337
0.01281881
0.01284814
0.01279187
0.01291203
0.01274681
0.01271868
0.01272368
0.01297045
0.01287365
0.01281214
0.01295280
0.01292348
0.01279712
0.01271200
0.01252389
0.01282597
0.01287889
0.01273394
0.01270890
0.01262593
0.01282191
0.01284266
0.01269555
0.01286864
0.01278472
0.01277590
0.01280236
0.01271963
0.01285195
0.01271486
0.01286411
0.01294088
0.01277065
0.01270437
0.01285815
0.01268768
0.01288128
0.01273131
0.01285195
0.01282835
0.01294136
0.01278234
0.01288462
0.01310658
0.01279187
0.01268816
0.01275849
0.01269627
0.01290894
0.01273155
0.01256037
0.01288486
0.01274562
0.01278687
0.01282668
0.01273251
0.01267052
0.01248288
0.01303864
0.01291084
0.01293850
0.01295471
0.01287031
0.01281929
0.01282382
0.01289868
0.01281500
0.01291060
0.01284170
0.01308131
0.01287365
0.01296067
0.01295638
0.01284313
0.01300859
0.01298451
0.01301408
0.01291704
0.01312947
0.01296878
0.01286507
0.01296878
0.01300359
0.01301980
0.01295280
0.01275921
0.01292253
0.01285696
0.01301026
0.01291323
0.01280451
0.01305389
0.01298690
0.01293540
0.01288891
0.01288700
0.01275134
0.01304674
0.01297736
0.01294231
0.01325297
0.01288414
0.01299334
0.01289487
0.01302481
0.01305318
0.01295853
0.01296115
0.01307178
0.01315451
0.01282692
0.01296377
0.01267910
0.01301503
0.01297784
0.01299477
0.01297498
0.01290607
0.01302552
0.01293278
0.01281881
0.01283097
0.01318526
0.01321864
0.01296496
0.01289105
0.01293993
0.01286221
0.01293850
0.01300716
0.01297092
0.01304221
0.01315212
0.01303053
0.01290703
0.01292276
0.01310372
0.01309800
0.01293898
0.01291037
0.01291513
0.01292610
0.01296759
0.01300025
0.01295161
0.01324368
0.01313424
0.01293755
0.01330328
0.01293302
0.01299214
0.01308513
0.01321268
0.01292253
0.01303411
0.01325440
0.01303601
0.01297045
0.01322174
0.01303840
0.01306987
0.01303434
0.01320696
0.01316714
0.01318622
0.01289654
0.01307964
0.01300025
0.01311302
0.01303220
0.01302528
0.01311779
0.01301527
0.01315498
0.01320601
0.01340294
0.01307631
0.01338148
0.01304674
0.01295710
0.01308370
0.01300073
0.01295900
0.01338887
0.01303363
0.01284647
0.01297355
0.01290417
0.01307631
0.01303506
0.01293731
0.01320219
0.01319385
0.01300621
0.01297569
0.01312327
0.01298738
0.01298189
0.01320457
0.01298094
0.01302242
0.01301956
0.01293182
0.01331067
0.01307845
0.01334620
0.01305175
0.01322627
0.01300120
0.01285553
0.01308632
0.01296282
0.01313472
0.01315928
0.01312160
