0.00649333
0.01493073
0.01328349
0.01331258
0.01308966
0.01326251
0.01325202
0.01319790
0.01321840
0.01306462
0.01329041
0.01306272
0.01286483
0.01290345
0.01324010
0.01308703
0.01323414
0.01322007
0.01302910
0.01317883
0.01315188
0.01328492
0.01312709
0.01324534
0.01325917
0.01324677
0.01307201
0.01312494
0.01311278
0.01305795
0.01312399
0.01304150
0.01313686
0.01318192
0.01309061
0.01326156
0.01315522
0.01318908
0.01366496
0.01305890
0.01325512
0.01323462
0.01314020
0.01312256
0.01323462
0.01325703
0.01344204
0.01305342
0.01331592
0.01307559
0.01316071
0.01333904
0.01325917
0.01322579
0.01306653
0.01312780
0.01305413
0.01325321
0.01324797
0.01308870
0.01315427
0.01320648
0.01332402
0.01311564
0.01319599
0.01345944
0.01307368
0.01322699
0.01300693
0.01317286
0.01310372
0.01296520
0.01305461
0.01332498
0.01287675
0.01310515
0.01281810
0.01310229
0.01297212
0.01309490
0.01291418
0.01261187
0.01273966
0.01303077
0.01292896
0.01296401
0.01297474
0.01308560
0.01305890
0.01302695
0.01307034
0.01284909
0.01307774
0.01298165
0.01297760
0.01289868
0.01292706
0.01301837
0.01298356
0.01327872
0.01290846
0.01296926
0.01300144
0.01291537
0.01280165
0.01298475
0.01295018
0.01301217
0.01304674
0.01320267
0.01321006
0.01303959
0.01317263
0.01310277
0.01324105
0.01300335
0.01309466
0.01318312
0.01295328
0.01313615
0.01317120
0.01321054
0.01305842
0.01314640
0.01323438
0.01329899
0.01313114
0.01326919
0.01339006
0.01306200
0.01324892
0.01312542
0.01305366
0.01316094
0.01280737
0.01324534
0.01321173
0.01315856
0.01300097
0.01299405
0.01306343
0.01307416
0.01306200
0.01309967
0.01291156
0.01309729
0.01276112
0.01289225
0.01295090
0.01313639
0.01302934
0.01291347
0.01290393
0.01296163
0.01296210
0.01304007
0.01307273
0.01305008
0.01309896
0.01300812
0.01309633
0.01310468
0.01292062
0.01288581
0.01311803
0.01288986
0.01274538
0.01292276
0.01298594
0.01301074
0.01291680
0.01300216
0.01314306
0.01286888
0.01287580
0.01306295
0.01301074
0.01303506
0.01305294
0.01320767
0.01303124
0.01290655
0.01304626
0.01283813
0.01306033
0.01292276
0.01286125
0.01286817
0.01292062
0.01294231
0.01292562
0.01300263
0.01323462
0.01306391
0.01298594
0.01299191
0.01321959
0.01308465
0.01302195
0.01301813
0.01318550
0.01306057
0.01283264
0.01316571
0.01301861
0.01305103
0.01307130
0.01306343
0.01319385
0.01314783
0.01336598
0.01315951
0.01338291
0.01313734
0.01287127
0.01343036
0.01310992
0.01303458
0.01319385
0.01361108
0.01310229
0.01310444
0.01319766
0.01312280
0.01349473
0.01334167
0.01343155
0.01315260
0.01301670
0.01322889
0.01311517
0.01330113
0.01319218
0.01318812
0.01319242
0.01339412
0.01333427
0.01335621
0.01327538
0.01309681
0.01327848
0.01309705
0.01322556
0.01328635
0.01323819
0.01318049
0.01309514
0.01337409
0.01334095
0.01336575
0.01329207
0.01336217
0.01311660
0.01350451
0.01367235
0.01308680
0.01333165
0.01371169
0.01325011
0.01340246
0.01337504
0.01342678
0.01339579
0.01346731
0.01356316
0.01360607
0.01341534
0.01337862
0.01337647
0.01304555
0.01299405
0.01334977
0.01341248
0.01338243
0.01334357
0.01324987
0.01314688
0.01310515
0.01316857
0.01321816
0.01315308
0.01320934
0.01321268
0.01326132
0.01336241
0.01333117
0.01321673
0.01328254
0.01308560
0.01312494
0.01331019
0.01316810
0.01323366
0.01328659
0.01312208
0.01347661
0.01310539
0.01329708
0.01322699
0.01306486
0.01328635
0.01325345
0.01345062
0.01315570
0.01327562
0.01315951
0.01318240
0.01329947
0.01332569
0.01305556
0.01317024
0.01314664
0.01329899
0.01308537
0.01318622
0.01330662
0.01326847
0.01317644
0.01319098
0.01326203
0.01320171
0.01328063
0.01329756
0.01312804
0.01317859
0.01319408
0.01321554
0.01324034
0.01326466
0.01321387
0.01314211
0.01311040
0.01314926
0.01325440
0.01311588
0.01337004
0.01323891
0.01309371
0.01302242
0.01330376
0.01336646
0.01321268
0.01341105
0.01319671
0.01329350
0.01328397
0.01324415
0.01328874
0.01313329
0.01336694
0.01294494
0.01335549
0.01338267
0.01325583
0.01313949
0.01317191
0.01319623
0.01315475
0.01306486
0.01311064
0.01321793
0.01327085
0.01332641
0.01336884
0.01323938
0.01320839
0.01325369
0.01341987
0.01323438
0.01360273
0.01327348
0.01321411
0.01314402
0.01334357
0.01332116
0.01334023
0.01334524
0.01343441
0.01309371
0.01335263
0.01330018
0.01337743
0.01320457
0.01330972
0.01347446
0.01336956
0.01321983
0.01336384
0.01314330
0.01326704
0.01320839
0.01319385
0.01322675
0.01312327
0.01325703
0.01324701
0.01310611
0.01321793
0.01325679
0.01303172
0.01310158
0.01317811
0.01325440
0.01302528
0.01291108
0.01320148
0.01303577
0.01313186
0.01321220
0.01321936
0.01317477
0.01326299
0.01296425
0.01311779
0.01309586
0.01304936
0.01288748
0.01290083
0.01271105
0.01301503
0.01310205
0.01292777
0.01289487
0.01309538
0.01293445
0.01284766
0.01284742
0.01288319
0.01286077
0.01286387
0.01304936
0.01269102
0.01302052
0.01306748
0.01312089
0.01324058
0.01326060
0.01300526
0.01283503
0.01285791
0.01287365
0.01284194
0.01306224
0.01317620
0.01324415
0.01288891
0.01308966
0.01306987
0.01318741
0.01291513
0.01304603
0.01292896
0.01290989
0.01273823
0.01305628
0.01309085
0.01304793
0.01294112
0.01310921
0.01289177
0.01279020
0.01286912
0.01297045
0.01297021
0.01298380
0.01305604
0.01300192
0.01284504
0.01304340
0.01313877
0.01298594
0.01313043
0.01302910
0.01325488
0.01307845
0.01268291
0.01311231
0.01311541
0.01298738
0.01305628
0.01323271
0.01305389
0.01319575
0.01306129
0.01305151
0.01287651
0.01299047
0.01283383
0.01288939
0.01282978
0.01302814
0.01329732
0.01305604
0.01298475
0.01313210
0.01317096
0.01384282
0.01372671
0.01313305
0.01299310
0.01316810
0.01288915
0.01288557
0.01307178
0.01294494
0.01298881
0.01315618
0.01319695
0.01314807
0.01305676
0.01307130
0.01305342
0.01307678
0.01321769
0.01316524
0.01329994
0.01325274
0.01324749
0.01341581
0.01309252
0.01339960
0.01292348
0.01323676
0.01312900
0.01319790
0.01318717
0.01307678
0.01325870
0.01286435
0.01311898
0.01332617
0.01316333
0.01325321
0.01314950
0.01325154
0.01306295
0.01314116
0.01323795
0.01311684
0.01325822
0.01307845
0.01311350
0.01323104
0.01279616
0.01330829
0.01323819
0.01351380
0.01354742
0.01311016
0.01316786
0.01339459
0.01349068
0.01341224
0.01346588
0.01333141
0.01354122
0.01369762
0.01339531
0.01338887
0.01337790
0.01325846
0.01359344
0.01333404
0.01331115
0.01349545
0.01329637
0.01321650
0.01323271
0.01323104
0.01322985
0.01318812
0.01334620
0.01316404
0.01338482
0.01329327
0.01332378
0.01340318
0.01330805
0.01341867
0.01327872
0.01334405
0.01348042
0.01340818
0.01327133
0.01338029
0.01335406
0.01324511
0.01319003
0.01317978
0.01337910
0.01358318
0.01328707
0.01329231
0.01338983
0.01325989
0.01349258
0.01325250
0.01323819
0.01319122
0.01291108
0.01328230
0.01332307
0.01317239
0.01313019
0.01327181
0.01323724
0.01326895
0.01344514
0.01340389
0.01320720
0.01328468
0.01332259
0.01328421
0.01326275
0.01322436
0.01339316
0.01313043
0.01343656
0.01338196
0.01345706
0.01330304
0.01343870
0.01320243
0.01327491
0.01308823
0.01333904
0.01329732
0.01345325
0.01329708
0.01324081
0.01322842
0.01350927
0.01342010
0.01343727
0.01352024
0.01334238
0.01326442
0.01343775
0.01345539
0.01364350
0.01342750
0.01377964
0.01357007
0.01358414
0.01339126
0.01345515
0.01371074
0.01347780
0.01351738
0.01341724
0.01352334
0.01338673
0.01346612
0.01347446
0.01344657
0.01346302
0.01344538
0.01346660
0.01337337
0.01345491
0.01357412
0.01362109
0.01339078
0.01331902
0.01343203
0.01350760
0.01303625
0.01356268
0.01349449
0.01335835
0.01356578
0.01357031
0.01334953
0.01361990
0.01349616
0.01354027
0.01341796
0.01338291
0.01353264
0.01349831
0.01336145
0.01356626
0.01356649
0.01350808
0.01373124
0.01355886
0.01353335
0.01355195
0.01355386
0.01310968
0.01355314
0.01328802
0.01356912
0.01360583
0.01341701
0.01352334
0.01338768
0.01322079
0.01370454
0.01329851
0.01355863
0.01349902
0.01349306
0.01359797
0.01352763
0.01350236
0.01351786
0.01354432
0.01357388
0.01343632
0.01340938
0.01331162
0.01360941
0.01340675
0.01365280
0.01317668
0.01330423
0.01327682
0.01319408
0.01332688
0.01312160
0.01332593
0.01331472
0.01316547
0.01331115
0.01345301
0.01328897
0.01336145
0.01338339
0.01340723
0.01315546
0.01333761
0.01334286
0.01287436
0.01335287
0.01316667
0.01323771
0.01309276
0.01318288
0.01311088
0.01319242
0.01319408
0.01306701
0.01297498
0.01303482
0.01318145
0.01303267
0.01329517
0.01320004
0.01311493
0.01306486
0.01305199
0.01311278
0.01314640
0.01320910
0.01327705
0.01327181
0.01293159
0.01312160
0.01313162
0.01327443
0.01326251
0.01303554
0.01314759
0.01327109
0.01323485
0.01329279
0.01320052
0.01352835
0.01320815
0.01345563
0.01321030
0.01309013
0.01330757
0.01330924
0.01326442
0.01330400
0.01307130
0.01328230
0.01324010
0.01318049
0.01362181
0.01354337
0.01357841
0.01346898
0.01362801
0.01352549
0.01351190
0.01343942
0.01341105
0.01334858
0.01365423
0.01348162
0.01347661
0.01324868
0.01330686
0.01336384
0.01328897
0.01318526
0.01332879
0.01322150
0.01310682
0.01321006
0.01335478
0.01332426
0.01307392
0.01311040
0.01306820
0.01325321
0.01323771
0.01334047
0.01337123
0.01312447
0.01332498
0.01323867
0.01321840
0.01354003
0.01330233
0.01317215
0.01323438
0.01323032
0.01328111
0.01316953
0.01333594
0.01350808
0.01332760
0.01332736
0.01331329
0.01336527
0.01326108
0.01334476
0.01325536
0.01315951
0.01331663
0.01335478
0.01332760
0.01328921
0.01339650
0.01337719
0.01337194
0.01330590
0.01336884
0.01330519
0.01329613
0.01355624
0.01341987
0.01336551
0.01340055
0.01342940
0.01349187
0.01338935
0.01329279
0.01329970
0.01347399
0.01340032
0.01316166
0.01304197
0.01322460
0.01322675
0.01333189
0.01334286
0.01339340
0.01379156
0.01327944
0.01316357
0.01311183
0.01323509
0.01337743
0.01318550
0.01342964
0.01338840
0.01330423
0.01334333
0.01342010
0.01337624
0.01333761
0.01355505
0.01343489
0.01350713
0.01353359
0.01335049
0.01351929
0.01337981
0.01350141
0.01326346
0.01323009
0.01309919
0.01317382
0.01322627
0.01344013
0.01319885
0.01342964
0.01319170
0.01326823
0.01304698
0.01323986
0.01317644
0.01313448
0.01320100
0.01320410
0.01328754
0.01319075
0.01316428
0.01318240
0.01315117
0.01325750
0.01328826
0.01325893
0.01335359
0.01321340
0.01332283
0.01318049
0.01307034
0.01320767
0.01334715
0.01327658
0.01326537
0.01318097
0.01315141
0.01316237
0.01322889
0.01330781
0.01335812
0.01326728
0.01329994
0.01299977
0.01301670
0.01321983
0.01314187
0.01325083
0.01330400
0.01313567
0.01296949
0.01295161
0.01328707
0.01328778
0.01292777
0.01302791
0.01325321
0.01321483
0.01299596
0.01332808
0.01323557
0.01308322
0.01320410
0.01321149
0.01311159
0.01309752
0.01330400
0.01352763
0.01322269
0.01335907
0.01323962
0.01309538
0.01302099
0.01326036
0.01318669
0.01314735
0.01332068
0.01325202
0.01298165
0.01335788
0.01304078
0.01343060
0.01357436
0.01313496
0.01328206
0.01302624
0.01314139
0.01328087
0.01311707
0.01328874
0.01316929
0.01322699
0.01322198
0.01323152
0.01320338
0.01359487
0.01304102
0.01333666
0.01327300
0.01315975
0.01315379
0.01325226
0.01312637
0.01309276
0.01316118
0.01310158
0.01297164
0.01318288
0.01310086
0.01342344
0.01336789
0.01319003
0.01321316
0.01335168
0.01328874
0.01328969
0.01315522
0.01325727
0.01332283
0.01294398
0.01334906
0.01336432
0.01303911
0.01303625
0.01324391
0.01332521
0.01321030
0.01310730
0.01313353
0.01320982
0.01303244
0.01330423
0.01314044
0.01311755
0.01334977
0.01332927
0.01324868
0.01336265
0.01313210
0.01311111
0.01285911
0.01297665
0.01300979
0.01304960
0.01309323
0.01301289
0.01304126
0.01329517
0.01307058
0.01320362
0.01322746
0.01317167
0.01329327
0.01310682
0.01326871
0.01334333
0.01328492
0.01333022
0.01318288
0.01308393
0.01312804
0.01337695
0.01328230
0.01316333
0.01360106
0.01327896
0.01316571
0.01325583
0.01312494
0.01319098
0.01331329
0.01318812
0.01335931
0.01319933
0.01335168
0.01338005
0.01321697
0.01307082
0.01330662
0.01322198
0.01349878
0.01368952
0.01344252
0.01342344
0.01327729
0.01335430
0.01322246
0.01333809
0.01349545
0.01383710
0.01331925
0.01324964
0.01339912
0.01328444
0.01338863
0.01331663
0.01329112
0.01341558
0.01334143
0.01326871
0.01311469
0.01306272
0.01322937
0.01334357
0.01334763
0.01327300
0.01331282
0.01327133
0.01321578
0.01322675
0.01361156
0.01324463
0.01371026
0.01345205
0.01339746
0.01326394
0.01323724
0.01328230
0.01338911
0.01319623
0.01342845
0.01339340
0.01322985
0.01360869
0.01343822
0.01329255
0.01334023
0.01329541
0.01320314
0.01377368
0.01337528
0.01325822
0.01343584
0.01330519
0.01331449
0.01357675
0.01339579
0.01356292
0.01354146
0.01350307
0.01370239
0.01361084
0.01349878
0.01348138
0.01332998
0.01351953
0.01362538
0.01344347
0.01351118
0.01389861
0.01388454
0.01370215
0.01362705
0.01350141
0.01355338
0.01375794
0.01365614
0.01355672
0.01360226
0.01354074
0.01356339
0.01352859
0.01358104
0.01354146
0.01354194
0.01362538
0.01372004
0.01345444
0.01354146
0.01384068
0.01361704
0.01350856
0.01346159
0.01358891
0.01386929
0.01358175
0.01336575
0.01354837
0.01346660
0.01370549
0.01336455
0.01350904
0.01350379
0.01349521
0.01347375
0.01373410
0.01386571
0.01349783
0.01357555
0.01350546
0.01350236
0.01366544
0.01345801
0.01379013
0.01341367
0.01348639
0.01346397
0.01353264
0.01348639
0.01360297
0.01347756
0.01357841
0.01344395
0.01367211
0.01346087
0.01359153
0.01372671
0.01321816
0.01350236
0.01352572
0.01340556
0.01361108
0.01360202
0.01375222
0.01353359
0.01358175
0.01362824
0.01353836
0.01351142
0.01353145
0.01349545
0.01339483
0.01363063
0.01332784
0.01349401
0.01362181
0.01331186
0.01343441
0.01372504
0.01346779
0.01337552
0.01351213
0.01333380
0.01340103
0.01354122
0.01394582
0.01378679
0.01358771
0.01371050
0.01375723
0.01384759
0.01376939
0.01375246
0.01379204
0.01378012
0.01366043
0.01367402
0.01343393
0.01345944
0.01357508
0.01361918
0.01364994
0.01349926
0.01359487
0.01337147
0.01367116
0.01353741
0.01364088
0.01368499
0.01359129
0.01367259
0.01380587
0.01364207
0.01364470
0.01369095
0.01377130
0.01365280
0.01358294
0.01362491
0.01370239
0.01358223
0.01359987
0.01383090
0.01390314
0.01369667
0.01372290
0.01333785
0.01366997
0.01359177
0.01353502
0.01355815
0.01394892
0.01359391
0.01366568
0.01358747
0.01357675
0.01355577
0.01359701
0.01375270
0.01371264
0.01354837
0.01361632
0.01370907
0.01372957
0.01388931
0.01371193
0.01411152
0.01414371
0.01378727
0.01379728
0.01354837
0.01359296
0.01353669
0.01355100
0.01344776
0.01349950
0.01362181
0.01364183
0.01367593
0.01359200
0.01354074
0.01348209
0.01379037
0.01349401
0.01333404
0.01373982
0.01349711
0.01344228
0.01347852
0.01339149
0.01338243
0.01357174
0.01338673
0.01353526
0.01347852
0.01336789
0.01326990
0.01347566
0.01352477
0.01359129
0.01363087
0.01362705
0.01361752
0.01345658
0.01347828
0.01325679
0.01334667
0.01331091
0.01340485
0.01329803
0.01318169
0.01339531
0.01338148
0.01319861
0.01357508
0.01360321
0.01359701
0.01348901
0.01352000
0.01339221
0.01366806
0.01338315
0.01343179
0.01366806
