405.000,256.000,122.000,148.000
408.716,254.407,122.000,148.000
408.185,251.753,122.000,148.000
412.963,252.284,122.000,148.000
416.679,244.321,122.000,148.000
419.334,239.543,122.000,148.000
423.050,236.888,122.000,148.000
422.519,231.049,122.000,148.000
421.988,223.085,122.000,148.000
417.210,218.308,122.000,148.000
408.185,214.591,122.000,148.000
400.222,208.752,122.000,148.000
393.321,199.727,122.000,148.000
386.419,190.702,122.000,148.000
376.332,183.800,122.000,148.000
365.184,180.084,122.000,148.000
356.159,179.553,122.000,148.000
348.196,179.022,122.000,148.000
340.233,179.553,122.000,148.000
335.455,182.208,122.000,148.000
330.677,179.553,122.000,148.000
324.837,182.208,122.000,148.000
321.121,182.739,122.000,148.000
318.467,183.269,122.000,148.000
311.565,179.553,122.000,148.000
304.664,181.146,122.000,148.000
298.824,175.306,122.000,148.000
291.923,170.528,122.000,148.000
282.898,166.812,122.000,148.000
274.934,160.973,122.000,148.000
270.157,156.195,122.000,148.000
267.502,146.108,122.000,148.000
268.033,133.898,122.000,148.000
267.502,122.749,122.000,148.000
273.342,110.539,122.000,148.000
279.182,98.329,122.000,148.000
285.021,89.304,122.000,148.000
289.799,80.279,122.000,148.000
295.639,69.130,122.000,148.000
303.602,59.044,122.000,148.000
308.380,55.327,122.000,148.000
306.787,56.920,122.000,148.000
304.133,58.513,122.000,148.000
300.417,60.105,122.000,148.000
298.824,63.822,122.000,148.000
296.170,69.661,122.000,148.000
291.392,72.316,122.000,148.000
285.552,77.094,122.000,148.000
281.224,83.277,119.398,144.844
276.548,86.914,119.398,144.844
268.755,91.590,119.398,144.844
260.962,94.188,119.398,144.844
254.207,97.824,119.398,144.844
250.570,100.422,119.398,144.844
251.090,104.059,119.398,144.844
250.570,106.657,119.398,144.844
251.090,106.137,119.398,144.844
248.492,104.579,119.398,144.844
249.012,106.137,119.398,144.844
245.375,103.540,119.398,144.844
246.934,106.137,119.398,144.844
244.336,107.696,119.398,144.844
244.855,109.255,119.398,144.844
241.218,105.618,119.398,144.844
244.855,104.059,119.398,144.844
247.453,101.461,119.398,144.844
249.012,97.824,119.398,144.844
250.570,95.227,119.398,144.844
250.051,92.629,119.398,144.844
248.492,90.031,119.398,144.844
249.012,88.472,119.398,144.844
249.531,85.875,119.398,144.844
251.090,84.316,119.398,144.844
249.531,84.835,119.398,144.844
252.129,83.277,119.398,144.844
251.610,83.796,119.398,144.844
254.207,83.277,119.398,144.844
253.688,82.757,119.398,144.844
256.286,83.277,119.398,144.844
255.766,82.757,119.398,144.844
259.403,84.316,119.398,144.844
260.962,81.718,119.398,144.844
264.598,82.238,119.398,144.844
270.314,80.679,119.398,144.844
276.029,82.238,119.398,144.844
282.783,80.679,119.398,144.844
288.498,83.277,119.398,144.844
294.278,81.316,116.852,141.755
298.855,82.841,116.852,141.755
303.431,80.299,116.852,141.755
308.007,80.807,116.852,141.755
310.550,76.231,116.852,141.755
314.109,73.689,116.852,141.755
313.600,69.112,116.852,141.755
313.092,66.570,116.852,141.755
315.634,64.028,116.852,141.755
315.126,63.519,116.852,141.755
319.702,65.044,116.852,141.755
321.228,67.587,116.852,141.755
323.770,69.112,116.852,141.755
324.278,72.672,116.852,141.755
320.719,76.231,116.852,141.755
317.160,80.807,116.852,141.755
316.651,88.435,116.852,141.755
312.075,96.062,116.852,141.755
306.482,103.689,116.852,141.755
297.276,114.254,119.437,144.891
290.519,127.248,119.437,144.891
285.842,137.122,119.437,144.891
279.085,146.997,119.437,144.891
272.329,155.833,119.437,144.891
267.651,164.668,119.437,144.891
262.974,172.464,119.437,144.891
255.178,181.299,119.437,144.891
247.382,190.135,119.437,144.891
239.586,197.931,119.437,144.891
231.790,205.727,119.437,144.891
223.994,212.483,119.437,144.891
218.277,218.200,119.437,144.891
213.600,222.878,119.437,144.891
211.001,228.595,119.437,144.891
209.442,232.233,119.437,144.891
211.001,232.752,119.437,144.891
214.639,231.193,119.437,144.891
220.356,230.674,119.437,144.891
225.034,232.233,119.437,144.891
227.632,233.792,119.437,144.891
233.349,234.312,119.437,144.891
241.145,235.871,119.437,144.891
249.981,237.430,119.437,144.891
259.855,241.068,119.437,144.891
269.730,244.706,119.437,144.891
278.566,248.344,119.437,144.891
287.401,250.943,119.437,144.891
296.236,252.502,119.437,144.891
304.032,248.864,119.437,144.891
311.828,242.107,119.437,144.891
318.585,236.390,119.437,144.891
324.302,231.713,119.437,144.891
327.940,227.035,119.437,144.891
323.262,219.239,119.437,144.891
320.664,212.483,119.437,144.891
317.026,206.766,119.437,144.891
307.151,203.128,119.437,144.891
295.197,200.529,119.437,144.891
284.283,197.931,119.437,144.891
273.368,193.253,119.437,144.891
260.375,189.615,119.437,144.891
243.224,187.016,119.437,144.891
229.191,186.497,119.437,144.891
217.238,181.819,119.437,144.891
205.284,176.102,119.437,144.891
187.093,170.385,119.437,144.891
175.140,169.865,119.437,144.891
166.304,164.148,119.437,144.891
162.666,158.431,119.437,144.891
167.344,151.675,119.437,144.891
167.863,144.918,119.437,144.891
167.344,142.320,119.437,144.891
169.942,141.800,119.437,144.891
173.580,137.122,119.437,144.891
178.258,134.524,119.437,144.891
181.896,131.925,119.437,144.891
186.574,129.326,119.437,144.891
190.212,125.688,119.437,144.891
190.731,127.247,119.437,144.891
193.330,122.570,119.437,144.891
193.850,125.169,119.437,144.891
194.370,120.491,119.437,144.891
195.929,124.129,119.437,144.891
197.488,124.649,119.437,144.891
203.205,127.247,119.437,144.891
211.001,131.925,119.437,144.891
215.678,137.642,119.437,144.891
221.395,142.320,119.437,144.891
227.112,145.958,119.437,144.891
233.869,148.556,119.437,144.891
238.546,146.997,119.437,144.891
242.185,145.438,119.437,144.891
242.704,142.839,119.437,144.891
243.477,138.874,116.890,141.802
241.951,135.313,116.890,141.802
240.425,129.718,116.890,141.802
239.220,122.896,114.398,138.778
239.718,115.429,114.398,138.778
240.216,105.971,114.398,138.778
241.709,94.521,114.398,138.778
241.211,83.072,114.398,138.778
240.713,73.614,114.398,138.778
239.220,62.164,114.398,138.778
240.920,52.609,111.958,135.818
242.381,43.352,111.958,135.818
248.715,35.070,111.958,135.818
259.920,29.711,111.958,135.818
276.971,32.147,111.958,135.818
289.151,37.506,111.958,135.818
302.305,43.839,111.958,135.818
314.484,51.147,111.958,135.818
327.638,58.455,111.958,135.818
339.818,63.814,111.958,135.818
350.049,72.096,111.958,135.818
359.305,77.455,111.958,135.818
367.587,83.788,111.958,135.818
374.895,89.147,111.958,135.818
380.254,96.455,111.958,135.818
383.664,102.788,111.958,135.818
382.203,110.096,111.958,135.818
379.767,117.404,111.958,135.818
374.408,125.686,111.958,135.818
367.100,132.019,111.958,135.818
357.843,138.353,111.958,135.818
349.561,141.763,111.958,135.818
339.331,146.148,111.958,135.818
329.100,148.584,111.958,135.818
323.250,148.623,109.571,132.922
316.098,151.961,109.571,132.922
307.039,154.345,109.571,132.922
297.026,156.729,109.571,132.922
286.060,160.066,109.571,132.922
274.140,160.543,109.571,132.922
264.127,161.973,109.571,132.922
254.115,159.589,109.571,132.922
244.102,161.020,109.571,132.922
235.043,165.311,109.571,132.922
224.722,169.945,107.234,130.087
213.057,175.078,107.234,130.087
201.391,182.077,107.234,130.087
192.525,188.143,107.234,130.087
183.659,194.210,107.234,130.087
174.793,200.276,107.234,130.087
164.061,208.208,107.234,130.087
153.960,215.442,104.947,127.313
145.284,220.466,104.947,127.313
137.520,223.662,104.947,127.313
130.670,224.119,104.947,127.313
126.560,223.662,104.947,127.313
122.450,225.032,104.947,127.313
121.080,221.836,104.947,127.313
119.710,219.552,104.947,127.313
122.907,214.529,104.947,127.313
125.190,211.332,104.947,127.313
127.473,209.962,104.947,127.313
130.670,210.419,104.947,127.313
134.780,210.876,104.947,127.313
139.804,209.505,104.947,127.313
147.567,210.876,104.947,127.313
152.590,210.419,104.947,127.313
155.694,209.484,107.269,130.130
160.828,209.951,107.269,130.130
165.029,212.285,107.269,130.130
166.430,214.619,107.269,130.130
168.763,216.953,107.269,130.130
169.230,219.287,107.269,130.130
169.697,219.753,107.269,130.130
168.297,218.353,107.269,130.130
168.563,220.303,109.642,133.009
168.835,219.327,112.068,135.952
168.101,219.341,114.548,138.960
165.609,214.855,114.548,138.960
166.927,215.903,117.082,142.034
165.104,216.975,119.673,145.177
167.707,212.288,119.673,145.177
169.085,213.384,122.320,148.389
167.488,208.593,122.320,148.389
170.001,204.190,125.027,151.672
171.440,203.077,127.793,155.028
171.996,195.848,127.793,155.028
174.776,189.731,127.793,155.028
173.108,183.614,127.793,155.028
177.001,180.834,127.793,155.028
182.005,175.829,127.793,155.028
184.786,170.824,127.793,155.028
185.342,165.819,127.793,155.028
188.122,161.927,127.793,155.028
191.901,153.865,130.620,158.457
198.122,145.626,133.510,161.963
205.675,142.721,133.510,161.963
209.623,143.943,136.464,165.547
216.155,138.598,136.464,165.547
223.874,141.567,136.464,165.547
226.843,139.786,136.464,165.547
231.000,138.005,136.464,165.547
235.157,139.786,136.464,165.547
236.938,141.567,136.464,165.547
232.782,143.349,136.464,165.547
234.563,139.192,136.464,165.547
237.532,140.974,136.464,165.547
235.751,135.629,136.464,165.547
239.907,140.974,136.464,165.547
235.751,141.567,136.464,165.547
239.907,142.161,136.464,165.547
238.126,138.005,136.464,165.547
242.283,140.974,136.464,165.547
234.563,141.567,136.464,165.547
229.219,143.349,136.464,165.547
223.874,142.755,136.464,165.547
222.093,137.411,136.464,165.547
225.062,141.567,136.464,165.547
225.656,144.537,136.464,165.547
221.499,151.069,136.464,165.547
223.280,156.413,136.464,165.547
223.874,161.757,136.464,165.547
226.843,163.539,136.464,165.547
231.000,166.508,136.464,165.547
235.157,168.289,136.464,165.547
236.938,172.446,136.464,165.547
239.907,176.603,136.464,165.547
244.064,180.760,136.464,165.547
244.403,182.009,139.484,169.210
245.010,177.760,139.484,169.210
248.045,180.795,139.484,169.210
247.131,178.293,142.570,172.953
251.474,181.395,142.570,172.953
248.372,173.330,142.570,172.953
251.474,173.950,142.570,172.953
255.817,164.645,142.570,172.953
263.882,160.302,142.570,172.953
269.385,164.181,145.724,176.780
276.360,166.084,145.724,176.780
279.353,163.470,148.948,180.691
287.779,160.230,148.948,180.691
294.873,164.283,152.244,184.689
300.750,171.175,155.612,188.775
301.136,178.219,159.055,192.952
297.222,183.984,162.574,197.221
302.174,186.106,162.574,197.221
298.174,190.530,166.171,201.584
291.084,192.051,169.847,206.044
286.905,193.606,173.605,210.603
277.930,190.492,177.446,215.263
276.768,192.116,181.372,220.025
269.030,185.588,185.385,224.894
271.450,189.622,185.385,224.894
265.803,183.975,185.385,224.894
269.611,183.998,189.487,229.869
265.488,174.928,189.487,229.869
274.558,172.454,189.487,229.869
277.032,161.735,189.487,229.869
277.856,162.560,189.487,229.869
277.032,153.489,189.487,229.869
281.155,151.016,189.487,229.869
278.681,145.244,189.487,229.869
277.856,137.823,189.487,229.869
272.085,133.700,189.487,229.869
267.962,131.227,189.487,229.869
262.830,123.346,185.446,224.967
262.023,119.311,185.446,224.967
261.667,113.154,181.491,220.170
267.195,109.206,181.491,220.170
266.405,106.836,181.491,220.170
273.669,106.900,177.621,215.475
277.533,110.765,177.621,215.475
277.192,110.827,173.833,210.880
280.974,116.122,173.833,210.880
280.641,120.558,170.126,206.382
284.342,130.182,170.126,206.382
279.160,139.806,170.126,206.382
276.939,147.949,170.126,206.382
270.277,156.093,170.126,206.382
259.172,161.275,170.126,206.382
248.068,169.418,170.126,206.382
229.189,165.197,166.498,201.981
209.627,168.819,166.498,201.981
194.412,172.442,166.498,201.981
183.545,168.819,166.498,201.981
172.677,169.544,166.498,201.981
158.911,161.574,166.498,201.981
146.595,162.299,166.498,201.981
140.688,156.771,162.947,197.674
137.143,151.807,162.947,197.674
135.463,149.131,159.473,193.459
131.994,151.213,159.473,193.459
135.701,148.594,156.072,189.333
136.710,148.649,152.744,185.295
129.399,142.667,152.744,185.295
124.746,136.685,152.744,185.295
122.752,130.703,152.744,185.295
119.896,130.757,149.486,181.344
121.848,126.203,149.486,181.344
125.100,132.058,149.486,181.344
119.246,123.601,149.486,181.344
122.498,116.446,149.486,181.344
123.149,109.291,149.486,181.344
129.003,113.844,149.486,181.344
129.654,105.388,149.486,181.344
132.906,107.339,149.486,181.344
138.761,101.485,149.486,181.344
151.120,106.038,149.486,181.344
162.178,109.291,149.486,181.344
170.634,111.242,149.486,181.344
173.887,113.194,149.486,181.344
181.042,113.844,149.486,181.344
186.896,114.494,149.486,181.344
196.654,111.242,149.486,181.344
206.398,116.311,146.298,177.477
213.401,113.127,146.298,177.477
220.483,113.179,143.179,173.692
227.337,110.064,143.179,173.692
232.863,111.374,146.346,177.535
241.142,112.011,146.346,177.535
249.421,108.827,146.346,177.535
257.699,109.464,146.346,177.535
268.525,112.648,146.346,177.535
278.078,110.738,146.346,177.535
288.904,110.101,146.346,177.535
301.003,110.738,146.346,177.535
323.830,112.077,149.584,181.463
315.368,106.219,149.584,181.463
307.636,96.783,152.894,185.478
312.472,91.707,149.633,181.522
315.728,96.265,149.633,181.522
317.450,92.230,152.944,185.539
410.355,115.725,156.328,189.644
420.559,112.324,156.328,189.644
422.600,110.283,156.328,189.644
424.641,115.045,156.328,189.644
418.518,113.004,156.328,189.644
419.199,116.406,156.328,189.644
411.716,114.365,156.328,189.644
406.954,117.766,156.328,189.644
403.553,110.283,156.328,189.644
398.791,117.766,156.328,189.644
391.308,121.167,156.328,189.644
385.763,118.600,152.994,185.599
378.439,121.929,152.994,185.599
369.785,118.600,152.994,185.599
359.798,121.929,152.994,185.599
351.804,120.699,149.731,181.641
343.334,123.957,149.731,181.641
334.864,125.912,149.731,181.641
329.000,130.472,149.731,181.641
323.136,133.730,149.731,181.641
317.825,136.295,146.538,177.768
312.626,137.576,143.413,173.977
307.539,142.438,140.355,170.267
304.485,140.606,140.355,170.267
297.767,142.438,140.355,170.267
292.270,145.492,140.355,170.267
284.331,136.331,140.355,170.267
282.498,141.828,140.355,170.267
278.223,131.445,140.355,170.267
273.948,128.391,140.355,170.267
270.894,122.894,140.355,170.267
270.283,125.948,140.355,170.267
264.786,115.565,140.355,170.267
262.954,107.626,140.355,170.267
259.900,109.458,140.355,170.267
254.404,100.297,140.355,170.267
255.014,105.793,140.355,170.267
252.390,99.956,137.362,166.636
256.452,102.454,140.401,170.323
254.619,103.065,140.401,170.323
254.008,104.897,140.401,170.323
257.063,100.621,140.401,170.323
262.482,103.174,143.507,174.091
265.605,110.043,143.507,174.091
263.731,111.916,143.507,174.091
265.383,114.526,146.683,177.943
271.128,104.951,146.683,177.943
273.042,108.143,146.683,177.943
276.234,102.398,146.683,177.943
273.042,106.866,146.683,177.943
274.957,111.334,146.683,177.943
271.766,101.760,146.683,177.943
274.957,108.781,146.683,177.943
265.383,110.696,146.683,177.943
259.638,112.611,146.683,177.943
255.170,117.079,146.683,177.943
250.702,110.058,146.683,177.943
243.681,115.802,146.683,177.943
234.107,112.611,146.683,177.943
237.299,119.632,146.683,177.943
234.107,111.334,146.683,177.943
227.086,111.972,146.683,177.943
222.618,115.164,146.683,177.943
221.657,119.155,149.928,181.880
221.370,117.950,146.731,178.001
223.285,121.143,146.731,178.001
225.201,123.058,146.731,178.001
228.214,127.051,149.977,181.939
232.783,130.314,149.977,181.939
233.435,123.136,149.977,181.939
227.037,125.862,153.295,185.965
235.708,122.527,153.295,185.965
243.010,126.699,156.687,190.079
246.228,121.059,160.154,194.285
250.964,122.525,163.697,198.583
248.827,114.689,163.697,198.583
255.238,122.525,163.697,198.583
250.251,116.114,163.697,198.583
258.087,125.374,163.697,198.583
252.581,131.307,167.319,202.977
253.309,134.947,167.319,202.977
256.949,137.131,167.319,202.977
250.397,142.228,167.319,202.977
251.479,152.112,163.751,198.648
243.641,157.100,163.751,198.648
232.219,152.684,167.374,203.044
225.664,162.152,167.374,203.044
220.565,167.251,167.374,203.044
216.924,167.979,167.374,203.044
213.282,171.621,167.374,203.044
204.630,168.619,171.077,207.536
199.419,176.807,171.077,207.536
209.136,182.608,167.429,203.110
202.579,176.051,167.429,203.110
196.947,183.631,171.133,207.604
203.796,183.691,167.484,203.177
200.152,188.792,167.484,203.177
195.051,182.233,167.484,203.177
203.159,190.722,163.912,198.844
194.685,181.862,167.538,203.243
192.498,179.675,167.538,203.243
186.863,188.772,171.245,207.740
183.137,180.575,171.245,207.740
183.882,188.772,171.245,207.740
178.666,182.066,171.245,207.740
180.902,187.282,171.245,207.740
174.195,182.066,171.245,207.740
171.960,190.263,171.245,207.740
169.724,188.027,171.245,207.740
177.880,197.326,175.034,212.336
165.671,186.284,178.907,217.034
175.792,196.405,178.907,217.034
175.448,190.465,175.091,212.406
180.781,198.846,175.091,212.406
178.496,191.989,175.091,212.406
182.305,200.370,175.091,212.406
189.162,199.608,175.091,212.406
182.305,192.751,175.091,212.406
181.543,199.608,175.091,212.406
188.401,200.370,175.091,212.406
186.115,193.513,175.091,212.406
189.924,201.894,175.091,212.406
186.115,195.036,175.091,212.406
183.829,198.846,175.091,212.406
180.020,195.036,175.091,212.406
185.353,201.894,175.091,212.406
173.140,195.591,178.965,217.105
180.149,201.043,178.965,217.105
166.049,192.985,182.925,221.909
170.029,198.557,182.925,221.909
168.144,198.622,179.024,217.177
164.249,194.727,179.024,217.177
158.227,191.516,182.985,221.982
154.246,185.942,182.985,221.982
144.786,189.269,187.033,226.893
133.429,179.160,191.172,231.913
130.933,175.000,191.172,231.913
133.134,180.202,195.401,237.044
123.033,169.641,199.725,242.289
122.164,173.986,199.725,242.289
119.556,164.426,199.725,242.289
123.902,175.724,199.725,242.289
121.295,164.426,199.725,242.289
116.380,166.254,204.143,247.649
111.938,160.036,204.143,247.649
111.050,157.371,204.143,247.649
115.492,165.366,204.143,247.649
104.939,154.331,208.660,253.129
99.804,154.357,213.277,258.729
98.408,154.384,217.995,264.453
73.360,148.506,222.819,270.304
85.965,155.293,222.819,270.304
92.752,154.323,222.819,270.304
105.357,161.110,222.819,270.304
87.803,157.114,227.748,276.285
90.776,158.105,227.748,276.285
89.284,160.190,232.787,282.398
82.194,155.125,232.787,282.398
93.336,158.164,232.787,282.398
83.404,156.091,237.938,288.646
83.995,156.120,243.202,295.032
89.286,157.178,243.202,295.032
79.762,151.887,243.202,295.032
85.053,157.178,243.202,295.032
72.481,150.621,248.583,301.560
64.909,156.029,248.583,301.560
72.481,161.438,248.583,301.560
64.909,153.866,248.583,301.560
56.548,153.897,254.083,308.232
53.231,150.580,254.083,308.232
63.182,158.319,254.083,308.232
50.047,146.880,259.705,315.051
43.656,146.912,265.451,322.022
42.501,143.447,265.451,322.022
43.656,151.532,265.451,322.022
44.812,143.447,265.451,322.022
43.656,151.532,265.451,322.022
40.191,141.136,265.451,322.022
28.866,141.169,271.324,329.147
32.408,135.266,271.324,329.147
28.866,141.169,271.324,329.147
25.324,137.627,271.324,329.147
28.866,136.447,271.324,329.147
20.601,142.350,271.324,329.147
36.012,146.997,265.538,322.127
19.888,137.440,271.413,329.255
28.473,151.196,265.625,322.233
22.694,140.793,265.625,322.233
19.226,148.884,265.625,322.233
29.857,148.978,259.960,315.361
19.676,156.896,259.960,315.361
20.808,148.978,259.960,315.361
30.988,154.634,259.960,315.361
43.432,153.503,259.960,315.361
37.776,150.109,259.960,315.361
27.595,158.027,259.960,315.361
42.301,154.634,259.960,315.361
29.857,151.240,259.960,315.361
42.301,147.847,259.960,315.361
49.987,140.837,265.712,322.339
58.081,148.931,265.712,322.339
79.860,160.169,260.045,315.465
62.886,152.248,260.045,315.465
82.123,160.169,260.045,315.465
61.636,146.113,265.799,322.444
43.096,129.346,271.680,329.579
53.736,132.893,271.680,329.579
69.104,136.439,271.680,329.579
50.154,126.661,277.691,336.870
68.279,130.286,277.691,336.870
96.072,129.077,277.691,336.870
121.447,135.119,277.691,336.870
129.658,130.139,283.835,344.324
145.714,143.725,283.835,344.324
166.598,160.491,277.782,336.981
174.812,168.050,283.928,344.437
185.931,171.757,283.928,344.437
172.340,175.463,283.928,344.437
185.863,178.062,290.209,352.057
170.700,178.164,284.021,344.550
169.464,186.816,284.021,344.550
155.869,173.221,284.021,344.550
144.746,157.154,284.021,344.550
134.671,140.577,277.964,337.202
123.785,134.529,277.964,337.202
116.256,118.305,272.036,330.011
107.106,108.514,278.055,337.313
78.583,106.279,272.125,330.119
87.191,101.810,266.322,323.079
100.084,99.670,260.643,316.190
97.397,99.762,255.085,309.447
109.746,104.131,249.645,302.848
110.832,107.390,249.645,302.848
122.918,111.666,244.321,296.389
138.844,119.950,239.111,290.069
150.290,123.071,239.111,290.069
165.876,123.156,234.012,283.883
177.078,120.101,234.012,283.883
184.206,119.083,234.012,283.883
193.370,111.955,234.012,283.883
204.572,112.973,234.012,283.883
213.604,100.324,239.189,290.164
225.053,90.957,239.189,290.164
240.645,85.022,234.088,283.976
253.887,75.854,234.088,283.976
263.055,80.947,234.088,283.976
266.111,90.115,234.088,283.976
273.241,97.245,234.088,283.976
288.618,84.592,239.268,290.259
277.165,100.210,239.268,290.259
286.400,100.239,244.561,296.681
253.410,114.074,244.561,296.681
236.529,124.418,239.346,290.354
215.992,134.541,234.242,284.162
205.718,130.693,229.247,278.103
201.432,132.697,224.358,272.172
195.355,134.658,219.573,266.368
200.459,140.261,214.891,260.687
212.664,149.350,210.308,255.128
224.561,161.247,210.308,255.128
222.393,173.670,205.823,249.687
230.631,185.828,201.434,244.363
228.001,190.211,201.434,244.363
225.925,193.661,197.139,239.152
233.815,195.384,192.935,234.052
238.300,198.689,188.820,229.061
242.408,199.511,188.820,229.061
243.629,202.745,184.793,224.176
246.041,195.508,184.793,224.176
238.804,185.054,184.793,224.176
234.784,174.601,184.793,224.176
237.196,164.147,184.793,224.176
238.000,155.302,184.793,224.176
240.413,149.673,184.793,224.176
233.176,139.220,184.793,224.176
229.155,130.374,184.793,224.176
236.392,119.921,184.793,224.176
243.629,109.467,184.793,224.176
247.925,103.332,180.853,219.395
252.129,112.498,176.996,214.716
253.274,118.499,173.221,210.138
255.535,126.790,173.221,210.138
253.749,135.570,169.527,205.656
257.438,140.734,169.527,205.656
264.077,138.521,169.527,205.656
273.667,142.209,169.527,205.656
280.452,138.003,165.912,201.271
286.949,144.500,165.912,201.271
290.559,138.003,165.912,201.271
284.062,141.612,165.912,201.271
276.120,136.559,165.912,201.271
271.066,141.612,165.912,201.271
274.676,135.115,165.912,201.271
269.622,130.061,165.912,201.271
266.012,130.783,165.912,201.271
