347.000,58.000,103.000,251.000
340.867,62.770,103.000,251.000
338.823,58.000,103.000,251.000
334.052,61.407,103.000,251.000
334.734,60.726,103.000,251.000
324.512,62.770,103.000,251.000
317.016,60.726,103.000,251.000
309.520,64.133,103.000,251.000
303.387,63.452,103.000,251.000
298.617,65.496,103.000,251.000
299.298,63.452,103.000,251.000
290.439,70.948,103.000,251.000
293.847,66.177,103.000,251.000
286.351,70.948,103.000,251.000
289.758,68.903,103.000,251.000
283.625,70.948,103.000,251.000
277.492,75.718,103.000,251.000
281.301,63.750,105.279,256.553
277.819,58.874,105.279,256.553
274.336,63.750,105.279,256.553
280.605,54.695,105.279,256.553
274.336,62.357,105.279,256.553
284.784,51.909,105.279,256.553
278.561,55.575,107.608,262.230
273.577,71.949,107.608,262.230
274.289,81.205,107.608,262.230
279.273,89.036,107.608,262.230
284.256,85.476,107.608,262.230
294.935,76.221,107.608,262.230
307.038,66.966,107.608,262.230
313.446,63.406,107.608,262.230
307.085,53.857,109.989,268.031
303.447,53.130,109.989,268.031
299.808,48.036,109.989,268.031
290.460,55.804,107.643,262.316
296.870,49.394,107.643,262.316
289.036,58.652,107.643,262.316
295.445,53.667,107.643,262.316
304.704,47.257,107.643,262.316
295.555,78.198,105.348,256.722
304.068,89.669,103.101,251.247
307.478,82.166,103.101,251.247
320.439,76.026,103.101,251.247
330.671,67.159,103.101,251.247
343.631,59.655,103.101,251.247
340.221,57.609,103.101,251.247
332.717,55.563,103.101,251.247
340.221,56.245,103.101,251.247
344.995,55.563,103.101,251.247
341.585,56.245,103.101,251.247
336.810,50.106,103.101,251.247
341.585,50.788,103.101,251.247
339.538,56.927,103.101,251.247
345.678,54.881,103.101,251.247
349.088,56.927,103.101,251.247
345.678,52.152,103.101,251.247
354.545,56.927,103.101,251.247
353.863,48.059,103.101,251.247
347.724,51.470,103.101,251.247
356.592,48.059,103.101,251.247
349.144,50.081,100.903,245.889
357.822,46.743,100.903,245.889
358.490,52.751,100.903,245.889
365.833,48.078,100.903,245.889
365.166,51.416,100.903,245.889
359.157,44.073,100.903,245.889
350.479,43.405,100.903,245.889
344.471,40.067,100.903,245.889
334.457,46.075,100.903,245.889
327.114,46.743,100.903,245.889
318.435,47.410,100.903,245.889
315.097,52.083,100.903,245.889
310.424,50.081,100.903,245.889
313.762,48.078,100.903,245.889
313.094,46.075,100.903,245.889
309.666,49.341,98.751,240.645
303.786,43.460,98.751,240.645
301.690,40.359,96.645,235.514
294.657,34.604,96.645,235.514
302.467,41.429,94.584,230.491
295.583,37.049,94.584,230.491
301.215,36.423,94.584,230.491
307.652,44.309,92.567,225.576
309.489,51.046,92.567,225.576
316.226,59.008,92.567,225.576
322.963,65.744,92.567,225.576
327.250,61.457,92.567,225.576
330.312,68.194,92.567,225.576
323.575,70.031,92.567,225.576
327.862,74.318,92.567,225.576
330.924,78.605,92.567,225.576
326.637,74.318,92.567,225.576
328.475,77.381,92.567,225.576
321.738,73.094,92.567,225.576
327.250,78.605,92.567,225.576
333.987,81.668,92.567,225.576
340.723,79.830,92.567,225.576
337.661,76.768,92.567,225.576
340.723,81.055,92.567,225.576
333.987,76.768,92.567,225.576
338.274,81.055,92.567,225.576
331.537,73.094,92.567,225.576
327.250,78.605,92.567,225.576
320.513,70.644,92.567,225.576
311.327,72.481,92.567,225.576
304.590,65.744,92.567,225.576
297.853,60.232,92.567,225.576
293.566,55.945,92.567,225.576
291.729,62.682,92.567,225.576
293.566,70.644,92.567,225.576
285.605,63.907,92.567,225.576
282.542,71.869,92.567,225.576
278.255,67.582,92.567,225.576
280.093,66.969,92.567,225.576
275.806,59.008,92.567,225.576
280.093,54.721,92.567,225.576
281.930,50.434,92.567,225.576
281.318,52.271,92.567,225.576
288.054,56.558,92.567,225.576
293.566,62.070,92.567,225.576
299.078,63.907,92.567,225.576
299.690,60.845,92.567,225.576
306.427,57.783,92.567,225.576
309.489,59.620,92.567,225.576
313.776,54.108,92.567,225.576
315.614,59.620,92.567,225.576
321.125,66.357,92.567,225.576
318.063,63.295,92.567,225.576
324.800,68.807,92.567,225.576
320.513,71.869,92.567,225.576
323.575,73.706,92.567,225.576
325.412,75.543,92.567,225.576
321.125,83.505,92.567,225.576
325.412,77.993,92.567,225.576
328.475,84.730,92.567,225.576
325.412,76.768,92.567,225.576
329.700,73.706,92.567,225.576
326.637,66.969,92.567,225.576
327.250,70.031,92.567,225.576
318.063,66.969,92.567,225.576
310.102,73.706,92.567,225.576
307.040,66.969,92.567,225.576
299.078,66.357,92.567,225.576
302.502,63.226,94.615,230.567
306.884,68.860,94.615,230.567
301.250,71.990,94.615,230.567
301.876,76.372,94.615,230.567
297.494,70.738,94.615,230.567
291.866,82.247,92.597,225.650
294.929,77.958,92.597,225.650
297.992,69.994,92.597,225.650
293.704,75.508,92.597,225.650
300.443,71.219,92.597,225.650
305.956,68.156,92.597,225.650
307.794,65.093,92.597,225.650
310.857,68.156,92.597,225.650
315.146,71.219,92.597,225.650
318.209,68.156,92.597,225.650
320.047,76.120,92.597,225.650
314.533,70.607,92.597,225.650
320.047,67.543,92.597,225.650
315.758,64.480,92.597,225.650
322.497,69.994,92.597,225.650
321.885,63.255,92.597,225.650
318.822,56.516,92.597,225.650
325.561,52.228,92.597,225.650
332.299,60.192,92.597,225.650
336.239,67.912,90.623,220.838
335.640,60.118,90.623,220.838
338.991,50.832,92.628,225.724
334.702,44.091,92.628,225.724
338.991,42.253,92.628,225.724
345.733,41.640,92.628,225.724
340.217,36.124,92.628,225.724
348.884,42.666,90.652,220.910
349.483,49.263,90.652,220.910
341.686,41.466,90.652,220.910
347.084,40.867,90.652,220.910
354.881,47.464,90.652,220.910
351.882,43.266,90.652,220.910
357.280,42.666,90.652,220.910
351.882,48.064,90.652,220.910
357.280,42.666,90.652,220.910
362.678,39.667,90.652,220.910
358.480,42.666,90.652,220.910
361.479,39.667,90.652,220.910
353.682,37.868,90.652,220.910
355.481,33.669,90.652,220.910
351.283,39.067,90.652,220.910
356.681,37.268,90.652,220.910
350.083,33.070,90.652,220.910
348.284,34.869,90.652,220.910
353.297,36.646,88.719,216.199
352.546,45.175,86.827,211.589
352.918,42.448,84.976,207.077
346.734,45.259,84.976,207.077
347.296,45.821,84.976,207.077
346.734,41.886,84.976,207.077
345.210,34.345,86.856,211.658
351.121,39.371,85.004,207.144
341.561,37.684,85.004,207.144
334.250,39.371,85.004,207.144
341.561,46.683,85.004,207.144
332.000,50.619,85.004,207.144
338.186,52.306,85.004,207.144
344.831,44.764,86.884,211.727
337.358,49.937,86.884,211.727
343.682,44.764,86.884,211.727
335.059,47.638,86.884,211.727
341.382,45.913,86.884,211.727
332.760,43.039,86.884,211.727
342.532,37.866,86.884,211.727
346.938,34.927,88.807,216.412
342.908,31.923,90.771,221.200
339.905,31.323,90.771,221.200
332.047,38.222,92.780,226.094
337.572,38.836,92.780,226.094
334.503,41.905,92.780,226.094
336.344,41.291,92.780,226.094
327.137,48.043,92.780,226.094
328.978,46.202,92.780,226.094
327.137,49.271,92.780,226.094
328.978,46.202,92.780,226.094
325.909,51.726,92.780,226.094
327.750,52.340,92.780,226.094
324.681,49.271,92.780,226.094
329.387,44.859,94.832,231.096
332.524,46.741,94.832,231.096
338.170,43.604,94.832,231.096
342.562,45.486,94.832,231.096
345.699,41.095,94.832,231.096
348.837,34.193,94.832,231.096
343.196,42.100,92.810,226.168
337.669,35.345,92.810,226.168
343.196,34.731,92.810,226.168
333.985,31.661,92.810,226.168
337.055,38.415,92.810,226.168
332.757,36.573,92.810,226.168
335.827,32.275,92.810,226.168
336.441,39.030,92.810,226.168
335.827,35.959,92.810,226.168
326.617,40.258,92.810,226.168
318.634,34.731,92.810,226.168
313.108,29.205,92.810,226.168
318.634,34.731,92.810,226.168
314.336,32.889,92.810,226.168
310.037,34.731,92.810,226.168
304.511,32.889,92.810,226.168
310.037,38.415,92.810,226.168
316.354,42.603,90.831,221.345
318.157,39.598,90.831,221.345
324.767,43.804,90.831,221.345
316.955,38.396,90.831,221.345
306.739,34.189,90.831,221.345
310.945,40.800,90.831,221.345
315.152,37.795,90.831,221.345
316.955,44.405,90.831,221.345
319.959,40.199,90.831,221.345
314.556,47.772,88.894,216.625
322.202,58.946,88.894,216.625
318.085,56.006,88.894,216.625
324.555,62.475,88.894,216.625
323.966,56.006,88.894,216.625
329.260,61.299,88.894,216.625
326.319,56.006,88.894,216.625
321.026,58.946,88.894,216.625
318.085,52.477,88.894,216.625
318.673,56.594,88.894,216.625
316.909,57.182,88.894,216.625
315.145,62.475,88.894,216.625
312.204,58.358,88.894,216.625
313.968,67.180,88.894,216.625
307.499,72.473,88.894,216.625
304.558,75.414,88.894,216.625
301.618,73.650,88.894,216.625
296.324,77.766,88.894,216.625
293.384,74.826,88.894,216.625
288.091,81.295,88.894,216.625
288.679,79.531,88.894,216.625
290.443,75.414,88.894,216.625
287.503,77.178,88.894,216.625
288.091,77.766,88.894,216.625
287.503,76.002,88.894,216.625
289.267,81.295,88.894,216.625
291.031,83.060,88.894,216.625
284.562,80.119,88.894,216.625
280.445,79.531,88.894,216.625
286.914,75.414,88.894,216.625
287.503,71.297,88.894,216.625
290.443,76.590,88.894,216.625
296.913,72.473,88.894,216.625
305.230,73.082,86.998,212.005
301.201,71.356,86.998,212.005
297.135,74.171,85.143,207.484
301.078,70.228,85.143,207.484
303.895,65.158,85.143,207.484
304.458,67.975,85.143,207.484
307.275,73.044,85.143,207.484
310.091,65.721,85.143,207.484
308.401,70.791,85.143,207.484
313.471,65.721,85.143,207.484
307.275,71.918,85.143,207.484
307.838,80.367,85.143,207.484
303.895,85.437,85.143,207.484
304.458,82.621,85.143,207.484
301.642,89.944,85.143,207.484
303.332,89.380,85.143,207.484
297.135,86.564,85.143,207.484
296.572,91.634,85.143,207.484
288.122,85.437,85.143,207.484
279.583,75.544,87.027,212.075
274.438,67.822,88.952,216.767
272.673,71.942,88.952,216.767
276.793,76.061,88.952,216.767
276.204,74.296,88.952,216.767
277.970,71.353,88.952,216.767
282.089,80.181,88.952,216.767
285.379,71.066,90.920,221.563
282.372,76.480,90.920,221.563
287.785,71.066,90.920,221.563
289.590,74.074,90.920,221.563
291.395,71.066,90.920,221.563
293.199,69.262,90.920,221.563
290.191,66.254,90.920,221.563
291.996,68.059,90.920,221.563
290.191,75.879,90.920,221.563
291.996,70.465,90.920,221.563
287.785,67.457,90.920,221.563
289.335,76.197,88.981,216.838
293.456,69.722,88.981,216.838
290.512,67.955,88.981,216.838
295.810,70.899,88.981,216.838
298.754,67.955,88.981,216.838
304.052,66.189,88.981,216.838
306.996,71.488,88.981,216.838
312.294,73.254,88.981,216.838
316.415,73.842,88.981,216.838
314.649,72.076,88.981,216.838
316.415,67.955,88.981,216.838
314.649,68.544,88.981,216.838
310.528,71.488,88.981,216.838
307.585,75.609,88.981,216.838
304.641,71.488,88.981,216.838
296.988,79.141,88.981,216.838
290.512,75.020,88.981,216.838
286.391,63.834,88.981,216.838
290.512,59.714,88.981,216.838
287.568,66.189,88.981,216.838
283.448,87.971,88.981,216.838
276.972,99.157,88.981,216.838
269.319,109.165,88.981,216.838
273.439,105.044,88.981,216.838
266.964,111.520,88.981,216.838
271.085,105.044,88.981,216.838
264.609,110.342,88.981,216.838
271.085,106.221,88.981,216.838
268.141,100.923,88.981,216.838
266.375,107.399,88.981,216.838
263.431,98.568,88.981,216.838
260.488,93.270,88.981,216.838
262.254,90.326,88.981,216.838
260.488,92.092,88.981,216.838
265.786,83.262,88.981,216.838
268.730,77.963,88.981,216.838
275.206,76.197,88.981,216.838
271.085,82.673,88.981,216.838
276.819,75.999,90.950,221.636
279.828,80.211,90.950,221.636
281.943,70.892,92.962,226.539
283.788,75.197,92.962,226.539
288.503,66.948,95.019,231.552
289.131,68.834,95.019,231.552
298.561,73.235,95.019,231.552
304.219,76.378,95.019,231.552
312.391,79.521,95.019,231.552
316.792,72.606,95.019,231.552
312.391,77.007,95.019,231.552
319.307,70.091,95.019,231.552
312.391,68.205,95.019,231.552
316.792,70.091,95.019,231.552
324.470,64.683,92.993,226.614
322.497,70.065,91.010,221.781
327.916,70.667,91.010,221.781
326.110,74.882,91.010,221.781
321.895,73.075,91.010,221.781
324.012,68.748,93.023,226.688
313.405,66.878,95.081,231.703
315.292,63.733,95.081,231.703
319.695,56.813,95.081,231.703
317.808,59.959,95.081,231.703
323.935,61.964,97.185,236.830
328.436,60.035,97.185,236.830
334.223,67.108,97.185,236.830
325.963,75.211,95.113,231.779
319.041,68.289,95.113,231.779
310.861,61.367,95.113,231.779
313.073,47.704,97.217,236.907
305.998,45.774,97.217,236.907
297.636,55.422,97.217,236.907
302.139,58.638,97.217,236.907
295.063,57.995,97.217,236.907
295.707,48.347,97.217,236.907
287.345,42.559,97.217,236.907
285.415,43.202,97.217,236.907
282.199,42.559,97.217,236.907
284.129,39.343,97.217,236.907
280.826,47.448,95.144,231.855
286.491,50.596,95.144,231.855
279.618,57.315,93.115,226.911
276.538,54.235,93.115,226.911
270.999,67.936,91.129,222.072
266.779,76.980,91.129,222.072
261.353,78.788,91.129,222.072
255.926,81.803,91.129,222.072
248.089,77.583,91.129,222.072
240.251,81.803,91.129,222.072
236.030,76.377,91.129,222.072
235.258,74.677,89.186,217.336
237.029,67.006,89.186,217.336
235.258,62.876,89.186,217.336
231.128,68.186,89.186,217.336
229.358,73.497,89.186,217.336
227.588,75.267,89.186,217.336
229.358,75.857,89.186,217.336
226.408,74.087,89.186,217.336
224.637,73.497,89.186,217.336
220.507,72.907,89.186,217.336
222.277,68.776,89.186,217.336
212.108,59.638,91.159,222.145
205.474,62.653,91.159,222.145
207.283,66.875,91.159,222.145
211.505,71.097,91.159,222.145
219.345,72.906,91.159,222.145
217.536,73.509,91.159,222.145
210.902,76.525,91.159,222.145
206.680,80.747,91.159,222.145
202.458,75.319,91.159,222.145
201.855,78.334,91.159,222.145
207.283,77.731,91.159,222.145
209.092,75.922,91.159,222.145
217.621,77.709,89.215,217.408
220.573,77.119,89.215,217.408
225.885,75.348,89.215,217.408
220.573,83.022,89.215,217.408
231.195,91.598,87.312,212.771
237.137,99.991,85.451,208.234
235.441,105.079,85.451,208.234
236.897,110.024,83.628,203.793
234.056,113.797,81.845,199.447
233.515,108.924,81.845,199.447
226.475,113.797,81.845,199.447
221.602,119.753,81.845,199.447
216.733,122.402,80.100,195.194
213.024,128.231,80.100,195.194
216.733,124.522,80.100,195.194
219.120,131.200,78.391,191.031
214.457,136.736,76.720,186.958
215.764,135.305,75.084,182.971
221.228,140.769,75.084,182.971
223.712,138.286,75.084,182.971
229.177,133.815,75.084,182.971
249.477,123.029,76.745,187.019
269.173,108.844,78.443,191.157
276.381,97.576,80.178,195.386
272.668,106.594,80.178,195.386
271.077,115.612,80.178,195.386
281.156,128.873,80.178,195.386
288.052,134.708,80.178,195.386
291.017,128.694,81.952,199.709
300.799,84.295,83.765,204.128
308.003,74.874,83.765,204.128
310.774,68.778,83.765,204.128
316.870,61.573,83.765,204.128
