0.00740123
0.01187277
0.01172996
0.01158834
0.01139283
0.01142240
0.01138520
0.01133633
0.01140308
0.01139331
0.01156664
0.01243353
0.01173234
0.01160574
0.01161027
0.01149702
0.01148224
0.01131988
0.01141882
0.01140022
0.01139021
0.01145124
0.01159000
0.01158953
0.01154184
0.01151323
0.01149845
0.01160598
0.01190019
0.01158476
0.01159644
0.01158047
0.01151872
0.01144719
0.01153302
0.01159525
0.01168442
0.01172161
0.01170349
0.01168633
0.01174450
0.01170373
0.01162624
0.01152945
0.01177096
0.01203251
0.01166153
0.01174259
0.01179886
0.01180077
0.01175666
0.01167440
0.01150441
0.01158214
0.01160097
0.01172662
0.01169324
0.01161671
0.01150322
0.01171160
0.01161289
0.01155758
0.01156950
0.01153111
0.01158500
0.01160932
0.01154399
0.01153946
0.01149869
0.01148462
0.01161408
0.01158762
0.01163936
0.01161146
0.01153469
0.01166224
0.01154709
0.01162767
0.01215434
0.01195478
0.01149225
0.01144171
0.01160812
0.01162887
0.01163483
0.01149893
0.01152849
0.01153994
0.01156616
0.01154661
0.01161528
0.01157594
0.01158762
0.01152563
0.01165462
0.01176167
0.01183629
0.01165652
0.01164579
0.01163173
0.01153898
0.01154828
0.01160192
0.01152372
0.01162457
0.01154876
0.01163507
0.01166415
0.01162052
0.01154780
0.01151896
0.01155210
0.01222706
0.01191020
0.01151752
0.01146722
0.01143837
0.01140523
0.01135063
0.01141858
0.01133990
0.01131272
0.01126218
0.01121640
0.01122880
0.01113510
0.01131868
0.01122236
0.01131248
0.01122594
0.01125693
0.01122189
0.01141572
0.01132441
0.01135707
0.01143003
0.01135898
0.01137495
0.01133323
0.01127291
0.01136971
0.01105762
0.01125431
0.01115441
0.01134348
0.01126838
0.01132870
0.01159477
0.01132751
0.01114583
0.01137280
0.01113009
0.01120520
0.01109505
0.01117468
0.01108932
0.01109672
0.01121068
0.01116633
0.01114297
0.01118946
0.01110363
0.01117349
0.01115513
0.01133561
0.01121473
0.01127815
0.01130080
0.01129556
0.01124334
0.01116061
0.01110291
0.01107812
0.01112556
0.01117158
0.01120210
0.01134825
0.01109767
0.01125383
0.01119590
0.01119566
0.01124191
0.01138496
0.01110339
0.01114297
0.01116610
0.01121402
0.01127052
0.01128268
0.01129365
0.01134586
0.01126933
0.01127577
0.01112056
0.01120806
0.01118279
0.01131368
0.01121712
0.01119757
0.01118040
0.01121426
0.01128268
0.01131964
0.01119661
0.01137233
0.01124287
0.01136088
0.01119447
0.01132417
0.01119351
0.01127243
0.01118636
0.01118040
0.01117396
0.01111913
0.01120210
0.01184726
0.01200080
0.01155376
0.01158381
0.01156282
0.01147056
0.01131701
0.01111054
0.01119399
0.01117826
0.01128030
0.01129174
0.01126337
0.01126719
0.01125860
0.01117373
0.01141071
0.01116014
0.01134038
0.01126671
0.01138258
0.01160431
0.01166487
0.01149845
0.01141214
0.01127362
0.01128697
0.01122093
0.01123333
0.01116657
0.01110888
0.01111031
0.01125431
0.01121426
0.01131892
0.01151991
0.01130581
0.01129961
0.01125407
0.01121736
0.01128292
0.01122379
0.01125669
0.01121879
0.01129794
0.01119685
0.01129246
0.01125693
0.01131296
0.01122642
0.01120448
0.01115847
0.01121116
0.01112247
0.01129889
0.01127052
0.01136112
0.01144075
0.01145005
0.01159954
0.01156521
0.01146340
0.01140261
0.01129436
0.01135850
0.01117039
0.01114011
0.01121473
0.01129818
0.01146770
0.01193357
0.01148033
0.01132417
0.01114893
0.01127648
0.01128507
0.01133084
0.01120806
0.01136708
0.01125145
0.01134133
0.01124024
0.01132035
0.01121569
0.01139879
0.01130152
0.01142240
0.01126051
0.01131868
0.01155829
0.01157022
0.01155400
0.01150298
0.01151037
0.01156449
0.01147819
0.01147866
0.01168680
0.01147628
0.01144028
0.01138401
0.01143765
0.01146102
0.01155758
0.01178503
0.01142621
0.01142073
0.01151395
0.01140380
0.01145673
0.01142383
0.01144814
0.01140022
0.01135921
0.01133585
0.01147723
0.01138496
0.01136541
