0.00634837
0.01086950
0.01093531
0.01092243
0.01086068
0.01083994
0.01108718
0.01074553
0.01080465
0.01165676
0.01085949
0.01074696
0.01059914
0.01080966
0.01072574
0.01074100
0.01072502
0.01068091
0.01061869
0.01071811
0.01072192
0.01081347
0.01076841
0.01072478
0.01070166
0.01075554
0.01071405
0.01071978
0.01071978
0.01071477
0.01069140
0.01063704
0.01073503
0.01070189
0.01082063
0.01094031
0.01079512
0.01076913
0.01104736
0.01063180
0.01067805
0.01075673
0.01061749
0.01070094
0.01073718
0.01083636
0.01066351
0.01070976
0.01154041
0.01125097
0.01087499
0.01081061
0.01081371
0.01076436
0.01079869
0.01079941
0.01078391
0.01079702
0.01076889
0.01076794
0.01065969
0.01075339
0.01070380
0.01061773
0.01067472
0.01062012
0.01055503
0.01055145
0.01088071
0.01080537
0.01081634
0.01077104
0.01073265
0.01075482
0.01068640
0.01077080
0.01081944
0.01087594
0.01074076
0.01083136
0.01081872
0.01087475
0.01075602
0.01070571
0.01076317
0.01079297
0.01078486
0.01150203
0.01089883
0.01086712
0.01075578
0.01080036
0.01086068
0.01082706
0.01093221
0.01095510
0.01087332
0.01084971
0.01076841
0.01081014
0.01082635
0.01081324
0.01079941
0.01082516
0.01077747
0.01084971
0.01088166
0.01085091
0.01087236
0.01077867
0.01079488
0.01086140
0.01074314
