0.00756264
0.01063800
0.01078129
0.01083517
0.01073217
0.01113009
0.01070166
0.01055908
0.01056886
0.01054859
0.01068592
0.01059198
0.01054382
0.01055312
0.01064825
0.01058412
0.01053214
0.01061940
0.01056266
0.01052618
0.01066160
0.01056957
0.01048255
0.01063609
0.01058316
0.01058269
0.01056409
0.01060462
0.01059532
0.01050234
0.01059461
0.01057243
0.01056528
0.01065278
0.01054335
0.01057029
0.01053667
0.01062894
0.01056147
0.01059699
0.01068091
0.01053810
0.01127410
0.01106215
0.01060367
0.01054883
0.01057339
0.01051569
0.01063013
0.01054192
0.01056862
0.01049042
0.01059914
0.01060319
0.01057673
0.01060200
0.01050496
0.01051807
0.01070523
0.01056933
0.01056957
0.01051474
0.01061487
0.01057625
0.01054835
0.01053405
0.01055884
0.01056623
0.01061749
0.01054811
0.01056862
0.01060224
0.01063871
0.01052022
0.01049376
0.01062083
0.01062965
0.01057673
0.01058507
0.01055789
0.01074910
0.01071954
0.01060987
0.01056862
0.01058650
0.01053333
0.01058340
0.01070356
0.01057601
0.01058173
0.01067209
0.01056576
0.01054406
0.01059127
0.01056433
0.01060367
0.01049376
0.01048136
0.01051188
0.01044846
0.01060939
0.01044273
0.01054120
0.01050305
0.01052141
0.01053357
0.01049662
0.01055837
0.01052237
0.01045370
0.01051450
0.01061416
0.01054788
0.01047707
0.01057959
0.01056409
0.01065254
0.01056075
0.01072550
0.01059628
0.01063061
0.01045156
0.01051378
0.01052785
0.01049495
0.01056695
0.01046896
0.01055956
0.01049185
0.01049042
0.01063800
0.01058269
0.01049733
0.01039267
0.01055717
0.01049471
0.01052237
0.01048326
0.01061845
0.01056242
0.01054573
0.01055908
0.01046634
0.01051736
0.01054358
0.01053643
0.01052189
0.01045299
0.01053095
0.01053762
0.01051450
0.01058722
0.01053500
0.01052427
0.01052308
0.01060486
0.01073647
0.01060271
0.01049185
0.01056910
0.01060128
0.01054573
0.01053166
0.01057553
0.01064634
0.01058173
0.01055455
0.01059413
0.01058602
0.01051283
0.01059818
0.01058292
0.01056051
0.01064014
0.01057768
0.01055431
0.01068997
0.01056790
0.01056933
0.01061225
0.01058340
0.01057053
0.01062083
0.01071167
0.01060081
0.01052666
0.01053214
0.01062393
0.01055360
0.01066208
0.01063442
0.01064801
0.01078653
0.01124048
0.01106596
0.01067495
0.01059175
0.01064205
0.01068735
0.01065326
0.01058245
0.01059556
0.01060104
0.01064563
0.01051092
0.01063657
0.01061010
0.01064730
0.01074886
0.01065230
0.01065207
0.01063395
0.01063442
0.01069164
0.01070571
0.01063752
0.01061392
0.01066875
0.01079059
0.01086855
0.01084447
0.01082397
0.01069689
0.01075673
0.01071429
0.01068759
0.01064992
0.01070809
0.01071620
0.01064014
0.01081204
0.01152325
0.01077867
0.01076603
0.01070547
0.01069212
0.01077676
0.01078224
0.01086712
0.01100779
0.01083732
0.01085424
0.01097059
0.01093268
0.01092625
0.01091480
0.01100278
0.01091909
0.01091313
0.01095796
0.01098657
0.01105165
0.01105475
0.01093149
0.01103544
0.01100135
0.01096559
0.01108670
0.01108718
0.01103950
0.01101613
0.01108623
0.01105142
0.01112008
0.01112628
0.01096773
0.01108074
0.01120448
0.01157808
0.01146984
0.01107550
0.01096296
0.01107836
0.01098084
0.01106381
0.01107550
0.01109838
0.01103091
0.01109362
0.01112080
0.01116824
0.01108289
0.01117301
0.01119304
0.01121426
0.01118684
0.01119375
0.01115894
0.01108503
0.01109147
0.01113057
0.01113439
0.01098204
0.01109600
0.01111841
0.01101637
0.01105452
0.01107097
0.01101279
0.01103067
0.01106191
0.01103234
0.01117063
0.01106906
0.01100326
0.01189184
0.01123667
0.01097035
0.01104426
0.01108718
0.01106977
0.01104665
0.01122069
0.01100969
0.01105285
0.01112485
0.01114893
0.01121116
0.01114798
0.01118040
0.01122689
0.01117301
0.01130152
0.01115274
0.01129508
0.01114607
0.01113844
0.01113653
0.01112103
0.01115227
0.01113009
0.01120973
0.01119375
0.01115656
0.01122499
0.01112819
0.01118326
0.01115155
0.01120520
0.01107669
0.01117325
0.01118231
0.01134729
0.01110601
0.01113224
0.01115942
0.01117539
0.01112819
0.01111460
0.01113343
0.01121950
0.01121044
0.01117754
0.01119375
0.01117611
0.01126409
0.01119089
0.01126337
0.01119518
0.01126242
0.01114106
0.01114774
0.01119900
0.01119423
0.01121402
0.01117015
0.01127577
0.01141930
0.01145649
0.01147628
0.01139712
0.01141334
0.01150537
0.01156616
0.01173496
0.01175427
0.01171827
0.01166177
0.01185608
0.01166439
0.01164651
0.01154757
0.01159978
0.01160669
0.01166701
0.01158690
0.01141238
0.01141310
0.01152539
0.01145363
0.01141047
0.01142502
0.01119566
0.01124358
0.01122189
0.01116467
0.01118398
0.01115227
0.01116872
0.01110864
0.01114202
0.01105881
0.01098728
0.01096821
0.01109982
0.01110125
0.01089430
0.01102519
0.01104736
0.01103091
0.01119804
0.01110959
0.01110387
0.01107073
0.01139450
0.01107025
0.01117039
0.01110721
0.01095009
0.01104259
0.01108193
0.01093173
0.01108551
0.01103330
0.01094079
0.01108456
0.01096654
0.01082277
0.01099205
0.01092482
0.01092005
0.01089025
0.01088834
0.01096106
0.01105380
0.01101136
0.01087213
0.01104712
0.01097345
0.01092196
0.01100492
0.01093793
0.01098680
0.01098680
0.01087523
0.01087832
0.01091266
0.01094151
0.01097465
0.01106453
0.01110029
0.01136923
0.01120615
0.01105547
0.01116943
0.01108265
0.01112652
0.01104522
0.01108027
0.01110196
0.01102829
0.01095033
0.01110077
0.01110101
0.01111460
0.01107287
0.01103902
0.01108694
0.01105642
0.01118779
0.01111746
0.01099825
0.01110172
0.01118541
0.01130462
0.01135850
0.01134515
0.01128125
0.01144814
0.01137352
0.01145124
0.01143336
0.01131964
0.01143456
0.01126766
0.01130700
0.01150537
0.01187277
0.01164055
0.01140046
0.01133442
0.01141119
0.01142335
0.01137185
0.01133180
0.01126122
0.01111794
0.01106739
0.01115084
0.01096892
0.01107907
0.01103926
0.01088738
0.01102352
0.01113701
0.01097560
0.01107597
0.01099920
0.01093793
0.01132560
0.01108670
0.01093817
0.01103592
0.01103711
0.01097870
0.01083064
0.01100969
0.01085186
0.01092100
0.01091743
0.01089025
0.01106501
0.01103878
0.01093507
0.01182032
0.01120639
0.01107550
0.01114535
0.01113605
0.01119804
0.01112318
0.01123357
0.01118016
0.01107359
0.01107550
0.01112223
0.01123929
0.01111722
0.01122212
0.01120901
0.01136804
0.01130414
0.01141882
0.01143050
0.01123452
0.01130104
0.01132441
0.01134586
0.01126456
0.01126504
0.01124930
0.01119494
0.01127481
0.01126599
0.01151156
0.01138997
0.01140141
0.01135397
0.01134586
0.01126814
0.01125002
0.01161075
0.01109052
0.01115084
0.01109838
0.01102805
0.01108456
0.01095986
0.01109838
0.01107097
0.01104975
0.01098561
0.01104283
0.01117945
0.01098609
0.01106644
0.01109791
0.01089263
0.01099563
0.01099801
0.01084185
0.01091003
0.01100850
0.01079130
0.01072764
0.01079988
0.01075006
0.01088929
0.01094675
0.01094532
0.01099372
0.01105142
0.01091099
0.01104999
0.01096201
0.01088095
0.01117015
0.01108742
0.01155162
0.01106763
0.01102853
0.01111007
0.01106644
0.01107669
0.01105690
0.01099634
0.01101470
0.01096797
0.01106477
0.01107073
0.01090956
0.01101279
0.01105309
0.01080728
0.01100850
0.01086521
0.01088786
0.01098800
0.01090264
0.01083446
0.01091099
0.01080394
0.01086473
0.01098585
0.01088905
0.01085854
0.01093245
0.01088548
0.01076365
0.01084661
0.01079869
0.01076794
0.01084304
0.01076245
0.01077700
0.01103306
0.01067948
0.01078343
0.01083541
0.01069689
0.01069093
0.01077890
0.01076221
0.01074934
0.01082897
0.01076174
0.01073503
0.01077604
0.01078701
0.01066351
0.01083755
0.01083541
0.01088572
0.01085591
0.01088047
0.01080108
0.01084900
0.01096463
0.01079941
0.01081991
0.01091409
0.01083755
0.01078510
0.01073265
0.01074338
0.01072383
0.01081109
0.01074052
0.01083326
0.01092196
0.01087689
0.01091003
0.01135039
0.01130915
0.01104426
0.01102066
0.01090193
0.01106405
0.01105165
0.01099610
0.01106548
0.01099253
0.01104760
0.01108503
0.01101017
0.01099515
0.01108670
0.01104689
0.01103306
0.01098394
0.01104450
0.01090360
0.01090193
0.01087403
0.01093292
0.01090479
0.01093078
0.01085758
0.01091123
0.01088214
0.01081538
0.01089430
0.01095057
0.01085377
0.01082826
0.01089907
0.01078248
0.01093864
0.01096797
0.01092839
0.01132107
0.01090813
0.01080489
0.01093364
0.01091957
0.01084614
0.01084495
0.01074934
0.01079321
0.01084495
0.01095581
0.01077771
0.01084375
0.01089954
0.01082110
0.01095057
0.01091719
0.01080680
0.01081681
0.01088810
0.01080441
0.01098180
0.01088595
0.01089597
0.01102018
0.01087952
0.01087046
0.01096773
0.01082563
0.01076055
0.01077986
0.01074481
0.01069593
0.01085043
0.01077056
0.01065373
0.01067567
0.01154399
0.01082253
0.01093268
0.01085854
0.01077604
0.01087475
0.01071906
0.01072598
0.01069236
0.01063061
0.01073503
0.01077867
0.01073647
0.01069045
0.01071644
0.01083660
0.01074100
0.01066899
0.01080155
0.01067901
0.01072216
0.01071787
0.01069975
0.01066637
0.01064491
0.01076579
0.01075768
0.01068926
0.01065373
0.01095009
0.01068830
0.01065707
0.01066566
0.01068759
0.01064253
0.01081705
0.01081848
0.01085758
0.01103854
0.01061964
0.01069069
0.01066399
0.01065016
0.01065803
0.01066327
