0.00435185
0.01102567
0.01202917
0.01059365
0.01078320
0.01051402
0.01055264
0.01053166
0.01057959
0.01055551
0.01057434
0.01070237
0.01070380
0.01083708
0.01071954
0.01053071
0.01053667
0.01048493
0.01059794
0.01047611
0.01049042
0.01054740
0.01046586
0.01041818
0.01067924
0.01060224
0.01041651
0.01058865
0.01053643
0.01050878
0.01056671
0.01048160
0.01050496
0.01047873
0.01051354
0.01059341
0.01062155
0.01051211
0.01070714
0.01061606
0.01070595
0.01053309
0.01058173
0.01061344
0.01063085
0.01063180
0.01062894
0.01068020
0.01058865
0.01049876
0.01053023
0.01066637
0.01065493
0.01070762
0.01072407
0.01069951
0.01136589
0.01120472
0.01078558
0.01061034
0.01071000
0.01060152
0.01075435
0.01070380
0.01060963
0.01067662
0.01066828
0.01067281
0.01064801
0.01065159
0.01064396
0.01057339
0.01063085
0.01064157
0.01062250
0.01060724
0.01067138
0.01070595
0.01067066
0.01056790
0.01067662
0.01058674
0.01063609
0.01063824
0.01063418
0.01054883
0.01066995
0.01071835
0.01056504
0.01050091
0.01093721
0.01057172
0.01066971
0.01056552
0.01060724
0.01059365
0.01077414
0.01059985
0.01072788
0.01071477
0.01071882
0.01097226
0.01114321
0.01071048
0.01070309
0.01071596
0.01066780
0.01069736
0.01074290
0.01072621
0.01078153
0.01075649
0.01070452
0.01069593
0.01070380
0.01077724
0.01080775
0.01078677
0.01075506
0.01074171
0.01069307
0.01068425
0.01066303
0.01072621
0.01070237
0.01071167
0.01069951
0.01066637
0.01079154
0.01078916
0.01073408
0.01073694
0.01073170
0.01058745
0.01064539
0.01062250
0.01069212
0.01067638
0.01071382
0.01062536
0.01073146
0.01074123
0.01076388
0.01070476
0.01077008
0.01070666
0.01127768
0.01120329
0.01078653
0.01071334
0.01066303
0.01070333
0.01073670
0.01072025
0.01069045
0.01064086
0.01077080
0.01061678
0.01074719
0.01073241
0.01063681
0.01066542
0.01060224
0.01066828
0.01065707
0.01059437
0.01078486
0.01062727
0.01069880
0.01067781
0.01072717
0.01064920
0.01065063
0.01065779
0.01074362
0.01062417
0.01066995
0.01097012
0.01071882
0.01076508
0.01085520
0.01077223
0.01075244
0.01085162
0.01077199
0.01083755
0.01075530
0.01068974
0.01072931
0.01075172
0.01076531
0.01124883
0.01106334
0.01077366
0.01071739
0.01071429
0.01079106
0.01076889
0.01077151
0.01076078
0.01068974
0.01069832
0.01075268
0.01066279
0.01081276
0.01078200
0.01062799
0.01068044
0.01074719
0.01063800
0.01070809
0.01063418
0.01069260
0.01073289
0.01076603
0.01067662
0.01076150
0.01065755
0.01065946
0.01080251
0.01064825
0.01069355
0.01075435
0.01077223
0.01070619
0.01073432
0.01077652
0.01074457
0.01075387
0.01076341
0.01075125
0.01076841
0.01070333
0.01063609
0.01067591
0.01071525
0.01164532
0.01081443
0.01073360
0.01065803
0.01080322
0.01082325
0.01074648
0.01080370
0.01077080
0.01074886
0.01082897
0.01077104
0.01083255
0.01079011
0.01074600
0.01080346
0.01087046
0.01081324
0.01080465
0.01078463
0.01082253
0.01080394
0.01081085
0.01084518
0.01068854
0.01079535
0.01082659
0.01072145
0.01080871
0.01074481
0.01081085
0.01075912
0.01073098
0.01066756
0.01064444
