118.000,57.000,82.000,98.000
116.938,55.230,82.000,98.000
118.000,54.168,82.000,98.000
116.938,54.522,82.000,98.000
117.292,53.460,82.000,98.000
116.230,53.814,82.000,98.000
117.292,53.460,82.000,98.000
117.646,53.814,82.000,98.000
118.000,53.460,82.000,98.000
118.354,53.106,82.000,98.000
117.292,52.044,82.000,98.000
117.646,53.106,82.000,98.000
118.000,51.336,82.000,98.000
117.646,53.106,82.000,98.000
116.584,51.336,82.000,98.000
117.646,52.398,82.000,98.000
115.876,51.336,82.000,98.000
116.938,51.690,82.000,98.000
115.168,50.628,82.000,98.000
114.106,49.566,82.000,98.000
113.752,49.920,82.000,98.000
114.106,50.274,82.000,98.000
112.336,49.212,82.000,98.000
113.398,50.274,82.000,98.000
113.044,50.628,82.000,98.000
112.690,51.690,82.000,98.000
113.752,52.752,82.000,98.000
113.398,52.398,82.000,98.000
113.044,53.460,82.000,98.000
111.982,53.814,82.000,98.000
113.044,54.876,82.000,98.000
110.566,53.814,82.000,98.000
110.212,53.460,82.000,98.000
109.151,53.106,82.000,98.000
108.089,52.044,82.000,98.000
107.027,52.398,82.000,98.000
105.257,52.752,82.000,98.000
104.903,53.106,82.000,98.000
105.257,52.044,82.000,98.000
104.195,53.814,82.000,98.000
103.841,54.168,82.000,98.000
104.903,53.106,82.000,98.000
103.133,54.168,82.000,98.000
102.071,53.106,82.000,98.000
100.301,53.460,82.000,98.000
99.947,53.106,82.000,98.000
99.593,52.752,82.000,98.000
97.823,53.814,82.000,98.000
98.177,52.044,82.000,98.000
97.115,51.690,82.000,98.000
97.469,53.460,82.000,98.000
99.947,51.690,82.000,98.000
102.425,51.336,82.000,98.000
101.363,50.274,82.000,98.000
101.717,52.044,82.000,98.000
102.779,50.982,82.000,98.000
103.841,52.044,82.000,98.000
103.487,49.566,82.000,98.000
103.133,49.920,82.000,98.000
102.779,48.858,82.000,98.000
104.549,49.920,82.000,98.000
105.611,50.982,82.000,98.000
108.089,52.044,82.000,98.000
111.274,49.566,82.000,98.000
114.460,49.212,82.000,98.000
116.938,47.443,82.000,98.000
118.708,47.796,82.000,98.000
119.062,46.027,82.000,98.000
119.416,44.257,82.000,98.000
121.186,45.319,82.000,98.000
121.540,45.673,82.000,98.000
124.018,46.735,82.000,98.000
122.956,47.089,82.000,98.000
125.434,47.443,82.000,98.000
123.664,47.796,82.000,98.000
125.434,48.858,82.000,98.000
123.664,47.089,82.000,98.000
124.018,48.150,82.000,98.000
122.248,47.089,82.000,98.000
121.894,48.858,82.000,98.000
121.540,48.504,82.000,98.000
119.770,47.443,82.000,98.000
120.124,48.504,82.000,98.000
118.354,46.735,82.000,98.000
118.000,47.796,82.000,98.000
116.230,46.735,82.000,98.000
117.292,47.796,82.000,98.000
117.646,48.150,82.000,98.000
117.292,48.504,82.000,98.000
117.646,48.858,82.000,98.000
118.000,49.920,82.000,98.000
116.938,50.982,82.000,98.000
118.708,52.044,82.000,98.000
117.646,50.274,82.000,98.000
118.708,51.336,82.000,98.000
117.646,50.274,82.000,98.000
118.000,50.628,82.000,98.000
116.230,50.274,82.000,98.000
117.292,50.628,82.000,98.000
116.938,51.690,82.000,98.000
118.000,51.336,82.000,98.000
116.230,50.274,82.000,98.000
118.000,49.920,82.000,98.000
117.646,50.274,82.000,98.000
119.416,49.920,82.000,98.000
119.770,50.982,82.000,98.000
121.540,49.920,82.000,98.000
121.894,50.274,82.000,98.000
122.248,49.212,82.000,98.000
121.186,49.566,82.000,98.000
121.540,50.628,82.000,98.000
121.186,50.274,82.000,98.000
120.832,49.920,82.000,98.000
122.602,50.982,82.000,98.000
120.832,49.920,82.000,98.000
121.894,50.982,82.000,98.000
120.832,49.920,82.000,98.000
121.186,50.274,82.000,98.000
119.416,47.796,82.000,98.000
119.770,49.566,82.000,98.000
118.708,47.796,82.000,98.000
119.770,50.274,82.000,98.000
118.708,48.504,82.000,98.000
119.770,50.274,82.000,98.000
118.708,48.504,82.000,98.000
119.770,48.858,82.000,98.000
119.416,47.796,82.000,98.000
119.062,48.858,82.000,98.000
118.000,49.212,82.000,98.000
117.646,47.443,82.000,98.000
118.000,48.504,82.000,98.000
117.646,47.443,82.000,98.000
118.708,48.504,82.000,98.000
117.646,47.443,82.000,98.000
118.000,48.504,82.000,98.000
116.230,47.443,82.000,98.000
118.000,47.089,82.000,98.000
116.938,46.735,82.000,98.000
118.708,47.796,82.000,98.000
117.646,47.443,82.000,98.000
119.416,46.381,82.000,98.000
118.354,47.443,82.000,98.000
118.708,47.089,82.000,98.000
119.770,46.735,82.000,98.000
119.416,47.796,82.000,98.000
118.354,47.443,82.000,98.000
118.000,46.381,82.000,98.000
117.646,47.443,82.000,98.000
118.708,46.381,82.000,98.000
116.938,47.443,82.000,98.000
118.000,46.381,82.000,98.000
115.522,47.443,82.000,98.000
116.584,47.089,82.000,98.000
115.522,46.735,82.000,98.000
115.876,48.504,82.000,98.000
115.522,46.735,82.000,98.000
114.460,48.504,82.000,98.000
115.522,46.735,82.000,98.000
113.752,48.504,82.000,98.000
115.522,46.735,82.000,98.000
113.044,48.504,82.000,98.000
114.106,46.735,82.000,98.000
113.752,48.504,82.000,98.000
114.814,46.735,82.000,98.000
113.752,48.504,82.000,98.000
114.814,46.735,82.000,98.000
113.752,49.212,82.000,98.000
114.814,46.735,82.000,98.000
113.752,49.212,82.000,98.000
114.814,47.443,82.000,98.000
113.983,49.511,80.251,95.910
115.022,48.472,80.251,95.910
114.675,49.511,80.251,95.910
116.408,48.472,80.251,95.910
115.368,49.511,80.251,95.910
117.101,49.165,80.251,95.910
118.833,48.125,80.251,95.910
117.793,49.857,80.251,95.910
120.218,50.204,80.251,95.910
118.486,49.857,80.251,95.910
119.526,50.897,80.251,95.910
118.486,50.550,80.251,95.910
119.526,51.590,80.251,95.910
119.872,50.550,80.251,95.910
120.911,51.590,80.251,95.910
119.872,49.857,80.251,95.910
120.911,51.590,80.251,95.910
119.179,50.550,80.251,95.910
119.526,52.282,80.251,95.910
119.872,51.936,80.251,95.910
120.218,53.668,80.251,95.910
119.179,52.629,80.251,95.910
118.833,53.668,80.251,95.910
119.872,53.322,80.251,95.910
119.526,52.282,80.251,95.910
119.179,52.629,80.251,95.910
118.833,52.282,80.251,95.910
119.872,52.629,80.251,95.910
119.526,52.282,80.251,95.910
119.179,51.936,80.251,95.910
119.526,53.668,80.251,95.910
119.179,51.936,80.251,95.910
119.526,52.975,80.251,95.910
119.179,52.629,80.251,95.910
118.140,52.282,80.251,95.910
117.793,52.629,80.251,95.910
118.140,52.282,80.251,95.910
116.408,51.243,80.251,95.910
117.447,51.590,80.251,95.910
117.100,51.936,80.251,95.910
118.140,52.282,80.251,95.910
118.486,49.857,80.251,95.910
120.911,51.590,80.251,95.910
120.565,49.857,80.251,95.910
123.683,51.590,80.251,95.910
124.029,49.857,80.251,95.910
125.761,51.590,80.251,95.910
126.108,49.857,80.251,95.910
126.454,51.590,80.251,95.910
126.108,50.550,80.251,95.910
126.454,51.590,80.251,95.910
126.108,50.550,80.251,95.910
126.454,51.590,80.251,95.910
126.108,50.550,80.251,95.910
126.454,50.897,80.251,95.910
126.108,50.550,80.251,95.910
125.761,50.204,80.251,95.910
126.801,49.165,80.251,95.910
127.147,50.204,80.251,95.910
125.415,49.165,80.251,95.910
126.454,49.511,80.251,95.910
126.108,49.165,80.251,95.910
125.068,48.125,80.251,95.910
125.415,49.165,80.251,95.910
125.068,48.125,80.251,95.910
124.029,48.472,80.251,95.910
122.990,48.125,80.251,95.910
122.643,47.086,80.251,95.910
123.683,48.125,80.251,95.910
121.951,47.086,80.251,95.910
120.911,47.432,80.251,95.910
120.565,47.779,80.251,95.910
120.911,48.125,80.251,95.910
119.179,46.393,80.251,95.910
119.526,47.432,80.251,95.910
119.179,45.007,80.251,95.910
118.140,46.740,80.251,95.910
117.793,45.700,80.251,95.910
118.140,46.047,80.251,95.910
116.408,44.315,80.251,95.910
116.061,45.354,80.251,95.910
115.022,45.007,80.251,95.910
113.983,46.740,80.251,95.910
113.636,44.315,80.251,95.910
113.983,44.661,80.251,95.910
112.250,43.622,80.251,95.910
113.440,43.643,78.540,93.865
113.101,43.304,78.540,93.865
113.440,44.321,78.540,93.865
113.101,42.625,78.540,93.865
113.440,42.286,78.540,93.865
111.745,43.304,78.540,93.865
112.255,42.017,76.865,91.863
112.116,44.595,75.226,89.904
113.090,43.621,75.226,89.904
112.765,44.595,75.226,89.904
112.440,43.621,75.226,89.904
112.765,44.595,75.226,89.904
113.090,44.271,75.226,89.904
113.415,45.245,75.226,89.904
112.440,44.920,75.226,89.904
114.064,47.193,75.226,89.904
114.389,46.219,75.226,89.904
113.415,46.544,75.226,89.904
114.389,46.869,75.226,89.904
115.363,47.843,75.226,89.904
116.987,48.168,75.226,89.904
116.662,47.193,75.226,89.904
117.636,48.168,75.226,89.904
117.961,49.142,75.226,89.904
118.935,49.467,75.226,89.904
118.610,49.791,75.226,89.904
118.935,50.116,75.226,89.904
120.559,49.142,75.226,89.904
119.585,50.116,75.226,89.904
121.208,49.791,75.226,89.904
121.533,50.765,75.226,89.904
120.559,50.441,75.226,89.904
121.533,50.116,75.226,89.904
121.208,51.090,75.226,89.904
123.481,49.467,75.226,89.904
121.858,51.740,75.226,89.904
124.131,51.415,75.226,89.904
123.157,52.389,75.226,89.904
124.131,52.064,75.226,89.904
122.507,53.039,75.226,89.904
120.884,54.013,75.226,89.904
121.736,52.681,76.890,91.893
118.085,53.677,76.890,91.893
117.089,54.673,76.890,91.893
115.429,54.341,76.890,91.893
114.434,54.673,76.890,91.893
113.438,54.341,76.890,91.893
113.770,53.345,76.890,91.893
112.774,54.341,76.890,91.893
113.106,52.681,76.890,91.893
114.102,53.677,76.890,91.893
114.434,53.345,76.890,91.893
114.766,53.013,76.890,91.893
113.106,54.673,76.890,91.893
112.774,53.677,76.890,91.893
111.114,55.337,76.890,91.893
110.119,53.677,76.890,91.893
108.459,56.001,76.890,91.893
108.791,55.005,76.890,91.893
105.804,56.664,76.890,91.893
104.144,55.005,76.890,91.893
103.148,57.328,76.890,91.893
100.825,55.005,76.890,91.893
98.501,56.664,76.890,91.893
96.842,54.341,76.890,91.893
94.518,54.673,76.890,91.893
92.859,55.669,76.890,91.893
89.597,54.996,78.591,93.926
87.223,53.979,78.591,93.926
86.705,55.404,80.330,96.005
83.584,53.670,80.330,96.005
85.214,55.126,82.108,98.129
80.996,52.202,83.924,100.300
82.807,54.738,83.924,100.300
80.271,52.202,83.924,100.300
82.807,54.738,83.924,100.300
80.996,52.202,83.924,100.300
83.532,54.738,83.924,100.300
81.721,52.202,83.924,100.300
82.083,54.738,83.924,100.300
80.996,52.202,83.924,100.300
81.947,52.972,85.781,102.519
78.614,50.380,85.781,102.519
76.022,48.528,85.781,102.519
77.874,50.380,85.781,102.519
74.541,47.787,85.781,102.519
76.392,50.380,85.781,102.519
73.800,47.047,85.781,102.519
75.652,49.639,85.781,102.519
73.060,47.047,85.781,102.519
75.652,49.639,85.781,102.519
73.354,47.520,83.952,100.333
75.891,47.882,83.952,100.333
76.978,48.969,83.952,100.333
74.441,47.157,83.952,100.333
76.978,48.245,83.952,100.333
79.515,49.332,83.952,100.333
81.327,49.694,83.952,100.333
79.777,48.319,82.161,98.193
81.444,49.808,83.979,100.365
80.592,48.433,82.188,98.225
82.260,49.923,84.007,100.398
79.311,47.847,82.215,98.257
80.979,49.338,84.034,100.431
79.427,47.961,82.242,98.290
79.072,47.606,82.242,98.290
81.557,47.251,82.242,98.290
84.043,47.606,82.242,98.290
86.528,45.831,82.242,98.290
90.433,46.186,82.242,98.290
93.575,46.941,84.062,100.464
97.619,44.164,82.269,98.322
100.816,45.230,82.269,98.322
101.748,44.511,84.089,100.497
103.563,43.422,84.089,100.497
103.926,41.607,84.089,100.497
104.289,42.696,84.089,100.497
105.535,43.417,82.296,98.354
105.180,45.194,82.296,98.354
109.088,46.259,82.296,98.354
110.020,45.540,84.117,100.530
113.288,43.724,84.117,100.530
116.557,45.540,84.117,100.530
120.551,46.629,84.117,100.530
123.819,46.992,84.117,100.530
126.361,46.629,84.117,100.530
128.176,44.814,84.117,100.530
127.087,47.355,84.117,100.530
126.934,44.577,82.323,98.386
123.736,46.354,82.323,98.386
121.248,43.867,82.323,98.386
115.917,44.222,82.323,98.386
110.587,44.577,82.323,98.386
106.326,43.229,80.568,96.288
100.414,44.272,80.568,96.288
95.574,43.623,78.850,94.235
89.788,43.963,78.850,94.235
84.001,42.942,78.850,94.235
79.576,41.240,78.850,94.235
76.232,41.963,80.594,96.320
74.492,40.224,80.594,96.320
73.240,41.685,82.377,98.451
72.173,41.329,82.377,98.451
73.106,41.347,84.200,100.629
70.562,40.984,84.200,100.629
71.110,41.706,82.404,98.483
70.960,43.099,80.647,96.383
71.484,43.791,78.927,94.328
70.462,43.451,78.927,94.328
70.121,43.791,78.927,94.328
69.099,44.813,78.927,94.328
69.440,44.473,78.927,94.328
69.780,44.132,78.927,94.328
71.484,46.517,78.927,94.328
69.370,45.224,77.244,92.316
71.704,48.225,77.244,92.316
69.635,46.960,75.597,90.347
71.385,46.979,73.985,88.421
71.866,50.693,72.407,86.535
70.529,50.109,70.863,84.690
73.282,52.862,70.863,84.690
71.974,51.111,69.352,82.884
74.069,53.806,69.352,82.884
72.573,51.111,69.352,82.884
74.755,52.861,67.873,81.116
73.502,53.443,66.425,79.386
75.509,53.730,66.425,79.386
74.649,52.870,66.425,79.386
74.935,52.583,66.425,79.386
74.649,54.017,66.425,79.386
73.788,52.583,66.425,79.386
74.649,54.590,66.425,79.386
72.068,53.730,66.425,79.386
74.075,54.590,66.425,79.386
75.509,52.583,66.425,79.386
75.796,52.870,66.425,79.386
76.656,51.436,66.425,79.386
78.090,53.443,66.425,79.386
77.229,52.010,66.425,79.386
78.663,52.870,66.425,79.386
76.656,51.436,66.425,79.386
78.663,54.017,66.425,79.386
76.656,52.010,66.425,79.386
78.090,54.017,66.425,79.386
76.656,52.583,66.425,79.386
75.222,54.590,66.425,79.386
73.215,54.304,66.425,79.386
72.928,55.737,66.425,79.386
71.494,56.598,66.425,79.386
73.032,56.062,65.009,77.693
72.914,57.161,63.622,76.037
74.287,58.534,63.622,76.037
74.561,56.612,63.622,76.037
75.385,57.985,63.622,76.037
74.561,57.161,63.622,76.037
76.484,58.534,63.622,76.037
75.309,56.963,62.266,74.415
77.728,58.844,62.266,74.415
75.847,57.500,62.266,74.415
78.266,58.844,62.266,74.415
78.671,58.860,60.938,72.828
80.512,60.176,60.938,72.828
77.619,57.808,60.938,72.828
79.460,60.176,60.938,72.828
77.619,58.860,60.938,72.828
80.512,61.228,60.938,72.828
77.619,58.860,60.938,72.828
79.460,60.702,60.938,72.828
77.619,59.386,60.938,72.828
80.512,61.228,60.938,72.828
78.145,59.386,60.938,72.828
81.584,62.445,59.638,71.275
80.979,61.468,58.366,69.755
80.223,61.216,58.366,69.755
84.002,64.631,57.122,68.268
82.472,63.695,55.904,66.812
84.644,64.902,55.904,66.812
82.472,64.661,55.904,66.812
84.644,64.419,55.904,66.812
85.473,67.225,54.711,65.387
84.463,66.784,53.545,63.993
86.081,68.402,53.545,63.993
87.237,70.482,53.545,63.993
84.694,68.864,53.545,63.993
86.774,70.020,53.545,63.993
84.232,69.327,53.545,63.993
86.312,71.407,53.545,63.993
84.878,70.084,52.403,62.628
86.914,72.120,52.403,62.628
84.425,70.537,52.403,62.628
86.461,73.025,52.403,62.628
84.878,70.989,52.403,62.628
87.399,74.055,51.285,61.292
85.406,72.063,51.285,61.292
88.300,74.210,50.192,59.985
86.350,72.693,50.192,59.985
88.300,75.077,50.192,59.985
85.917,72.693,50.192,59.985
87.867,74.643,50.192,59.985
88.517,73.560,50.192,59.985
88.008,73.155,49.121,58.706
87.372,72.095,49.121,58.706
87.691,72.108,48.074,57.454
88.729,71.070,48.074,57.454
87.691,70.033,48.074,57.454
87.069,68.995,48.074,57.454
88.521,68.788,48.074,57.454
86.654,67.335,48.074,57.454
85.201,66.297,48.074,57.454
86.654,66.920,48.074,57.454
83.956,64.637,48.074,57.454
84.994,65.675,48.074,57.454
83.126,64.222,48.074,57.454
85.824,64.429,48.074,57.454
88.106,64.637,48.074,57.454
90.804,64.845,48.074,57.454
93.502,64.637,48.074,57.454
95.785,66.090,48.074,57.454
96.407,64.637,48.074,57.454
99.120,66.250,47.049,56.229
100.542,65.234,47.049,56.229
101.075,65.244,48.090,57.473
102.944,65.037,48.090,57.473
104.812,66.490,48.090,57.473
106.680,67.943,48.090,57.473
105.227,65.660,48.090,57.473
107.926,67.528,48.090,57.473
109.794,68.566,48.090,57.473
108.756,67.113,48.090,57.473
111.070,68.326,47.064,56.247
112.551,69.905,46.060,55.048
114.767,68.767,45.078,53.874
116.518,69.740,45.078,53.874
118.312,70.877,44.117,52.725
120.067,71.990,43.176,51.601
122.503,74.157,42.255,50.500
123.780,76.528,42.255,50.500
123.703,80.407,41.354,49.423
122.097,82.371,41.354,49.423
124.047,79.787,42.269,50.517
122.040,81.429,42.269,50.517
122.897,79.166,43.204,51.635
119.904,80.724,44.160,52.777
115.658,82.315,45.137,53.945
112.530,84.347,46.136,55.138
111.813,84.770,47.157,56.358
113.238,83.345,47.157,56.358
113.773,82.510,48.200,57.605
114.750,80.362,49.266,58.879
116.239,79.298,49.266,58.879
116.356,80.633,50.357,60.182
116.927,79.290,51.471,61.514
117.971,80.224,52.609,62.875
119.038,80.235,53.773,64.266
120.129,80.728,54.963,65.688
120.752,80.248,56.179,67.141
121.389,80.763,57.422,68.627
121.011,80.261,58.693,70.145
121.676,80.799,59.991,71.697
122.453,79.505,59.991,71.697
123.670,80.592,61.319,73.283
124.365,78.958,62.675,74.905
125.075,78.971,64.062,76.562
125.227,76.689,65.479,78.256
125.382,78.463,66.928,79.987
123.360,79.330,66.928,79.987
123.071,81.352,66.928,79.987
121.626,81.641,66.928,79.987
121.337,84.241,66.928,79.987
122.782,83.375,66.928,79.987
120.760,85.397,66.928,79.987
122.782,86.842,66.928,79.987
123.649,88.286,66.928,79.987
125.093,89.731,66.928,79.987
126.538,90.598,66.928,79.987
125.671,92.042,66.928,79.987
128.849,95.220,66.928,79.987
130.872,98.976,66.928,79.987
130.005,99.265,66.928,79.987
127.405,95.509,66.928,79.987
124.804,92.331,66.928,79.987
123.360,89.731,66.928,79.987
122.493,87.708,66.928,79.987
122.204,85.686,66.928,79.987
121.915,83.664,66.928,79.987
120.471,82.797,66.928,79.987
121.337,83.086,66.928,79.987
121.049,81.641,66.928,79.987
123.071,82.508,66.928,79.987
125.671,80.486,66.928,79.987
125.830,79.301,68.409,81.757
123.172,80.777,68.409,81.757
124.560,77.728,69.922,83.566
122.447,79.238,69.922,83.566
124.492,76.121,71.469,85.415
125.302,74.856,73.051,87.304
123.725,74.541,73.051,87.304
125.207,71.939,74.667,89.236
124.047,72.624,76.319,91.210
125.035,71.636,76.319,91.210
123.388,73.942,76.319,91.210
125.035,71.636,76.319,91.210
124.706,74.601,76.319,91.210
125.035,73.612,76.319,91.210
124.706,75.260,76.319,91.210
123.059,73.612,76.319,91.210
124.047,75.918,76.319,91.210
122.400,73.612,76.319,91.210
122.070,76.577,76.319,91.210
123.718,74.271,76.319,91.210
121.411,76.577,76.319,91.210
122.400,73.612,76.319,91.210
122.070,73.942,76.319,91.210
123.718,71.636,76.319,91.210
124.047,73.283,76.319,91.210
120.810,69.881,78.007,93.228
123.841,69.544,78.007,93.228
122.830,69.881,78.007,93.228
123.841,68.871,78.007,93.228
123.504,71.228,78.007,93.228
125.188,70.218,78.007,93.228
128.218,69.881,78.007,93.228
129.229,68.197,78.007,93.228
128.218,69.208,78.007,93.228
127.882,68.197,78.007,93.228
129.565,67.861,78.007,93.228
127.208,70.218,78.007,93.228
128.218,68.534,78.007,93.228
128.555,68.197,78.007,93.228
128.892,69.881,78.007,93.228
131.249,66.850,78.007,93.228
130.239,69.208,78.007,93.228
133.270,68.871,78.007,93.228
135.627,71.228,78.007,93.228
137.311,71.565,78.007,93.228
134.953,69.881,78.007,93.228
135.964,69.544,78.007,93.228
132.933,67.861,78.007,93.228
131.249,70.218,78.007,93.228
130.912,68.534,78.007,93.228
131.249,69.544,78.007,93.228
128.892,67.187,78.007,93.228
127.208,69.544,78.007,93.228
124.177,67.187,78.007,93.228
124.514,66.850,78.007,93.228
122.157,68.534,78.007,93.228
121.147,69.544,78.007,93.228
121.484,70.555,78.007,93.228
120.473,69.544,78.007,93.228
119.463,72.575,78.007,93.228
119.800,72.238,78.007,93.228
119.463,74.596,78.007,93.228
118.453,73.585,78.007,93.228
117.443,74.596,78.007,93.228
116.432,72.912,78.007,93.228
116.096,74.596,78.007,93.228
115.759,71.565,78.007,93.228
116.769,71.228,78.007,93.228
117.106,74.259,78.007,93.228
115.422,75.943,78.007,93.228
117.779,74.259,78.007,93.228
118.790,76.616,78.007,93.228
119.800,74.259,78.007,93.228
120.137,77.289,78.007,93.228
119.623,73.813,79.733,95.291
119.098,75.258,81.497,97.399
117.339,73.499,81.497,97.399
116.284,73.147,81.497,97.399
116.635,74.906,81.497,97.399
116.987,72.444,81.497,97.399
117.339,74.203,81.497,97.399
115.580,72.444,81.497,97.399
116.635,71.388,81.497,97.399
116.284,73.147,81.497,97.399
115.228,71.388,81.497,97.399
116.987,69.629,81.497,97.399
115.932,71.388,81.497,97.399
116.987,68.222,81.497,97.399
116.635,70.685,81.497,97.399
116.987,68.222,81.497,97.399
116.635,69.981,81.497,97.399
116.987,67.518,81.497,97.399
116.635,69.277,81.497,97.399
116.284,68.926,81.497,97.399
115.932,67.870,81.497,97.399
116.125,67.888,83.301,99.554
116.485,66.809,83.301,99.554
114.687,68.607,83.301,99.554
115.766,67.528,83.301,99.554
114.687,70.045,83.301,99.554
115.766,71.124,83.301,99.554
115.406,69.326,83.301,99.554
114.327,70.405,83.301,99.554
116.125,67.888,83.301,99.554
114.327,70.405,83.301,99.554
116.125,67.168,83.301,99.554
115.046,69.686,83.301,99.554
116.125,67.168,83.301,99.554
115.046,68.966,83.301,99.554
114.687,69.326,83.301,99.554
115.046,66.090,83.301,99.554
114.687,68.607,83.301,99.554
115.766,66.090,83.301,99.554
115.406,67.168,83.301,99.554
115.766,66.090,83.301,99.554
115.406,67.168,83.301,99.554
115.766,65.370,83.301,99.554
115.406,65.730,83.301,99.554
115.766,64.651,83.301,99.554
114.687,65.730,83.301,99.554
115.766,63.932,83.301,99.554
114.687,65.730,83.301,99.554
115.766,66.090,83.301,99.554
115.406,67.168,83.301,99.554
115.766,65.370,83.301,99.554
115.406,65.730,83.301,99.554
115.046,66.809,83.301,99.554
116.125,65.011,83.301,99.554
114.327,66.809,83.301,99.554
116.125,63.572,83.301,99.554
115.280,66.367,81.524,97.431
116.336,64.607,81.524,97.431
116.866,66.664,79.786,95.354
117.211,64.942,79.786,95.354
115.489,67.353,79.786,95.354
117.900,65.631,79.786,95.354
115.489,68.042,79.786,95.354
115.144,69.764,79.786,95.354
116.177,67.353,79.786,95.354
114.937,68.799,81.551,97.463
115.994,67.039,81.551,97.463
115.642,69.503,81.551,97.463
115.290,67.743,81.551,97.463
113.529,70.911,81.551,97.463
115.290,70.559,81.551,97.463
113.529,72.320,81.551,97.463
115.290,69.151,81.551,97.463
113.292,72.091,83.355,99.620
115.810,67.413,83.355,99.620
114.731,65.614,83.355,99.620
115.091,67.413,83.355,99.620
116.170,64.174,83.355,99.620
115.091,66.693,83.355,99.620
116.170,64.174,83.355,99.620
115.091,65.974,83.355,99.620
116.170,64.174,83.355,99.620
115.810,66.693,83.355,99.620
114.731,64.174,83.355,99.620
115.810,68.133,83.355,99.620
115.451,66.333,83.355,99.620
114.371,68.133,83.355,99.620
115.451,67.773,83.355,99.620
115.091,66.693,83.355,99.620
116.170,68.492,83.355,99.620
115.810,66.693,83.355,99.620
117.046,70.183,81.578,97.495
116.694,68.422,81.578,97.495
116.342,68.070,81.578,97.495
116.694,69.831,81.578,97.495
117.750,67.366,81.578,97.495
118.103,68.422,81.578,97.495
119.863,68.070,81.578,97.495
118.807,67.718,81.578,97.495
119.863,68.775,81.578,97.495
120.215,68.422,81.578,97.495
118.455,68.070,81.578,97.495
120.215,70.535,81.578,97.495
118.455,68.070,81.578,97.495
120.215,69.831,81.578,97.495
118.455,68.070,81.578,97.495
119.511,69.127,81.578,97.495
118.455,68.070,81.578,97.495
118.807,68.422,81.578,97.495
118.455,68.070,81.578,97.495
117.398,69.831,81.578,97.495
117.046,68.775,81.578,97.495
118.103,69.127,81.578,97.495
117.750,70.183,81.578,97.495
117.398,69.127,81.578,97.495
117.046,70.183,81.578,97.495
118.807,69.831,81.578,97.495
117.750,69.479,81.578,97.495
118.103,69.831,81.578,97.495
117.750,70.183,81.578,97.495
117.398,71.944,81.578,97.495
117.046,70.183,81.578,97.495
118.103,71.944,81.578,97.495
117.046,70.888,81.578,97.495
117.398,71.240,81.578,97.495
115.637,71.592,81.578,97.495
116.694,70.535,81.578,97.495
114.933,70.888,81.578,97.495
115.990,71.240,81.578,97.495
114.933,70.888,81.578,97.495
114.581,71.944,81.578,97.495
113.524,70.888,81.578,97.495
113.877,71.944,81.578,97.495
114.229,70.888,81.578,97.495
112.468,72.648,81.578,97.495
114.229,71.592,81.578,97.495
112.468,71.240,81.578,97.495
114.229,73.705,81.578,97.495
112.468,71.944,81.578,97.495
114.229,71.592,81.578,97.495
112.468,71.240,81.578,97.495
113.524,73.705,81.578,97.495
112.468,71.944,81.578,97.495
112.820,73.000,81.578,97.495
112.468,71.944,81.578,97.495
112.116,73.000,81.578,97.495
113.877,72.648,81.578,97.495
112.116,72.296,81.578,97.495
112.468,71.240,81.578,97.495
110.707,73.705,81.578,97.495
112.468,71.944,81.578,97.495
110.707,71.592,81.578,97.495
