276.000,161.000,73.000,74.000
278.026,161.289,73.000,74.000
280.630,161.000,73.000,74.000
283.813,160.132,73.000,74.000
286.417,160.421,73.000,74.000
290.179,160.132,73.000,74.000
293.941,159.843,73.000,74.000
297.124,161.289,73.000,74.000
300.886,160.421,73.000,74.000
304.069,161.289,73.000,74.000
306.673,161.579,73.000,74.000
308.120,161.289,73.000,74.000
310.145,159.264,73.000,74.000
310.435,154.923,73.000,74.000
312.460,150.583,73.000,74.000
313.328,146.242,73.000,74.000
313.618,142.480,73.000,74.000
312.750,145.085,73.000,74.000
313.039,147.110,73.000,74.000
312.171,149.715,73.000,74.000
311.882,152.319,73.000,74.000
311.013,154.344,73.000,74.000
311.303,153.476,73.000,74.000
311.013,154.923,73.000,74.000
310.145,156.370,73.000,74.000
309.856,156.659,73.000,74.000
307.830,158.685,73.000,74.000
308.120,159.553,73.000,74.000
307.830,161.000,73.000,74.000
306.962,162.447,73.000,74.000
307.252,163.315,73.000,74.000
307.541,163.604,73.000,74.000
306.094,164.472,73.000,74.000
306.962,164.183,73.000,74.000
306.094,163.315,73.000,74.000
305.805,164.183,73.000,74.000
304.358,163.315,73.000,74.000
304.647,163.604,73.000,74.000
302.043,165.051,73.000,74.000
301.754,166.498,73.000,74.000
300.307,169.102,73.000,74.000
301.175,169.970,73.000,74.000
299.728,172.575,73.000,74.000
301.175,173.443,73.000,74.000
302.043,173.732,73.000,74.000
301.175,174.600,73.000,74.000
302.622,174.311,73.000,74.000
301.175,174.600,73.000,74.000
303.201,173.732,73.000,74.000
301.754,175.179,73.000,74.000
301.464,174.311,73.000,74.000
302.332,175.179,73.000,74.000
300.886,175.468,73.000,74.000
300.018,176.336,73.000,74.000
300.307,176.047,73.000,74.000
300.018,176.336,73.000,74.000
299.728,177.205,73.000,74.000
300.018,177.494,73.000,74.000
300.307,178.941,73.000,74.000
300.018,180.966,73.000,74.000
299.728,181.834,73.000,74.000
300.018,182.124,73.000,74.000
301.464,181.256,73.000,74.000
302.911,180.388,73.000,74.000
303.201,178.362,73.000,74.000
305.226,175.758,73.000,74.000
304.937,174.311,73.000,74.000
304.647,172.864,73.000,74.000
304.358,174.890,73.000,74.000
305.805,176.915,73.000,74.000
304.358,181.834,73.000,74.000
305.805,187.911,73.000,74.000
304.358,194.567,73.000,74.000
306.384,198.328,73.000,74.000
304.937,199.197,73.000,74.000
303.490,197.171,73.000,74.000
302.622,196.303,73.000,74.000
300.018,198.328,73.000,74.000
298.571,200.933,73.000,74.000
297.124,204.116,73.000,74.000
295.677,206.141,73.000,74.000
294.230,208.746,73.000,74.000
293.362,211.929,73.000,74.000
292.494,214.533,73.000,74.000
291.626,216.559,73.000,74.000
290.758,215.691,73.000,74.000
289.890,215.980,73.000,74.000
290.583,211.859,74.615,75.637
288.513,208.605,74.615,75.637
289.222,204.393,76.266,77.311
287.710,202.882,76.266,77.311
287.408,201.370,76.266,77.311
286.501,200.463,76.266,77.311
286.803,199.556,76.266,77.311
286.501,199.254,76.266,77.311
286.199,197.742,76.266,77.311
287.710,196.835,76.266,77.311
287.408,197.138,76.266,77.311
288.315,195.626,76.266,77.311
290.431,196.533,76.266,77.311
289.524,197.440,76.266,77.311
291.036,197.138,76.266,77.311
291.943,198.045,76.266,77.311
292.245,197.138,76.266,77.311
293.756,196.835,76.266,77.311
292.849,197.742,76.266,77.311
294.361,196.231,76.266,77.311
294.663,195.324,76.266,77.311
293.756,195.626,76.266,77.311
295.268,194.719,76.266,77.311
294.966,195.021,76.266,77.311
294.663,194.115,76.266,77.311
294.361,194.417,76.266,77.311
296.477,193.510,76.266,77.311
293.756,192.603,76.266,77.311
294.663,192.905,76.266,77.311
293.756,191.998,76.266,77.311
295.268,192.301,76.266,77.311
294.966,192.603,76.266,77.311
295.268,193.510,76.266,77.311
296.175,193.208,76.266,77.311
295.268,192.301,76.266,77.311
296.175,192.603,76.266,77.311
295.268,192.905,76.266,77.311
296.175,190.789,76.266,77.311
294.663,192.905,76.266,77.311
293.756,191.998,76.266,77.311
294.663,192.301,76.266,77.311
294.361,191.998,76.266,77.311
295.873,191.696,76.266,77.311
294.361,193.208,76.266,77.311
295.873,191.696,76.266,77.311
294.361,191.394,76.266,77.311
295.873,189.882,76.266,77.311
294.361,189.580,76.266,77.311
296.477,188.673,76.266,77.311
294.361,188.371,76.266,77.311
296.477,186.859,76.266,77.311
294.361,185.347,76.266,77.311
295.873,186.254,76.266,77.311
294.361,185.347,76.266,77.311
295.873,184.440,76.266,77.311
293.756,183.534,76.266,77.311
292.849,183.231,76.266,77.311
292.547,181.720,76.266,77.311
291.640,182.022,76.266,77.311
292.547,179.301,76.266,77.311
292.245,179.603,76.266,77.311
294.361,178.092,76.266,77.311
293.454,177.790,76.266,77.311
292.547,177.487,76.266,77.311
293.454,177.185,76.266,77.311
292.547,176.278,76.266,77.311
292.245,177.790,76.266,77.311
294.361,177.487,76.266,77.311
293.454,178.394,76.266,77.311
292.547,178.092,76.266,77.311
294.059,177.790,76.266,77.311
294.361,180.510,76.266,77.311
295.268,179.604,76.266,77.311
294.966,181.115,76.266,77.311
295.268,179.604,76.266,77.311
294.966,182.324,76.266,77.311
295.873,180.208,76.266,77.311
295.570,179.906,76.266,77.311
295.268,178.999,76.266,77.311
296.780,177.487,76.266,77.311
294.663,177.790,76.266,77.311
295.570,176.278,76.266,77.311
294.059,174.767,76.266,77.311
295.570,173.860,76.266,77.311
293.454,172.953,76.266,77.311
293.756,172.046,76.266,77.311
292.245,175.371,76.266,77.311
294.361,173.860,76.266,77.311
292.245,175.976,76.266,77.311
293.756,175.069,76.266,77.311
291.640,178.394,76.266,77.311
292.547,178.092,76.266,77.311
291.036,180.208,76.266,77.311
293.152,179.906,76.266,77.311
291.640,182.627,76.266,77.311
292.547,184.138,76.266,77.311
292.245,183.836,76.266,77.311
293.152,186.557,76.266,77.311
293.454,185.045,76.266,77.311
291.943,186.557,76.266,77.311
293.454,185.650,76.266,77.311
292.547,185.348,76.266,77.311
293.454,184.441,76.266,77.311
292.547,184.138,76.266,77.311
293.454,182.627,76.266,77.311
292.547,184.138,76.266,77.311
294.663,180.813,76.266,77.311
294.966,179.906,76.266,77.311
295.873,177.790,76.266,77.311
294.966,180.511,76.266,77.311
297.686,178.394,76.266,77.311
296.780,181.115,76.266,77.311
298.896,180.813,76.266,77.311
299.198,184.138,76.266,77.311
301.314,182.627,76.266,77.311
302.221,185.348,76.266,77.311
303.128,185.045,76.266,77.311
304.035,186.557,76.266,77.311
304.337,186.859,76.266,77.311
305.244,185.952,76.266,77.311
304.337,186.859,76.266,77.311
304.035,185.348,76.266,77.311
301.919,187.464,76.266,77.311
301.617,185.952,76.266,77.311
299.500,185.045,76.266,77.311
298.593,184.743,76.266,77.311
297.686,185.650,76.266,77.311
297.989,184.138,76.266,77.311
297.082,183.231,76.266,77.311
296.780,181.720,76.266,77.311
295.873,181.418,76.266,77.311
296.780,178.697,76.266,77.311
295.268,177.185,76.266,77.311
296.175,173.860,76.266,77.311
294.059,171.743,76.266,77.311
293.756,170.232,76.266,77.311
292.849,167.511,76.266,77.311
292.547,167.209,76.266,77.311
290.431,169.325,76.266,77.311
293.037,164.392,77.953,79.021
291.492,167.173,77.953,79.021
294.891,164.392,77.953,79.021
293.964,167.173,77.953,79.021
296.745,165.010,77.953,79.021
297.054,163.465,77.953,79.021
296.127,163.156,77.953,79.021
297.672,160.375,77.953,79.021
297.363,158.830,77.953,79.021
297.055,156.049,77.953,79.021
295.509,153.268,77.953,79.021
296.436,151.105,77.953,79.021
294.891,148.942,77.953,79.021
293.709,145.183,79.678,80.770
289.878,140.685,81.441,82.557
288.642,137.427,83.243,84.383
286.009,134.782,85.085,86.250
284.998,133.095,85.085,86.250
283.986,134.782,85.085,86.250
283.649,131.746,85.085,86.250
283.986,129.385,85.085,86.250
283.395,131.580,86.967,88.158
282.360,129.167,86.967,88.158
284.084,132.270,86.967,88.158
281.671,131.236,86.967,88.158
284.773,130.201,86.967,88.158
283.050,132.615,86.967,88.158
283.394,130.201,86.967,88.158
285.118,132.615,86.967,88.158
282.705,130.201,86.967,88.158
285.118,133.304,86.967,88.158
282.705,132.270,86.967,88.158
285.118,134.683,86.967,88.158
282.705,134.338,86.967,88.158
284.429,138.130,86.967,88.158
283.394,141.233,86.967,88.158
283.739,143.646,86.967,88.158
285.463,147.438,86.967,88.158
283.739,149.851,86.967,88.158
286.152,152.954,86.967,88.158
284.429,155.367,86.967,88.158
286.152,157.091,86.967,88.158
285.808,159.504,86.967,88.158
288.221,162.606,86.967,88.158
288.565,165.709,86.967,88.158
290.979,168.122,86.967,88.158
290.634,167.088,86.967,88.158
290.979,169.501,86.967,88.158
290.245,168.780,85.113,86.278
290.582,171.816,85.113,86.278
289.570,172.153,85.113,86.278
289.907,174.515,85.113,86.278
290.244,176.202,85.113,86.278
287.883,176.539,85.113,86.278
289.570,177.552,85.113,86.278
288.558,177.889,85.113,86.278
288.895,177.552,85.113,86.278
289.232,177.214,85.113,86.278
288.895,178.226,85.113,86.278
289.907,177.214,85.113,86.278
290.244,177.552,85.113,86.278
289.907,176.539,85.113,86.278
291.594,176.202,85.113,86.278
291.257,177.214,85.113,86.278
290.919,176.877,85.113,86.278
291.931,175.190,85.113,86.278
291.594,175.527,85.113,86.278
291.257,173.166,85.113,86.278
290.245,174.178,85.113,86.278
290.582,172.491,85.113,86.278
290.245,170.804,85.113,86.278
289.907,171.141,85.113,86.278
289.570,170.804,85.113,86.278
287.883,169.792,85.113,86.278
288.220,170.129,85.113,86.278
286.533,170.467,85.113,86.278
286.871,168.780,85.113,86.278
287.883,169.117,85.113,86.278
286.871,168.105,85.113,86.278
287.208,168.442,85.113,86.278
286.871,166.755,85.113,86.278
287.883,167.768,85.113,86.278
288.895,166.081,85.113,86.278
289.232,167.093,85.113,86.278
289.570,168.105,85.113,86.278
288.558,165.743,85.113,86.278
290.245,167.430,85.113,86.278
287.883,165.068,85.113,86.278
285.891,161.664,86.996,88.187
284.167,158.560,86.996,88.187
285.201,159.595,86.996,88.187
286.926,157.870,86.996,88.187
287.271,156.146,86.996,88.187
289.685,158.560,86.996,88.187
284.071,152.933,88.920,90.138
288.077,151.516,87.024,88.216
288.422,150.482,87.024,88.216
285.317,147.377,87.024,88.216
280.833,143.582,87.024,88.216
274.501,138.670,88.950,90.168
271.328,134.791,88.950,90.168
266.744,130.913,88.950,90.168
264.276,127.739,88.950,90.168
267.450,130.207,88.950,90.168
262.866,126.329,88.950,90.168
266.039,130.913,88.950,90.168
269.213,135.496,88.950,90.168
271.681,138.670,88.950,90.168
267.404,134.380,90.918,92.163
268.268,135.978,92.929,94.202
264.953,133.399,92.929,94.202
265.071,129.682,94.985,96.286
259.724,130.570,97.087,98.417
258.250,128.283,99.235,100.594
253.923,131.823,99.235,100.594
251.957,135.364,99.235,100.594
249.990,135.757,99.235,100.594
251.170,134.577,99.235,100.594
249.990,138.117,99.235,100.594
254.317,135.364,99.235,100.594
250.776,140.477,99.235,100.594
255.103,138.511,99.235,100.594
251.563,143.624,99.235,100.594
255.103,141.657,99.235,100.594
251.563,146.771,99.235,100.594
255.275,146.706,97.119,98.449
255.940,150.353,95.047,96.350
259.331,148.470,95.047,96.350
257.076,152.765,93.021,94.295
261.132,150.922,93.021,94.295
257.813,153.503,93.021,94.295
262.004,152.731,91.037,92.284
258.756,153.092,91.037,92.284
262.857,152.337,89.095,90.316
261.091,154.103,89.095,90.316
262.381,154.045,87.195,88.390
264.801,153.008,87.195,88.390
262.381,153.353,87.195,88.390
264.801,152.316,87.195,88.390
262.381,154.736,87.195,88.390
264.801,154.390,87.195,88.390
263.073,156.118,87.195,88.390
266.875,155.773,87.195,88.390
265.838,159.575,87.195,88.390
270.331,157.155,87.195,88.390
275.463,153.667,89.125,90.346
279.975,148.636,91.097,92.344
284.669,143.219,91.097,92.344
283.900,147.337,89.154,90.375
286.554,148.641,87.253,88.448
288.484,151.251,85.392,86.562
286.115,154.974,85.392,86.562
285.777,157.344,85.392,86.562
284.084,161.067,85.392,86.562
280.681,164.675,87.281,88.477
285.179,162.253,87.281,88.477
284.442,166.198,85.420,86.590
286.135,163.827,85.420,86.590
285.119,166.198,85.420,86.590
283.426,168.568,85.420,86.590
285.119,165.520,85.420,86.590
287.009,165.465,83.598,84.744
286.942,165.410,81.816,82.936
286.618,166.383,81.816,82.936
287.591,164.113,81.816,82.936
288.151,163.434,80.071,81.168
287.199,165.656,80.071,81.168
288.151,164.069,80.071,81.168
287.199,166.291,80.071,81.168
290.194,164.403,78.363,79.437
290.504,165.956,78.363,79.437
292.837,163.509,76.692,77.743
291.925,166.246,76.692,77.743
292.450,164.437,75.057,76.085
295.257,164.388,73.456,74.462
293.802,166.427,73.456,74.462
292.620,164.695,71.890,72.874
292.335,162.130,71.890,72.874
289.201,162.415,71.890,72.874
284.356,164.410,71.890,72.874
280.652,166.404,71.890,72.874
278.087,165.550,71.890,72.874
275.522,167.544,71.890,72.874
275.237,164.980,71.890,72.874
273.812,166.974,71.890,72.874
274.667,164.410,71.890,72.874
272.673,165.834,71.890,72.874
271.248,164.410,71.890,72.874
269.253,165.265,71.890,72.874
267.258,163.270,71.890,72.874
265.833,161.845,71.890,72.874
263.838,159.280,71.890,72.874
261.844,157.855,71.890,72.874
260.419,155.291,71.890,72.874
258.424,153.866,71.890,72.874
256.999,151.301,71.890,72.874
256.942,148.508,70.357,71.320
256.886,145.774,68.856,69.799
254.975,142.225,68.856,69.799
254.920,138.497,67.388,68.311
252.516,135.025,67.388,68.311
252.462,132.406,65.951,66.854
253.921,130.347,64.544,65.429
253.376,129.318,63.168,64.033
252.625,127.065,63.168,64.033
250.372,125.312,63.168,64.033
251.123,126.564,63.168,64.033
249.624,124.592,61.821,62.668
250.992,126.914,60.503,61.331
249.793,128.592,60.503,61.331
250.992,130.271,60.503,61.331
252.793,132.081,59.212,60.023
252.558,135.132,59.212,60.023
253.262,138.184,59.212,60.023
254.905,141.235,59.212,60.023
254.201,144.756,59.212,60.023
256.416,147.432,57.950,58.743
256.646,150.418,57.950,58.743
257.335,153.404,57.950,58.743
258.943,156.390,57.950,58.743
258.254,160.295,57.950,58.743
256.646,171.092,57.950,58.743
258.713,175.916,57.950,58.743
259.862,179.821,57.950,58.743
261.470,184.185,57.950,58.743
262.618,187.171,57.950,58.743
262.848,190.617,57.950,58.743
263.537,195.441,57.950,58.743
264.226,199.346,57.950,58.743
265.375,202.332,57.950,58.743
265.925,203.351,59.232,60.043
266.975,204.879,60.542,61.372
268.175,205.599,60.542,61.372
269.855,204.399,60.542,61.372
267.215,204.639,60.542,61.372
269.375,204.879,60.542,61.372
272.015,203.679,60.542,61.372
274.655,202.959,60.542,61.372
278.255,204.159,60.542,61.372
284.254,203.919,60.542,61.372
286.414,203.679,60.542,61.372
288.574,204.399,60.542,61.372
290.254,203.679,60.542,61.372
291.454,205.839,60.542,61.372
293.025,204.413,61.882,62.729
317.309,194.846,61.882,62.729
321.479,192.639,61.882,62.729
324.178,190.431,61.882,62.729
322.951,189.204,61.882,62.729
324.178,186.997,61.882,62.729
320.694,190.120,63.251,64.117
321.947,187.362,63.251,64.117
319.691,189.117,63.251,64.117
320.944,186.861,63.251,64.117
318.186,188.616,63.251,64.117
318.437,186.359,63.251,64.117
317.183,189.619,63.251,64.117
317.434,187.864,63.251,64.117
316.682,190.120,63.251,64.117
317.936,188.365,63.251,64.117
316.181,189.619,63.251,64.117
317.936,186.861,63.251,64.117
317.183,186.109,63.251,64.117
318.939,184.855,63.251,64.117
318.186,182.599,63.251,64.117
319.440,179.841,63.251,64.117
318.688,178.086,63.251,64.117
317.936,178.336,63.251,64.117
316.181,178.587,63.251,64.117
315.930,176.330,63.251,64.117
313.673,177.584,63.251,64.117
312.420,175.829,63.251,64.117
310.163,173.573,63.251,64.117
307.405,172.820,63.251,64.117
306.653,171.065,63.251,64.117
305.400,170.313,63.251,64.117
304.146,170.564,63.251,64.117
303.895,167.806,63.251,64.117
302.642,169.060,63.251,64.117
303.763,169.651,64.650,65.536
300.655,170.787,66.081,66.986
302.913,173.579,67.543,68.468
301.332,176.433,69.037,69.983
301.421,178.214,70.565,71.531
302.091,180.615,72.126,73.114
300.403,181.289,73.722,74.731
301.710,180.765,75.353,76.385
300.566,181.470,77.020,78.075
298.131,183.457,78.724,79.802
300.174,181.603,80.466,81.568
296.967,184.341,82.246,83.373
295.042,181.051,84.066,85.217
296.709,179.384,84.066,85.217
293.709,181.717,84.066,85.217
294.709,179.384,84.066,85.217
291.710,181.717,84.066,85.217
291.377,179.384,84.066,85.217
291.044,177.052,84.066,85.217
289.377,176.052,84.066,85.217
288.378,174.386,84.066,85.217
287.378,173.386,84.066,85.217
286.378,171.720,84.066,85.217
286.045,171.387,84.066,85.217
285.045,169.054,84.066,85.217
285.379,166.055,84.066,85.217
284.379,164.389,84.066,85.217
284.712,162.056,84.066,85.217
283.046,160.390,84.066,85.217
284.712,158.058,84.066,85.217
282.380,158.391,84.066,85.217
285.379,156.058,84.066,85.217
283.046,158.391,84.066,85.217
286.045,156.058,84.066,85.217
283.713,157.724,84.066,85.217
285.379,155.392,84.066,85.217
286.378,153.726,84.066,85.217
285.379,156.725,84.066,85.217
288.378,154.392,84.066,85.217
286.712,157.391,84.066,85.217
288.378,154.392,84.066,85.217
288.711,152.726,84.066,85.217
287.045,152.393,84.066,85.217
288.711,150.726,84.066,85.217
287.045,150.393,84.066,85.217
288.045,149.394,84.066,85.217
286.378,152.393,84.066,85.217
286.045,153.392,84.066,85.217
285.712,155.725,84.066,85.217
286.045,158.058,84.066,85.217
285.712,157.058,84.066,85.217
285.379,160.057,84.066,85.217
288.378,159.057,84.066,85.217
286.712,160.057,84.066,85.217
285.712,159.724,84.066,85.217
284.712,162.056,84.066,85.217
285.045,159.057,84.066,85.217
285.379,159.391,84.066,85.217
287.045,158.391,84.066,85.217
285.379,160.057,84.066,85.217
287.711,158.391,84.066,85.217
286.045,160.057,84.066,85.217
287.711,157.724,84.066,85.217
286.045,160.057,84.066,85.217
288.378,157.724,84.066,85.217
288.045,160.057,84.066,85.217
288.378,157.724,84.066,85.217
288.045,158.724,84.066,85.217
289.044,157.724,84.066,85.217
289.377,157.391,84.066,85.217
291.044,156.391,84.066,85.217
290.044,158.058,84.066,85.217
293.043,156.391,84.066,85.217
292.043,157.391,84.066,85.217
295.042,155.725,84.066,85.217
296.709,157.391,84.066,85.217
298.375,155.058,84.066,85.217
300.041,156.058,84.066,85.217
302.374,155.058,84.066,85.217
304.706,155.392,84.066,85.217
303.706,156.391,84.066,85.217
306.706,155.392,84.066,85.217
307.039,155.725,84.066,85.217
308.705,154.725,84.066,85.217
307.705,155.059,84.066,85.217
309.371,152.726,84.066,85.217
309.038,153.059,84.066,85.217
309.371,151.393,84.066,85.217
308.372,153.059,84.066,85.217
309.371,151.393,84.066,85.217
307.039,153.726,84.066,85.217
306.706,153.392,84.066,85.217
305.706,153.726,84.066,85.217
304.040,154.725,84.066,85.217
305.706,153.059,84.066,85.217
303.373,154.059,84.066,85.217
305.039,151.726,84.066,85.217
302.707,154.725,84.066,85.217
302.374,153.059,84.066,85.217
301.374,152.059,84.066,85.217
300.374,153.059,84.066,85.217
299.375,151.393,84.066,85.217
297.708,153.059,84.066,85.217
296.042,150.727,84.066,85.217
293.710,153.059,84.066,85.217
292.710,150.727,84.066,85.217
291.044,150.393,84.066,85.217
289.378,150.060,84.066,85.217
287.711,149.727,84.066,85.217
285.379,152.059,84.066,85.217
285.046,148.394,84.066,85.217
283.379,152.059,84.066,85.217
282.380,149.727,84.066,85.217
281.380,153.392,84.066,85.217
279.714,151.060,84.066,85.217
277.381,154.725,84.066,85.217
276.381,153.726,84.066,85.217
274.715,157.391,84.066,85.217
273.049,155.058,84.066,85.217
271.383,158.724,84.066,85.217
270.383,159.724,84.066,85.217
268.717,162.056,84.066,85.217
267.051,162.390,84.066,85.217
266.051,165.389,84.066,85.217
267.051,164.389,84.066,85.217
264.718,166.722,84.066,85.217
265.052,166.388,84.066,85.217
265.385,166.055,84.066,85.217
265.052,165.722,84.066,85.217
264.052,166.055,84.066,85.217
265.052,164.389,84.066,85.217
264.718,165.389,84.066,85.217
265.052,164.389,84.066,85.217
266.051,164.056,84.066,85.217
265.052,165.722,84.066,85.217
265.385,166.055,84.066,85.217
266.384,165.055,84.066,85.217
266.051,167.388,84.066,85.217
267.051,166.388,84.066,85.217
266.718,167.388,84.066,85.217
267.717,167.055,84.066,85.217
268.717,166.722,84.066,85.217
269.717,167.055,84.066,85.217
272.049,165.389,84.066,85.217
274.382,164.389,84.066,85.217
278.048,163.389,84.066,85.217
280.380,164.389,84.066,85.217
284.712,164.722,84.066,85.217
288.378,165.055,84.066,85.217
293.376,165.389,84.066,85.217
297.708,167.055,84.066,85.217
300.041,168.721,84.066,85.217
303.706,171.054,84.066,85.217
307.372,168.721,84.066,85.217
311.159,172.520,82.273,83.400
312.790,170.890,82.273,83.400
314.420,173.825,82.273,83.400
316.703,171.542,82.273,83.400
315.725,174.477,82.273,83.400
319.312,170.890,82.273,83.400
316.377,174.477,82.273,83.400
319.312,169.585,82.273,83.400
317.029,171.868,82.273,83.400
318.660,168.281,82.273,83.400
317.029,170.564,82.273,83.400
315.399,166.976,82.273,83.400
313.768,169.259,82.273,83.400
316.703,165.019,82.273,83.400
314.420,167.302,82.273,83.400
315.879,162.658,84.093,85.245
313.545,164.991,84.093,85.245
314.545,163.324,84.093,85.245
313.545,165.658,84.093,85.245
313.879,162.658,84.093,85.245
311.545,163.658,84.093,85.245
309.212,159.991,84.093,85.245
304.477,155.936,85.954,87.131
301.411,152.869,85.954,87.131
299.026,149.803,85.954,87.131
296.641,147.418,85.954,87.131
293.574,145.033,85.954,87.131
292.552,141.966,85.954,87.131
292.212,139.581,85.954,87.131
294.597,137.878,85.954,87.131
292.893,136.855,85.954,87.131
295.278,137.196,85.954,87.131
293.574,136.174,85.954,87.131
297.322,137.196,85.954,87.131
294.256,135.493,85.954,87.131
298.004,135.152,85.954,87.131
295.619,133.448,85.954,87.131
293.915,132.426,85.954,87.131
292.212,130.041,85.954,87.131
295.278,129.700,85.954,87.131
293.574,132.767,85.954,87.131
291.189,131.063,85.954,87.131
294.256,130.041,85.954,87.131
291.871,133.108,85.954,87.131
290.849,132.085,85.954,87.131
292.552,134.470,85.954,87.131
292.211,136.855,85.954,87.131
295.278,135.833,85.954,87.131
297.663,140.263,85.954,87.131
294.596,139.922,85.954,87.131
298.344,144.351,85.954,87.131
300.048,144.010,85.954,87.131
300.389,147.077,85.954,87.131
300.048,146.055,85.954,87.131
299.026,145.714,85.954,87.131
298.004,150.825,85.954,87.131
296.300,148.440,85.954,87.131
296.641,145.373,85.954,87.131
296.300,143.670,85.954,87.131
299.366,141.966,85.954,87.131
296.981,141.625,85.954,87.131
296.641,144.010,85.954,87.131
298.344,140.944,85.954,87.131
295.959,142.648,85.954,87.131
299.026,140.944,85.954,87.131
298.004,144.010,85.954,87.131
301.751,140.944,85.954,87.131
300.048,144.692,85.954,87.131
302.433,143.670,85.954,87.131
304.818,144.010,85.954,87.131
303.796,142.307,85.954,87.131
304.136,140.603,85.954,87.131
302.433,141.625,85.954,87.131
304.136,140.603,85.954,87.131
301.070,142.307,85.954,87.131
300.048,142.648,85.954,87.131
298.344,144.351,85.954,87.131
299.366,143.329,85.954,87.131
296.300,145.033,85.954,87.131
298.685,143.329,85.954,87.131
294.256,144.351,85.954,87.131
295.959,142.648,85.954,87.131
291.530,142.988,85.954,87.131
289.826,139.922,85.954,87.131
288.804,138.900,85.954,87.131
285.738,137.877,85.954,87.131
283.353,136.855,85.954,87.131
282.331,136.515,85.954,87.131
280.627,134.811,85.954,87.131
279.605,133.107,85.954,87.131
279.946,131.404,85.954,87.131
278.242,133.107,85.954,87.131
278.583,130.722,85.954,87.131
275.516,131.745,85.954,87.131
278.583,130.722,85.954,87.131
276.198,129.700,85.954,87.131
277.901,126.634,85.954,87.131
275.516,127.656,85.954,87.131
278.583,123.908,85.954,87.131
276.198,125.612,85.954,87.131
279.264,123.908,85.954,87.131
276.879,126.293,85.954,87.131
274.494,130.041,85.954,87.131
270.362,137.914,87.855,89.059
265.416,141.626,89.799,91.029
269.962,138.773,91.786,93.043
266.687,142.047,91.786,93.043
265.596,143.866,91.786,93.043
269.488,140.950,93.817,95.102
267.292,138.740,95.893,97.206
269.193,143.682,95.893,97.206
271.854,142.541,95.893,97.206
271.473,141.401,95.893,97.206
274.894,144.062,95.893,97.206
274.085,144.732,93.848,95.133
273.293,148.973,91.846,93.104
272.201,147.881,91.846,93.104
271.108,149.701,91.846,93.104
271.737,152.449,89.888,91.119
271.381,152.805,89.888,91.119
271.024,155.299,89.888,91.119
272.093,159.219,89.888,91.119
268.886,161.000,89.888,91.119
270.668,158.506,89.888,91.119
268.174,160.288,89.888,91.119
268.530,162.782,89.888,91.119
268.174,163.851,89.888,91.119
267.105,165.632,89.888,91.119
268.174,168.839,89.888,91.119
267.817,169.195,89.888,91.119
268.886,172.402,89.888,91.119
269.243,169.195,89.888,91.119
269.599,172.402,89.888,91.119
269.955,169.195,89.888,91.119
271.024,170.977,89.888,91.119
271.381,168.483,89.888,91.119
270.312,166.701,89.888,91.119
271.381,166.345,89.888,91.119
272.450,166.701,89.888,91.119
272.806,164.207,89.888,91.119
273.875,163.851,89.888,91.119
274.231,160.644,89.888,91.119
273.162,158.862,89.888,91.119
274.231,156.368,89.888,91.119
274.587,155.299,89.888,91.119
275.656,152.805,89.888,91.119
274.587,150.311,89.888,91.119
275.656,147.817,89.888,91.119
276.013,144.610,89.888,91.119
277.082,142.828,89.888,91.119
275.300,143.185,89.888,91.119
277.082,140.691,89.888,91.119
276.725,139.622,89.888,91.119
278.507,139.978,89.888,91.119
276.725,137.484,89.888,91.119
277.794,139.978,89.888,91.119
276.013,137.484,89.888,91.119
277.794,138.553,89.888,91.119
276.013,135.346,89.888,91.119
277.082,137.840,89.888,91.119
274.587,134.633,89.888,91.119
277.082,137.127,89.888,91.119
276.013,138.196,89.888,91.119
278.507,135.702,89.888,91.119
277.438,135.346,89.888,91.119
279.220,136.415,89.888,91.119
279.576,133.921,89.888,91.119
279.220,133.564,89.888,91.119
278.151,133.208,89.888,91.119
277.082,134.990,89.888,91.119
276.725,132.495,89.888,91.119
277.082,134.990,89.888,91.119
276.013,136.771,89.888,91.119
277.606,132.436,91.876,93.135
276.513,135.714,91.876,93.135
278.334,133.164,91.876,93.135
277.970,135.714,91.876,93.135
280.520,133.164,91.876,93.135
279.427,136.442,91.876,93.135
280.520,133.164,91.876,93.135
280.884,137.171,91.876,93.135
281.248,133.893,91.876,93.135
280.884,136.442,91.876,93.135
281.976,133.893,91.876,93.135
281.612,135.714,91.876,93.135
281.976,133.164,91.876,93.135
281.612,135.714,91.876,93.135
281.248,133.164,91.876,93.135
279.427,135.714,91.876,93.135
279.063,131.708,91.876,93.135
277.970,129.158,91.876,93.135
279.791,128.066,91.876,93.135
277.242,126.245,91.876,93.135
276.878,123.695,91.876,93.135
278.699,119.689,91.876,93.135
276.878,116.412,91.876,93.135
278.699,113.862,91.876,93.135
276.878,112.041,91.876,93.135
279.427,110.220,91.876,93.135
276.878,111.313,91.876,93.135
280.155,110.949,91.876,93.135
279.063,110.585,91.876,93.135
280.155,111.677,91.876,93.135
280.520,110.585,91.876,93.135
280.155,111.677,91.876,93.135
279.791,110.585,91.876,93.135
280.155,111.677,91.876,93.135
277.606,111.313,91.876,93.135
280.155,113.134,91.876,93.135
276.878,112.041,91.876,93.135
278.699,113.134,91.876,93.135
276.878,114.226,91.876,93.135
277.970,116.047,91.876,93.135
278.334,115.683,91.876,93.135
276.513,118.961,91.876,93.135
278.334,120.782,91.876,93.135
281.069,123.530,89.917,91.149
280.713,126.738,89.917,91.149
282.495,130.659,89.917,91.149
284.990,134.579,89.917,91.149
288.353,137.956,88.000,89.205
289.400,139.700,88.000,89.205
289.051,141.444,88.000,89.205
290.098,142.491,88.000,89.205
289.051,142.142,88.000,89.205
290.098,143.886,88.000,89.205
289.749,147.026,88.000,89.205
289.400,146.677,88.000,89.205
291.347,149.981,86.123,87.303
289.640,147.592,86.123,87.303
289.981,151.347,86.123,87.303
289.640,149.640,86.123,87.303
287.933,152.030,86.123,87.303
290.497,151.315,84.286,85.441
289.785,154.481,82.489,83.619
292.241,153.166,80.730,81.836
294.027,157.431,79.008,80.091
294.340,158.997,79.008,80.091
297.899,160.757,77.323,78.383
300.045,162.289,77.323,78.383
301.755,162.239,75.674,76.711
303.255,160.739,75.674,76.711
304.351,162.424,74.061,75.075
305.819,162.718,74.061,75.075
307.287,162.424,74.061,75.075
308.168,165.067,74.061,75.075
305.526,165.947,74.061,75.075
305.232,168.002,74.061,75.075
304.351,170.057,74.061,75.075
304.645,171.525,74.061,75.075
303.764,173.580,74.061,75.075
302.883,175.635,74.061,75.075
303.177,175.342,74.061,75.075
302.883,178.571,74.061,75.075
304.351,177.103,74.061,75.075
303.471,180.920,74.061,75.075
304.351,179.452,74.061,75.075
304.058,183.268,74.061,75.075
304.351,182.387,74.061,75.075
304.645,185.617,74.061,75.075
306.700,182.975,74.061,75.075
304.058,186.791,74.061,75.075
306.262,185.045,72.481,73.474
304.251,187.631,72.481,73.474
305.113,185.045,72.481,73.474
304.251,188.205,72.481,73.474
304.538,186.194,72.481,73.474
301.952,185.332,72.481,73.474
305.113,183.896,72.481,73.474
303.676,187.631,72.481,73.474
306.837,185.619,72.481,73.474
304.251,187.631,72.481,73.474
307.411,185.619,72.481,73.474
305.400,188.205,72.481,73.474
309.135,185.045,72.481,73.474
305.975,188.205,72.481,73.474
309.135,186.194,72.481,73.474
307.124,189.929,72.481,73.474
310.285,186.769,72.481,73.474
307.396,188.042,74.085,75.100
310.039,184.812,74.085,75.100
306.477,186.723,75.724,76.761
309.779,184.622,75.724,76.761
310.680,183.722,75.724,76.761
309.779,185.823,75.724,76.761
308.879,187.924,75.724,76.761
311.580,184.622,75.724,76.761
310.079,187.324,75.724,76.761
313.381,182.821,75.724,76.761
315.482,179.519,75.724,76.761
316.983,176.818,75.724,76.761
314.282,178.319,75.724,76.761
311.887,175.913,77.399,78.460
311.986,172.180,79.112,80.196
310.418,169.985,79.112,80.196
310.731,167.162,79.112,80.196
309.163,165.594,79.112,80.196
307.595,162.772,79.112,80.196
306.655,161.204,79.112,80.196
306.341,159.009,79.112,80.196
304.146,158.068,79.112,80.196
306.341,155.246,79.112,80.196
304.146,154.932,79.112,80.196
306.341,152.110,79.112,80.196
305.400,151.169,79.112,80.196
306.968,148.346,79.112,80.196
305.400,148.033,79.112,80.196
308.223,145.838,79.112,80.196
305.400,147.406,79.112,80.196
306.968,143.956,79.112,80.196
304.146,145.524,79.112,80.196
305.714,142.075,79.112,80.196
302.891,144.270,79.112,80.196
305.087,140.820,79.112,80.196
302.264,139.879,79.112,80.196
303.832,138.311,79.112,80.196
301.010,141.761,79.112,80.196
303.205,138.311,79.112,80.196
301.010,141.761,79.112,80.196
303.205,138.939,79.112,80.196
300.383,143.015,79.112,80.196
303.205,139.566,79.112,80.196
300.383,142.388,79.112,80.196
303.205,139.566,79.112,80.196
299.755,142.388,79.112,80.196
302.578,138.311,79.112,80.196
299.128,141.134,79.112,80.196
298.815,137.684,79.112,80.196
300.383,134.235,79.112,80.196
296.933,137.057,79.112,80.196
299.128,133.607,79.112,80.196
297.560,132.039,79.112,80.196
295.992,136.116,79.112,80.196
295.051,138.939,79.112,80.196
298.501,137.998,79.112,80.196
296.306,142.075,79.112,80.196
294.111,144.897,79.112,80.196
297.560,142.702,79.112,80.196
295.683,146.277,77.425,78.485
295.377,144.743,77.425,78.485
293.228,146.277,77.425,78.485
298.446,144.129,77.425,78.485
298.139,142.594,77.425,78.485
296.964,143.318,79.138,80.222
299.017,141.454,80.889,81.997
303.186,138.569,80.889,81.997
305.430,136.324,80.889,81.997
307.675,133.438,80.889,81.997
309.464,130.913,79.164,80.248
311.661,128.089,79.164,80.248
309.157,126.876,80.915,82.024
313.327,123.347,80.915,82.024
312.365,124.310,80.915,82.024
315.252,121.423,80.915,82.024
314.024,120.848,82.706,83.839
318.381,119.530,80.942,82.051
321.409,118.240,79.216,80.301
321.951,118.189,77.526,78.588
324.851,119.915,75.873,76.913
328.269,121.025,74.255,75.272
331.507,120.731,74.255,75.272
331.213,122.203,74.255,75.272
332.684,120.731,74.255,75.272
331.213,121.025,74.255,75.272
332.684,119.553,74.255,75.272
331.801,121.025,74.255,75.272
332.684,118.965,74.255,75.272
333.567,119.259,74.255,75.272
333.862,118.376,74.255,75.272
334.745,119.259,74.255,75.272
336.217,117.787,74.255,75.272
335.922,119.259,74.255,75.272
337.394,118.376,74.255,75.272
335.922,120.437,74.255,75.272
339.749,121.320,74.255,75.272
338.277,123.969,74.255,75.272
340.926,126.029,74.255,75.272
338.277,129.855,74.255,75.272
335.929,131.771,75.898,76.938
338.522,134.354,77.577,78.640
350.745,149.755,79.294,80.380
354.107,152.453,81.048,82.158
350.211,151.877,82.841,83.976
351.679,149.926,84.674,85.834
347.608,150.718,86.548,87.733
347.719,148.679,88.462,89.674
345.264,149.731,88.462,89.674
343.194,149.103,90.420,91.658
342.836,151.612,90.420,91.658
341.044,153.404,90.420,91.658
341.402,154.480,90.420,91.658
338.893,156.988,90.420,91.658
339.968,155.196,90.420,91.658
337.459,158.422,90.420,91.658
337.101,158.064,90.420,91.658
335.309,160.573,90.420,91.658
335.667,159.497,90.420,91.658
333.875,161.289,90.420,91.658
333.517,160.214,90.420,91.658
331.725,162.723,90.420,91.658
334.815,159.106,92.420,93.686
331.518,163.136,92.420,93.686
332.617,161.304,92.420,93.686
329.320,165.334,92.420,93.686
332.617,162.037,92.420,93.686
329.320,164.601,92.420,93.686
331.884,161.304,92.420,93.686
330.785,160.938,92.420,93.686
333.350,158.373,92.420,93.686
330.052,161.671,92.420,93.686
334.815,158.373,92.420,93.686
334.741,163.963,90.449,91.688
339.507,163.213,88.520,89.733
343.495,168.566,86.633,87.819
345.898,165.475,86.633,87.819
348.302,167.879,86.633,87.819
347.959,166.849,86.633,87.819
353.110,163.758,86.633,87.819
358.337,170.984,84.785,85.947
356.656,174.008,84.785,85.947
359.681,170.984,84.785,85.947
362.034,169.975,84.785,85.947
367.747,166.951,84.785,85.947
372.788,163.254,84.785,85.947
377.830,158.885,84.785,85.947
382.199,154.515,84.785,85.947
385.794,149.032,86.661,87.848
388.755,143.427,88.578,89.792
393.320,140.267,88.578,89.792
397.884,137.107,88.578,89.792
400.342,133.946,88.578,89.792
399.991,132.893,88.578,89.792
403.151,129.733,88.578,89.792
403.502,127.275,88.578,89.792
400.701,123.003,90.538,91.779
402.496,119.056,90.538,91.779
399.983,116.543,90.538,91.779
401.060,114.031,90.538,91.779
400.988,113.280,88.608,89.821
401.339,110.119,88.608,89.821
399.583,108.363,88.608,89.821
399.231,107.309,88.608,89.821
398.880,106.958,88.608,89.821
399.934,106.607,88.608,89.821
398.880,107.660,88.608,89.821
399.934,108.714,88.608,89.821
398.880,110.470,88.608,89.821
401.339,112.929,88.608,89.821
399.583,116.090,88.608,89.821
404.928,116.709,86.718,87.906
402.522,119.115,86.718,87.906
403.554,117.397,86.718,87.906
402.522,117.740,86.718,87.906
402.179,119.459,86.718,87.906
401.835,117.740,86.718,87.906
400.804,117.397,86.718,87.906
403.385,116.677,84.869,86.031
401.030,118.359,84.869,86.031
400.693,115.332,84.869,86.031
399.011,113.650,84.869,86.031
398.002,111.295,84.869,86.031
396.993,108.940,84.869,86.031
395.311,108.603,84.869,86.031
397.666,104.230,84.869,86.031
395.311,102.548,84.869,86.031
397.666,99.520,84.869,86.031
395.984,99.184,84.869,86.031
398.339,96.829,84.869,86.031
396.656,99.184,84.869,86.031
397.666,96.156,84.869,86.031
398.002,93.801,84.869,86.031
321.636,162.766,84.869,86.031
319.954,160.411,84.869,86.031
321.636,157.384,84.869,86.031
318.608,157.720,84.869,86.031
320.963,154.019,84.869,86.031
318.608,153.010,84.869,86.031
320.290,149.310,84.869,86.031
317.935,148.300,84.869,86.031
318.945,143.927,84.869,86.031
317.263,142.918,84.869,86.031
319.618,139.217,84.869,86.031
317.263,136.862,84.869,86.031
320.290,135.180,84.869,86.031
317.935,134.844,84.869,86.031
320.290,132.489,84.869,86.031
317.263,134.171,84.869,86.031
320.963,129.798,84.869,86.031
317.263,132.152,84.869,86.031
318.945,128.452,84.869,86.031
315.244,130.134,84.869,86.031
316.926,126.433,84.869,86.031
313.226,127.443,84.869,86.031
314.908,123.742,84.869,86.031
311.880,123.406,84.869,86.031
313.562,119.032,84.869,86.031
313.898,114.659,84.869,86.031
312.889,112.304,84.869,86.031
313.226,109.276,84.869,86.031
314.235,106.248,84.869,86.031
313.226,105.912,84.869,86.031
314.235,104.903,84.869,86.031
315.244,104.566,84.869,86.031
316.926,103.557,84.869,86.031
319.281,103.894,84.869,86.031
322.309,104.230,84.869,86.031
327.355,101.875,84.869,86.031
322.982,104.230,84.869,86.031
326.009,101.875,84.869,86.031
321.636,102.884,84.869,86.031
325.337,101.875,84.869,86.031
329.633,103.367,86.746,87.935
329.289,102.335,86.746,87.935
332.384,101.991,86.746,87.935
333.416,102.335,86.746,87.935
334.447,101.303,86.746,87.935
335.479,101.647,86.746,87.935
334.447,101.303,86.746,87.935
336.854,101.647,86.746,87.935
335.823,102.679,86.746,87.935
336.854,103.710,86.746,87.935
335.538,102.381,88.666,89.880
337.998,102.029,88.666,89.880
339.755,101.678,88.666,89.880
337.998,99.921,88.666,89.880
336.653,101.479,90.627,91.869
336.293,100.401,90.627,91.869
338.090,102.197,90.627,91.869
337.730,101.120,90.627,91.869
336.653,102.916,90.627,91.869
337.012,103.275,90.627,91.869
338.090,105.071,90.627,91.869
337.012,103.993,90.627,91.869
337.371,105.071,90.627,91.869
336.293,103.275,90.627,91.869
335.216,104.353,90.627,91.869
334.138,101.838,90.627,91.869
335.934,102.197,90.627,91.869
335.575,101.120,90.627,91.869
334.497,102.916,90.627,91.869
334.138,102.557,90.627,91.869
333.779,105.071,90.627,91.869
332.701,102.557,90.627,91.869
336.653,105.071,90.627,91.869
334.856,102.557,90.627,91.869
331.245,103.404,92.633,93.901
328.674,100.099,92.633,93.901
333.448,98.263,92.633,93.901
328.994,98.367,94.682,95.979
327.869,95.740,94.682,95.979
324.095,95.068,96.777,98.103
326.781,90.848,96.777,98.103
329.292,90.957,98.918,100.273
331.859,87.813,101.107,102.492
325.335,88.759,103.344,104.759
329.841,85.891,103.344,104.759
326.974,86.301,103.344,104.759
331.480,83.433,103.344,104.759
328.612,84.662,103.344,104.759
334.757,84.252,103.344,104.759
332.709,83.023,103.344,104.759
331.480,85.891,103.344,104.759
335.986,83.843,103.344,104.759
330.661,86.710,103.344,104.759
335.167,84.662,103.344,104.759
329.841,87.530,103.344,104.759
334.347,86.301,103.344,104.759
329.841,87.530,103.344,104.759
333.528,86.301,103.344,104.759
329.841,86.710,103.344,104.759
325.335,87.939,103.344,104.759
319.190,88.349,103.344,104.759
322.877,85.481,103.344,104.759
318.371,85.891,103.344,104.759
322.058,83.023,103.344,104.759
317.552,84.252,103.344,104.759
320.419,79.746,103.344,104.759
317.178,77.310,101.140,102.525
319.984,75.305,101.140,102.525
318.358,74.466,98.983,100.339
321.304,72.889,96.872,98.199
319.006,76.527,94.806,96.105
321.828,74.291,92.784,94.055
319.253,76.866,92.784,94.055
322.015,74.678,90.806,92.050
318.776,77.918,90.806,92.050
322.173,75.083,88.869,90.087
318.298,76.844,88.869,90.087
320.059,73.674,88.869,90.087
316.184,74.731,88.869,90.087
316.536,72.265,88.869,90.087
313.366,74.731,88.869,90.087
315.127,72.969,88.869,90.087
311.252,75.435,88.869,90.087
312.309,73.674,88.869,90.087
308.434,77.549,88.869,90.087
307.005,78.170,86.974,88.166
308.729,79.894,86.974,88.166
304.936,82.307,86.974,88.166
307.350,80.583,86.974,88.166
302.178,84.376,86.974,88.166
303.902,82.652,86.974,88.166
300.799,85.755,86.974,88.166
303.902,84.031,86.974,88.166
300.799,87.823,86.974,88.166
302.523,85.410,86.974,88.166
299.420,89.202,86.974,88.166
302.009,87.816,85.119,86.285
298.972,90.853,85.119,86.285
302.009,88.491,85.119,86.285
299.647,91.528,85.119,86.285
303.359,89.166,85.119,86.285
300.322,92.203,85.119,86.285
302.684,90.516,85.119,86.285
301.671,91.528,85.119,86.285
302.684,90.516,85.119,86.285
300.322,93.552,85.119,86.285
302.684,91.865,85.119,86.285
300.997,94.227,85.119,86.285
303.359,91.865,85.119,86.285
299.647,94.227,85.119,86.285
304.033,91.190,85.119,86.285
306.395,88.829,85.119,86.285
304.708,88.491,85.119,86.285
307.070,90.178,85.119,86.285
304.033,94.565,85.119,86.285
303.021,97.601,85.119,86.285
300.659,101.313,85.119,86.285
301.671,105.024,85.119,86.285
299.310,108.736,85.119,86.285
297.623,111.098,85.119,86.285
299.984,112.110,85.119,86.285
296.273,115.146,85.119,86.285
299.182,113.142,87.003,88.195
296.078,115.556,87.003,88.195
297.803,113.832,87.003,88.195
296.768,114.866,87.003,88.195
296.423,113.832,87.003,88.195
295.388,113.487,87.003,88.195
296.423,112.452,87.003,88.195
294.009,112.107,87.003,88.195
295.733,111.762,87.003,88.195
295.388,110.728,87.003,88.195
294.354,110.383,87.003,88.195
294.699,112.107,87.003,88.195
295.044,111.072,87.003,88.195
293.319,112.797,87.003,88.195
294.354,111.762,87.003,88.195
291.250,114.866,87.003,88.195
293.664,115.211,87.003,88.195
294.699,118.315,87.003,88.195
291.595,119.349,87.003,88.195
293.853,118.016,88.928,90.146
291.385,119.779,88.928,90.146
292.443,117.311,88.928,90.146
289.270,116.254,88.928,90.146
290.328,114.491,88.928,90.146
286.450,111.318,88.928,90.146
288.213,110.966,88.928,90.146
285.745,109.203,88.928,90.146
287.508,108.851,88.928,90.146
287.860,107.793,88.928,90.146
286.803,107.441,88.928,90.146
288.565,106.383,88.928,90.146
286.803,108.146,88.928,90.146
289.270,105.678,88.928,90.146
286.803,105.326,88.928,90.146
289.270,105.678,88.928,90.146
288.918,103.916,88.928,90.146
289.975,104.268,88.928,90.146
291.033,102.506,88.928,90.146
291.385,100.743,88.928,90.146
291.033,100.391,88.928,90.146
292.795,100.743,88.928,90.146
291.738,99.686,88.928,90.146
293.500,99.333,88.928,90.146
294.558,100.391,88.928,90.146
294.910,101.448,88.928,90.146
295.968,101.096,88.928,90.146
297.025,103.563,88.928,90.146
298.083,103.916,88.928,90.146
298.435,104.973,88.928,90.146
299.493,106.031,88.928,90.146
300.550,105.678,88.928,90.146
301.608,105.326,88.928,90.146
299.140,107.088,88.928,90.146
300.903,103.916,88.928,90.146
302.665,101.448,88.928,90.146
303.723,100.391,88.928,90.146
304.780,100.038,88.928,90.146
306.543,97.571,88.928,90.146
301.960,98.628,88.928,90.146
304.428,96.161,88.928,90.146
305.485,97.218,88.928,90.146
307.248,95.456,88.928,90.146
302.665,96.513,88.928,90.146
304.428,94.751,88.928,90.146
306.895,92.988,88.928,90.146
308.658,91.226,88.928,90.146
304.780,92.283,88.928,90.146
306.543,89.816,88.928,90.146
308.305,88.053,88.928,90.146
305.133,89.111,88.928,90.146
307.600,86.643,88.928,90.146
307.248,84.881,88.928,90.146
305.485,85.938,88.928,90.146
307.953,83.471,88.928,90.146
306.190,82.413,88.928,90.146
303.723,83.471,88.928,90.146
305.485,81.003,88.928,90.146
303.018,82.060,88.928,90.146
304.780,80.298,88.928,90.146
302.313,81.355,88.928,90.146
303.370,80.298,88.928,90.146
302.313,80.650,88.928,90.146
303.370,79.593,88.928,90.146
301.608,79.945,88.928,90.146
302.665,79.593,88.928,90.146
301.608,79.240,88.928,90.146
302.665,80.298,88.928,90.146
300.903,80.650,88.928,90.146
302.665,78.888,88.928,90.146
299.493,80.650,88.928,90.146
300.550,78.888,88.928,90.146
298.788,81.355,88.928,90.146
300.550,83.118,88.928,90.146
301.608,84.881,88.928,90.146
302.665,86.643,88.928,90.146
304.428,86.996,88.928,90.146
302.665,89.463,88.928,90.146
306.543,89.111,88.928,90.146
303.370,92.283,88.928,90.146
305.678,90.189,90.895,92.140
303.877,92.711,90.895,92.140
306.399,93.071,90.895,92.140
303.877,94.873,90.895,92.140
305.678,95.233,90.895,92.140
303.877,97.755,90.895,92.140
304.957,96.674,90.895,92.140
303.877,98.476,90.895,92.140
304.957,96.674,90.895,92.140
302.435,97.755,90.895,92.140
301.354,97.395,90.895,92.140
298.832,100.638,90.895,92.140
297.751,99.557,90.895,92.140
295.950,100.638,90.895,92.140
297.031,99.557,90.895,92.140
294.509,101.358,90.895,92.140
294.148,100.998,90.895,92.140
291.626,101.358,90.895,92.140
291.987,100.998,90.895,92.140
289.464,100.638,90.895,92.140
286.942,101.718,90.895,92.140
288.023,99.917,90.895,92.140
285.501,101.718,90.895,92.140
286.582,99.196,90.895,92.140
284.780,101.718,90.895,92.140
286.582,99.917,90.895,92.140
284.060,103.160,90.895,92.140
285.861,102.079,90.895,92.140
284.780,104.601,90.895,92.140
286.582,102.799,90.895,92.140
284.780,106.042,90.895,92.140
285.861,104.961,90.895,92.140
283.339,108.204,90.895,92.140
282.258,107.123,90.895,92.140
281.177,109.645,90.895,92.140
282.979,107.123,90.895,92.140
282.619,109.645,90.895,92.140
285.141,107.123,90.895,92.140
283.339,109.645,90.895,92.140
286.582,107.123,90.895,92.140
284.060,111.086,90.895,92.140
285.861,110.005,90.895,92.140
284.781,112.528,90.895,92.140
284.420,111.447,90.895,92.140
283.339,111.086,90.895,92.140
282.979,112.888,90.895,92.140
285.501,111.086,90.895,92.140
283.700,113.608,90.895,92.140
286.222,111.086,90.895,92.140
284.420,113.608,90.895,92.140
287.663,111.086,90.895,92.140
285.861,114.329,90.895,92.140
288.384,112.528,90.895,92.140
285.861,114.329,90.895,92.140
289.104,113.969,90.895,92.140
286.582,115.050,90.895,92.140
289.104,113.969,90.895,92.140
286.582,115.770,90.895,92.140
289.104,113.969,90.895,92.140
286.582,116.491,90.895,92.140
288.384,113.969,90.895,92.140
286.582,116.491,90.895,92.140
288.384,114.689,90.895,92.140
286.582,116.491,90.895,92.140
289.104,114.689,90.895,92.140
286.582,117.211,90.895,92.140
289.825,115.410,90.895,92.140
287.303,117.932,90.895,92.140
286.942,116.131,90.895,92.140
288.744,117.211,90.895,92.140
287.663,116.131,90.895,92.140
288.744,117.211,90.895,92.140
289.825,116.131,90.895,92.140
288.744,118.653,90.895,92.140
291.266,116.131,90.895,92.140
289.465,119.373,90.895,92.140
292.707,118.292,90.895,92.140
291.626,121.535,90.895,92.140
293.428,118.292,90.895,92.140
291.626,121.535,90.895,92.140
294.148,118.292,90.895,92.140
292.347,121.535,90.895,92.140
295.590,119.013,90.895,92.140
295.229,121.535,90.895,92.140
297.752,118.292,90.895,92.140
299.553,117.932,90.895,92.140
300.634,116.851,90.895,92.140
299.553,119.373,90.895,92.140
302.796,116.131,90.895,92.140
300.994,117.932,90.895,92.140
304.237,115.410,90.895,92.140
301.715,117.211,90.895,92.140
303.516,114.689,90.895,92.140
301.715,115.770,90.895,92.140
302.796,114.689,90.895,92.140
300.994,117.211,90.895,92.140
299.913,119.013,90.895,92.140
299.553,120.094,90.895,92.140
297.752,122.616,90.895,92.140
298.832,124.418,90.895,92.140
297.031,128.381,90.895,92.140
298.112,130.182,90.895,92.140
295.590,133.425,90.895,92.140
298.112,134.506,90.895,92.140
296.310,137.028,90.895,92.140
299.553,135.947,90.895,92.140
297.752,139.911,90.895,92.140
300.994,137.388,90.895,92.140
299.193,140.631,90.895,92.140
300.994,137.388,90.895,92.140
301.355,139.911,90.895,92.140
301.715,136.668,90.895,92.140
301.355,137.749,90.895,92.140
300.274,136.668,90.895,92.140
298.472,137.749,90.895,92.140
298.832,135.947,90.895,92.140
297.031,138.469,90.895,92.140
297.391,135.947,90.895,92.140
295.590,139.190,90.895,92.140
295.950,140.991,90.895,92.140
295.590,144.234,90.895,92.140
295.950,148.198,90.895,92.140
294.869,152.161,90.895,92.140
298.112,152.521,90.895,92.140
297.752,154.323,90.895,92.140
299.553,156.124,90.895,92.140
299.913,155.043,90.895,92.140
299.841,159.151,88.957,90.175
301.604,156.683,88.957,90.175
299.841,159.151,88.957,90.175
300.899,156.683,88.957,90.175
299.841,157.036,88.957,90.175
300.899,154.567,88.957,90.175
300.546,154.215,88.957,90.175
300.899,153.157,88.957,90.175
301.956,152.804,88.957,90.175
303.014,151.041,88.957,90.175
304.072,149.983,88.957,90.175
303.014,148.925,88.957,90.175
304.777,146.457,88.957,90.175
303.720,143.283,88.957,90.175
305.483,140.815,88.957,90.175
304.425,138.347,88.957,90.175
306.893,135.173,88.957,90.175
307.246,132.705,88.957,90.175
304.072,130.236,88.957,90.175
305.130,127.768,88.957,90.175
303.367,125.300,88.957,90.175
300.193,123.537,88.957,90.175
297.020,121.068,88.957,90.175
295.962,120.716,88.957,90.175
293.494,120.363,88.957,90.175
290.320,122.126,88.957,90.175
289.262,120.363,88.957,90.175
286.794,121.421,88.957,90.175
287.146,119.658,88.957,90.175
284.678,122.831,88.957,90.175
286.441,121.068,88.957,90.175
283.973,124.242,88.957,90.175
285.736,122.479,88.957,90.175
282.562,124.242,88.957,90.175
283.620,123.184,88.957,90.175
281.857,125.652,88.957,90.175
283.620,123.184,88.957,90.175
280.447,125.652,88.957,90.175
282.915,123.889,88.957,90.175
281.857,124.242,88.957,90.175
283.620,123.184,88.957,90.175
281.857,124.947,88.957,90.175
284.325,123.184,88.957,90.175
282.562,124.242,88.957,90.175
285.031,122.479,88.957,90.175
283.268,121.421,88.957,90.175
285.736,119.658,88.957,90.175
285.383,121.421,88.957,90.175
286.441,119.658,88.957,90.175
286.794,119.305,88.957,90.175
287.146,119.658,88.957,90.175
285.383,119.305,88.957,90.175
286.441,118.953,88.957,90.175
284.678,121.421,88.957,90.175
287.146,118.247,88.957,90.175
285.383,121.421,88.957,90.175
287.146,118.953,88.957,90.175
285.383,121.421,88.957,90.175
287.852,118.247,88.957,90.175
286.794,120.011,88.957,90.175
288.557,117.542,88.957,90.175
287.499,117.190,88.957,90.175
289.262,116.837,88.957,90.175
287.499,118.600,88.957,90.175
289.262,116.837,88.957,90.175
287.499,120.011,88.957,90.175
288.557,118.953,88.957,90.175
287.499,121.421,88.957,90.175
287.852,120.363,88.957,90.175
287.499,123.537,88.957,90.175
286.441,123.184,88.957,90.175
286.089,125.652,88.957,90.175
285.736,125.300,88.957,90.175
286.794,128.473,88.957,90.175
285.031,129.531,88.957,90.175
285.383,129.179,88.957,90.175
286.441,130.942,88.957,90.175
286.089,131.294,88.957,90.175
287.146,130.237,88.957,90.175
286.794,132.705,88.957,90.175
289.262,130.237,88.957,90.175
288.204,132.705,88.957,90.175
289.967,129.531,88.957,90.175
292.436,127.768,88.957,90.175
289.967,131.647,88.957,90.175
293.846,126.358,88.957,90.175
292.788,129.531,88.957,90.175
291.730,126.358,88.957,90.175
292.083,129.531,88.957,90.175
295.257,128.473,88.957,90.175
293.494,130.942,88.957,90.175
296.141,134.962,87.060,88.252
296.487,131.856,87.060,88.252
298.212,130.131,87.060,88.252
297.177,129.786,87.060,88.252
299.592,127.370,87.060,88.252
298.557,130.476,87.060,88.252
300.973,127.370,87.060,88.252
299.247,131.166,87.060,88.252
303.044,128.750,87.060,88.252
304.079,130.476,87.060,88.252
307.185,128.750,87.060,88.252
306.840,133.237,87.060,88.252
311.326,131.511,87.060,88.252
311.671,134.617,87.060,88.252
315.467,132.201,87.060,88.252
315.812,136.688,87.060,88.252
319.608,133.582,87.060,88.252
319.263,137.378,87.060,88.252
321.679,134.272,87.060,88.252
323.404,133.237,87.060,88.252
320.989,134.962,87.060,88.252
322.024,131.856,87.060,88.252
320.299,130.131,87.060,88.252
321.334,128.405,87.060,88.252
318.581,125.639,88.986,90.205
316.817,124.581,88.986,90.205
315.759,123.522,88.986,90.205
313.995,121.759,88.986,90.205
311.526,120.700,88.986,90.205
309.057,118.937,88.986,90.205
306.588,117.173,88.986,90.205
304.824,115.409,88.986,90.205
303.060,113.646,88.986,90.205
301.297,112.588,88.986,90.205
299.533,111.529,88.986,90.205
298.475,112.588,88.986,90.205
297.416,111.529,88.986,90.205
294.947,114.704,88.986,90.205
294.595,112.940,88.986,90.205
292.125,116.115,88.986,90.205
291.773,115.762,88.986,90.205
290.715,117.526,88.986,90.205
290.362,116.468,88.986,90.205
288.598,118.937,88.986,90.205
289.656,117.879,88.986,90.205
287.187,121.053,88.986,90.205
288.951,119.290,88.986,90.205
288.598,121.053,88.986,90.205
290.362,119.290,88.986,90.205
287.893,124.581,88.986,90.205
289.656,126.344,88.986,90.205
288.598,122.464,88.986,90.205
293.889,126.344,88.986,90.205
295.653,125.286,88.986,90.205
297.417,129.166,88.986,90.205
298.475,126.697,88.986,90.205
299.533,128.461,88.986,90.205
301.297,128.108,88.986,90.205
301.649,131.988,88.986,90.205
304.118,130.930,88.986,90.205
302.355,133.399,88.986,90.205
304.824,130.930,88.986,90.205
303.766,134.104,88.986,90.205
304.824,132.341,88.986,90.205
303.766,134.104,88.986,90.205
304.824,131.635,88.986,90.205
305.882,130.577,88.986,90.205
306.940,130.224,88.986,90.205
306.588,133.399,88.986,90.205
306.940,130.930,88.986,90.205
307.293,132.693,88.986,90.205
306.235,132.341,88.986,90.205
305.882,134.104,88.986,90.205
306.940,133.046,88.986,90.205
304.471,134.810,88.986,90.205
303.413,133.752,88.986,90.205
300.944,135.515,88.986,90.205
300.591,133.752,88.986,90.205
298.827,132.693,88.986,90.205
297.064,134.457,88.986,90.205
296.006,132.693,88.986,90.205
298.475,130.930,88.986,90.205
296.006,134.104,88.986,90.205
299.180,131.635,88.986,90.205
297.417,134.104,88.986,90.205
299.886,132.341,88.986,90.205
300.238,135.515,88.986,90.205
299.886,133.752,88.986,90.205
301.649,134.104,88.986,90.205
299.180,137.279,88.986,90.205
300.238,134.810,88.986,90.205
299.886,136.574,88.986,90.205
301.649,134.810,88.986,90.205
299.886,138.690,88.986,90.205
300.944,136.221,88.986,90.205
299.886,139.395,88.986,90.205
300.944,137.632,88.986,90.205
299.886,137.279,88.986,90.205
299.533,139.748,88.986,90.205
299.180,137.279,88.986,90.205
298.828,139.748,88.986,90.205
300.591,136.574,88.986,90.205
298.122,139.748,88.986,90.205
299.886,137.279,88.986,90.205
298.122,140.454,88.986,90.205
299.180,137.279,88.986,90.205
297.417,140.454,88.986,90.205
299.886,137.279,88.986,90.205
297.417,141.159,88.986,90.205
299.180,137.985,88.986,90.205
296.711,137.632,88.986,90.205
299.180,136.574,88.986,90.205
296.006,140.454,88.986,90.205
297.769,137.985,88.986,90.205
294.595,143.276,88.986,90.205
292.126,142.923,88.986,90.205
289.656,146.803,88.986,90.205
288.598,145.745,88.986,90.205
286.834,150.330,88.986,90.205
288.598,149.272,88.986,90.205
286.129,154.563,88.986,90.205
285.071,153.505,88.986,90.205
285.424,157.385,88.986,90.205
286.269,153.093,90.955,92.201
283.745,157.059,90.955,92.201
285.357,152.673,92.967,94.241
283.515,153.041,92.967,94.241
285.357,154.884,92.967,94.241
283.515,152.304,92.967,94.241
284.620,155.621,92.967,94.241
283.515,151.567,92.967,94.241
283.146,153.410,92.967,94.241
280.567,150.830,92.967,94.241
278.724,154.147,92.967,94.241
279.830,151.567,92.967,94.241
277.987,150.462,92.967,94.241
276.881,151.567,92.967,94.241
275.776,151.199,92.967,94.241
274.670,152.304,92.967,94.241
275.776,150.462,92.967,94.241
273.196,149.356,92.967,94.241
272.091,151.936,92.967,94.241
272.459,150.093,92.967,94.241
272.091,153.410,92.967,94.241
271.722,152.304,92.967,94.241
273.565,155.621,92.967,94.241
273.933,152.304,92.967,94.241
275.776,154.884,92.967,94.241
275.407,153.778,92.967,94.241
276.513,151.936,92.967,94.241
278.356,152.304,92.967,94.241
278.724,151.936,92.967,94.241
279.830,150.093,92.967,94.241
279.461,150.462,92.967,94.241
279.093,150.093,92.967,94.241
278.724,152.673,92.967,94.241
281.304,149.356,92.967,94.241
280.198,151.199,92.967,94.241
279.830,150.093,92.967,94.241
282.409,150.462,92.967,94.241
281.304,146.408,92.967,94.241
283.146,148.988,92.967,94.241
280.567,144.934,92.967,94.241
280.198,146.777,92.967,94.241
277.618,143.460,92.967,94.241
276.513,141.617,92.967,94.241
274.670,140.512,92.967,94.241
272.091,137.932,92.967,94.241
270.985,137.564,92.967,94.241
275.039,138.669,92.967,94.241
273.196,137.564,92.967,94.241
272.091,136.458,92.967,94.241
275.407,138.301,92.967,94.241
272.828,135.721,92.967,94.241
271.722,133.879,92.967,94.241
270.617,133.510,92.967,94.241
268.774,132.404,92.967,94.241
264.437,133.054,90.985,92.231
268.405,135.579,90.985,92.231
261.552,135.218,90.985,92.231
262.416,138.314,92.998,94.272
264.830,136.124,95.055,96.357
266.714,139.515,95.055,96.357
270.858,136.124,95.055,96.357
274.250,138.007,95.055,96.357
279.902,133.109,95.055,96.357
284.046,131.979,95.055,96.357
282.162,130.095,95.055,96.357
287.061,126.704,95.055,96.357
288.191,124.066,95.055,96.357
290.829,121.429,95.055,96.357
291.959,119.545,95.055,96.357
293.089,116.907,95.055,96.357
293.466,114.269,95.055,96.357
295.350,112.385,95.055,96.357
294.973,111.255,95.055,96.357
294.596,112.385,95.055,96.357
297.234,112.009,95.055,96.357
294.596,114.646,95.055,96.357
297.988,112.009,95.055,96.357
295.350,113.893,95.055,96.357
297.988,112.762,95.055,96.357
297.611,113.893,95.055,96.357
300.248,112.762,95.055,96.357
301.379,113.139,95.055,96.357
303.263,115.023,95.055,96.357
302.886,116.153,95.055,96.357
306.277,117.284,95.055,96.357
303.639,119.921,95.055,96.357
307.784,119.545,95.055,96.357
305.147,122.936,95.055,96.357
302.509,125.573,95.055,96.357
302.886,124.443,95.055,96.357
299.495,125.573,95.055,96.357
297.611,125.196,95.055,96.357
295.727,125.573,95.055,96.357
295.350,122.936,95.055,96.357
292.712,124.066,95.055,96.357
296.104,121.429,95.055,96.357
292.712,122.559,95.055,96.357
295.350,121.429,95.055,96.357
291.205,124.066,95.055,96.357
294.596,124.443,95.055,96.357
292.712,124.820,95.055,96.357
296.104,125.950,95.055,96.357
294.220,127.080,95.055,96.357
297.611,127.457,95.055,96.357
296.480,127.834,95.055,96.357
299.118,128.211,95.055,96.357
297.988,128.588,95.055,96.357
299.872,126.704,95.055,96.357
301.002,127.834,95.055,96.357
299.872,127.457,95.055,96.357
300.248,128.588,95.055,96.357
296.857,131.225,95.055,96.357
298.741,132.356,95.055,96.357
297.611,134.993,95.055,96.357
297.234,136.877,95.055,96.357
298.364,137.254,95.055,96.357
298.741,139.138,95.055,96.357
300.625,137.254,95.055,96.357
299.096,141.550,93.028,94.302
300.203,138.969,93.028,94.302
298.359,142.287,93.028,94.302
297.253,143.394,93.028,94.302
296.146,139.337,93.028,94.302
294.303,142.656,93.028,94.302
293.196,138.600,93.028,94.302
292.090,142.656,93.028,94.302
290.984,140.075,93.028,94.302
291.353,144.131,93.028,94.302
290.246,141.550,93.028,94.302
289.140,144.869,93.028,94.302
288.771,145.238,93.028,94.302
289.878,147.081,93.028,94.302
290.984,144.500,93.028,94.302
289.878,147.081,93.028,94.302
290.246,145.975,93.028,94.302
289.878,148.556,93.028,94.302
290.984,145.975,93.028,94.302
289.140,148.556,93.028,94.302
287.296,145.238,93.028,94.302
286.190,144.131,93.028,94.302
285.821,141.550,93.028,94.302
285.453,140.444,93.028,94.302
283.609,140.075,93.028,94.302
282.502,139.706,93.028,94.302
283.609,138.600,93.028,94.302
281.765,137.494,93.028,94.302
282.871,135.650,93.028,94.302
282.502,134.544,93.028,94.302
282.134,134.175,93.028,94.302
281.027,133.068,93.028,94.302
281.396,130.487,93.028,94.302
281.027,128.643,93.028,94.302
279.921,126.062,93.028,94.302
281.765,124.956,93.028,94.302
279.921,123.112,93.028,94.302
281.027,122.006,93.028,94.302
279.184,120.162,93.028,94.302
280.290,122.006,93.028,94.302
278.446,119.424,93.028,94.302
278.077,121.268,93.028,94.302
276.234,120.899,93.028,94.302
277.340,121.268,93.028,94.302
276.234,120.899,93.028,94.302
276.602,119.056,93.028,94.302
277.709,120.162,93.028,94.302
276.602,117.581,93.028,94.302
276.971,117.212,93.028,94.302
276.602,116.106,93.028,94.302
275.496,114.999,93.028,94.302
274.390,113.893,93.028,94.302
274.759,113.524,93.028,94.302
273.652,111.680,93.028,94.302
274.021,112.787,93.028,94.302
272.915,110.943,93.028,94.302
274.759,113.524,93.028,94.302
275.127,112.418,93.028,94.302
273.284,114.999,93.028,94.302
275.865,117.581,93.028,94.302
277.709,118.687,93.028,94.302
275.865,121.268,93.028,94.302
277.709,123.850,93.028,94.302
277.340,124.956,93.028,94.302
277.709,128.275,93.028,94.302
278.815,130.118,93.028,94.302
279.184,131.225,93.028,94.302
278.815,130.118,93.028,94.302
280.659,131.962,93.028,94.302
279.552,129.381,93.028,94.302
281.396,131.962,93.028,94.302
282.744,130.480,91.044,92.291
284.548,133.006,91.044,92.291
282.744,130.480,91.044,92.291
285.992,133.006,91.044,92.291
284.187,134.089,91.044,92.291
286.713,134.450,91.044,92.291
287.074,134.089,91.044,92.291
285.992,135.171,91.044,92.291
286.353,134.810,91.044,92.291
284.548,134.450,91.044,92.291
284.187,133.367,91.044,92.291
281.661,132.284,91.044,92.291
280.578,131.923,91.044,92.291
278.052,129.397,91.044,92.291
275.526,126.149,91.044,92.291
276.391,125.502,93.059,94.333
272.682,121.780,95.118,96.421
270.043,120.649,95.118,96.421
269.666,120.272,95.118,96.421
267.027,118.387,95.118,96.421
266.650,120.272,95.118,96.421
263.256,116.124,95.118,96.421
264.942,117.796,97.222,98.554
259.932,114.327,97.222,98.554
253.381,112.401,97.222,98.554
246.058,109.703,97.222,98.554
238.985,110.612,99.373,100.734
231.501,105.491,99.373,100.734
224.272,102.333,101.572,102.963
217.427,97.099,101.572,102.963
214.215,94.707,103.819,105.241
209.224,91.408,106.116,107.570
210.232,88.036,108.464,109.950
205.502,81.587,108.464,109.950
210.993,80.816,110.864,112.382
207.487,74.558,113.316,114.869
212.292,72.821,115.824,117.410
211.487,69.141,118.386,120.008
215.533,66.352,121.005,122.663
213.135,63.954,121.005,122.663
215.533,60.596,121.005,122.663
213.135,58.198,121.005,122.663
217.452,58.678,121.005,122.663
214.094,60.117,121.005,122.663
214.574,63.474,121.005,122.663
217.714,67.591,123.683,125.377
217.224,72.984,123.683,125.377
220.656,77.397,123.683,125.377
220.165,74.946,123.683,125.377
223.597,74.455,123.683,125.377
221.146,72.004,123.683,125.377
218.694,68.572,123.683,125.377
216.243,63.179,123.683,125.377
221.636,57.786,123.683,125.377
226.049,52.393,123.683,125.377
229.480,47.000,123.683,125.377
233.893,41.607,123.683,125.377
236.344,38.175,123.683,125.377
239.554,33.228,126.419,128.151
244.064,29.720,126.419,128.151
248.574,28.216,126.419,128.151
253.084,25.711,126.419,128.151
257.594,29.219,126.419,128.151
255.089,25.711,126.419,128.151
259.599,31.223,126.419,128.151
259.760,28.246,129.216,130.986
264.176,29.454,132.075,133.884
259.464,26.836,132.075,133.884
265.223,28.407,132.075,133.884
261.046,25.296,134.997,136.847
265.862,24.761,134.997,136.847
261.046,24.226,134.997,136.847
264.792,22.621,134.997,136.847
261.046,22.085,134.997,136.847
265.660,21.127,137.984,139.874
260.737,21.674,137.984,139.874
