0.00731039
0.01279116
0.01248980
0.01174188
0.01155043
0.01138186
0.01148796
0.01142240
0.01145959
0.01138735
0.01142240
0.01122761
0.01142907
0.01123905
0.01148224
0.01122761
0.01141000
0.01127839
0.01152205
0.01126361
0.01155663
0.01134419
0.01146674
0.01131058
0.01141095
0.01137137
0.01148200
0.01130652
0.01150179
0.01136136
0.01151919
0.01137805
0.01218081
0.01178741
0.01143551
0.01143765
0.01145625
0.01137567
0.01158094
0.01143479
0.01156449
0.01159143
0.01165748
0.01164865
0.01162696
0.01166415
0.01175570
0.01172018
0.01174426
0.01160383
0.01162267
0.01168036
0.01163769
0.01161551
0.01169634
0.01166487
0.01154327
0.01172781
0.01172876
0.01161289
0.01170635
0.01158810
0.01155019
0.01130033
0.01153326
0.01132083
0.01150584
0.01138687
0.01208091
0.01144338
0.01155972
0.01133466
0.01154327
0.01152515
0.01165485
0.01168752
0.01170850
0.01168442
0.01160550
0.01176786
0.01154876
0.01160049
0.01160049
0.01143050
0.01152635
0.01162243
0.01156044
0.01152301
0.01169062
0.01182866
0.01151919
0.01161766
0.01149178
0.01165628
0.01163960
0.01177239
0.01165080
0.01180887
0.01155996
0.01172256
0.01173449
0.01180100
0.01186967
0.01230764
0.01226449
0.01185942
0.01176167
0.01187658
0.01182461
0.01205087
0.01197982
0.01207113
0.01196456
0.01186180
0.01187348
0.01198721
0.01187277
0.01187658
0.01182008
0.01178360
0.01177168
0.01182079
0.01180625
0.01181769
0.01173568
0.01172709
0.01176834
0.01158381
0.01163554
0.01159596
0.01170850
0.01162267
0.01165915
0.01171184
0.01167679
0.01173425
0.01167440
0.01164222
0.01229930
0.01213789
0.01175165
0.01164794
0.01161194
0.01167965
0.01176572
0.01179838
0.01174164
0.01168776
0.01168704
0.01177740
0.01174307
0.01172853
0.01173687
0.01172566
0.01169348
0.01176691
0.01167822
0.01164412
0.01165199
0.01164699
0.01154733
0.01161051
0.01152730
0.01153970
0.01149964
0.01173115
0.01149178
0.01155496
0.01168799
0.01152492
0.01168466
0.01171494
0.01168942
0.01221251
0.01209831
0.01172996
0.01158714
0.01164126
0.01159930
0.01173735
0.01172018
0.01159930
0.01163840
0.01166511
0.01162648
0.01156282
0.01149130
0.01145267
0.01150250
0.01130724
0.01157045
0.01132989
0.01156425
0.01129866
0.01149321
0.01127005
0.01153111
0.01137757
0.01158094
0.01126671
0.01150560
0.01129937
0.01150465
0.01136971
0.01147771
0.01135302
0.01149511
0.01113105
0.01122117
0.01191640
0.01181889
0.01109815
0.01135325
0.01121688
0.01138139
0.01112604
0.01146102
0.01128268
0.01132989
0.01123738
0.01136160
0.01129556
0.01136208
0.01122618
0.01133609
0.01131320
0.01141667
0.01128435
0.01135278
0.01127267
0.01136231
0.01117706
0.01162601
0.01125097
0.01154137
0.01121116
0.01139688
0.01118898
0.01141810
0.01119113
0.01149368
0.01120353
0.01142573
0.01113534
0.01147056
0.01236272
0.01157141
0.01118660
0.01129746
0.01092839
0.01113129
0.01111364
0.01120210
0.01099300
0.01113415
0.01108050
0.01116371
0.01106310
0.01118183
0.01102996
0.01114440
0.01107502
0.01120448
0.01117730
0.01133156
0.01125264
0.01127458
0.01124096
0.01130962
0.01125407
0.01137328
0.01131415
0.01131153
0.01117826
0.01138592
0.01116562
0.01139903
0.01114035
0.01136351
0.01112509
0.01137495
0.01183987
0.01181102
0.01123500
0.01136017
0.01107526
0.01136565
0.01111269
0.01142359
0.01098967
0.01119828
0.01104808
0.01117039
0.01101661
0.01110220
0.01102853
0.01120853
0.01096630
0.01110482
0.01093388
0.01110005
0.01091814
0.01092577
0.01090431
0.01088548
0.01084161
0.01100898
0.01083231
0.01095676
0.01094198
0.01094341
0.01099849
0.01097965
0.01094723
0.01102328
0.01091075
0.01096749
0.01092196
0.01183939
0.01121426
0.01108646
0.01093125
0.01106834
0.01094532
0.01129365
0.01109123
0.01124072
0.01105666
0.01138163
0.01130509
0.01143122
0.01115179
0.01134491
0.01096606
0.01129651
0.01122928
0.01142073
0.01112962
0.01129174
0.01106191
0.01128697
0.01103926
0.01132488
0.01105690
0.01134419
0.01113820
0.01133180
0.01125026
0.01129198
0.01119542
0.01137447
0.01135349
0.01137996
0.01125908
0.01201224
0.01174903
0.01152849
0.01155090
0.01139760
0.01156187
0.01175475
0.01172328
0.01164484
0.01159453
0.01166844
0.01156926
0.01147890
0.01141286
0.01141047
0.01137972
0.01136518
0.01155663
0.01166201
0.01156282
0.01152754
0.01127648
0.01138496
0.01146650
0.01127934
0.01122689
0.01132655
0.01102781
0.01112199
0.01093197
0.01108193
0.01091552
0.01099157
0.01086450
0.01100755
0.01105356
0.01189709
0.01134205
0.01106882
0.01100230
0.01111722
0.01102614
0.01117635
0.01098847
0.01121163
0.01111841
0.01116681
0.01105499
0.01116180
0.01096797
0.01101899
0.01095009
0.01112127
0.01091290
0.01108694
0.01088619
0.01101851
0.01098037
0.01108456
0.01088428
0.01102495
0.01088953
0.01118398
0.01089120
0.01101613
0.01084232
0.01124024
0.01099229
0.01116705
0.01090431
0.01117277
0.01089931
0.01104593
0.01170731
0.01151252
0.01101112
0.01107121
0.01096964
0.01110220
0.01112866
0.01118731
0.01099110
0.01121044
0.01098847
0.01119351
0.01106334
0.01121688
0.01094770
0.01101494
0.01097846
0.01102400
0.01091695
0.01105285
0.01091099
0.01110291
0.01093960
0.01107359
0.01100731
0.01108551
0.01100111
0.01114655
0.01087785
0.01113582
0.01094818
0.01107240
0.01102638
0.01111102
0.01106977
0.01114297
0.01110077
0.01147127
0.01100874
0.01138258
0.01107478
0.01128244
0.01104331
0.01133847
0.01104522
0.01138735
0.01124310
0.01130891
0.01121378
0.01134467
0.01128936
0.01142192
0.01127458
0.01137018
0.01124239
0.01136756
0.01126385
0.01133108
0.01114392
0.01131368
0.01120591
0.01142836
0.01109505
0.01141524
0.01103210
0.01131535
0.01103497
0.01135921
0.01112294
0.01140141
0.01100349
0.01138878
0.01119828
0.01224470
0.01171541
0.01142812
0.01113534
0.01136184
0.01099515
0.01142216
0.01112294
0.01134634
0.01100302
0.01146555
0.01102209
0.01140499
0.01115417
0.01131392
0.01111770
0.01131034
0.01108241
0.01116300
0.01103020
0.01119733
0.01088476
0.01121402
0.01102209
0.01112747
0.01094747
0.01100397
0.01090837
0.01112199
0.01096034
0.01116943
0.01085234
0.01105881
0.01101041
0.01106906
0.01107121
0.01110291
0.01112413
0.01120687
0.01093578
0.01111722
0.01096082
0.01098752
0.01097631
0.01103592
0.01103449
0.01102853
0.01089287
0.01112795
0.01091504
0.01119947
0.01100683
0.01108670
0.01102710
0.01116085
0.01109910
0.01140046
0.01096487
0.01139522
0.01112795
0.01142907
0.01119232
0.01140261
0.01128054
0.01138949
0.01126242
0.01139998
0.01130509
0.01131296
0.01120782
0.01134896
0.01127553
0.01135659
0.01205111
0.01183724
0.01131487
0.01133394
0.01123929
0.01136041
0.01110315
0.01139402
0.01125836
0.01135325
0.01104927
0.01141667
0.01104975
0.01135063
0.01106024
0.01132202
0.01110291
0.01130915
0.01118994
0.01136756
0.01116347
0.01136756
0.01121783
0.01138043
0.01134682
0.01137400
0.01120114
0.01133466
0.01115751
0.01124620
0.01107073
0.01129508
0.01097298
0.01112056
0.01091695
0.01117063
0.01165438
0.01154184
0.01097488
0.01115179
0.01093340
0.01109576
0.01099372
0.01111770
0.01102877
0.01111650
0.01100540
0.01114511
0.01102972
0.01111913
0.01094556
0.01102662
0.01095057
0.01109529
0.01095152
0.01107430
0.01093435
0.01120448
0.01095915
0.01100683
0.01091123
0.01107740
0.01097798
0.01116896
0.01094818
0.01109672
0.01094723
0.01111770
0.01101089
0.01109791
0.01106095
0.01102805
0.01093173
0.01207566
0.01136947
0.01121616
0.01111412
0.01106238
0.01085114
0.01111817
0.01096463
0.01099324
0.01087213
0.01106071
0.01096606
0.01098847
0.01085258
0.01097989
0.01087427
0.01095295
0.01091766
0.01088452
0.01081038
0.01083159
0.01083112
0.01091290
0.01088786
0.01084423
0.01090980
0.01087570
0.01080251
0.01104021
0.01087570
0.01092744
0.01088119
0.01110244
0.01088691
0.01103377
0.01079512
0.01093054
0.01174760
0.01144719
0.01092625
0.01106262
0.01107860
0.01125765
0.01131105
0.01132441
0.01118875
0.01135349
0.01124358
0.01139879
0.01121902
0.01141214
0.01116848
0.01115775
0.01101255
0.01120949
0.01104951
0.01122427
0.01107860
0.01098680
0.01105499
0.01114202
0.01093864
0.01112032
0.01088452
0.01116443
0.01090384
0.01101351
0.01097107
0.01109576
0.01100445
0.01114893
0.01100612
0.01119161
0.01109219
0.01145363
0.01108408
0.01115155
0.01104689
0.01114488
0.01107311
0.01108551
0.01094532
0.01113892
0.01103401
0.01110578
0.01098084
0.01111913
0.01091290
0.01114154
0.01092219
0.01103640
0.01102495
0.01109362
0.01101565
0.01110983
0.01093316
0.01103115
0.01096702
0.01122952
0.01098633
0.01142240
0.01117849
0.01133871
0.01120543
0.01130629
0.01126647
0.01132560
0.01121879
0.01131225
0.01129508
0.01176214
0.01149988
0.01136208
0.01127625
0.01133347
0.01118350
0.01141715
0.01137495
0.01142621
0.01111054
0.01145577
0.01121020
0.01138711
0.01119542
0.01131558
0.01108432
0.01134014
0.01114726
0.01136303
0.01127982
0.01137424
0.01121807
0.01144099
0.01123762
0.01153159
0.01131272
0.01143742
0.01123095
0.01132846
0.01124859
0.01140094
0.01140189
0.01145887
0.01160598
0.01146674
0.01151562
0.01188231
0.01179266
0.01174927
0.01156831
0.01154709
0.01149917
0.01152205
0.01151943
0.01165843
0.01151156
0.01147747
0.01143813
0.01155758
0.01151371
0.01153851
0.01130152
0.01146412
0.01124668
0.01149559
0.01121068
0.01155019
0.01149774
0.01153803
0.01126575
0.01153612
0.01150846
0.01152897
0.01159477
0.01150942
0.01131439
0.01157761
0.01135373
0.01154757
0.01137424
0.01152849
0.01137781
0.01176262
0.01127291
0.01159191
0.01129818
0.01146579
0.01134896
0.01154137
0.01125216
0.01152587
0.01130366
0.01148129
0.01151872
0.01152945
0.01147866
0.01158714
0.01148391
0.01176238
0.01159668
0.01155162
0.01127744
0.01152134
0.01140547
0.01164770
0.01150465
0.01156807
0.01138353
0.01141477
0.01132274
0.01148438
0.01135421
0.01144361
0.01128936
0.01179004
0.01135373
0.01146722
0.01212072
0.01191545
0.01166034
0.01151228
0.01157880
0.01157641
0.01163507
0.01162291
0.01155066
0.01157212
0.01138783
0.01157641
0.01155424
0.01159573
0.01153088
0.01171303
0.01162887
0.01166034
0.01164293
0.01151896
0.01178598
0.01162243
0.01171064
0.01155353
0.01141238
0.01141119
0.01149225
0.01139832
0.01150703
0.01142907
0.01142979
0.01139569
0.01143980
0.01144791
0.01153159
0.01152921
0.01169562
0.01151967
0.01149893
0.01140404
0.01149726
0.01148796
0.01146579
0.01131964
0.01142788
0.01140761
0.01144695
0.01137781
0.01142645
0.01140547
0.01143694
0.01136732
0.01153803
0.01146817
0.01149106
0.01138353
0.01160979
0.01139545
0.01146483
0.01154613
0.01144814
0.01146102
0.01166534
0.01159859
0.01156473
0.01155543
0.01147175
0.01152825
0.01177549
0.01178336
0.01140666
0.01234508
0.01203680
0.01156092
0.01168489
0.01158905
0.01170802
0.01174235
0.01166463
0.01167583
0.01164651
0.01170516
0.01169562
0.01166487
0.01172519
0.01154232
0.01183057
0.01157761
0.01165462
0.01165795
0.01159930
0.01163030
0.01171184
0.01158571
0.01169419
0.01169467
0.01163220
0.01162195
0.01157141
0.01161838
0.01162148
0.01153398
0.01155186
0.01153588
0.01163530
0.01172662
0.01232815
0.01208377
0.01174927
0.01168466
0.01169229
0.01173210
0.01172137
0.01166463
0.01155305
0.01161361
0.01159191
0.01160789
0.01139426
0.01176071
0.01168752
0.01146746
0.01158786
0.01147366
0.01151991
0.01161695
0.01154542
0.01162481
0.01154923
0.01149797
0.01156950
0.01182795
0.01160884
0.01173282
0.01166677
0.01174903
0.01157069
0.01171279
0.01160359
0.01173067
0.01158977
0.01214528
0.01216650
0.01163030
0.01170254
0.01164675
0.01164198
0.01169443
0.01172900
0.01176620
0.01173615
0.01166177
0.01172972
0.01163125
0.01155543
0.01158547
0.01168251
0.01164103
0.01168132
0.01166272
0.01162910
0.01162291
0.01174283
0.01165509
0.01169372
0.01165414
0.01169491
0.01174784
0.01160359
0.01170516
0.01154065
0.01151752
0.01144648
0.01149082
0.01145434
0.01149416
0.01157260
0.01176906
0.01154327
0.01154661
0.01151037
0.01154971
0.01149559
0.01155615
0.01151395
0.01156092
0.01153111
0.01154947
0.01157832
0.01143527
0.01156282
0.01169014
0.01153994
0.01195097
0.01148868
0.01165843
0.01147652
0.01141763
0.01145029
0.01145005
0.01151824
0.01147437
0.01150441
0.01145434
0.01151466
0.01143670
0.01153755
0.01144886
0.01149273
0.01145577
0.01154733
0.01147914
0.01237750
0.01206112
0.01167417
0.01168370
0.01159430
0.01163244
0.01167464
0.01165915
0.01173306
0.01170683
0.01173234
0.01167345
0.01169848
0.01159072
0.01172781
0.01169038
0.01174426
0.01198483
0.01182985
0.01179099
0.01176691
0.01184082
0.01181293
0.01181006
0.01200056
0.01186395
0.01185942
0.01182055
0.01180744
0.01188421
0.01184225
0.01179814
0.01175666
0.01166868
0.01164103
0.01251149
0.01211381
0.01162219
0.01155305
0.01155090
0.01159525
0.01156807
0.01157808
0.01147342
0.01171899
0.01169133
0.01172185
0.01181078
0.01165891
0.01166105
0.01128578
0.01161218
0.01137066
