352.000,197.000,56.000,100.000
352.912,193.656,56.000,100.000
354.432,192.136,56.000,100.000
355.952,191.832,56.000,100.000
356.864,192.136,56.000,100.000
356.560,193.048,56.000,100.000
355.648,192.744,56.000,100.000
355.952,192.440,56.000,100.000
356.256,192.136,56.000,100.000
355.344,190.616,56.000,100.000
355.040,187.879,56.000,100.000
354.736,186.967,56.000,100.000
353.824,185.447,56.000,100.000
354.128,184.535,56.000,100.000
354.432,179.975,56.000,100.000
356.560,178.455,56.000,100.000
356.864,175.111,56.000,100.000
359.600,169.942,56.000,100.000
362.337,167.206,56.000,100.000
364.465,168.726,56.000,100.000
367.809,176.935,56.000,100.000
369.937,194.872,56.000,100.000
371.457,220.713,56.000,100.000
371.153,244.123,56.000,100.000
370.241,260.844,56.000,100.000
368.113,263.580,56.000,100.000
365.985,248.683,56.000,100.000
366.289,224.058,56.000,100.000
365.985,201.864,56.000,100.000
363.249,183.319,56.000,100.000
360.512,169.030,56.000,100.000
357.168,160.822,56.000,100.000
355.040,162.342,56.000,100.000
351.088,175.415,56.000,100.000
340.447,192.744,56.000,100.000
325.550,205.208,56.000,100.000
307.005,212.809,56.000,100.000
298.797,209.465,56.000,100.000
304.573,202.472,56.000,100.000
321.902,189.400,56.000,100.000
342.879,164.774,56.000,100.000
346.832,134.676,56.000,100.000
331.935,110.659,56.000,100.000
326.159,111.571,56.000,100.000
331.327,139.237,56.000,100.000
345.616,190.616,56.000,100.000
364.769,246.251,56.000,100.000
378.450,278.781,56.000,100.000
385.442,288.205,56.000,100.000
385.746,272.092,56.000,100.000
372.673,218.889,56.000,100.000
377.841,176.631,56.000,100.000
388.482,156.262,56.000,100.000
391.826,168.726,56.000,100.000
375.105,201.256,56.000,100.000
350.480,243.515,56.000,100.000
336.799,261.452,56.000,100.000
338.927,250.811,56.000,100.000
347.136,217.673,56.000,100.000
352.912,172.983,56.000,100.000
350.784,144.709,56.000,100.000
335.887,139.541,56.000,100.000
320.382,171.462,56.000,100.000
309.742,224.666,56.000,100.000
311.262,262.668,56.000,100.000
313.390,267.836,56.000,100.000
312.478,232.266,56.000,100.000
307.309,171.158,56.000,100.000
305.181,133.764,56.000,100.000
307.917,135.284,56.000,100.000
300.317,169.030,56.000,100.000
295.757,221.625,56.000,100.000
307.613,245.035,56.000,100.000
338.927,241.691,56.000,100.000
350.784,226.186,56.000,100.000
326.159,194.264,56.000,100.000
282.076,159.910,56.000,100.000
286.028,168.118,56.000,100.000
302.749,208.553,56.000,100.000
309.134,242.907,56.000,100.000
320.382,268.748,56.000,100.000
331.631,264.188,56.000,100.000
333.151,228.618,56.000,100.000
317.646,176.023,56.000,100.000
293.629,144.709,56.000,100.000
286.636,155.958,56.000,100.000
274.172,196.392,56.000,100.000
270.219,239.866,56.000,100.000
274.780,251.115,56.000,100.000
287.244,234.394,56.000,100.000
291.197,189.095,56.000,100.000
276.300,127.988,56.000,100.000
267.483,107.011,56.000,100.000
265.355,129.204,56.000,100.000
261.403,183.015,56.000,100.000
265.355,244.123,56.000,100.000
268.091,260.844,56.000,100.000
272.043,247.163,56.000,100.000
267.483,204.904,56.000,100.000
261.707,160.822,56.000,100.000
256.539,146.533,56.000,100.000
243.466,160.214,56.000,100.000
237.081,197.000,56.000,100.000
252.586,229.530,56.000,100.000
294.237,243.211,56.000,100.000
331.023,231.962,56.000,100.000
347.744,214.025,56.000,100.000
345.008,199.128,56.000,100.000
341.663,197.608,56.000,100.000
346.224,202.168,56.000,100.000
358.688,210.985,56.000,100.000
366.289,224.665,56.000,100.000
370.849,232.266,56.000,100.000
365.073,227.706,56.000,100.000
348.352,205.512,56.000,100.000
307.309,178.455,56.000,100.000
254.106,162.950,56.000,100.000
231.913,175.415,56.000,100.000
235.257,192.744,56.000,100.000
252.586,208.249,56.000,100.000
275.996,214.633,56.000,100.000
301.837,213.113,56.000,100.000
325.247,208.553,56.000,100.000
341.359,196.696,56.000,100.000
342.880,186.663,56.000,100.000
332.847,190.615,56.000,100.000
325.247,193.960,56.000,100.000
315.822,193.656,56.000,100.000
316.734,192.744,56.000,100.000
326.159,199.128,56.000,100.000
323.422,202.472,56.000,100.000
301.837,198.520,56.000,100.000
283.900,195.784,56.000,100.000
280.556,186.359,56.000,100.000
286.940,176.935,56.000,100.000
284.744,170.466,57.239,102.213
284.433,160.833,57.239,102.213
290.337,150.579,57.239,102.213
294.998,144.053,57.239,102.213
294.688,143.742,57.239,102.213
301.835,152.754,57.239,102.213
303.388,158.037,57.239,102.213
298.106,153.997,57.239,102.213
310.225,140.013,57.239,102.213
336.638,134.731,57.239,102.213
338.813,138.770,57.239,102.213
337.881,151.511,57.239,102.213
334.463,158.658,57.239,102.213
308.050,156.483,57.239,102.213
251.805,151.200,57.239,102.213
217.312,153.997,57.239,102.213
206.436,164.873,57.239,102.213
218.555,169.534,57.239,102.213
263.613,171.088,57.239,102.213
346.582,163.941,57.239,102.213
393.504,154.929,57.239,102.213
407.488,156.483,57.239,102.213
417.121,167.359,57.239,102.213
412.460,170.777,57.239,102.213
379.831,175.438,57.239,102.213
316.750,172.642,57.239,102.213
276.043,178.546,57.239,102.213
270.760,186.936,57.239,102.213
256.777,192.218,57.239,102.213
255.223,188.179,57.239,102.213
281.015,171.709,57.239,102.213
316.129,165.184,57.239,102.213
358.079,159.901,57.239,102.213
400.030,162.698,57.239,102.213
433.279,167.359,57.239,102.213
447.263,176.371,57.239,102.213
439.494,172.952,57.239,102.213
417.431,170.777,57.239,102.213
419.607,172.952,57.239,102.213
440.427,172.020,57.239,102.213
460.003,171.088,57.239,102.213
482.688,167.670,57.239,102.213
509.722,169.845,57.239,102.213
524.949,173.263,57.239,102.213
525.260,177.924,57.239,102.213
523.706,185.693,57.239,102.213
515.316,187.868,57.239,102.213
490.146,184.450,57.239,102.213
464.354,182.896,57.239,102.213
449.749,185.071,57.239,102.213
449.438,186.625,57.239,102.213
470.258,183.828,57.239,102.213
495.428,184.761,57.239,102.213
483.309,182.585,57.239,102.213
438.873,186.625,57.239,102.213
397.544,189.422,57.239,102.213
381.758,189.258,58.505,104.474
375.723,187.670,58.505,104.474
365.877,189.893,58.505,104.474
355.396,197.199,58.505,104.474
358.889,201.963,58.505,104.474
377.629,198.469,58.505,104.474
401.450,192.434,58.505,104.474
400.497,183.223,58.505,104.474
376.041,175.283,58.505,104.474
352.219,173.695,58.505,104.474
335.386,174.648,58.505,104.474
321.093,176.236,58.505,104.474
309.341,183.541,58.505,104.474
307.117,188.941,58.505,104.474
316.328,192.434,58.505,104.474
328.716,189.576,58.505,104.474
334.750,182.906,58.505,104.474
328.080,178.777,58.505,104.474
315.058,179.094,58.505,104.474
298.224,178.142,58.505,104.474
275.038,176.553,58.505,104.474
259.474,171.789,58.505,104.474
254.710,174.648,58.505,104.474
260.745,179.412,58.505,104.474
275.673,180.365,58.505,104.474
302.035,176.871,58.505,104.474
330.304,173.377,58.505,104.474
336.338,174.330,58.505,104.474
324.586,175.918,58.505,104.474
303.306,182.588,58.505,104.474
284.566,183.541,58.505,104.474
258.839,179.412,58.505,104.474
241.370,176.553,58.505,104.474
237.876,174.330,58.505,104.474
234.383,158.767,58.505,104.474
219.454,132.404,58.505,104.474
231.206,117.476,58.505,104.474
255.663,144.474,58.505,104.474
268.685,191.164,58.505,104.474
285.519,243.571,58.505,104.474
297.271,270.569,58.505,104.474
295.048,268.345,58.505,104.474
290.919,238.807,58.505,104.474
303.306,192.117,58.505,104.474
315.693,165.119,58.505,104.474
329.351,160.990,58.505,104.474
342.373,188.623,58.505,104.474
339.515,239.124,58.505,104.474
345.549,291.532,58.505,104.474
360.477,322.341,58.505,104.474
364.606,325.199,58.505,104.474
357.301,299.472,58.505,104.474
348.090,252.147,58.505,104.474
345.867,207.363,58.505,104.474
327.127,181.000,58.505,104.474
314.105,194.658,58.505,104.474
326.492,234.995,58.505,104.474
341.420,281.050,58.505,104.474
353.807,308.048,58.505,104.474
353.490,310.906,58.505,104.474
340.467,287.085,58.505,104.474
322.998,241.665,58.505,104.474
302.988,193.705,58.505,104.474
302.035,158.449,58.505,104.474
315.058,164.484,58.505,104.474
314.740,206.727,58.505,104.474
316.328,264.216,58.505,104.474
323.634,303.919,58.505,104.474
322.045,315.035,58.505,104.474
309.023,298.202,58.505,104.474
293.460,241.983,58.505,104.474
295.683,187.035,58.505,104.474
315.693,158.767,58.505,104.474
325.539,173.695,58.505,104.474
320.140,219.114,58.505,104.474
316.646,273.427,58.505,104.474
309.976,306.142,58.505,104.474
302.671,303.919,58.505,104.474
298.542,268.663,58.505,104.474
305.212,220.067,58.505,104.474
325.222,189.893,58.505,104.474
340.150,213.080,58.505,104.474
343.008,261.675,58.505,104.474
337.609,317.259,58.505,104.474
332.844,335.363,58.505,104.474
326.810,312.177,58.505,104.474
315.058,264.216,58.505,104.474
297.589,192.752,58.505,104.474
298.542,163.849,58.505,104.474
309.658,183.223,58.505,104.474
316.964,236.901,58.505,104.474
328.715,291.214,58.505,104.474
332.209,318.212,58.505,104.474
326.810,313.447,58.505,104.474
313.152,275.015,58.505,104.474
307.117,207.998,58.505,104.474
309.976,157.496,58.505,104.474
305.212,135.580,58.505,104.474
301.083,148.603,58.505,104.474
295.683,190.211,58.505,104.474
309.976,257.864,58.505,104.474
328.715,293.120,58.505,104.474
333.480,302.331,58.505,104.474
324.904,279.780,58.505,104.474
310.611,236.901,58.505,104.474
294.413,175.601,58.505,104.474
296.001,139.074,58.505,104.474
307.753,141.933,58.505,104.474
301.718,174.648,58.505,104.474
293.777,238.489,58.505,104.474
299.177,287.720,58.505,104.474
308.388,307.095,58.505,104.474
315.693,295.978,58.505,104.474
321.728,259.452,58.505,104.474
325.222,212.127,58.505,104.474
316.646,166.072,58.505,104.474
308.070,150.509,58.505,104.474
307.753,164.801,58.505,104.474
302.988,206.410,58.505,104.474
308.388,256.911,58.505,104.474
314.423,285.179,58.505,104.474
319.187,285.497,58.505,104.474
327.127,254.052,58.505,104.474
333.162,207.362,58.505,104.474
328.398,168.931,58.505,104.474
316.646,146.380,58.505,104.474
318.234,150.509,58.505,104.474
317.281,178.141,58.505,104.474
312.517,221.655,58.505,104.474
317.916,263.899,58.505,104.474
325.857,287.720,58.505,104.474
329.986,285.497,58.505,104.474
330.939,259.134,58.505,104.474
329.351,214.350,58.505,104.474
325.857,168.931,58.505,104.474
320.457,140.027,58.505,104.474
316.964,139.710,58.505,104.474
315.375,154.002,58.505,104.474
313.152,188.623,58.505,104.474
327.445,243.571,58.505,104.474
323.316,272.474,58.505,104.474
313.470,281.685,58.505,104.474
311.246,259.770,58.505,104.474
317.281,216.891,58.505,104.474
320.140,181.635,58.505,104.474
315.375,154.002,58.505,104.474
310.611,149.873,58.505,104.474
307.753,167.978,58.505,104.474
294.730,201.963,58.505,104.474
286.155,234.678,58.505,104.474
281.390,259.770,58.505,104.474
277.261,273.427,58.505,104.474
289.648,268.028,58.505,104.474
321.728,252.464,58.505,104.474
352.537,236.901,58.505,104.474
385.887,235.313,58.505,104.474
411.614,241.348,58.505,104.474
436.706,249.288,58.505,104.474
445.282,256.593,58.505,104.474
432.259,253.100,58.505,104.474
396.368,254.052,58.505,104.474
343.326,249.923,58.505,104.474
309.976,247.700,58.505,104.474
296.318,250.559,58.505,104.474
297.906,245.159,58.505,104.474
315.375,234.678,58.505,104.474
356.984,220.385,58.505,104.474
378.899,210.539,58.505,104.474
382.393,202.598,58.505,104.474
383.346,197.834,58.505,104.474
384.934,191.799,58.505,104.474
373.817,190.846,58.505,104.474
339.832,203.233,58.505,104.474
296.954,218.162,58.505,104.474
267.415,231.184,58.505,104.474
261.380,239.124,58.505,104.474
283.931,235.631,58.505,104.474
327.445,223.879,58.505,104.474
375.405,198.787,58.505,104.474
409.391,178.142,58.505,104.474
422.413,167.025,58.505,104.474
424.001,158.449,58.505,104.474
408.438,146.062,58.505,104.474
366.195,141.933,58.505,104.474
330.939,148.603,58.505,104.474
286.790,165.437,58.505,104.474
241.370,184.176,58.505,104.474
195.315,198.469,58.505,104.474
159.424,203.233,58.505,104.474
153.390,202.281,58.505,104.474
186.740,198.152,58.505,104.474
270.909,187.670,58.505,104.474
325.222,158.767,58.505,104.474
354.760,143.839,58.505,104.474
367.147,142.251,58.505,104.474
384.616,155.908,58.505,104.474
392.557,161.308,58.505,104.474
385.887,150.191,58.505,104.474
349.996,135.263,58.505,104.474
294.413,122.876,58.505,104.474
238.194,115.571,58.505,104.474
202.303,113.347,58.505,104.474
168.318,114.935,58.505,104.474
155.931,115.253,58.505,104.474
171.494,102.866,58.505,104.474
205.479,91.749,58.505,104.474
236.288,86.985,58.505,104.474
258.839,92.384,58.505,104.474
270.591,101.595,58.505,104.474
263.921,105.089,58.505,104.474
241.370,109.853,58.505,104.474
225.172,117.794,58.505,104.474
229.301,125.734,58.505,104.474
245.499,133.675,58.505,104.474
268.050,139.074,58.505,104.474
293.777,131.769,58.505,104.474
321.410,120.652,58.505,104.474
333.162,119.064,58.505,104.474
338.562,120.652,58.505,104.474
334.433,126.052,58.505,104.474
322.681,131.451,58.505,104.474
299.495,130.499,58.505,104.474
269.956,132.722,58.505,104.474
255.663,140.662,58.505,104.474
254.075,136.533,58.505,104.474
262.651,120.335,58.505,104.474
288.378,86.985,58.505,104.474
332.527,77.139,58.505,104.474
360.160,86.350,58.505,104.474
376.358,99.372,58.505,104.474
386.840,118.111,58.505,104.474
379.535,127.958,58.505,104.474
356.984,132.087,58.505,104.474
330.621,138.757,58.505,104.474
311.882,146.062,58.505,104.474
315.375,140.662,58.505,104.474
326.492,125.734,58.505,104.474
329.986,102.548,58.505,104.474
335.386,95.243,58.505,104.474
356.666,112.077,58.505,104.474
380.487,140.345,58.505,104.474
386.522,166.072,58.505,104.474
365.242,177.189,58.505,104.474
319.822,182.588,58.505,104.474
262.333,174.648,58.505,104.474
233.430,160.990,58.505,104.474
230.571,147.332,58.505,104.474
225.172,131.134,58.505,104.474
215.961,118.747,58.505,104.474
213.737,109.536,58.505,104.474
240.100,118.111,58.505,104.474
286.790,152.097,58.505,104.474
329.033,188.623,58.505,104.474
344.596,213.080,58.505,104.474
338.562,222.926,58.505,104.474
313.470,216.256,58.505,104.474
289.648,193.705,58.505,104.474
293.777,156.543,58.505,104.474
320.775,118.747,58.505,104.474
352.855,87.938,58.505,104.474
378.582,78.091,58.505,104.474
393.510,94.290,58.505,104.474
401.450,129.546,58.505,104.474
406.850,165.437,58.505,104.474
402.086,191.799,58.505,104.474
377.629,199.740,58.505,104.474
332.209,198.151,58.505,104.474
298.224,182.588,58.505,104.474
290.919,156.226,58.505,104.474
293.777,122.241,58.505,104.474
302.353,93.337,58.505,104.474
326.175,84.761,58.505,104.474
352.537,105.407,58.505,104.474
376.994,140.027,58.505,104.474
398.274,177.824,58.505,104.474
391.604,199.104,58.505,104.474
360.160,206.410,58.505,104.474
325.539,190.846,58.505,104.474
288.378,156.226,58.505,104.474
245.499,111.441,58.505,104.474
236.924,74.915,58.505,104.474
259.475,48.553,58.505,104.474
292.825,66.022,58.505,104.474
309.658,97.466,58.505,104.474
334.750,133.357,58.505,104.474
352.219,164.166,58.505,104.474
340.467,179.094,58.505,104.474
315.375,181.953,58.505,104.474
304.894,167.025,58.505,104.474
305.847,140.662,58.505,104.474
308.705,116.206,58.505,104.474
320.457,110.806,58.505,104.474
336.656,124.464,58.505,104.474
342.691,144.474,58.505,104.474
330.939,162.578,58.505,104.474
317.281,176.871,58.505,104.474
312.517,184.811,58.505,104.474
316.011,178.777,58.505,104.474
323.951,156.226,58.505,104.474
334.433,129.863,58.505,104.474
317.599,106.677,58.505,104.474
284.249,113.347,58.505,104.474
279.485,148.603,58.505,104.474
296.318,183.859,58.505,104.474
306.165,199.422,58.505,104.474
310.929,186.400,58.505,104.474
327.127,158.767,58.505,104.474
345.232,129.863,58.505,104.474
341.103,112.394,58.505,104.474
328.080,116.523,58.505,104.474
320.140,147.968,58.505,104.474
325.539,184.494,58.505,104.474
315.058,201.328,58.505,104.474
287.425,204.186,58.505,104.474
276.308,179.730,58.505,104.474
292.507,145.109,58.505,104.474
304.894,128.910,58.505,104.474
298.224,128.593,58.505,104.474
305.529,161.943,58.505,104.474
329.986,201.010,58.505,104.474
329.668,217.209,58.505,104.474
319.187,211.174,58.505,104.474
321.410,181.635,58.505,104.474
324.904,173.695,58.505,104.474
320.140,196.881,58.505,104.474
295.683,238.489,58.505,104.474
285.837,261.675,58.505,104.474
290.601,246.112,58.505,104.474
292.189,197.516,58.505,104.474
298.224,154.002,58.505,104.474
322.681,156.861,58.505,104.474
327.445,188.940,58.505,104.474
320.140,252.782,58.505,104.474
310.293,296.296,58.505,104.474
297.906,294.072,58.505,104.474
291.236,249.923,58.505,104.474
295.365,188.623,58.505,104.474
310.293,164.801,58.505,104.474
324.586,189.258,58.505,104.474
322.363,236.583,58.505,104.474
309.341,279.462,58.505,104.474
296.318,279.144,58.505,104.474
282.661,243.889,58.505,104.474
288.060,187.035,58.505,104.474
316.328,170.201,58.505,104.474
331.892,195.293,58.505,104.474
333.480,247.700,58.505,104.474
325.539,281.685,58.505,104.474
302.988,281.368,58.505,104.474
279.167,245.477,58.505,104.474
275.038,179.730,58.505,104.474
300.765,172.424,58.505,104.474
308.070,205.139,58.505,104.474
300.130,279.144,58.505,104.474
304.259,328.375,58.505,104.474
310.929,326.152,58.505,104.474
319.504,292.167,58.505,104.474
322.363,247.382,58.505,104.474
320.775,224.196,58.505,104.474
314.105,240.395,58.505,104.474
308.070,285.814,58.505,104.474
312.834,318.529,58.505,104.474
316.963,306.777,58.505,104.474
314.105,260.722,58.505,104.474
308.070,214.668,58.505,104.474
296.318,195.928,58.505,104.474
291.554,219.750,58.505,104.474
279.802,261.358,58.505,104.474
268.050,273.110,58.505,104.474
262.015,249.923,58.505,104.474
268.050,194.975,58.505,104.474
293.777,169.248,58.505,104.474
310.611,191.164,58.505,104.474
305.212,235.948,58.505,104.474
283.931,281.368,58.505,104.474
277.261,283.591,58.505,104.474
275.038,229.913,58.505,104.474
281.708,164.166,58.505,104.474
286.472,131.451,58.505,104.474
277.261,126.052,58.505,104.474
269.321,163.213,58.505,104.474
271.544,225.784,58.505,104.474
265.509,251.512,58.505,104.474
256.933,237.219,58.505,104.474
262.333,187.988,58.505,104.474
287.425,152.097,58.505,104.474
296.636,151.779,58.505,104.474
288.060,174.330,58.505,104.474
272.497,205.139,58.505,104.474
257.569,227.055,58.505,104.474
242.005,234.360,58.505,104.474
225.807,231.502,58.505,104.474
228.030,221.655,58.505,104.474
251.216,220.067,58.505,104.474
267.415,228.008,58.505,104.474
270.909,227.055,58.505,104.474
282.025,218.479,58.505,104.474
291.236,204.186,58.505,104.474
296.636,192.434,58.505,104.474
302.671,191.482,58.505,104.474
301.082,195.611,58.505,104.474
293.777,199.740,58.505,104.474
283.296,199.422,58.505,104.474
269.003,197.199,58.505,104.474
263.603,197.516,58.505,104.474
277.261,185.129,58.505,104.474
299.177,171.472,58.505,104.474
312.199,154.638,58.505,104.474
329.668,147.968,58.505,104.474
349.678,154.638,58.505,104.474
345.549,154.955,58.505,104.474
322.998,153.367,58.505,104.474
299.812,155.591,58.505,104.474
293.777,157.814,58.505,104.474
288.378,156.861,58.505,104.474
275.990,152.732,58.505,104.474
273.767,140.980,58.505,104.474
282.343,129.228,58.505,104.474
294.095,125.734,58.505,104.474
300.368,126.226,59.800,106.785
303.939,133.693,59.800,106.785
306.861,137.914,59.800,106.785
313.678,140.186,59.800,106.785
325.041,148.302,59.800,106.785
320.171,151.224,59.800,106.785
306.861,157.392,59.800,106.785
298.744,163.561,59.800,106.785
299.718,167.781,59.800,106.785
307.185,172.651,59.800,106.785
319.197,183.364,59.800,106.785
322.768,194.077,59.800,106.785
319.197,201.544,59.800,106.785
314.977,210.959,59.800,106.785
317.249,217.127,59.800,106.785
318.873,220.049,59.800,106.785
318.548,220.374,59.800,106.785
311.081,222.646,59.800,106.785
306.211,225.568,59.800,106.785
307.835,229.139,59.800,106.785
308.159,232.061,59.800,106.785
