0.00654840
0.01089287
0.01156092
0.01125789
0.01071525
0.01068854
0.01054358
0.01062894
0.01064467
0.01065993
0.01063466
0.01063776
0.01057601
0.01057911
0.01065946
0.01062727
0.01071310
0.01072717
0.01072717
0.01068139
0.01061201
0.01064038
0.01070571
0.01065707
0.01065993
0.01066589
0.01067352
0.01068330
0.01068258
0.01075244
0.01065993
0.01066685
0.01067472
0.01066899
0.01053715
0.01056290
0.01057363
0.01058102
0.01067233
0.01062298
0.01067114
0.01067901
0.01078486
0.01074886
0.01068878
0.01063299
0.01059484
0.01073742
0.01061606
0.01061893
0.01054144
0.01076484
0.01070738
0.01069403
0.01068616
0.01063538
0.01062703
0.01058602
0.01056767
0.01063323
0.01056194
0.01056290
0.01067734
0.01068020
0.01064706
0.01063848
0.01062465
0.01067901
0.01072979
0.01073265
0.01063561
0.01073194
0.01067519
0.01073027
0.01067090
0.01072574
0.01069856
0.01060486
0.01049542
0.01045990
0.01049709
0.01083922
0.01054907
0.01056504
0.01043415
0.01049018
0.01051259
0.01054978
0.01048470
0.01051831
0.01049876
0.01051140
0.01053023
0.01055884
0.01054263
0.01054382
0.01053381
0.01052380
0.01063514
0.01057577
