0.00922751
0.01211858
0.01094389
0.01100731
0.01085043
0.01078463
0.01095581
0.01084328
0.01087523
0.01090884
0.01081681
0.01087165
0.01079965
0.01070142
0.01075482
0.01067352
0.01071215
0.01058364
0.01068997
0.01054192
0.01067257
0.01092505
0.01066923
0.01071262
0.01067948
0.01062822
0.01053143
0.01071334
0.01065588
0.01065683
0.01069164
0.01061249
0.01051927
0.01062417
0.01075220
0.01061249
0.01082826
0.01066065
0.01063323
0.01065850
0.01064301
0.01075292
0.01065111
0.01066351
0.01067424
0.01070046
0.01062131
0.01059675
0.01071072
0.01063085
0.01063657
0.01060367
0.01065445
0.01064897
0.01069379
0.01067829
0.01052999
0.01068997
0.01060033
0.01057029
0.01063228
0.01066589
0.01066995
0.01066804
0.01064253
0.01057196
0.01066732
0.01060605
0.01072574
0.01063848
0.01057506
0.01058364
0.01061106
0.01064634
0.01064944
0.01074553
0.01062179
0.01063752
0.01067734
0.01062942
0.01065421
0.01061869
0.01064444
0.01057291
0.01064253
0.01065254
0.01068163
0.01070070
0.01061869
0.01059294
0.01063609
0.01065755
0.01058388
0.01064730
0.01063275
0.01058078
0.01068974
0.01068997
0.01057220
0.01061368
0.01058221
0.01053262
0.01060748
0.01074791
0.01048255
0.01054215
0.01061916
0.01050639
0.01077914
0.01119351
0.01066375
0.01065445
0.01062465
0.01062894
0.01066160
0.01068258
0.01060224
0.01073170
0.01062131
0.01063418
0.01069927
0.01050282
0.01064229
0.01061249
0.01063299
0.01061893
0.01067448
0.01059484
0.01063251
0.01070070
0.01062965
0.01059484
0.01063347
0.01060796
0.01058507
0.01060653
0.01067686
0.01055574
0.01075006
0.01059484
0.01064992
0.01064491
0.01068616
0.01066017
0.01060963
0.01065421
0.01049924
0.01062250
0.01072574
0.01058793
0.01065874
0.01058888
0.01062441
0.01060390
0.01061845
0.01056123
0.01055789
0.01060677
0.01054835
0.01081300
0.01062608
0.01054549
0.01063037
0.01057529
0.01059318
0.01065302
0.01064491
0.01052427
0.01057625
0.01062489
0.01056051
0.01060843
0.01054811
0.01060319
0.01063490
0.01056170
0.01065898
0.01063800
0.01058173
0.01048303
0.01064944
0.01065803
0.01061153
0.01061177
0.01059127
0.01062441
0.01056814
0.01060963
0.01065779
0.01057434
0.01096821
0.01045489
0.01062727
0.01057410
0.01047182
0.01063204
0.01060963
0.01061392
0.01062179
0.01056194
0.01061583
0.01056933
0.01064396
0.01049709
0.01065469
0.01052809
0.01053810
0.01058793
0.01054835
0.01063991
0.01058316
0.01047683
0.01053548
0.01050234
0.01059556
0.01056457
0.01040840
0.01063728
0.01047802
0.01062989
0.01060939
0.01048708
0.01059556
0.01048970
0.01051879
0.01062346
0.01058674
0.01053238
0.01051521
0.01056242
0.01052761
0.01058030
0.01057172
0.01046419
0.01061201
0.01051712
0.01051211
0.01065469
0.01046467
0.01048064
0.01060820
0.01053405
0.01051569
0.01053715
0.01056600
0.01052356
0.01052666
0.01062036
0.01050997
0.01058388
0.01051807
0.01055884
0.01062751
0.01059151
0.01053977
0.01061082
0.01058412
0.01051307
0.01059294
0.01058555
0.01052094
0.01047277
0.01049352
0.01046205
0.01072526
0.01039743
0.01042795
0.01058173
0.01049471
0.01055884
0.01056147
0.01055741
0.01050782
0.01054001
0.01060700
0.01049471
0.01054931
0.01051617
0.01054525
0.01059818
0.01060486
0.01047492
0.01063275
0.01055837
0.01051307
0.01061702
0.01054072
0.01050591
0.01053715
0.01051474
0.01051998
0.01052570
0.01049805
0.01042676
0.01056647
0.01043463
0.01047373
0.01058483
0.01051211
0.01050830
0.01059747
0.01056886
0.01057029
0.01048613
0.01052308
0.01043344
0.01054120
0.01059675
0.01046920
0.01048255
0.01044798
0.01038647
0.01058793
0.01059079
0.01049232
0.01051712
0.01051164
0.01052475
0.01058507
0.01049733
0.01048040
0.01057053
0.01055646
0.01058960
0.01059937
0.01055837
0.01047969
0.01066041
0.01056695
0.01052785
0.01057029
0.01051450
0.01051927
0.01044989
0.01047707
0.01058221
0.01051998
0.01053715
0.01043034
0.01060438
0.01053786
0.01046634
0.01055360
0.01054645
0.01050043
0.01063251
0.01053238
0.01055288
0.01056194
0.01053762
0.01058054
0.01051712
0.01054788
0.01047611
0.01055479
0.01052928
0.01049614
0.01060510
0.01057720
0.01056266
0.01053333
0.01059580
0.01056957
0.01047492
0.01050019
0.01051593
0.01052999
0.01060700
0.01060987
0.01058125
0.01060104
0.01062202
0.01059437
0.01054382
0.01053381
0.01053047
0.01055574
0.01046705
0.01063848
0.01061034
0.01047230
0.01059628
0.01056457
0.01057577
0.01053786
0.01054692
0.01052713
0.01054931
0.01055765
0.01050711
0.01062989
0.01071382
0.01063919
0.01085615
0.01074839
0.01085639
0.01079702
0.01077461
0.01069808
0.01082420
0.01076889
0.01074767
0.01088357
0.01075649
0.01076484
0.01076484
0.01081562
0.01075149
0.01084590
0.01073766
0.01082921
0.01084805
