306.000,5.000,95.000,65.000
310.076,19.738,95.000,65.000
315.407,42.002,95.000,65.000
321.992,67.401,95.000,65.000
328.577,102.835,95.000,65.000
332.027,137.014,95.000,65.000
329.204,153.007,95.000,65.000
324.501,148.303,95.000,65.000
320.424,126.039,95.000,65.000
316.348,101.267,95.000,65.000
306.627,77.122,95.000,65.000
281.228,52.350,95.000,65.000
255.201,40.120,95.000,65.000
236.908,32.569,97.102,66.438
221.203,27.120,97.102,66.438
211.908,24.877,97.102,66.438
205.818,31.608,97.102,66.438
204.215,46.031,97.102,66.438
210.946,65.582,97.102,66.438
219.600,89.620,97.102,66.438
230.818,113.659,97.102,66.438
243.959,137.056,97.102,66.438
253.254,139.299,97.102,66.438
260.625,114.620,97.102,66.438
277.416,81.038,95.031,65.021
289.011,59.660,93.005,63.635
284.973,45.840,91.021,62.278
272.054,25.711,91.021,62.278
250.722,19.401,91.021,62.278
243.211,14.895,91.021,62.278
238.104,12.792,91.021,62.278
239.005,18.500,91.021,62.278
244.113,30.217,91.021,62.278
259.435,52.149,91.021,62.278
277.161,73.481,91.021,62.278
300.295,97.215,91.021,62.278
329.438,128.762,91.021,62.278
353.173,158.505,91.021,62.278
375.706,178.635,91.021,62.278
392.831,183.742,91.021,62.278
414.763,172.025,91.021,62.278
428.884,151.896,91.021,62.278
430.987,133.569,91.021,62.278
409.055,119.448,91.021,62.278
375.706,108.933,91.021,62.278
350.769,105.628,91.021,62.278
337.249,99.919,91.021,62.278
325.532,95.413,91.021,62.278
319.824,92.709,91.021,62.278
315.317,95.413,91.021,62.278
316.819,98.718,91.021,62.278
323.729,111.036,91.021,62.278
336.648,126.959,91.021,62.278
342.357,142.281,91.021,62.278
340.254,149.192,91.021,62.278
351.403,145.074,93.035,63.656
355.395,142.924,93.035,63.656
371.057,127.877,93.035,63.656
384.876,104.231,93.035,63.656
391.325,79.971,93.035,63.656
392.860,54.483,93.035,63.656
377.199,30.837,93.035,63.656
357.238,13.947,93.035,63.656
347.278,4.859,91.051,62.298
346.222,1.757,89.109,60.970
344.163,2.639,89.109,60.970
341.515,4.698,89.109,60.970
341.810,9.698,89.109,60.970
345.045,22.934,89.109,60.970
352.398,37.935,89.109,60.970
366.222,59.995,89.109,60.970
