16.000,88.000,19.000,51.000
17.207,88.671,19.000,51.000
19.220,88.000,19.000,51.000
20.427,88.671,19.000,51.000
22.171,87.732,19.000,51.000
23.110,88.671,19.000,51.000
24.317,87.463,19.000,51.000
25.793,89.207,19.000,51.000
27.268,89.878,19.000,51.000
29.012,89.207,19.000,51.000
30.756,89.610,19.000,51.000
31.964,88.671,19.000,51.000
33.439,88.268,19.000,51.000
35.183,89.476,19.000,51.000
36.927,89.073,19.000,51.000
38.403,89.744,19.000,51.000
40.415,88.805,19.000,51.000
42.427,87.866,19.000,51.000
44.171,88.268,19.000,51.000
45.647,88.939,19.000,51.000
46.586,88.537,19.000,51.000
48.330,88.939,19.000,51.000
50.878,89.878,19.000,51.000
52.622,91.085,19.000,51.000
54.366,92.024,19.000,51.000
56.110,90.549,19.000,51.000
57.586,91.488,19.000,51.000
59.061,92.159,19.000,51.000
61.074,91.220,19.000,51.000
62.817,90.817,19.000,51.000
64.561,89.878,19.000,51.000
65.769,89.207,19.000,51.000
66.976,88.268,19.000,51.000
68.988,90.281,19.000,51.000
70.732,90.951,19.000,51.000
72.476,92.427,19.000,51.000
73.147,93.902,19.000,51.000
71.671,93.500,19.000,51.000
70.196,95.781,19.000,51.000
70.598,98.866,19.000,51.000
71.640,103.730,19.420,52.128
74.982,106.425,19.850,53.282
76.653,105.690,20.289,54.461
87.110,90.076,20.289,54.461
87.826,88.214,20.289,54.461
89.115,88.643,20.289,54.461
90.405,87.068,20.289,54.461
91.980,88.643,20.289,54.461
93.556,88.214,20.289,54.461
94.272,89.503,20.289,54.461
96.994,87.927,20.289,54.461
98.283,89.216,20.289,54.461
99.286,88.214,20.289,54.461
101.721,89.503,20.289,54.461
103.584,87.641,20.289,54.461
105.732,88.930,20.289,54.461
107.595,87.927,20.289,54.461
109.457,87.211,20.289,54.461
111.319,86.208,20.289,54.461
113.468,85.778,20.289,54.461
115.044,86.781,20.289,54.461
116.906,87.497,20.289,54.461
118.195,88.214,20.289,54.461
119.771,88.643,20.289,54.461
121.060,89.360,20.289,54.461
122.636,88.357,20.289,54.461
123.639,89.073,20.289,54.461
124.928,89.789,20.289,54.461
126.217,90.219,20.289,54.461
128.366,91.222,20.289,54.461
130.101,90.560,19.857,53.299
131.363,90.139,19.857,53.299
132.625,91.121,19.857,53.299
134.447,90.420,19.857,53.299
136.550,89.438,19.857,53.299
139.214,88.457,19.857,53.299
140.756,89.719,19.857,53.299
142.298,89.298,19.857,53.299
143.560,91.121,19.857,53.299
145.663,90.980,19.857,53.299
147.766,90.279,19.857,53.299
148.747,91.261,19.857,53.299
150.289,89.158,19.857,53.299
152.392,88.737,19.857,53.299
154.215,87.756,19.857,53.299
155.757,86.494,19.857,53.299
158.140,85.232,19.857,53.299
159.402,86.775,19.857,53.299
161.224,86.634,19.857,53.299
162.486,87.055,19.857,53.299
164.028,86.354,19.857,53.299
166.131,85.653,19.857,53.299
167.954,84.672,19.857,53.299
170.057,84.812,19.857,53.299
171.879,82.989,19.857,53.299
173.702,84.251,19.857,53.299
175.524,84.391,19.857,53.299
176.786,82.849,19.857,53.299
178.048,83.831,19.857,53.299
179.870,82.849,19.857,53.299
181.412,83.831,19.857,53.299
182.955,84.532,19.857,53.299
185.057,85.793,19.857,53.299
186.880,87.055,19.857,53.299
188.703,88.036,19.857,53.299
189.964,88.177,19.857,53.299
191.787,88.317,19.857,53.299
193.329,88.737,19.857,53.299
194.030,87.756,19.857,53.299
196.133,87.335,19.857,53.299
197.955,88.878,19.857,53.299
200.058,87.335,19.857,53.299
201.320,86.354,19.857,53.299
200.619,85.653,19.857,53.299
202.722,85.232,19.857,53.299
204.825,86.494,19.857,53.299
206.367,85.232,19.857,53.299
207.909,86.494,19.857,53.299
209.732,84.672,19.857,53.299
211.274,83.410,19.857,53.299
212.816,82.709,19.857,53.299
215.480,84.251,19.857,53.299
217.442,84.680,20.296,54.478
219.018,84.823,20.296,54.478
221.168,84.680,20.296,54.478
223.030,83.963,20.296,54.478
224.893,82.960,20.296,54.478
226.756,84.250,20.296,54.478
228.768,83.311,19.863,53.317
230.311,84.854,19.863,53.317
231.853,84.714,19.863,53.317
233.957,85.695,19.863,53.317
235.500,86.116,19.863,53.317
237.042,86.817,19.863,53.317
238.865,87.799,19.863,53.317
240.408,88.500,19.863,53.317
241.951,87.238,19.863,53.317
243.493,88.500,19.863,53.317
244.756,86.677,19.863,53.317
246.298,85.135,19.863,53.317
246.999,84.714,19.863,53.317
249.103,83.452,19.863,53.317
250.085,82.189,19.863,53.317
251.627,82.610,19.863,53.317
253.731,81.628,19.863,53.317
255.835,82.610,19.863,53.317
257.938,81.628,19.863,53.317
260.042,83.452,19.863,53.317
262.987,85.275,19.863,53.317
265.371,86.817,19.863,53.317
266.633,86.677,19.863,53.317
268.456,85.976,19.863,53.317
270.279,85.275,19.863,53.317
271.261,84.574,19.863,53.317
272.804,83.592,19.863,53.317
274.627,85.415,19.863,53.317
276.170,85.275,19.863,53.317
277.432,86.817,19.863,53.317
279.255,87.238,19.863,53.317
281.078,87.939,19.863,53.317
283.182,86.397,19.863,53.317
284.724,85.415,19.863,53.317
287.108,86.116,19.863,53.317
288.651,85.415,19.863,53.317
290.474,84.714,19.863,53.317
292.297,85.695,19.863,53.317
293.840,84.433,19.863,53.317
295.663,83.732,19.863,53.317
296.925,83.311,19.863,53.317
299.029,84.574,19.863,53.317
300.852,84.433,19.863,53.317
302.114,85.976,19.863,53.317
303.376,86.677,19.863,53.317
304.919,85.135,19.863,53.317
307.303,86.677,19.863,53.317
