0.00416708
0.01134181
0.01211071
0.01067591
0.01083350
0.01109934
0.01064014
0.01071763
0.01065040
0.01059890
0.01066113
0.01062584
0.01068187
0.01068497
0.01058745
0.01063418
0.01060510
0.01073575
0.01072192
0.01069045
0.01073003
0.01058221
0.01063538
0.01065993
0.01064873
0.01057076
0.01068187
0.01064444
0.01059246
0.01063108
0.01072049
0.01066041
0.01063323
0.01070738
0.01058888
0.01059771
0.01067066
0.01060891
0.01055145
0.01045585
0.01050234
0.01054215
0.01063752
0.01056552
0.01067972
0.01060009
0.01059818
0.01060557
0.01062393
0.01062894
0.01067400
0.01058578
0.01065207
0.01066303
0.01066351
0.01060748
0.01071477
0.01045251
0.01056147
0.01061153
0.01058936
0.01058149
0.01060891
0.01049733
0.01061797
0.01065326
0.01061654
0.01057267
0.01063013
0.01056886
0.01064754
0.01056051
0.01049471
0.01067352
0.01055527
0.01050162
0.01056051
0.01050782
0.01061511
0.01056814
0.01063681
0.01061749
0.01055598
0.01072478
0.01065493
0.01053309
0.01051998
0.01060677
0.01061463
0.01060319
0.01069474
0.01054597
0.01054144
0.01052785
0.01060700
0.01059341
0.01062655
0.01052427
0.01054549
0.01058626
0.01064086
0.01069140
0.01060987
0.01056576
0.01059175
0.01063728
0.01060963
0.01064992
0.01070929
0.01051617
0.01057696
0.01066017
0.01057744
0.01066709
0.01057029
0.01053333
0.01059222
0.01060581
0.01050067
0.01055217
0.01055813
0.01051569
0.01059031
0.01051021
0.01062226
0.01046681
0.01055694
0.01054025
0.01050997
0.01056433
0.01054740
0.01053619
0.01059389
0.01063943
0.01058722
0.01070738
0.01061201
0.01051807
0.01056767
0.01090407
0.01056480
0.01063895
0.01065898
0.01051235
0.01053953
0.01049113
0.01053858
0.01043606
0.01054096
0.01053500
0.01054811
0.01055694
0.01058125
0.01051378
0.01058173
0.01049209
0.01048064
0.01053834
0.01045275
0.01046586
0.01053643
0.01044393
0.01057649
0.01045251
0.01058078
0.01045060
0.01050782
0.01059270
0.01048875
0.01052570
0.01059532
0.01045990
0.01068878
0.01046872
0.01045132
0.01050258
0.01056957
0.01051569
0.01048779
0.01045775
0.01047349
0.01053810
0.01051211
0.01049519
0.01043844
0.01059532
0.01048779
0.01055050
0.01067233
0.01050353
0.01060891
0.01056838
0.01054907
0.01049542
0.01054883
0.01046300
0.01046991
0.01054215
0.01059914
0.01041961
0.01050186
0.01048398
0.01045966
0.01062989
0.01047993
0.01042843
0.01045489
0.01045203
0.01058006
0.01041150
0.01049638
0.01044035
0.01059151
0.01056242
0.01046753
0.01044869
0.01051974
0.01042366
0.01056433
0.01044726
0.01045942
0.01042461
0.01045609
0.01052833
0.01044393
0.01051950
0.01048660
0.01053262
0.01052523
0.01046991
0.01046920
0.01067734
0.01047230
0.01058245
0.01045370
0.01036811
0.01051497
0.01043344
0.01048541
0.01043987
0.01041365
0.01045918
0.01049376
0.01053238
0.01047945
0.01039314
0.01056075
0.01050186
0.01056051
0.01046467
