0.00374007
0.01113200
0.01195407
0.01047230
0.01119685
0.01075387
0.01040053
0.01077461
0.01036406
0.01043677
0.01052999
0.01050711
0.01047468
0.01048017
0.01055551
0.01045442
0.01048517
0.01037645
0.01049829
0.01036286
0.01033139
0.01038909
0.01043749
0.01044106
0.01035476
0.01039553
0.01029205
0.01040030
0.01039886
0.01033163
0.01040101
0.01046205
0.01037335
0.01035285
0.01045847
0.01044989
0.01041579
0.01040339
0.01040864
0.01039362
0.01035166
0.01044846
0.01047015
0.01057839
0.01037812
0.01048088
0.01047540
0.01052809
0.01049232
0.01030660
0.01043797
0.01044059
0.01033807
0.01043034
0.01022744
0.01039433
0.01042485
0.01043677
0.01032829
0.01046681
0.01045799
0.01041365
0.01039839
0.01039672
0.01045871
0.01044011
0.01034188
0.01041889
0.01033568
0.01031446
0.01044631
0.01040173
0.01040173
0.01037955
0.01042819
0.01040888
0.01037812
0.01045609
0.01048207
0.01042461
0.01039577
0.01032829
0.01048470
0.01045084
0.01045966
0.01037216
0.01033759
0.01028585
0.01051307
0.01044321
0.01035166
0.01042700
0.01040339
0.01044583
0.01038432
0.01042032
0.01040626
0.01043534
0.01037335
0.01048374
0.01053333
0.01031971
0.01037693
0.01043367
0.01039863
0.01040983
0.01042843
0.01041174
0.01041818
0.01037693
0.01041508
0.01051497
0.01032901
0.01042485
0.01045442
0.01054335
0.01122689
0.01055050
0.01051354
0.01040888
0.01047921
0.01044369
0.01048899
0.01043773
0.01037955
0.01047778
0.01050997
0.01048350
0.01048207
0.01040769
0.01048732
0.01057220
0.01047564
0.01034760
