246.000,226.000,94.000,114.000
243.137,233.771,94.000,114.000
245.182,236.633,94.000,114.000
245.591,239.496,94.000,114.000
247.636,240.723,94.000,114.000
249.681,242.768,94.000,114.000
252.544,244.813,94.000,114.000
252.953,243.586,94.000,114.000
253.362,243.995,94.000,114.000
252.953,245.222,94.000,114.000
254.180,243.177,94.000,114.000
256.224,242.768,94.000,114.000
259.087,242.359,94.000,114.000
261.950,240.314,94.000,114.000
266.449,238.269,94.000,114.000
269.312,237.860,94.000,114.000
268.903,238.269,94.000,114.000
270.130,233.771,94.000,114.000
275.446,230.090,94.000,114.000
282.399,232.135,94.000,114.000
276.264,230.090,94.000,114.000
270.130,223.955,94.000,114.000
272.992,216.185,94.000,114.000
279.945,208.414,94.000,114.000
291.805,202.279,94.000,114.000
311.845,200.235,94.000,114.000
322.069,203.097,94.000,114.000
318.389,207.596,94.000,114.000
310.618,212.095,94.000,114.000
297.940,216.594,94.000,114.000
279.536,221.092,94.000,114.000
260.314,217.411,94.000,114.000
257.451,212.095,94.000,114.000
271.765,206.778,94.000,114.000
290.169,203.097,94.000,114.000
311.027,201.870,94.000,114.000
330.249,206.369,94.000,114.000
337.202,213.322,94.000,114.000
326.159,223.546,94.000,114.000
299.576,235.406,94.000,114.000
269.721,240.723,94.000,114.000
247.227,232.135,94.000,114.000
239.456,217.820,94.000,114.000
257.042,208.414,94.000,114.000
278.718,201.461,94.000,114.000
297.940,200.234,94.000,114.000
319.616,205.551,94.000,114.000
327.386,211.686,94.000,114.000
308.982,220.274,94.000,114.000
290.578,221.501,94.000,114.000
276.264,215.367,94.000,114.000
275.037,206.778,94.000,114.000
290.169,202.279,94.000,114.000
312.663,203.506,94.000,114.000
328.613,208.823,94.000,114.000
332.294,212.504,94.000,114.000
313.890,212.913,94.000,114.000
279.945,211.686,94.000,114.000
242.728,207.187,94.000,114.000
217.781,197.781,94.000,114.000
218.190,187.556,94.000,114.000
238.229,172.424,94.000,114.000
259.087,164.654,94.000,114.000
273.401,171.606,94.000,114.000
290.169,190.828,94.000,114.000
290.578,214.958,94.000,114.000
278.718,237.451,94.000,114.000
268.494,241.950,94.000,114.000
261.541,227.636,94.000,114.000
258.678,207.596,94.000,114.000
264.813,201.461,94.000,114.000
276.673,208.414,94.000,114.000
281.990,230.908,94.000,114.000
270.130,260.763,94.000,114.000
259.087,272.623,94.000,114.000
246.409,261.581,94.000,114.000
238.638,226.818,94.000,114.000
248.045,183.875,94.000,114.000
259.905,166.289,94.000,114.000
280.763,179.786,94.000,114.000
297.531,211.277,94.000,114.000
289.760,249.311,94.000,114.000
271.356,275.895,94.000,114.000
243.137,279.576,94.000,114.000
223.003,255.826,96.080,116.522
223.421,217.786,96.080,116.522
238.052,200.647,96.080,116.522
262.716,216.114,96.080,116.522
291.559,245.793,96.080,116.522
300.338,275.473,96.080,116.522
284.871,293.448,96.080,116.522
256.863,289.686,96.080,116.522
235.544,267.531,96.080,116.522
234.290,234.507,96.080,116.522
263.134,222.384,96.080,116.522
296.157,229.490,96.080,116.522
325.001,243.285,96.080,116.522
343.812,253.736,96.080,116.522
336.706,260.842,96.080,116.522
305.354,258.752,96.080,116.522
263.134,258.334,96.080,116.522
225.093,250.392,96.080,116.522
182.037,241.613,96.080,116.522
166.570,233.671,96.080,116.522
188.725,217.368,96.080,116.522
226.765,198.557,96.080,116.522
256.445,186.434,96.080,116.522
291.977,173.475,96.080,116.522
301.592,163.861,96.080,116.522
285.289,158.426,96.080,116.522
267.314,158.844,96.080,116.522
251.847,155.082,96.080,116.522
257.281,152.156,96.080,116.522
276.928,158.426,96.080,116.522
309.952,173.057,96.080,116.522
332.108,189.360,96.080,116.522
341.722,194.795,96.080,116.522
325.419,193.540,96.080,116.522
284.035,190.614,96.080,116.522
232.618,185.180,96.080,116.522
184.282,174.783,98.206,119.100
168.473,173.501,98.206,119.100
189.409,179.056,98.206,119.100
235.127,185.465,98.206,119.100
274.863,197.001,98.206,119.100
313.745,203.411,98.206,119.100
342.373,203.838,98.206,119.100
327.418,200.847,98.206,119.100
297.082,193.583,98.206,119.100
259.909,176.065,98.206,119.100
225.300,153.420,98.206,119.100
228.291,135.047,98.206,119.100
248.372,131.201,98.206,119.100
264.182,152.138,98.206,119.100
280.845,183.329,98.206,119.100
290.672,212.811,98.206,119.100
272.300,237.165,98.206,119.100
253.073,242.720,98.206,119.100
232.991,234.601,98.206,119.100
227.436,211.101,98.206,119.100
244.954,185.038,98.206,119.100
266.745,176.920,98.206,119.100
280.845,191.020,98.206,119.100
290.673,215.374,98.206,119.100
289.391,253.401,98.206,119.100
283.836,288.011,98.206,119.100
283.409,296.983,98.206,119.100
281.273,281.174,98.206,119.100
287.682,235.456,98.206,119.100
295.800,178.629,98.206,119.100
291.954,143.165,98.206,119.100
288.109,135.901,98.206,119.100
280.845,169.656,98.206,119.100
283.836,236.738,98.206,119.100
301.354,297.838,98.206,119.100
310.327,329.883,98.206,119.100
316.736,314.929,98.206,119.100
318.018,265.792,98.206,119.100
308.191,203.838,98.206,119.100
300.073,160.683,98.206,119.100
297.936,155.983,98.206,119.100
293.236,193.156,98.206,119.100
297.936,256.820,98.206,119.100
315.454,302.538,98.206,119.100
318.445,312.365,98.206,119.100
309.473,288.865,98.206,119.100
306.482,238.874,98.206,119.100
307.763,190.592,98.206,119.100
302.209,170.511,98.206,119.100
295.800,186.320,98.206,119.100
293.663,229.474,98.206,119.100
295.800,281.174,98.206,119.100
289.391,308.947,98.206,119.100
280.418,312.792,98.206,119.100
284.263,292.711,98.206,119.100
277.854,270.920,98.206,119.100
272.300,256.820,98.206,119.100
275.291,254.683,98.206,119.100
256.064,264.511,98.206,119.100
235.127,282.029,98.206,119.100
213.336,297.838,98.206,119.100
196.673,308.520,98.206,119.100
194.536,311.511,98.206,119.100
218.036,305.101,98.206,119.100
248.373,297.838,98.206,119.100
275.291,293.992,98.206,119.100
308.191,287.583,98.206,119.100
326.563,284.592,98.206,119.100
319.300,279.892,98.206,119.100
296.654,271.774,98.206,119.100
260.336,258.529,98.206,119.100
224.018,249.556,98.206,119.100
197.954,245.711,98.206,119.100
186.418,241.011,98.206,119.100
197.100,234.601,98.206,119.100
229.145,228.192,98.206,119.100
266.318,219.220,98.206,119.100
312.036,211.956,98.206,119.100
340.663,206.401,98.206,119.100
353.054,204.265,98.206,119.100
344.936,202.129,98.206,119.100
314.600,198.283,98.206,119.100
276.573,193.583,98.206,119.100
236.836,184.611,98.206,119.100
221.027,168.801,98.206,119.100
240.254,152.138,98.206,119.100
274.863,153.420,98.206,119.100
301.782,160.683,98.206,119.100
331.263,167.092,98.206,119.100
335.963,164.101,98.206,119.100
305.627,161.111,98.206,119.100
271.018,157.265,98.206,119.100
242.391,149.147,98.206,119.100
227.436,147.011,98.206,119.100
244.100,154.274,98.206,119.100
282.127,171.792,98.206,119.100
309.900,191.020,98.206,119.100
330.836,199.992,98.206,119.100
338.954,210.674,98.206,119.100
320.582,221.356,98.206,119.100
291.100,233.747,98.206,119.100
265.036,244.429,98.206,119.100
247.518,238.020,98.206,119.100
243.673,216.229,98.206,119.100
272.300,198.711,98.206,119.100
307.763,199.992,98.206,119.100
338.954,209.820,98.206,119.100
366.727,217.938,98.206,119.100
362.027,215.802,98.206,119.100
320.582,205.120,98.206,119.100
274.009,188.456,98.206,119.100
247.091,172.647,98.206,119.100
242.391,161.111,98.206,119.100
265.891,151.283,98.206,119.100
292.809,160.256,98.206,119.100
316.309,180.338,98.206,119.100
344.082,197.002,98.206,119.100
341.091,206.829,98.206,119.100
309.045,205.547,98.206,119.100
265.036,197.429,98.206,119.100
219.318,177.347,98.206,119.100
175.309,161.538,98.206,119.100
156.082,154.274,98.206,119.100
161.636,146.156,98.206,119.100
188.554,138.038,98.206,119.100
221.454,144.447,98.206,119.100
254.354,163.674,98.206,119.100
289.818,193.156,98.206,119.100
312.463,223.492,98.206,119.100
322.291,246.992,98.206,119.100
296.227,266.220,98.206,119.100
251.363,276.047,98.206,119.100
214.191,270.492,98.206,119.100
184.709,247.847,98.206,119.100
192.827,214.947,98.206,119.100
227.436,189.738,98.206,119.100
256.918,185.892,98.206,119.100
279.326,206.296,100.378,121.735
300.726,228.569,100.378,121.735
303.783,250.842,100.378,121.735
283.257,260.887,100.378,121.735
247.882,253.463,100.378,121.735
214.254,217.215,100.378,121.735
208.577,172.232,100.378,121.735
234.343,146.465,100.378,121.735
269.718,151.269,100.378,121.735
303.346,184.023,100.378,121.735
328.240,218.525,100.378,121.735
338.284,241.671,100.378,121.735
310.771,250.842,100.378,121.735
259.674,246.912,100.378,121.735
205.956,227.259,100.378,121.735
176.696,202.366,100.378,121.735
188.487,172.232,100.378,121.735
229.976,151.706,100.378,121.735
266.225,154.763,100.378,121.735
296.359,168.301,100.378,121.735
317.758,183.587,100.378,121.735
314.701,196.252,100.378,121.735
300.289,208.917,100.378,121.735
277.143,205.860,100.378,121.735
229.540,185.334,100.378,121.735
214.254,165.681,100.378,121.735
242.641,154.763,100.378,121.735
291.991,156.946,100.378,121.735
330.860,172.232,100.378,121.735
360.994,188.391,100.378,121.735
363.178,191.448,100.378,121.735
336.537,183.150,100.378,121.735
303.783,174.852,100.378,121.735
256.180,160.440,100.378,121.735
210.324,156.510,100.378,121.735
201.152,156.946,100.378,121.735
216.438,155.636,100.378,121.735
250.939,157.820,100.378,121.735
289.808,166.991,100.378,121.735
335.664,177.036,100.378,121.735
379.773,182.713,100.378,121.735
397.679,189.264,100.378,121.735
388.508,185.334,100.378,121.735
355.753,177.036,100.378,121.735
302.910,161.750,100.378,121.735
238.711,149.085,100.378,121.735
178.006,142.534,100.378,121.735
130.403,143.845,100.378,121.735
110.715,146.576,102.599,124.429
120.982,152.379,102.599,124.429
158.925,153.718,102.599,124.429
206.689,156.843,102.599,124.429
263.380,160.860,102.599,124.429
318.286,170.234,102.599,124.429
359.800,181.394,102.599,124.429
380.780,188.983,102.599,124.429
374.977,187.644,102.599,124.429
348.640,182.733,102.599,124.429
308.912,173.359,102.599,124.429
268.290,158.628,102.599,124.429
250.881,151.932,102.599,124.429
256.684,154.164,102.599,124.429
284.807,164.431,102.599,124.429
320.964,177.377,102.599,124.429
353.550,190.322,102.599,124.429
375.423,198.803,102.599,124.429
382.119,205.499,102.599,124.429
370.067,218.444,102.599,124.429
358.907,241.210,102.599,124.429
351.319,263.976,102.599,124.429
340.159,268.886,102.599,124.429
331.677,245.228,102.599,124.429
314.268,197.464,102.599,124.429
295.966,146.129,102.599,124.429
299.091,109.972,102.599,124.429
292.862,95.165,104.869,127.182
285.105,112.959,104.869,127.182
280.086,158.129,104.869,127.182
280.542,211.512,104.869,127.182
288.299,253.032,104.869,127.182
291.493,276.302,104.869,127.182
287.386,267.633,104.869,127.182
285.105,231.588,104.869,127.182
291.037,178.205,104.869,127.182
299.706,132.122,104.869,127.182
293.774,114.328,104.869,127.182
284.193,124.822,104.869,127.182
274.611,170.905,104.869,127.182
269.592,225.200,104.869,127.182
267.311,263.070,104.869,127.182
266.854,270.827,104.869,127.182
276.436,234.782,104.869,127.182
292.405,185.049,104.869,127.182
289.211,159.954,104.869,127.182
305.181,150.373,104.869,127.182
311.112,158.129,104.869,127.182
290.580,172.273,104.869,127.182
273.698,180.942,104.869,127.182
265.942,166.798,104.869,127.182
271.873,143.529,104.869,127.182
284.193,143.072,104.869,127.182
298.337,169.992,104.869,127.182
327.994,206.037,104.869,127.182
336.663,230.219,104.869,127.182
320.694,242.538,104.869,127.182
298.337,228.394,104.869,127.182
275.980,179.574,104.869,127.182
259.098,133.491,104.869,127.182
269.592,130.297,104.869,127.182
301.074,168.167,104.869,127.182
327.994,207.862,104.869,127.182
338.488,230.219,104.869,127.182
316.131,227.938,104.869,127.182
282.824,195.543,104.869,127.182
263.204,143.985,104.869,127.182
270.048,118.890,104.869,127.182
292.405,136.685,104.869,127.182
320.238,175.467,104.869,127.182
339.857,203.299,104.869,127.182
331.188,217.444,104.869,127.182
296.056,213.337,104.869,127.182
258.186,195.543,104.869,127.182
232.178,174.098,104.869,127.182
227.159,163.604,104.869,127.182
244.041,164.061,104.869,127.182
268.223,183.680,104.869,127.182
292.405,206.037,104.869,127.182
313.850,222.919,104.869,127.182
314.306,230.675,104.869,127.182
296.512,231.132,104.869,127.182
271.417,219.725,104.869,127.182
259.098,201.018,104.869,127.182
272.330,200.562,104.869,127.182
309.287,210.143,104.869,127.182
329.819,224.288,104.869,127.182
339.401,228.394,104.869,127.182
334.382,220.638,104.869,127.182
307.462,211.056,104.869,127.182
280.542,194.174,104.869,127.182
263.661,181.855,104.869,127.182
273.242,171.361,104.869,127.182
304.725,168.167,104.869,127.182
313.394,177.749,104.869,127.182
322.063,185.505,104.869,127.182
320.694,191.437,104.869,127.182
286.474,188.243,104.869,127.182
250.429,181.399,104.869,127.182
219.859,164.517,104.869,127.182
210.278,155.848,104.869,127.182
233.547,159.954,104.869,127.182
265.942,175.011,104.869,127.182
280.999,195.543,104.869,127.182
304.268,206.037,104.869,127.182
307.462,212.881,104.869,127.182
287.843,210.600,104.869,127.182
266.398,193.718,104.869,127.182
254.992,184.136,104.869,127.182
276.436,186.418,104.869,127.182
311.568,199.649,104.869,127.182
324.800,212.881,104.869,127.182
333.469,218.813,104.869,127.182
322.063,211.056,104.869,127.182
298.793,197.824,104.869,127.182
266.398,182.768,104.869,127.182
251.342,175.924,104.869,127.182
267.311,178.205,104.869,127.182
290.580,189.612,104.869,127.182
304.725,201.018,104.869,127.182
322.519,203.300,104.869,127.182
321.150,195.543,104.869,127.182
300.618,178.661,104.869,127.182
277.349,157.217,104.869,127.182
264.117,135.772,104.869,127.182
260.923,135.316,104.869,127.182
268.680,154.935,104.869,127.182
273.699,178.205,104.869,127.182
277.805,193.262,104.869,127.182
263.661,200.106,104.869,127.182
243.129,195.999,104.869,127.182
227.159,186.418,104.869,127.182
219.403,179.574,104.869,127.182
236.285,186.418,104.869,127.182
272.330,205.125,104.869,127.182
298.337,224.744,104.869,127.182
322.519,231.588,104.869,127.182
330.275,228.394,104.869,127.182
321.606,227.938,104.869,127.182
305.637,222.006,104.869,127.182
297.881,215.162,104.869,127.182
289.212,212.881,104.869,127.182
285.105,220.638,104.869,127.182
289.212,229.307,104.869,127.182
285.105,234.326,104.869,127.182
276.436,229.307,104.869,127.182
260.467,219.725,104.869,127.182
255.448,209.231,104.869,127.182
260.467,211.512,104.869,127.182
280.086,221.094,104.869,127.182
299.706,228.850,104.869,127.182
312.025,225.656,104.869,127.182
310.656,219.725,104.869,127.182
302.899,200.106,104.869,127.182
296.056,176.836,104.869,127.182
301.987,169.992,104.869,127.182
312.481,182.311,104.869,127.182
324.800,203.756,104.869,127.182
333.469,214.250,104.869,127.182
329.363,222.006,104.869,127.182
310.656,215.162,104.869,127.182
291.949,196.456,104.869,127.182
273.242,160.411,104.869,127.182
264.573,139.879,104.869,127.182
268.680,150.373,104.869,127.182
272.786,181.855,104.869,127.182
276.892,204.212,104.869,127.182
267.311,222.919,104.869,127.182
271.417,214.250,104.869,127.182
290.124,206.493,104.869,127.182
313.394,216.075,104.869,127.182
332.100,224.744,104.869,127.182
338.032,219.725,104.869,127.182
315.675,209.231,104.869,127.182
283.280,192.349,104.869,127.182
260.923,175.467,104.869,127.182
255.904,172.273,104.869,127.182
276.436,180.943,104.869,127.182
299.706,198.737,104.869,127.182
311.112,211.969,104.869,127.182
328.907,219.725,104.869,127.182
333.926,217.444,104.869,127.182
327.994,212.425,104.869,127.182
312.937,208.318,104.869,127.182
304.268,209.687,104.869,127.182
302.900,211.056,104.869,127.182
306.093,216.988,104.869,127.182
303.812,223.831,104.869,127.182
