0.00330949
0.01434827
0.01451635
0.01294851
0.01277161
0.01268506
0.01284957
0.01280808
0.01276183
0.01275468
0.01272750
0.01266932
0.01270366
0.01292205
0.01267052
0.01271534
0.01292038
0.01287651
0.01264548
0.01269817
0.01293254
0.01288295
0.01273870
0.01291394
0.01311016
0.01274323
0.01283216
0.01279664
0.01271272
0.01270914
0.01276517
0.01271629
0.01285815
0.01289535
0.01274610
0.01269889
0.01273823
0.01281548
0.01275325
0.01282549
0.01274371
0.01286960
0.01295877
0.01285529
0.01281309
0.01283073
0.01268435
0.01252460
0.01256609
0.01286602
0.01278615
0.01292157
0.01292539
0.01290631
0.01281881
0.01265073
0.01271629
0.01289058
0.01287436
0.01287746
0.01263428
0.01283932
0.01269794
0.01289845
0.01271081
0.01272178
0.01269412
0.01269555
0.01277852
0.01288319
0.01270652
0.01295924
0.01285696
0.01277208
0.01288056
0.01289654
0.01288247
0.01284194
0.01285315
0.01276875
0.01272774
0.01284146
0.01279497
0.01238132
0.01274920
0.01270151
0.01294589
0.01273370
0.01288271
0.01270413
0.01273727
0.01272321
0.01285553
0.01273108
0.01273680
0.01290083
0.01264429
0.01286960
0.01294899
0.01272321
0.01263762
0.01296353
0.01270509
0.01270080
0.01311421
0.01274967
0.01286292
0.01258993
0.01285076
0.01283145
0.01287174
0.01290655
0.01277637
0.01271129
0.01299214
0.01276374
0.01269937
0.01257229
0.01283598
0.01269364
0.01275897
0.01277351
0.01290131
0.01292062
0.01275158
0.01266670
0.01269984
0.01285601
0.01275635
0.01266909
0.01273990
0.01269817
0.01284456
0.01273870
0.01304865
0.01306844
0.01286030
0.01272225
0.01272750
0.01278234
0.01268077
0.01273251
0.01276112
0.01281404
0.01266384
0.01287007
0.01265001
0.01282287
0.01268339
0.01305079
0.01278591
0.01287484
0.01284766
0.01292014
0.01281309
0.01274157
0.01271915
0.01277208
0.01289964
0.01286244
0.01290369
0.01274824
0.01258850
0.01279640
0.01275826
0.01262498
0.01284957
0.01286292
0.01296568
0.01276326
0.01283860
0.01272321
0.01288986
0.01287508
0.01274681
0.01261950
0.01273227
0.01267195
0.01283979
0.01291895
0.01277852
0.01273227
0.01286292
0.02126312
0.01703691
0.01417446
0.01306486
0.01278615
0.01281238
0.01289535
0.01286340
0.01290035
0.01274300
0.01270747
0.01275420
0.01287723
0.01270151
0.01281738
0.01262712
0.01272225
0.01289630
0.01277709
0.01278615
0.01266360
0.01276565
0.01273847
0.01277184
0.01289773
0.01277328
0.01279283
0.01290870
0.01286030
0.01297426
0.01285863
0.01271439
0.01286840
0.01286793
0.01287651
0.01263404
0.01273918
0.01261401
0.01290131
0.01288676
0.01293159
0.01291418
0.01282787
0.01279569
0.01294589
0.01284671
0.01291966
0.01311064
0.01285744
0.01287174
0.01300931
0.01286960
0.01276183
0.01275611
0.01288486
0.01276660
0.01284981
0.01290941
0.01277328
0.01271963
0.01269984
0.01276207
0.01279736
0.01290178
0.01299071
0.01291513
0.01293588
0.01295805
0.01292086
0.01279640
0.01288748
0.01278543
0.01289439
0.01279783
0.01298308
0.01269674
0.01283169
0.01286006
0.01292872
0.01278210
0.01281762
0.01288033
0.01280260
0.01274300
0.01281166
0.01278281
0.01295185
0.01306725
0.01297116
0.01299429
0.01279712
0.01285911
0.01287413
0.01282573
0.01299000
0.01287866
0.01297593
0.01293826
0.01296806
0.01280522
0.01284909
0.01272702
0.01276326
0.01279497
0.01296020
0.01279497
0.01304364
0.01270938
0.01299238
0.01293540
0.01323891
0.01304579
0.01295137
0.01314950
0.01287007
0.01282191
0.01308465
0.01282954
0.01282477
0.01286054
0.01299453
0.01302314
0.01299763
0.01318526
0.01285577
0.01281357
0.01298237
0.01284361
0.01297903
0.01265669
0.01286101
0.01286006
0.01289296
0.01284146
0.01277423
0.01277423
0.01297331
0.01282167
0.01285219
0.01296115
0.01284766
0.01286960
0.01286578
0.01285172
0.01286316
0.01264524
0.01271534
0.01299286
0.01286507
0.01300526
0.01292443
0.01268744
0.01273990
0.01298046
0.01259446
0.01280069
0.01282167
0.01285076
0.01297021
0.01284266
0.01307964
0.01285052
0.01279783
0.01297259
0.01288915
0.01303267
0.01279974
0.01297951
0.01286912
0.01280928
0.01285863
0.01285338
0.01304173
0.01297998
0.01298833
0.01296163
0.01321650
0.01297712
0.01299238
0.01299000
0.01296306
0.01308608
0.01323199
0.01284671
0.01297307
0.01287460
0.01300073
0.01311731
0.01287580
0.01287222
0.01285076
0.01299453
0.01291513
0.01305628
0.01284027
0.01289248
0.01301718
0.01294684
0.01307797
0.01287055
0.01300144
0.01288700
0.01303625
0.01323080
0.01290393
0.01319122
0.01296735
0.01292205
0.01290512
0.01299882
0.01290560
0.01273131
0.01285625
0.01293087
0.01300383
0.01306272
0.01314473
0.01306796
0.01293874
0.01294541
0.01289868
0.01307034
0.01289272
0.01304197
0.01295424
0.01307940
0.01284218
0.01301670
0.01301408
0.01285553
0.01295042
0.01286221
0.01264668
0.01286125
0.01294327
0.01305842
0.01321101
0.01310396
0.01309657
0.01290393
0.01305509
0.01299596
0.01331425
0.01296329
0.01323223
0.01303267
0.01291704
0.01302338
0.01288533
0.01300073
0.01304531
0.01301837
0.01302004
0.01304960
0.01293945
0.01290798
0.01322532
0.01289892
0.01327920
0.01304364
0.01295829
0.01302505
0.01278996
0.01307487
0.01293087
0.01292539
0.01308727
0.01302338
0.01289201
0.01286292
0.01292038
0.01285720
0.01315641
0.01293755
0.01303506
0.01288080
0.01307178
