176.000,75.000,47.000,102.000
173.982,77.594,47.000,102.000
173.694,80.765,47.000,102.000
171.099,82.783,47.000,102.000
169.082,84.801,47.000,102.000
168.793,87.396,47.000,102.000
168.505,90.566,47.000,102.000
165.911,89.125,47.000,102.000
163.893,88.260,47.000,102.000
161.298,85.666,47.000,102.000
155.821,80.189,47.000,102.000
152.650,79.324,47.000,102.000
149.479,79.612,47.000,102.000
146.308,78.171,47.000,102.000
141.984,73.270,47.000,102.000
140.543,68.946,47.000,102.000
137.949,65.199,47.000,102.000
137.084,62.604,47.000,102.000
133.336,59.434,47.000,102.000
133.048,59.722,47.000,102.000
132.183,58.857,47.000,102.000
133.048,60.298,47.000,102.000
132.760,64.622,47.000,102.000
134.778,69.523,47.000,102.000
133.336,74.423,47.000,102.000
135.354,78.171,47.000,102.000
134.489,78.459,47.000,102.000
135.354,74.712,47.000,102.000
135.642,68.658,47.000,102.000
135.354,60.875,47.000,102.000
134.489,52.515,47.000,102.000
134.778,48.768,47.000,102.000
137.372,46.750,47.000,102.000
136.507,43.002,47.000,102.000
139.678,39.831,47.000,102.000
139.390,39.543,47.000,102.000
141.984,39.831,47.000,102.000
142.849,42.426,47.000,102.000
143.714,47.326,47.000,102.000
141.696,52.803,47.000,102.000
141.984,56.551,47.000,102.000
141.120,60.298,47.000,102.000
137.949,72.117,47.000,102.000
139.966,75.288,47.000,102.000
137.372,78.459,47.000,102.000
135.354,78.171,47.000,102.000
133.336,74.423,47.000,102.000
133.625,72.982,47.000,102.000
129.815,69.760,48.040,104.257
128.342,67.108,48.040,104.257
124.511,69.171,48.040,104.257
122.449,71.233,48.040,104.257
121.565,72.707,48.040,104.257
120.681,74.180,48.040,104.257
122.743,73.296,48.040,104.257
123.627,72.412,48.040,104.257
125.100,70.349,48.040,104.257
126.574,68.876,48.040,104.257
130.404,69.171,48.040,104.257
132.467,68.287,48.040,104.257
134.686,68.662,49.103,106.563
136.192,66.554,49.103,106.563
143.721,61.434,49.103,106.563
147.034,55.712,49.103,106.563
150.553,51.721,50.189,108.921
152.708,49.566,50.189,108.921
156.094,46.796,50.189,108.921
156.497,47.188,51.300,111.331
158.070,43.097,51.300,111.331
160.902,43.412,51.300,111.331
163.925,43.160,52.435,113.794
166.819,41.552,52.435,113.794
168.427,42.516,52.435,113.794
170.679,41.552,52.435,113.794
174.216,43.803,52.435,113.794
177.111,45.411,52.435,113.794
176.197,47.822,53.595,116.312
177.183,52.753,53.595,116.312
173.521,56.582,54.780,118.885
174.529,58.934,54.780,118.885
172.877,59.362,55.993,121.516
174.752,52.673,57.231,124.204
171.569,48.750,58.498,126.952
174.798,46.238,58.498,126.952
174.440,45.162,58.498,126.952
175.516,44.085,58.498,126.952
176.592,43.727,58.498,126.952
174.798,43.368,58.498,126.952
175.875,41.574,58.498,126.952
173.363,39.062,58.498,126.952
170.852,36.551,58.498,126.952
174.081,36.910,58.498,126.952
173.004,39.421,58.498,126.952
171.210,36.910,58.498,126.952
168.699,38.704,58.498,126.952
167.594,38.328,57.250,124.245
167.945,40.084,57.250,124.245
166.891,42.542,57.250,124.245
167.945,46.404,57.250,124.245
165.487,48.862,57.250,124.245
167.243,52.022,57.250,124.245
165.487,55.183,57.250,124.245
163.731,57.641,57.250,124.245
161.975,54.480,57.250,124.245
160.922,52.725,57.250,124.245
157.060,50.969,57.250,124.245
150.388,43.595,57.250,124.245
145.121,38.328,57.250,124.245
141.258,35.168,57.250,124.245
139.503,32.710,57.250,124.245
134.938,33.061,57.250,124.245
131.778,34.817,57.250,124.245
134.236,35.870,57.250,124.245
131.076,37.626,57.250,124.245
133.533,45.702,57.250,124.245
134.587,52.374,57.250,124.245
133.533,57.641,57.250,124.245
136.694,58.694,57.250,124.245
135.640,51.320,57.250,124.245
135.991,43.946,57.250,124.245
134.938,36.572,57.250,124.245
136.694,29.199,57.250,124.245
139.152,23.229,57.250,124.245
137.396,19.367,57.250,124.245
139.854,15.504,57.250,124.245
142.312,11.642,57.250,124.245
144.068,8.482,57.250,124.245
142.312,12.344,57.250,124.245
141.961,17.611,57.250,124.245
139.503,22.176,57.250,124.245
139.854,35.168,57.250,124.245
140.907,40.435,57.250,124.245
138.449,45.000,57.250,124.245
139.503,49.564,57.250,124.245
135.640,56.236,57.250,124.245
133.182,60.801,57.250,124.245
134.938,57.641,57.250,124.245
134.587,57.289,57.250,124.245
137.961,52.636,58.517,126.994
139.038,51.560,58.517,126.994
140.114,51.918,58.517,126.994
139.755,51.560,58.517,126.994
141.550,54.790,58.517,126.994
141.191,55.866,58.517,126.994
145.139,58.379,58.517,126.994
147.651,58.020,58.517,126.994
150.881,57.661,58.517,126.994
151.958,56.584,58.517,126.994
153.753,55.508,58.517,126.994
154.829,53.713,58.517,126.994
157.342,50.483,58.517,126.994
156.983,50.842,58.517,126.994
158.942,50.554,59.811,129.804
161.510,47.986,59.811,129.804
167.013,43.217,59.811,129.804
169.581,39.915,59.811,129.804
171.415,38.815,59.811,129.804
173.249,35.513,59.811,129.804
173.729,29.130,61.135,132.676
175.604,31.754,61.135,132.676
173.761,28.341,62.487,135.611
175.853,29.625,63.870,138.611
178.595,24.532,63.870,138.611
179.770,27.274,63.870,138.611
180.283,25.334,65.283,141.678
178.281,27.336,65.283,141.678
180.283,30.940,65.283,141.678
180.683,35.344,65.283,141.678
178.681,41.351,65.283,141.678
175.878,45.755,65.283,141.678
174.741,42.111,66.727,144.813
175.969,40.064,66.727,144.813
175.559,36.381,66.727,144.813
176.787,35.972,66.727,144.813
174.741,33.107,66.727,144.813
175.150,32.698,66.727,144.813
176.378,32.288,66.727,144.813
175.969,33.516,66.727,144.813
172.285,30.651,66.727,144.813
171.057,30.242,66.727,144.813
171.467,33.107,66.727,144.813
170.239,34.335,66.727,144.813
172.285,29.014,66.727,144.813
171.057,30.242,66.727,144.813
172.285,29.833,66.727,144.813
171.876,31.060,66.727,144.813
172.285,29.833,66.727,144.813
173.513,34.335,66.727,144.813
173.922,36.381,66.727,144.813
172.694,40.064,66.727,144.813
173.104,45.385,66.727,144.813
173.513,49.068,66.727,144.813
171.467,50.296,66.727,144.813
169.420,47.431,66.727,144.813
164.100,42.111,66.727,144.813
160.417,38.427,66.727,144.813
156.733,34.744,66.727,144.813
150.594,30.242,66.727,144.813
144.455,25.740,66.727,144.813
140.772,23.694,66.727,144.813
137.089,25.740,66.727,144.813
135.042,27.786,66.727,144.813
133.781,35.248,65.304,141.725
132.580,38.852,65.304,141.725
132.179,44.059,65.304,141.725
134.983,50.067,65.304,141.725
136.185,53.672,65.304,141.725
138.187,47.664,65.304,141.725
136.185,40.054,65.304,141.725
138.988,33.245,65.304,141.725
140.190,24.834,65.304,141.725
142.193,18.826,65.304,141.725
144.195,15.221,65.304,141.725
142.961,12.485,63.912,138.702
146.489,7.389,63.912,138.702
147.665,7.781,63.912,138.702
144.137,10.525,63.912,138.702
147.665,14.053,63.912,138.702
144.137,23.069,63.912,138.702
145.313,31.301,63.912,138.702
142.569,37.181,63.912,138.702
139.825,42.277,63.912,138.702
135.513,48.941,63.912,138.702
134.337,52.469,63.912,138.702
131.593,52.077,63.912,138.702
