129.000,80.000,64.000,78.000
122.579,74.137,64.000,78.000
116.157,70.508,64.000,78.000
109.178,65.761,64.000,78.000
102.198,60.457,64.000,78.000
96.893,55.711,64.000,78.000
94.939,53.198,64.000,78.000
94.102,55.152,64.000,78.000
91.589,59.340,64.000,78.000
90.751,65.203,64.000,78.000
88.239,71.066,64.000,78.000
84.609,74.695,64.000,78.000
79.863,78.883,64.000,78.000
74.558,79.162,64.000,78.000
68.695,76.650,64.000,78.000
63.391,73.579,64.000,78.000
61.437,68.832,64.000,78.000
62.833,65.761,64.000,78.000
65.345,64.365,64.000,78.000
68.975,64.645,64.000,78.000
73.721,67.716,64.000,78.000
76.234,71.345,64.000,78.000
77.629,74.975,64.000,78.000
81.817,75.812,64.000,78.000
86.005,78.325,64.000,78.000
90.193,78.046,64.000,78.000
94.939,74.975,64.000,78.000
100.244,70.787,64.000,78.000
105.548,63.807,64.000,78.000
115.320,56.827,64.000,78.000
121.741,51.523,64.000,78.000
129.838,49.010,64.000,78.000
136.259,52.640,64.000,78.000
139.330,56.269,64.000,78.000
142.401,58.782,64.000,78.000
144.355,60.736,64.000,78.000
146.868,61.574,64.000,78.000
147.147,63.528,64.000,78.000
144.076,61.574,64.000,78.000
146.589,59.061,64.000,78.000
147.426,56.548,64.000,78.000
144.914,55.711,64.000,78.000
146.868,54.873,64.000,78.000
143.553,57.776,65.416,79.726
144.409,56.349,65.416,79.726
142.982,56.634,65.416,79.726
140.186,59.601,66.863,81.490
141.645,58.726,66.863,81.490
140.770,59.601,66.863,81.490
143.978,58.143,66.863,81.490
146.603,53.768,66.863,81.490
149.228,49.976,66.863,81.490
153.020,47.351,66.863,81.490
157.395,45.309,66.863,81.490
160.020,50.851,66.863,81.490
157.162,54.489,68.343,83.293
155.672,60.153,68.343,83.293
155.374,65.221,68.343,83.293
153.287,69.693,68.343,83.293
149.128,63.514,69.855,85.135
146.386,58.943,69.855,85.135
151.566,55.591,69.855,85.135
156.746,52.239,69.855,85.135
161.317,49.496,69.855,85.135
159.184,51.629,69.855,85.135
160.708,54.981,69.855,85.135
156.746,54.677,69.855,85.135
150.957,59.247,69.855,85.135
145.776,58.943,69.855,85.135
139.377,61.076,69.855,85.135
129.321,58.943,69.855,85.135
124.750,53.762,69.855,85.135
122.007,48.582,69.855,85.135
126.578,46.449,69.855,85.135
125.855,48.238,68.365,83.320
126.296,52.863,66.907,81.543
126.588,52.571,66.907,81.543
127.020,57.660,65.480,79.804
126.734,59.089,65.480,79.804
124.404,60.766,64.084,78.102
121.329,60.486,64.084,78.102
118.813,57.411,64.084,78.102
122.447,54.336,64.084,78.102
125.522,51.261,64.084,78.102
128.597,49.304,64.084,78.102
137.823,53.497,64.084,78.102
142.575,58.250,64.084,78.102
147.887,57.970,64.084,78.102
156.553,55.454,64.084,78.102
161.305,54.056,64.084,78.102
164.939,52.099,64.084,78.102
167.455,49.583,64.084,78.102
169.486,50.147,62.717,76.437
168.118,47.137,62.717,76.437
170.580,43.581,62.717,76.437
170.854,41.665,62.717,76.437
168.392,39.750,62.717,76.437
169.760,41.118,62.717,76.437
172.222,44.675,62.717,76.437
169.212,48.779,62.717,76.437
165.656,54.524,62.717,76.437
161.005,59.722,62.717,76.437
155.259,61.090,62.717,76.437
150.061,58.081,62.717,76.437
150.882,55.071,62.717,76.437
154.438,52.062,62.717,76.437
157.995,51.241,62.717,76.437
158.816,53.703,62.717,76.437
155.806,56.713,62.717,76.437
157.721,59.175,62.717,76.437
155.259,59.996,62.717,76.437
157.721,58.081,62.717,76.437
159.637,60.543,62.717,76.437
162.151,63.732,61.380,74.807
163.972,60.404,62.738,76.462
166.436,57.941,62.738,76.462
166.709,54.930,62.738,76.462
169.752,58.120,61.400,74.831
171.018,59.793,62.759,76.487
165.817,61.709,62.759,76.487
161.162,65.816,62.759,76.487
162.623,70.062,61.420,74.856
157.533,73.545,61.420,74.856
152.978,73.277,61.420,74.856
153.781,70.330,61.420,74.856
149.762,66.311,61.420,74.856
146.279,62.828,61.420,74.856
142.260,58.809,61.420,74.856
140.591,56.249,60.110,73.260
139.280,53.365,60.110,73.260
136.395,49.432,60.110,73.260
137.707,48.121,60.110,73.260
134.298,52.578,60.110,73.260
135.609,54.938,60.110,73.260
136.920,58.347,60.110,73.260
134.036,61.756,60.110,73.260
132.200,66.738,60.110,73.260
133.511,69.098,60.110,73.260
130.627,65.689,60.110,73.260
135.084,62.280,60.110,73.260
141.033,59.776,58.828,71.697
147.844,60.788,57.574,70.168
152.114,62.044,57.574,70.168
157.388,62.797,57.574,70.168
160.653,64.053,57.574,70.168
162.477,62.622,56.346,68.672
160.265,65.818,56.346,68.672
161.986,64.589,56.346,68.672
166.718,65.614,57.593,70.191
164.959,63.855,57.593,70.191
166.718,66.619,57.593,70.191
161.442,63.353,57.593,70.191
158.176,61.594,57.593,70.191
159.934,63.855,57.593,70.191
156.668,66.117,57.593,70.191
156.417,69.383,57.593,70.191
153.883,72.311,56.365,68.694
151.178,74.032,56.365,68.694
155.358,76.736,56.365,68.694
158.555,78.949,56.365,68.694
160.768,78.703,56.365,68.694
162.950,82.280,57.612,70.214
165.715,79.516,57.612,70.214
163.453,77.254,57.612,70.214
165.212,75.997,57.612,70.214
164.314,77.567,58.886,71.768
161.488,75.255,58.886,71.768
158.149,77.053,58.886,71.768
154.296,74.228,58.886,71.768
151.470,72.430,58.886,71.768
147.889,72.947,57.631,70.237
141.604,74.204,57.631,70.237
139.068,73.742,56.402,68.739
135.377,74.480,56.402,68.739
137.100,76.202,56.402,68.739
134.393,73.003,56.402,68.739
136.608,75.218,56.402,68.739
138.330,73.495,56.402,68.739
140.052,71.773,56.402,68.739
141.282,69.067,56.402,68.739
141.528,66.852,56.402,68.739
144.235,66.606,56.402,68.739
144.973,67.837,56.402,68.739
142.759,66.606,56.402,68.739
140.052,67.344,56.402,68.739
140.790,67.591,56.402,68.739
142.513,67.837,56.402,68.739
139.314,63.162,56.402,68.739
140.544,61.932,56.402,68.739
138.537,60.056,55.199,67.274
136.573,57.292,54.022,65.839
140.108,55.642,54.022,65.839
143.171,53.521,54.022,65.839
146.706,55.642,54.022,65.839
142.228,52.579,54.022,65.839
140.579,50.458,54.022,65.839
138.458,53.521,54.022,65.839
135.866,54.700,54.022,65.839
133.745,57.292,54.022,65.839
131.624,55.171,54.022,65.839
135.630,58.234,54.022,65.839
134.923,56.114,54.022,65.839
138.458,52.579,54.022,65.839
141.050,48.101,54.022,65.839
143.642,43.624,54.022,65.839
147.649,41.974,54.022,65.839
152.597,45.038,54.022,65.839
155.178,46.021,55.217,67.296
159.273,48.670,55.217,67.296
162.416,46.834,54.039,65.861
161.237,43.769,54.039,65.861
162.416,40.705,54.039,65.861
165.009,38.583,54.039,65.861
168.545,41.176,54.039,65.861
165.952,44.712,54.039,65.861
167.130,49.191,54.039,65.861
163.594,54.142,54.039,65.861
155.344,58.149,54.039,65.861
148.507,62.157,54.039,65.861
143.085,65.693,54.039,65.861
135.306,63.100,54.039,65.861
132.713,62.393,54.039,65.861
129.648,59.800,54.039,65.861
127.998,56.263,54.039,65.861
131.534,54.613,54.039,65.861
134.127,56.735,54.039,65.861
137.192,55.556,54.039,65.861
140.257,59.092,54.039,65.861
143.321,62.157,54.039,65.861
146.386,65.221,54.039,65.861
150.825,69.332,52.887,64.456
153.362,71.408,52.887,64.456
156.362,68.871,52.887,64.456
158.438,64.026,52.887,64.456
159.130,59.642,52.887,64.456
159.822,58.489,52.887,64.456
161.437,58.258,52.887,64.456
163.975,61.257,52.887,64.456
163.283,61.949,52.887,64.456
161.668,59.873,52.887,64.456
160.053,57.335,52.887,64.456
158.899,54.336,52.887,64.456
157.746,50.414,52.887,64.456
157.515,46.030,52.887,64.456
154.054,41.185,52.887,64.456
151.055,42.800,52.887,64.456
147.133,45.800,52.887,64.456
142.288,48.799,52.887,64.456
139.750,49.952,52.887,64.456
140.362,49.957,54.057,65.882
138.712,49.250,54.057,65.882
136.118,49.486,54.057,65.882
133.524,49.722,54.057,65.882
130.930,48.543,54.057,65.882
133.052,46.892,54.057,65.882
135.145,46.897,55.253,67.340
132.976,49.548,55.253,67.340
135.627,53.646,55.253,67.340
136.832,58.225,55.253,67.340
134.663,61.359,55.253,67.340
138.279,65.456,55.253,67.340
135.627,64.733,55.253,67.340
137.797,61.600,55.253,67.340
141.412,54.610,55.253,67.340
145.510,48.584,55.253,67.340
147.679,49.307,55.253,67.340
148.884,52.923,55.253,67.340
147.197,57.020,55.253,67.340
145.510,59.672,55.253,67.340
144.304,62.323,55.253,67.340
145.510,63.528,55.253,67.340
143.340,64.733,55.253,67.340
143.099,62.564,55.253,67.340
145.269,61.841,55.253,67.340
146.956,60.636,55.253,67.340
141.894,59.431,55.253,67.340
138.279,62.082,55.253,67.340
136.777,61.638,54.075,65.904
133.034,62.114,52.922,64.498
126.800,61.883,52.922,64.498
121.952,60.267,52.922,64.498
117.566,59.574,52.922,64.498
113.641,61.190,52.922,64.498
116.181,59.574,52.922,64.498
118.720,57.958,52.922,64.498
119.874,53.572,52.922,64.498
123.337,52.879,52.922,64.498
126.800,56.342,52.922,64.498
128.878,62.114,52.922,64.498
132.803,67.424,52.922,64.498
138.112,67.193,52.922,64.498
145.731,65.577,52.922,64.498
150.968,62.482,51.793,63.123
155.261,59.996,51.793,63.123
159.102,57.059,51.793,63.123
162.039,54.122,51.793,63.123
164.987,52.399,50.689,61.777
166.092,54.390,50.689,61.777
167.640,55.937,50.689,61.777
167.419,57.043,50.689,61.777
166.756,59.475,50.689,61.777
164.766,61.908,50.689,61.777
161.449,63.013,50.689,61.777
160.343,61.023,50.689,61.777
153.424,57.632,49.608,60.459
151.909,55.252,49.608,60.459
151.693,54.170,49.608,60.459
151.477,55.685,49.608,60.459
149.962,58.065,49.608,60.459
151.044,58.282,49.608,60.459
150.827,59.796,49.608,60.459
153.641,59.147,49.608,60.459
156.021,61.528,49.608,60.459
157.103,62.610,49.608,60.459
155.588,63.259,49.608,60.459
157.536,63.043,49.608,60.459
155.155,65.856,49.608,60.459
151.909,69.535,49.608,60.459
150.827,73.214,49.608,60.459
152.342,76.892,49.608,60.459
151.260,79.706,49.608,60.459
148.014,82.086,49.608,60.459
145.634,80.138,49.608,60.459
144.984,77.758,49.608,60.459
147.798,76.243,49.608,60.459
145.417,73.863,49.608,60.459
146.066,71.482,49.608,60.459
149.745,69.967,49.608,60.459
152.559,68.453,49.608,60.459
156.237,69.535,49.608,60.459
159.051,70.617,49.608,60.459
161.431,70.400,49.608,60.459
163.352,72.650,50.705,61.797
165.343,70.217,50.705,61.797
165.564,67.342,50.705,61.797
164.458,64.466,50.705,61.797
161.140,62.033,50.705,61.797
157.822,59.600,50.705,61.797
153.620,58.936,50.705,61.797
148.090,62.254,50.705,61.797
143.445,65.572,50.705,61.797
138.800,68.448,50.705,61.797
135.482,69.553,50.705,61.797
130.394,68.005,50.705,61.797
125.749,70.881,50.705,61.797
125.086,69.332,50.705,61.797
122.210,66.899,50.705,61.797
121.547,63.581,50.705,61.797
124.865,61.148,50.705,61.797
127.740,63.139,50.705,61.797
130.173,66.014,50.705,61.797
133.049,69.332,50.705,61.797
138.136,73.535,50.705,61.797
142.781,77.295,50.705,61.797
148.311,81.055,50.705,61.797
153.755,80.648,49.624,60.479
159.600,78.267,49.624,60.479
168.475,75.453,49.624,60.479
172.588,77.834,49.624,60.479
176.269,81.081,49.624,60.479
178.217,84.761,49.624,60.479
177.567,87.576,49.624,60.479
175.619,89.091,49.624,60.479
171.939,85.844,49.624,60.479
168.259,82.597,49.624,60.479
165.445,80.215,49.624,60.479
163.064,79.999,49.624,60.479
160.249,79.782,49.624,60.479
158.301,78.267,49.624,60.479
159.384,76.752,49.624,60.479
158.035,79.275,48.566,59.189
157.399,81.181,48.566,59.189
154.221,82.664,48.566,59.189
151.467,84.571,48.566,59.189
150.832,83.512,48.566,59.189
151.891,82.452,48.566,59.189
152.103,81.393,48.566,59.189
153.162,79.486,48.566,59.189
154.221,77.156,48.566,59.189
155.281,75.673,48.566,59.189
158.035,77.156,48.566,59.189
162.060,78.639,48.566,59.189
166.085,81.393,48.566,59.189
169.687,84.147,48.566,59.189
171.594,81.817,48.566,59.189
173.924,81.181,48.566,59.189
175.831,82.664,48.566,59.189
177.738,82.029,48.566,59.189
178.373,78.003,48.566,59.189
177.314,75.249,48.566,59.189
179.261,74.451,47.530,57.927
177.969,72.870,46.516,56.692
178.984,63.333,46.516,56.692
177.969,59.478,46.516,56.692
180.607,53.187,46.516,56.692
183.255,50.467,45.524,55.483
182.262,51.460,45.524,55.483
184.470,54.922,44.554,54.300
186.608,57.060,44.554,54.300
186.521,54.829,43.604,53.142
186.631,51.281,44.568,54.318
183.714,49.143,44.568,54.318
180.798,41.560,44.568,54.318
175.549,35.533,44.568,54.318
167.577,27.562,44.568,54.318
164.272,23.868,44.568,54.318
166.411,19.785,44.568,54.318
168.938,14.925,44.568,54.318
170.688,12.397,44.568,54.318
168.161,10.647,44.568,54.318
167.577,7.342,44.568,54.318
163.495,5.204,44.568,54.318
159.412,6.176,44.568,54.318
157.273,7.148,44.568,54.318
152.801,8.898,44.568,54.318
155.329,11.425,44.568,54.318
157.079,14.730,44.568,54.318
160.384,18.813,44.568,54.318
162.522,22.896,44.568,54.318
162.717,25.423,44.568,54.318
164.855,24.840,44.568,54.318
164.161,21.214,45.554,55.519
161.801,17.094,46.562,56.748
158.348,14.048,46.562,56.748
155.094,10.259,47.592,58.003
154.055,7.145,47.592,58.003
150.298,7.149,48.645,59.287
147.115,8.635,48.645,59.287
144.155,9.080,49.722,60.598
141.769,10.598,49.722,60.598
139.644,12.853,50.822,61.939
138.092,13.518,50.822,61.939
133.436,14.627,50.822,61.939
134.988,16.179,50.822,61.939
131.897,13.634,49.738,60.618
129.077,11.681,49.738,60.618
130.595,13.634,49.738,60.618
131.246,16.888,49.738,60.618
129.476,14.398,48.677,59.325
130.538,15.884,48.677,59.325
131.600,17.370,48.677,59.325
133.936,19.282,48.677,59.325
136.271,20.768,48.677,59.325
141.088,17.512,47.639,58.060
143.790,14.810,47.639,58.060
146.076,12.940,47.639,58.060
145.453,13.563,47.639,58.060
146.492,10.446,47.639,58.060
171.222,65.933,47.639,58.060
175.135,73.964,46.623,56.822
174.118,79.048,46.623,56.822
173.508,82.912,46.623,56.822
171.678,85.556,46.623,56.822
170.661,88.607,46.623,56.822
169.237,89.624,46.623,56.822
166.186,89.014,46.623,56.822
161.915,85.963,46.623,56.822
159.678,82.506,46.623,56.822
157.626,79.779,45.629,55.610
155.039,81.969,45.629,55.610
150.859,84.556,45.629,55.610
147.873,86.746,45.629,55.610
146.082,85.352,45.629,55.610
144.688,82.765,45.629,55.610
142.897,83.760,45.629,55.610
141.902,81.570,45.629,55.610
140.906,80.575,45.629,55.610
139.283,82.895,44.656,54.424
137.140,80.752,44.656,54.424
133.828,80.168,44.656,54.424
130.516,78.414,44.656,54.424
