319.000,185.000,67.000,56.000
316.339,184.758,67.000,56.000
314.646,183.065,67.000,56.000
312.796,182.963,65.571,54.806
310.665,182.252,65.571,54.806
309.482,181.542,65.571,54.806
308.298,180.359,65.571,54.806
306.641,178.702,65.571,54.806
304.984,177.044,65.571,54.806
304.274,176.334,65.571,54.806
301.670,175.624,65.571,54.806
300.013,173.967,65.571,54.806
298.356,172.783,65.571,54.806
296.699,171.600,65.571,54.806
295.988,170.416,65.571,54.806
294.805,169.233,65.571,54.806
292.851,166.416,67.022,56.018
291.642,165.206,67.022,56.018
290.916,163.996,67.022,56.018
289.706,162.303,67.022,56.018
287.528,161.577,67.022,56.018
285.835,160.851,67.022,56.018
286.076,159.641,67.022,56.018
282.931,157.947,67.022,56.018
280.753,157.705,67.022,56.018
280.995,155.528,67.022,56.018
278.818,153.350,67.022,56.018
277.124,150.204,67.022,56.018
277.850,148.027,67.022,56.018
278.092,145.365,67.022,56.018
277.850,142.220,67.022,56.018
279.543,139.074,67.022,56.018
277.366,136.412,67.022,56.018
279.543,137.622,67.022,56.018
276.882,133.509,67.022,56.018
274.704,130.363,67.022,56.018
275.430,126.734,67.022,56.018
276.640,124.556,67.022,56.018
277.366,121.895,67.022,56.018
279.060,120.201,67.022,56.018
277.850,117.055,67.022,56.018
279.060,117.781,67.022,56.018
277.850,114.152,67.022,56.018
279.060,112.458,67.022,56.018
278.334,110.764,67.022,56.018
280.027,110.038,67.022,56.018
278.818,107.377,67.022,56.018
280.027,106.651,67.022,56.018
281.237,104.957,67.022,56.018
280.995,103.747,67.022,56.018
279.302,102.054,67.022,56.018
280.511,99.876,67.022,56.018
277.366,99.150,67.022,56.018
279.543,97.940,67.022,56.018
278.334,99.150,67.022,56.018
280.995,97.456,67.022,56.018
281.721,97.214,67.022,56.018
280.027,97.940,67.022,56.018
282.689,98.666,67.022,56.018
282.447,99.392,67.022,56.018
284.625,100.602,67.022,56.018
283.415,99.392,67.022,56.018
286.076,100.118,67.022,56.018
287.286,97.940,67.022,56.018
285.109,99.150,67.022,56.018
286.318,96.489,67.022,56.018
285.593,95.279,67.022,56.018
286.318,94.553,67.022,56.018
287.528,94.795,67.022,56.018
286.802,93.585,67.022,56.018
289.464,92.859,67.022,56.018
290.674,91.649,67.022,56.018
289.464,91.407,67.022,56.018
292.126,90.198,67.022,56.018
293.819,89.472,67.022,56.018
294.545,88.746,67.022,56.018
297.359,87.711,65.593,54.824
298.069,87.474,65.593,54.824
295.464,88.184,65.593,54.824
297.596,86.053,65.593,54.824
296.885,85.816,65.593,54.824
294.754,87.000,65.593,54.824
296.412,85.342,65.593,54.824
298.543,84.632,65.593,54.824
296.412,87.237,65.593,54.824
297.406,87.367,67.044,56.037
300.068,84.705,67.044,56.037
302.247,82.527,67.044,56.037
303.941,83.253,67.044,56.037
306.119,80.106,67.044,56.037
308.298,77.444,67.044,56.037
307.572,80.106,67.044,56.037
305.393,77.928,67.044,56.037
302.731,80.106,67.044,56.037
303.941,77.444,67.044,56.037
302.731,78.170,67.044,56.037
305.393,76.960,67.044,56.037
305.875,76.391,65.614,54.842
306.803,78.574,64.215,53.672
306.107,77.878,64.215,53.672
308.657,75.328,64.215,53.672
306.571,76.487,64.215,53.672
308.657,75.328,64.215,53.672
310.459,75.677,62.846,52.528
309.779,78.626,62.846,52.528
308.644,77.946,62.846,52.528
307.510,77.719,62.846,52.528
307.737,79.307,62.846,52.528
305.695,80.895,62.846,52.528
307.283,81.576,62.846,52.528
308.417,79.988,62.846,52.528
309.098,82.030,62.846,52.528
307.963,83.164,62.846,52.528
306.829,83.845,62.846,52.528
307.963,81.349,62.846,52.528
305.922,83.845,62.846,52.528
306.403,81.616,64.236,53.690
307.099,78.137,64.236,53.690
309.796,80.722,62.866,52.545
310.476,83.672,62.866,52.545
307.191,86.152,64.257,53.707
308.351,84.528,64.257,53.707
309.047,83.368,64.257,53.707
306.031,85.920,64.257,53.707
304.871,87.544,64.257,53.707
306.031,88.704,64.257,53.707
303.943,91.255,64.257,53.707
303.247,89.632,64.257,53.707
303.740,91.204,65.679,54.896
302.554,91.441,65.679,54.896
304.688,90.255,65.679,54.896
304.451,91.915,65.679,54.896
306.585,93.100,65.679,54.896
306.348,91.441,65.679,54.896
307.059,93.575,65.679,54.896
303.977,93.812,65.679,54.896
302.791,94.997,65.679,54.896
303.503,96.657,65.679,54.896
304.214,97.369,65.679,54.896
302.554,94.760,65.679,54.896
304.688,98.317,65.679,54.896
302.080,95.709,65.679,54.896
299.139,93.379,67.132,56.110
296.958,92.652,67.132,56.110
295.262,92.895,67.132,56.110
295.019,94.591,67.132,56.110
296.716,96.288,67.132,56.110
295.504,94.106,67.132,56.110
295.746,93.379,67.132,56.110
297.928,96.045,67.132,56.110
296.716,95.803,67.132,56.110
294.050,98.954,67.132,56.110
292.353,101.135,67.132,56.110
293.080,103.316,67.132,56.110
292.353,105.013,67.132,56.110
291.626,104.286,67.132,56.110
292.353,105.497,67.132,56.110
294.050,105.740,67.132,56.110
291.384,106.467,67.132,56.110
292.111,105.740,67.132,56.110
289.445,106.467,67.132,56.110
285.936,105.595,68.617,57.352
285.689,105.347,68.617,57.352
285.936,107.576,68.617,57.352
282.716,105.347,68.617,57.352
282.964,106.586,68.617,57.352
282.716,107.824,68.617,57.352
282.964,109.063,68.617,57.352
282.221,110.797,68.617,57.352
284.450,113.522,68.617,57.352
282.221,114.265,68.617,57.352
280.690,116.458,70.135,58.621
281.450,116.204,70.135,58.621
280.184,118.990,70.135,58.621
280.944,119.749,70.135,58.621
279.171,119.496,70.135,58.621
279.931,117.724,70.135,58.621
280.690,117.977,70.135,58.621
280.437,116.204,70.135,58.621
280.690,115.951,70.135,58.621
282.463,116.711,70.135,58.621
279.848,117.376,71.687,59.918
278.036,119.187,71.687,59.918
276.225,121.517,71.687,59.918
277.519,124.364,71.687,59.918
276.742,126.175,71.687,59.918
276.259,125.567,70.158,58.640
279.693,128.878,68.662,57.389
275.590,125.414,70.181,58.659
271.283,124.147,70.181,58.659
271.029,127.441,70.181,58.659
269.990,129.158,71.734,59.957
272.839,133.042,71.734,59.957
269.627,134.797,73.321,61.283
268.541,136.591,74.943,62.639
266.106,137.403,74.943,62.639
262.589,140.379,74.943,62.639
264.286,145.581,76.602,64.025
261.244,149.729,76.602,64.025
262.979,153.898,78.296,65.442
260.435,155.311,78.296,65.442
259.022,156.725,78.296,65.442
261.566,158.138,78.296,65.442
260.153,158.986,78.296,65.442
262.697,161.530,78.296,65.442
259.587,161.247,78.296,65.442
258.174,160.965,78.296,65.442
261.849,162.378,78.296,65.442
260.435,162.095,78.296,65.442
258.457,163.509,78.296,65.442
257.043,163.791,78.296,65.442
259.587,162.943,78.296,65.442
257.043,165.487,78.296,65.442
255.630,165.770,78.296,65.442
253.086,167.183,78.296,65.442
251.673,168.031,78.296,65.442
249.129,167.749,78.296,65.442
250.542,168.597,78.296,65.442
247.433,168.314,78.296,65.442
248.846,167.466,78.296,65.442
248.563,168.314,78.296,65.442
249.977,167.466,78.296,65.442
251.955,168.879,78.296,65.442
250.542,167.466,78.296,65.442
250.825,169.445,78.296,65.442
249.411,170.293,78.296,65.442
247.433,171.706,78.296,65.442
245.454,172.554,78.296,65.442
