0.00614309
0.01307154
0.01403642
0.01318526
0.01302361
0.01294613
0.01308799
0.01304483
0.01290131
0.01302791
0.01301599
0.01284933
0.01284838
0.01296258
0.01252317
0.01267290
0.01292491
0.01279449
0.01274538
0.01272416
0.01271391
0.01273561
0.01280618
0.01307893
0.01285076
0.01286387
0.01290607
0.01270056
0.01270485
0.01270866
0.01265001
0.01312065
0.01271105
0.01254368
0.01284575
0.01279259
0.01279402
0.01277232
0.01289868
0.01290798
0.01297021
0.01290393
0.01263952
0.01286173
0.01270080
0.01268888
0.01273179
0.01241922
0.01283789
0.01277637
0.01272869
0.01295972
0.01297760
0.01292872
0.01270151
0.01274538
0.01267004
0.01283026
0.01294565
0.01276994
0.01288915
0.01294732
0.01293445
0.01284575
0.01286769
0.01291990
0.01305127
0.01271439
0.01265955
0.01257682
0.01278377
0.01289463
0.01281381
0.01286697
0.01295900
0.01287031
0.01271272
0.01267838
0.01286983
0.01275063
0.01284599
0.01285744
0.01271009
0.01304293
0.01276541
0.01267362
0.01263547
0.01269817
0.01277924
0.01292610
0.01282978
0.01270223
0.01275611
0.01286983
0.01288438
0.01267910
0.01279211
0.01275921
0.01289344
0.01284719
0.01276398
0.01281714
0.01266599
0.01276064
0.01286483
0.01280522
0.01290441
0.01273894
0.01274824
0.01304746
0.01281619
0.01278210
0.01258516
0.01283574
0.01286697
0.01270962
0.01269627
0.01280522
0.01284051
0.01262379
0.01285505
0.01304317
0.01279688
0.01284623
0.01281643
0.01285338
0.01288056
0.01270890
0.01289749
0.01284599
0.01283002
0.01280355
0.01271582
0.01277566
0.01273608
0.01272488
0.01268649
0.01260138
0.01289439
0.01255369
0.01285076
0.01290131
0.01278257
0.01281977
0.01279020
0.01274419
0.01276898
0.01285195
0.01272631
0.01286936
0.01275039
0.01284933
0.01284122
0.01274967
0.01279044
0.01274371
0.01278591
0.01283002
0.01262927
0.01269197
0.01278234
0.01289344
0.01274514
0.01295519
0.01290584
0.01305628
0.01283526
0.01283455
0.01299715
0.01287127
0.01293945
0.01287413
0.01288795
0.01302671
0.01301503
0.01285696
0.01290536
0.01288986
0.01440907
0.01355195
0.01315308
0.01296592
0.01290417
0.01289678
0.01285100
0.01266170
0.01302505
0.01291156
0.01306033
0.01299238
0.01294494
0.01305795
0.01288176
0.01289129
0.01293635
0.01299858
0.01291490
0.01301241
0.01287270
0.01291203
0.01289868
0.01287246
0.01324821
0.01306558
0.01309180
0.01326656
0.01262140
0.01302671
0.01280642
0.01294827
0.01287961
0.01307082
0.01288486
0.01298237
0.01302671
0.01284122
0.01303744
0.01285481
0.01287293
0.01316357
0.01288724
0.01300383
0.01303434
0.01305771
0.01284790
0.01294565
0.01292539
0.01295233
0.01285863
0.01283312
0.01297975
0.01306057
0.01298475
0.01306176
0.01295400
0.01285148
0.01303935
0.01297617
0.01295066
0.01290679
0.01328111
0.01297259
0.01280713
0.01298261
0.01290727
0.01299071
0.01303339
0.01270580
0.01306033
0.01293612
0.01312470
0.01290131
0.01289225
0.01299524
0.01248908
0.01300645
0.01297545
0.01319814
0.01290965
0.01288009
0.01287150
0.01305938
0.01310110
0.01307440
0.01306152
0.01294637
0.01301408
0.01291871
0.01287460
0.01292467
0.01304698
0.01296449
0.01287746
0.01301122
0.01284719
0.01295495
0.01297259
0.01291394
0.01312494
0.01306510
0.01307130
0.01294684
0.01288652
0.01301169
0.01286912
0.01288033
0.01280141
0.01290727
0.01300907
0.01305318
0.01295376
0.01312566
0.01304913
0.01297259
0.01299715
0.01301908
0.01296163
0.01290655
0.01304126
0.01291156
0.01293612
0.01292443
0.01284528
0.01308346
0.01303792
0.01308489
0.01302075
0.01288724
0.01285434
0.01279926
0.01293635
0.01307845
0.01309395
0.01292706
0.01305485
0.01314592
0.01324415
0.01293421
0.01305127
0.01300764
0.01301003
0.01300812
0.01267695
0.01294422
0.01297164
0.01305223
0.01298857
0.01301837
0.01289415
0.01300144
0.01283860
0.01289940
0.01300097
0.01301432
0.01287341
0.01305318
0.01296735
0.01287341
0.01289630
0.01309586
0.01266241
0.01328897
0.01288152
0.01280499
0.01295567
0.01303792
0.01298332
