0.00333738
0.01418829
0.01539612
0.01320839
0.01302695
0.01290345
0.01296139
0.01292396
0.01315570
0.01304126
0.01290441
0.01303363
0.01303315
0.01309109
0.01304960
0.01294065
0.01288939
0.01302552
0.01292706
0.01299763
0.01283312
0.01299882
0.01304865
0.01330209
0.01290536
0.01304293
0.01301050
0.01341081
0.01287389
0.01289487
0.01272702
0.01303506
0.01309156
0.01298261
0.01292539
0.01292181
0.01311159
0.01293468
0.01293492
0.01288390
0.01290512
0.01307750
0.01303053
0.01293015
0.01290798
0.01302457
0.01311088
0.01291060
0.01287174
0.01287508
0.01303434
0.01296544
0.01278782
0.01293421
0.01290822
0.01300430
0.01294303
0.01295018
0.01284409
0.01278186
0.01301265
0.01310563
0.01306343
0.01292062
0.01289487
0.01256514
0.01313210
0.01288319
0.01280499
0.01307750
0.01284289
0.01308703
0.01297879
0.01301050
0.01285172
0.01292968
0.01305270
0.01307154
0.01326752
0.01286340
0.01288557
0.01291037
0.01301003
0.01315928
0.01297474
0.01293993
0.01298094
0.01306534
0.01303005
0.01300740
0.01284480
0.01286459
0.01301050
0.01308870
0.01289320
0.01305318
0.01301193
0.01307726
0.01304483
0.01288319
0.01301813
0.01305151
0.01301193
0.01300597
0.01296353
0.01286006
0.01307774
0.01300621
0.01288414
0.01292324
0.01293349
0.01287079
0.01306915
0.01301193
0.01287365
0.01298261
0.01288843
0.01288247
0.01305842
0.01301432
0.01290345
0.01303411
0.01300478
0.01312637
0.01307106
0.01302290
0.01327848
0.01278377
0.01265478
0.01299548
0.01279235
0.01298785
0.01303387
0.01309228
0.01293850
0.01303172
0.01288414
0.01284838
0.01310158
0.01300740
0.01302743
0.01301026
0.01302195
0.01300740
0.01313496
0.01283121
0.01301026
0.01285577
0.01308751
0.01307440
0.01304317
0.01287365
0.01304293
0.01296496
0.01289272
0.01291776
0.01289487
0.01303267
0.01294446
0.01290154
0.01320934
0.01306033
0.01281071
0.01302266
0.01297283
0.01304650
0.01292014
0.01307583
0.01308918
0.01304841
0.01284575
0.01303005
0.01293850
0.01307249
0.01289320
0.01294231
0.01283932
0.01304746
0.01292658
0.01300716
0.01304364
0.01300335
0.01329231
0.01290178
0.01294184
0.01307511
0.01302004
0.01288366
0.01292276
0.01308489
0.01285219
0.01297736
0.01301265
0.01308775
0.01309705
0.01297665
0.01289153
0.01289034
0.01295829
0.01286292
0.01325107
0.01302290
0.01282597
0.01291227
0.01310539
0.01324439
0.01272488
0.01283932
0.01290774
0.01315546
0.01291656
0.01327085
0.01299644
0.01278567
0.01294971
0.01304054
0.01296926
0.01288486
0.01284075
0.01304317
0.01288652
0.01292372
0.01289868
0.01287079
0.01304150
0.01303840
0.01289678
0.01300740
0.01299262
0.01281762
0.01289964
0.01312399
0.01288438
0.01289749
0.01303601
0.01308298
0.01292753
0.01288342
0.01282096
0.01301908
0.01301861
0.01306915
0.01279497
0.01304531
0.01285267
0.01301932
0.01305795
0.01291561
0.01299357
0.01282287
0.01291585
0.01311636
0.01301026
0.01301956
0.01294637
0.01283216
0.01303458
0.01302648
0.01283026
0.01313138
0.01290846
0.01292729
0.01302218
0.01277375
0.01303649
0.01296830
0.01303411
0.01284361
0.01301146
0.01287675
0.01291108
0.01291680
0.01322865
0.01277494
0.01286435
0.01261950
0.01287460
0.01301765
0.01296616
0.01290441
0.01289845
0.01278496
0.01299548
0.01297116
0.01303816
0.01287389
0.01268339
0.01302981
0.01288891
0.01304650
0.01288128
0.01300597
0.01286459
0.01285195
0.01297665
0.01303387
0.01292181
0.01299739
0.01301432
0.01292706
0.01290083
0.01290965
0.01291823
0.01283050
0.01301265
0.01330233
0.01287150
0.01301622
0.01300550
0.01302862
0.01297474
0.01295900
0.01286983
0.01279116
0.01293898
0.01291203
0.01290751
0.01290154
0.01288152
0.01300955
0.01292896
0.01297927
0.01303840
0.01299667
0.01315594
0.01304913
0.01282072
0.01284194
0.01288462
0.01303077
0.01295161
0.01288819
0.01289272
0.01287413
0.01308703
0.01292682
0.01293182
0.01288819
0.01299834
0.01289749
0.01298356
0.01295567
0.01288676
0.01290107
0.01294756
0.01293802
0.01288652
0.01289105
0.01299596
0.01291227
0.01304340
0.01286221
0.01287889
0.01324654
0.01274061
0.01293135
0.01277494
0.01282644
0.01280761
0.01306510
0.01291990
0.01286769
0.01269388
0.01289415
0.01290965
0.01301408
0.01249981
0.01306820
0.01299667
0.01298714
0.01305079
0.01306701
0.01299000
0.01300168
0.01285338
0.01303744
0.01301503
0.01275253
0.01302314
0.01287532
0.01291418
0.01292920
0.01300097
0.01286411
0.01290488
0.01292014
0.01302433
0.01298857
0.01302958
0.01308584
0.01294374
0.01288891
0.01286817
0.01302719
0.01294661
0.01306558
0.01299787
0.01287460
0.01294875
0.01306033
0.01304603
0.01289344
0.01279497
0.01290464
0.01291537
0.01290441
0.01286101
0.01283646
0.01298213
0.01307297
0.01305127
0.01288605
0.01276445
0.01298094
0.01289034
0.01279140
0.01287174
0.01274872
0.01285028
0.01293659
0.01287770
0.01294398
0.01274347
0.01278734
0.01283264
0.01285505
0.01297855
0.01286125
0.01283503
0.01276135
0.01266742
0.01294923
0.01280189
0.01299644
0.01284862
0.01279807
0.01286244
0.01271486
0.01281595
0.01275301
0.01288509
0.01289201
0.01282263
0.01297426
0.01300812
0.01265216
0.01282787
0.01298904
0.01277375
0.01287889
0.01316261
0.01279950
0.01283789
0.01302171
0.01290321
0.01319146
0.01270938
0.01293540
0.01300573
0.01276278
0.01302290
0.01280379
0.01294065
0.01298118
0.01295948
0.01299596
0.01276684
0.01286054
0.01283383
0.01291823
0.01290417
0.01293421
0.01319408
0.01298666
0.01273084
0.01308513
0.01281500
0.01283693
0.01279736
0.01302075
0.01298594
0.01263738
0.01290965
0.01278901
0.01293302
0.01275110
0.01273298
0.01272297
0.01307464
0.01294947
0.01280594
0.01274157
0.01273298
0.01276565
0.01265836
0.01279020
0.01297522
0.01265764
0.01284742
0.01286221
0.01309466
0.01274467
0.01285768
0.01280737
0.01300836
0.01284266
0.01280475
0.01293206
0.01288438
0.01282668
0.01269341
0.01280832
0.01292872
0.01257753
0.01313567
0.01276970
0.01278210
0.01281977
0.01282263
0.01278853
0.01273298
0.01284981
0.01300979
0.01282525
0.01286244
0.01274824
0.01290774
0.01297522
0.01302576
0.01272750
0.01291132
0.01270175
0.01296067
0.01273537
0.01284003
0.01277232
0.01276922
0.01278663
0.01271439
0.01279974
0.01282072
0.01272917
0.01299882
0.01281333
0.01308584
0.01275277
0.01277184
0.01280212
0.01312804
0.01279473
0.01297688
0.01287413
0.01266575
0.01315713
0.01286817
0.01297164
0.01299524
0.01301765
0.01320839
0.01293015
0.01285434
0.01275611
0.01304793
0.01299548
0.01295853
0.01298904
0.01300144
0.01270461
0.01293349
0.01286864
0.01322460
0.01290655
0.01288629
0.01300621
0.01275849
0.01298189
0.01283622
0.01301861
0.01300383
0.01284623
0.01295352
0.01296139
0.01300097
0.01289129
0.01293230
0.01282978
0.01295996
0.01304102
0.01306605
0.01286650
0.01294708
0.01281476
0.01303840
0.01284981
0.01300335
0.01290107
0.01306629
0.01304293
0.01304197
0.01295590
0.01288939
0.01291442
0.01287627
0.01290274
0.01289654
0.01269889
0.01287627
0.01303673
0.01300383
0.01297998
0.01302242
0.01302600
0.01307988
0.01282835
0.01291823
0.01301503
0.01296496
0.01307774
0.01290846
0.01322436
0.01283979
0.01284575
0.01313043
0.01290321
0.01276731
0.01300383
0.01301932
0.01302218
0.01282716
0.01303124
0.01300740
0.01287198
0.01302457
0.01304126
0.01302814
0.01287842
0.01301980
0.01300406
0.01305032
0.01305890
0.01321554
0.01301622
0.01300430
0.01302862
0.01307297
0.01285386
0.01290488
0.01304054
0.01281142
0.01296926
0.01288462
0.01293826
0.01308227
0.01297855
0.01323295
0.01288605
0.01286602
0.01304245
0.01293588
0.01292229
0.01298594
0.01293898
0.01305223
0.01299405
0.01294827
0.01262975
0.01293731
0.01308107
0.01307130
0.01287484
0.01302004
0.01302552
0.01267958
0.01295233
0.01325798
0.01280618
0.01277733
0.01293182
0.01311135
0.01315689
0.01281571
0.01299882
0.01289988
0.01296473
0.01301742
0.01284266
0.01306438
0.01287293
0.01293087
0.01304936
0.01302028
0.01297045
0.01287222
0.01293921
0.01289201
0.01284075
0.01302886
0.01304507
0.01312375
0.01289845
0.01326728
0.01288533
0.01292872
0.01310110
0.01284409
0.01289320
0.01288986
0.01311135
0.01306200
0.01295280
0.01297688
0.01302028
0.01304173
0.01303625
0.01307297
0.01291871
0.01290894
0.01303005
0.01293969
0.01290464
0.01309848
0.01289129
0.01303148
0.01294565
0.01294994
0.01294160
0.01305890
0.01305318
0.01327252
0.01293135
0.01287866
0.01303172
0.01302242
0.01301885
0.01286054
0.01327538
0.01312184
0.01302481
0.01303148
0.01294875
0.01299167
0.01306653
0.01284742
0.01272416
0.01292753
0.01304245
0.01318765
0.01285172
0.01288581
0.01301718
0.01291466
0.01291537
0.01295996
0.01289582
0.01291871
0.01305771
0.01298642
0.01285577
0.01304269
0.01305532
0.01293683
0.01288414
0.01300883
0.01300430
0.01324677
0.01300406
0.01305270
0.01293468
0.01303434
0.01310515
0.01304054
0.01303363
0.01289940
0.01284289
0.01307368
0.01294160
0.01295090
0.01305676
0.01290607
0.01290846
0.01289010
0.01295757
0.01292515
0.01292348
0.01304173
0.01298666
0.01300359
0.01306486
0.01302814
0.01303935
0.01306510
0.01319218
0.01306510
0.01287293
0.01292682
0.01307440
0.01308942
0.01306605
0.01275587
0.01300716
0.01294231
0.01296520
0.01304698
0.01301050
0.01292300
0.01310945
0.01296926
0.01305270
0.01298332
0.01294827
0.01297760
0.01300502
