0.00370812
0.01391745
0.01552010
0.01362991
0.01288319
0.01287436
0.01293516
0.01281071
0.01288104
0.01282096
0.01283145
0.01271510
0.01279712
0.01288295
0.01290202
0.01292801
0.01252317
0.01269436
0.01276517
0.01277924
0.01273775
0.01293445
0.01290369
0.01290298
0.01290393
0.01301479
0.01279688
0.01300859
0.01278257
0.01278400
0.01294971
0.01272058
0.01270127
0.01271319
0.01291561
0.01290369
0.01297593
0.01291990
0.01269650
0.01275158
0.01283169
0.01281214
0.01282310
0.01244807
0.01283026
0.01318097
0.01300001
0.01265240
0.01288557
0.01292396
0.01275802
0.01292086
0.01279116
0.01309872
0.01274419
0.01286554
0.01278305
0.01275277
0.01288033
0.01295733
0.01286864
0.01274323
0.01275229
0.01277304
0.01293397
0.01299119
0.01287651
0.01283503
0.01275897
0.01288748
0.01253033
0.01272511
0.01274276
0.01275229
