0.00532556
0.01433682
0.01386428
0.01322317
0.01278472
0.01277137
0.01271725
0.01290774
0.01279068
0.01259995
0.01293206
0.01288700
0.01264906
0.01278901
0.01274872
0.01263690
0.01284528
0.01276922
0.01278687
0.01288438
0.01281500
0.01288438
0.01290154
0.01313543
0.01290321
0.01277399
0.01282549
0.01283336
0.01276731
0.01274586
0.01271057
0.01289034
0.01275706
0.01289845
0.01274180
0.01276040
0.01265764
0.01279640
0.01290655
0.01278305
0.01288056
0.01292539
0.01286983
0.01275301
0.01276636
0.01301694
0.01316762
0.01298189
0.01301503
0.01302886
0.01289034
0.01300526
0.01288199
0.01287150
0.01292109
0.01303935
0.01290345
0.01292086
0.01289010
0.01294160
0.01313257
0.01283789
0.01285982
0.01301789
0.01282597
0.01283526
0.01289487
0.01291776
0.01288223
0.01293278
0.01280546
0.01291728
0.01304030
0.01303530
0.01296902
0.01289845
0.01291990
0.01300883
0.01275206
0.01286125
0.01300836
0.01300478
0.01297402
0.01285076
0.01278758
0.01304770
0.01299214
0.01288629
0.01288247
0.01287198
0.01291227
0.01301742
0.01278090
0.01277423
0.01303554
0.01286960
0.01310134
0.01297498
0.01292801
0.01304150
0.01299644
0.01290202
0.01286602
0.01279831
0.01292133
0.01307511
0.01317120
0.01310563
0.01326942
0.01286507
0.01296496
0.01297760
0.01283884
0.01288199
0.01299930
0.01280642
0.01334906
0.01286316
0.01302481
0.01283407
0.01286793
0.01287293
0.01302814
0.01277971
0.01287389
0.01283717
0.01282907
0.01288128
0.01292276
0.01307988
0.01284766
0.01286793
0.01287699
0.01279688
0.01288438
0.01280785
0.01287985
0.01285386
0.01282072
0.01285505
0.01292109
0.01300216
0.01301146
0.01297903
0.01289511
0.01285386
0.01302338
0.01308131
0.01277781
0.01298380
0.01301217
0.01271439
0.01284790
0.01298141
0.01280856
0.01303530
0.01307535
0.01290584
0.01287675
0.01304817
0.01300073
0.01296163
0.01297164
0.01290250
0.01292586
0.01296282
0.01305056
0.01286459
0.01303267
0.01307726
0.01278901
0.01280093
0.01286602
0.01297235
0.01284957
0.01302600
0.01299691
0.01273394
0.01302600
0.01298666
0.01298761
0.01281834
0.01301599
0.01291251
0.01305103
0.01282763
0.01304078
0.01303196
0.01282120
0.01299524
0.01299763
0.01286769
0.01290846
0.01281834
0.01277208
0.01298070
0.01301718
0.01304269
0.01277208
0.01302600
0.01295304
0.01289797
0.01296759
0.01286197
0.01285601
0.01286221
0.01288104
0.01283360
0.01275015
0.01296663
0.01283479
0.01284695
0.01282096
0.01275849
0.01305151
0.01300097
0.01285005
0.01299477
0.01289320
0.01257849
0.01277971
0.01310349
0.01283097
0.01286387
0.01312590
0.01301622
0.01297450
0.01284146
0.01303196
0.01301694
0.01287842
0.01296449
0.01301837
0.01278973
0.01267910
0.01302838
0.01300955
0.01287675
0.01301908
0.01275396
0.01286006
0.01287532
0.01286149
0.01284289
0.01336932
0.01278448
0.01283836
0.01287198
0.01296282
0.01288128
0.01296139
0.01298904
0.01275158
0.01294923
0.01282620
0.01285481
0.01286364
0.01284671
0.01284027
0.01286912
0.01282859
0.01300097
0.01286507
0.01287508
0.01271987
0.01292658
0.01298261
0.01268578
0.01287007
0.01276326
0.01300120
0.01258993
0.01293683
0.01285434
0.01301956
0.01287675
0.01284051
0.01287770
0.01277781
0.01273990
0.01288605
0.01282716
0.01291323
0.01281333
0.01273298
0.01286721
0.01299953
0.01279616
0.01289248
0.01298547
0.01270056
0.01287889
0.01309800
0.01284790
0.01286149
0.01293921
0.01275420
0.01287127
0.01306796
0.01288462
0.01287818
0.01308393
0.01301885
0.01287818
0.01283073
0.01294756
0.01282287
0.01302433
0.01289272
0.01304007
0.01287794
0.01286459
0.01282382
0.01285958
0.01289296
0.01279211
0.01307702
0.01276684
0.01285672
0.01282668
0.01285052
0.01291895
0.01295018
0.01281667
0.01301575
0.01293731
0.01286340
0.01287079
0.01287055
0.01264977
0.01274061
0.01284623
0.01294279
0.01280808
0.01271296
0.01281762
0.01281548
0.01278353
0.01280928
0.01297641
0.01287603
0.01297092
0.01303673
0.01282883
0.01276159
0.01290941
0.01273489
0.01280856
0.01285148
0.01281571
