0.00366044
0.01349616
0.01479578
0.01378322
0.01333451
0.01295805
0.01310277
0.01306248
0.01276493
0.01290536
0.01307440
0.01302361
0.01295257
0.01323438
0.01309752
0.01290393
0.01303697
0.01298547
0.01291513
0.01292729
0.01285052
0.01294136
0.01273537
0.01310968
0.01320529
0.01312351
0.01306105
0.01307225
0.01311421
0.01299739
0.01302981
0.01294589
0.01294971
0.01295853
0.01299787
0.01311684
0.01312423
0.01308441
0.01310658
0.01292658
0.01306963
0.01334977
0.01307654
0.01294017
0.01300073
0.01295996
0.01296616
0.01313901
0.01318622
0.01307821
0.01313376
0.01278329
0.01321197
0.01295900
0.01313949
0.01303220
0.01297402
0.01288009
0.01310635
0.01305652
0.01299191
0.01320815
0.01298332
0.01293850
0.01299334
0.01292086
0.01311469
0.01295471
0.01290798
0.01299143
0.01313949
0.01290560
0.01297212
0.01313472
0.01300359
0.01282334
0.01289988
0.01300406
0.01300478
0.01323843
0.01286030
0.01325583
0.01305175
0.01307869
0.01296425
0.01294875
0.01286626
0.01307631
0.01293826
0.01311874
0.01302576
0.01304889
0.01295328
0.01311111
0.01310587
0.01311469
0.01276064
0.01287270
0.01257277
0.01309323
0.01308489
0.01300097
0.01303458
0.01299357
0.01294184
0.01298308
0.01311421
0.01307440
0.01313925
0.01295805
0.01318264
0.01298642
0.01318097
0.01295471
0.01314998
0.01320148
0.01299405
0.01293516
0.01314998
0.01312447
0.01310444
0.01294136
0.01310086
0.01291299
0.01303315
0.01290131
0.01297712
0.01286149
0.01296973
0.01318812
0.01320601
0.01311088
0.01315784
0.01308560
0.01292133
0.01308131
0.01318002
0.01296592
0.01307297
0.01296329
0.01294923
0.01298904
0.01289082
0.01312566
0.01313663
0.01307201
0.01303267
0.01292396
0.01309133
0.01309443
0.01304960
0.01297951
0.01302624
0.01312780
0.01313734
0.01295900
0.01314640
0.01277542
0.01247621
0.01295209
0.01313233
0.01309061
0.01319957
0.01312804
0.01314139
0.01302791
0.01310229
0.01290131
0.01312876
0.01312113
0.01290560
0.01298499
0.01337004
0.01302242
0.01300192
0.01306748
0.01299882
0.01303196
0.01303744
0.01296520
0.01300263
0.01297665
0.01311111
0.01299095
0.01333094
0.01298618
0.01321268
0.01310682
0.01304245
0.01305485
0.01310086
0.01301050
0.01301908
0.01299071
0.01290607
0.01300192
0.01310635
0.01296902
0.01296258
0.01304126
0.01282358
0.01295090
0.01315498
0.01340365
0.01303411
0.01310802
0.01300502
0.01309586
0.01313758
0.01297688
0.01312685
0.01309347
0.01309562
0.01298571
0.01300645
0.01293039
0.01312208
0.01310182
0.01308680
0.01291251
0.01312137
0.01294780
0.01313400
0.01316404
0.01300311
0.01315475
0.01301241
0.01313734
0.01323724
0.01300883
0.01313686
0.01298404
0.01306677
0.01283860
0.01258039
0.01294684
0.01308846
0.01294708
0.01333570
0.01300621
0.01313329
0.01314712
0.01315165
0.01312423
0.01295400
0.01298738
0.01316071
0.01296759
0.01300478
0.01283622
0.01300836
0.01294708
0.01298428
0.01306987
0.01300311
0.01302719
0.01317096
0.01299882
0.01301861
0.01310158
0.01300693
0.01300120
0.01311278
0.01287198
0.01320624
0.01304364
0.01309013
0.01313066
0.01311350
0.01317239
0.01306438
0.01312900
0.01297474
0.01285672
0.01295662
0.01310444
0.01299477
0.01307201
0.01295352
0.01314020
0.01295590
0.01309061
0.01298070
0.01298761
0.01295137
0.01290011
0.01301694
0.01296377
0.01297259
0.01311088
0.01297045
0.01297402
0.01313472
0.01312017
0.01306629
0.01297760
0.01310134
0.01299691
0.01307106
0.01308012
0.01293850
0.01311374
0.01311684
0.01288128
0.01301527
0.01305795
0.01316357
0.01310563
0.01297116
0.01309538
0.01273108
0.01313210
0.01300883
0.01311493
0.01311302
0.01307416
0.01297212
0.01303816
0.01311731
0.01283979
0.01298165
0.01298809
0.01302195
0.01298356
0.01312137
0.01315045
0.01290989
0.01307011
0.01319003
0.01295996
0.01304722
0.01297712
0.01314497
0.01304722
0.01304889
0.01311016
0.01312494
0.01316071
0.01296115
0.01310563
0.01303601
0.01306200
0.01301146
0.01310372
0.01295853
0.01305103
0.01298356
0.01301336
0.01302171
0.01304007
0.01299381
0.01296425
0.01303172
0.01300025
0.01315165
0.01297092
0.01294947
0.01297641
0.01298833
0.01306152
0.01315093
0.01288486
0.01297569
0.01300049
0.01303220
0.01304054
0.01303315
0.01299286
0.01297402
0.01294255
0.01317477
0.01301646
0.01294780
0.01301670
0.01297593
0.01299477
0.01308894
0.01300406
0.01304555
0.01315594
0.01273870
0.01298499
0.01311636
0.01304126
0.01303768
0.01318073
0.01247168
0.01301384
0.01315570
0.01297641
0.01294184
0.01302171
0.01312947
0.01315928
0.01303148
0.01299071
0.01309228
0.01300097
0.01314116
0.01310492
0.01303506
0.01342392
0.01301789
0.01300502
0.01299548
0.01310229
0.01303244
0.01304340
0.01303720
0.01305389
0.01315689
0.01297235
0.01304770
0.01311731
0.01312852
0.01299810
0.01315904
0.01310539
0.01300907
0.01293373
0.01326203
0.01296806
0.01311278
0.01310802
0.01307702
0.01310468
0.01295042
0.01299906
0.01309896
0.01312160
0.01312280
0.01342368
0.01283646
0.01300216
0.01292872
0.01286077
0.01292443
0.01314616
0.01297259
0.01308465
0.01293683
0.01314902
0.01313853
0.01324248
0.01297641
0.01296830
0.01312351
0.01300168
0.01309729
0.01325417
0.01316929
0.01296854
0.01298547
0.01312804
0.01291466
0.01303506
0.01322269
0.01305676
0.01308250
0.01301765
0.01300478
0.01314449
0.01276994
0.01273131
0.01310158
0.01320863
0.01300073
0.01319528
0.01330161
0.01337743
0.01327157
0.01294589
0.01302004
0.01302791
0.01312351
0.01296020
0.01300740
0.01306796
0.01300216
0.01314592
0.01295948
0.01313639
0.01299191
0.01307750
0.01285958
0.01301217
0.01311016
0.01295972
0.01308942
0.01310015
0.01313901
0.01318288
0.01312041
0.01310635
0.01302648
0.01299548
0.01302004
0.01312304
0.01321077
0.01306081
0.01311111
0.01288128
0.01310277
0.01302099
0.01304889
0.01304460
0.01315761
0.01309633
0.01291037
0.01305103
0.01298356
0.01304984
0.01301241
0.01287103
0.01305556
0.01305509
0.01310897
0.01302600
0.01296830
0.01293063
0.01300025
0.01315188
0.01297283
0.01310802
0.01287031
0.01297021
0.01294971
0.01302028
0.01295733
0.01303792
0.01308155
0.01312447
0.01301193
0.01317120
0.01310968
0.01314855
0.01314735
0.01306772
0.01275349
0.01304746
0.01309919
0.01310182
0.01293540
0.01297522
0.01311493
0.01318002
0.01296735
0.01300788
0.01308012
0.01293564
0.01294637
0.01301146
0.01311922
0.01333928
0.01303315
0.01295781
0.01308870
0.01306272
0.01305127
0.01308393
0.01298761
0.01308656
0.01287937
0.01297188
0.01309943
0.01298785
0.01304197
0.01312280
0.01343060
0.01275539
0.01281095
0.01315689
0.01297593
0.01309109
0.01290607
0.01296878
0.01296639
0.01308084
0.01315880
0.01295686
0.01298833
0.01302147
0.01293421
0.01284027
0.01294374
0.01299024
0.01311350
0.01304936
0.01296210
0.01297235
0.01307154
0.01288462
0.01310635
0.01300454
0.01311660
0.01303220
0.01293778
0.01310802
0.01296520
0.01318002
0.01307797
0.01314521
0.01301551
0.01307273
0.01306581
0.01301694
0.01309466
0.01300168
0.01305676
0.01306605
0.01303101
0.01302958
0.01298141
0.01296520
0.01281238
0.01262784
0.01301861
0.01301670
0.01310658
0.01310515
0.01298809
0.01300120
0.01294899
0.01316071
0.01311207
0.01290369
0.01289916
0.01304960
0.01290655
0.01298070
0.01293683
0.01332211
0.01290393
0.01301670
0.01320982
0.01300216
0.01302958
0.01335120
0.01281476
0.01296067
0.01312637
0.01293397
0.01303864
0.01310515
0.01307893
0.01298046
0.01292348
0.01297259
0.01299477
0.01307344
0.01311088
0.01295590
0.01297712
0.01301718
0.01313162
0.01315045
0.01294184
0.01310301
0.01311970
0.01316047
0.01288509
0.01313901
0.01311469
0.01312327
0.01298618
0.01314306
0.01298833
0.01304126
0.01311421
0.01299667
0.01315761
0.01306534
0.01330113
0.01314569
0.01255822
0.01276994
0.01308990
0.01312089
0.01297784
0.01309347
0.01302552
0.01308894
0.01299691
0.01303315
0.01314187
0.01313996
0.01305914
0.01296282
0.01311564
0.01305819
0.01289678
0.01308727
0.01299644
0.01296735
0.01325750
0.01302338
0.01307106
0.01297474
0.01306629
0.01307845
0.01304817
0.01319265
0.01304531
0.01297140
0.01291680
0.01301956
0.01285076
0.01302123
0.01290655
0.01309943
0.01308703
0.01308322
0.01289511
0.01300836
0.01296449
0.01287723
0.01298904
0.01293278
0.01301551
0.01300859
0.01282454
0.01325130
0.01306629
0.01297331
0.01298189
0.01296258
0.01316333
0.01321602
0.01297355
0.01295781
0.01299596
0.01299000
0.01299500
0.01332116
0.01325274
0.01291776
0.01293015
0.01314259
0.01311016
0.01305890
0.01296759
0.01307917
0.01287103
0.01302528
0.01304388
0.01311731
0.01295853
0.01308560
0.01304388
0.01310086
0.01262665
0.01332974
0.01289344
0.01311493
0.01317120
0.01320100
0.01355267
0.01338100
0.01311970
0.01306558
0.01307392
0.01306677
0.01317310
0.01303005
0.01311946
0.01298714
0.01317477
