0.00632262
0.01440954
0.01371026
0.01341724
0.01277184
0.01291490
0.01288986
0.01297617
0.01320434
0.01296210
0.01286387
0.01277542
0.01270843
0.01260686
0.01275826
0.01288986
0.01277781
0.01275802
0.01274490
0.01276612
0.01283097
0.01281142
0.01270533
0.01285505
0.01281762
0.01275253
0.01274180
0.01284218
0.01273966
0.01280737
0.01256895
0.01279950
0.01271415
0.01290679
0.01276040
0.01272488
0.01286745
0.01263070
0.01287103
0.01272559
0.01280117
0.01280880
0.01276994
0.01277590
0.01272249
0.01307225
0.01272893
0.01282859
0.01273704
0.01259780
0.01274991
0.01277304
0.01269460
0.01287985
0.01275945
0.01277971
0.01288700
0.01283860
0.01286077
0.01296091
0.01270604
0.01272535
0.01285791
0.01250935
0.01272011
0.01289582
0.01273036
0.01278448
0.01273632
0.01287794
0.01286626
0.01301193
0.01272726
0.01286840
0.01279736
0.01288891
0.01274729
0.01261926
0.01291442
0.01269293
0.01274729
0.01277399
0.01303959
0.01292324
0.01304531
0.01285505
0.01274776
0.01270771
0.01278257
0.01272082
0.01289320
0.01272559
0.01280165
0.01280546
0.01273346
0.01276970
0.01289845
0.01265025
0.01249290
0.01264930
0.01272130
0.01275063
0.01275396
0.01276684
0.01271939
0.01295376
0.01276398
0.01265955
0.01266694
0.01278090
0.01282239
0.01287842
0.01285267
0.01256704
0.01269531
0.01273680
0.01273131
0.01289201
0.01283526
0.01290083
0.01291966
0.01274252
0.01286697
0.01267242
0.01285744
0.01285219
0.01273251
0.01262140
0.01286769
0.01275992
0.01289701
0.01289105
0.01275587
0.01320720
0.01261067
0.01276851
0.01280689
0.01286697
0.01273203
0.01293373
0.01284790
0.01278687
0.01278615
0.01283765
0.01295590
0.01275802
0.01283550
0.01262116
0.01269627
0.01286674
0.01283288
0.01289368
0.01290679
0.01294208
0.01299381
0.01287699
0.01274180
0.01265645
0.01272249
0.01259255
0.01275468
0.01274753
0.01267076
0.01291847
0.01287436
0.01286650
0.01279306
0.01249194
0.01262069
0.01282549
0.01272058
0.01276517
0.01271152
0.01271272
0.01282358
0.01278996
0.01293755
0.01277375
0.01294684
0.01292109
0.01281214
0.01276135
0.01279783
0.01274133
0.01287651
0.01287246
0.01285791
0.01278019
0.01275039
0.01280928
0.01291227
0.01289058
0.01294017
0.01301312
0.01286960
0.01297975
0.01284671
0.01281023
0.01295257
0.01282501
0.01271319
0.01278877
0.01292872
0.01289177
0.01297784
0.01292467
0.01312685
0.01286936
0.01318145
0.01307082
0.01295567
0.01287436
0.01283121
0.01268268
0.01272964
0.01285076
0.01291203
0.01298714
0.01310635
0.01338077
0.01301455
0.01300645
0.01284385
0.01289606
0.01299906
0.01287866
0.01298571
0.01296973
0.01303983
0.01299310
0.01293087
0.01307058
0.01286554
0.01313424
0.01305389
0.01284266
0.01267838
0.01287365
0.01294565
0.01320314
0.01301908
0.01311016
0.01322865
0.01324892
0.01317954
0.01303387
0.01325560
0.01311541
0.01321340
0.01329088
0.01311660
0.01322818
0.01307583
0.01311445
0.01329327
0.01312089
0.01339579
0.01318312
0.01321077
0.01331711
0.01322770
0.01328325
0.01334596
0.01343775
0.01310277
0.01321054
0.01322889
0.01312399
0.01321793
0.01324701
0.01322174
0.01334500
0.01335979
0.01319289
0.01323295
0.01334524
0.01339912
0.01339078
0.01330829
0.01320815
0.01322532
0.01319504
0.01338935
0.01325750
0.01327872
0.01344752
0.01340365
0.01332045
0.01341224
0.01323318
0.01328874
0.01347041
0.01326203
0.01335287
0.01320696
0.01318145
0.01315856
0.01336789
0.01330805
0.01318979
0.01325107
0.01326680
0.01323676
0.01322365
0.01320529
0.01323056
0.01322794
0.01311255
0.01328468
0.01311827
0.01313019
0.01325464
0.01312995
0.01335025
0.01321316
0.01324081
0.01329017
0.01327324
0.01327753
0.01344419
0.01326632
0.01319218
0.01344132
0.01315546
0.01337194
0.01326251
0.01323414
0.01326323
0.01321435
0.01322079
0.01345420
0.01336479
0.01322699
0.01326346
0.01333451
0.01327896
0.01346159
0.01323271
0.01306486
0.01355577
0.01327777
0.01330423
0.01324224
0.01320720
0.01335049
0.01318860
0.01331544
0.01324058
0.01318550
0.01316047
0.01316023
0.01349902
0.01356721
0.01348519
0.01331329
0.01337790
0.01337695
0.01327300
0.01313114
0.01337504
0.01334405
0.01319194
0.01324105
0.01334119
0.01326704
0.01307154
0.01348782
0.01343131
0.01360989
0.01359940
0.01348352
0.01350236
0.01342940
0.01376319
0.01371455
0.01372218
0.01379275
0.01384354
0.01359487
0.01367307
0.01359177
0.01358414
0.01363659
0.01357269
0.01333094
0.01350093
0.01333070
0.01365328
0.01342463
0.01331711
0.01350141
0.01330447
0.01335597
0.01341891
0.01336336
0.01346087
0.01329350
0.01319146
0.01327944
0.01345158
0.01320291
0.01318002
0.01331973
0.01328325
0.01330519
0.01320839
0.01330543
0.01321602
0.01334596
0.01325512
0.01338148
0.01312900
0.01323104
0.01326823
0.01316309
0.01322007
0.01331472
0.01340723
0.01320815
0.01336670
0.01326108
0.01329041
0.01330137
0.01317739
0.01322818
0.01308274
0.01330090
0.01341009
0.01330733
0.01336503
0.01336575
0.01332831
0.01318645
0.01341677
0.01330686
0.01338720
0.01347613
0.01334977
0.01308990
0.01313806
0.01321363
0.01316071
0.01321363
0.01303506
0.01326370
0.01320124
0.01318192
0.01321793
0.01328182
0.01324940
0.01330853
0.01345301
0.01329780
0.01333523
0.01334882
0.01327157
0.01324892
0.01330066
0.01326561
0.01337290
0.01330566
0.01326156
0.01337266
0.01348400
0.01346779
0.01313210
0.01321626
0.01324391
0.01314354
0.01332784
0.01329494
0.01325750
0.01341915
0.01339436
0.01345873
0.01354575
0.01339722
0.01341367
0.01356220
0.01342702
0.01345515
0.01356149
0.01343560
0.01331043
0.01330185
0.01321197
0.01363206
0.01345825
0.01350164
0.01364946
0.01362729
0.01337385
0.01309609
0.01331925
0.01349950
0.01345992
0.01338506
0.01330161
0.01333284
0.01339841
0.01333809
0.01322174
0.01336956
0.01322627
0.01316547
0.01303220
0.01322627
0.01323771
0.01317167
0.01332569
0.01329732
0.01319218
0.01316738
0.01322603
0.01307964
0.01303840
0.01308060
0.01314783
0.01323819
0.01313734
0.01308036
0.01329446
0.01336026
0.01329231
0.01332664
0.01314926
0.01321983
0.01328683
0.01314044
0.01326632
0.01325178
0.01320171
0.01319003
0.01337218
0.01333857
0.01330209
0.01341224
0.01339793
0.01324439
0.01340890
0.01359630
0.01338959
0.01337075
0.01348019
0.01346827
0.01355672
0.01336360
0.01333094
0.01339269
0.01333547
0.01350331
0.01361489
0.01337218
0.01335716
0.01366568
0.01359224
0.01345658
0.01337028
0.01325774
0.01304364
0.01323843
0.01323009
0.01333404
0.01315498
0.01337957
0.01319337
0.01314998
0.01322532
0.01324320
0.01320624
0.01327658
0.01331019
0.01334238
0.01349950
0.01332664
0.01310325
0.01314974
0.01291132
0.01330519
0.01312232
0.01310444
0.01300335
0.01311541
0.01321793
0.01299143
0.01309562
0.01300144
0.01328254
0.01304626
0.01310468
0.01309085
0.01312542
0.01318216
0.01308966
0.01333857
0.01339674
0.01322532
0.01342702
0.01339102
0.01318216
0.01321077
0.01317692
0.01336074
0.01327562
0.01336145
0.01312780
0.01317263
0.01332617
0.01330400
0.01324558
0.01327467
0.01319385
0.01315641
0.01331139
0.01329732
0.01336670
0.01337385
0.01342368
0.01314998
0.01310706
0.01352119
0.01318645
0.01319671
0.01314855
0.01318741
0.01311636
0.01303720
0.01307750
0.01316023
0.01322818
0.01292205
0.01289511
0.01321173
0.01293015
0.01303744
0.01290274
0.01296902
0.01299357
0.01293421
0.01312685
0.01304579
0.01296806
0.01299620
0.01298642
0.01287532
0.01289201
0.01293373
0.01294136
0.01285768
0.01296711
0.01303482
0.01315045
0.01317072
0.01301241
0.01324677
0.01358199
0.01334858
0.01343417
0.01323509
0.01280689
0.01297426
0.01306772
0.01307940
0.01310301
0.01295137
0.01304650
0.01293087
0.01304817
0.01295900
0.01309085
0.01312971
0.01303792
0.01300931
0.01324320
0.01315403
0.01318169
0.01327610
0.01318288
0.01317954
0.01315951
0.01324892
0.01322937
0.01322794
0.01334572
0.01337624
0.01309776
0.01327538
0.01302600
0.01312470
0.01318622
0.01315403
0.01311851
0.01306772
0.01324701
0.01302934
0.01274896
0.01313829
0.01328206
0.01311421
0.01313758
0.01318002
0.01304483
0.01302361
0.01317215
0.01305604
0.01304317
0.01320195
0.01297522
0.01310301
0.01297784
0.01303554
0.01312470
0.01296854
0.01301384
0.01319003
0.01298213
0.01298928
0.01308060
0.01307511
0.01332235
0.01305842
0.01306152
0.01307583
0.01315188
0.01321149
0.01320457
0.01302862
0.01317644
0.01333141
0.01299834
0.01309252
0.01321054
0.01319098
0.01321650
0.01342702
0.01309395
0.01318502
0.01304531
0.01303720
0.01301312
0.01290321
0.01294923
0.01304865
0.01308131
0.01292539
0.01296639
0.01318598
0.01314735
0.01317668
0.01322913
0.01299191
0.01335239
0.01311874
0.01316071
0.01325130
0.01306581
0.01320720
0.01313806
0.01322246
0.01319027
0.01305556
0.01333952
0.01288080
0.01323104
0.01310945
0.01301312
0.01322627
0.01322246
0.01315880
0.01343513
0.01308274
0.01322913
0.01313305
0.01304173
0.01323080
0.01311827
0.01324105
0.01323366
0.01311517
0.01303554
0.01322269
0.01299286
0.01315904
0.01319313
0.01295853
0.01298523
0.01303124
0.01303363
0.01306987
0.01284885
0.01303172
0.01292586
