0.00523925
0.01336884
0.01291585
0.01333833
0.01294303
0.01301885
0.01292849
0.01280570
0.01291323
0.01281786
0.01292491
0.01288581
0.01316309
0.01276183
0.01277208
0.01281857
0.01287818
0.01287150
0.01297450
0.01297259
0.01285410
0.01284218
0.01295948
0.01298571
0.01291490
0.01282215
0.01281738
0.01276231
0.01287603
0.01278448
0.01280856
0.01305676
0.01289821
0.01292491
0.01263785
0.01261425
0.01278615
0.01283264
0.01276088
0.01290226
0.01280260
0.01277542
0.01283908
0.01278949
0.01289058
0.01266408
0.01282072
0.01295257
0.01309824
0.01268101
0.01290727
0.01278853
0.01275611
0.01279664
0.01292515
0.01278996
0.01292491
0.01295424
0.01295471
0.01268888
0.01275992
0.01276851
0.01293039
0.01292753
0.01279831
0.01293802
0.01281071
0.01284885
0.01279235
0.01295114
0.01292920
0.01292753
0.01298451
0.01261163
0.01283550
0.01301074
0.01311183
0.01282072
0.01294184
0.01290464
0.01278687
0.01288629
0.01281953
0.01278448
0.01305318
0.01299524
0.01292849
0.01295090
0.01232696
0.01288915
0.01280642
0.01291156
0.01285124
0.01304793
0.01302791
0.01302433
0.01292753
0.01307845
0.01300216
0.01305079
0.01285219
0.01295304
0.01261687
0.01273632
0.01291203
0.01321220
0.01287031
0.01285315
0.01285934
0.01298952
0.01296735
0.01281071
0.01290941
0.01280189
0.01283169
0.01316619
0.01288748
0.01287007
0.01282740
0.01283216
0.01284575
0.01301503
0.01284337
0.01292896
0.01289248
0.01329136
0.01292491
0.01286268
0.01305866
0.01306272
0.01295900
0.01281571
0.01293540
0.01295996
0.01280403
0.01307106
0.01287079
0.01292801
0.01290250
0.01304412
0.01308155
0.01263404
0.01295686
0.01304626
0.01310539
0.01294827
0.01300240
0.01299191
0.01288390
0.01311874
0.01293159
0.01311350
0.01308489
0.01302814
0.01290941
0.01298881
0.01303482
0.01311851
0.01270199
0.01299882
0.01309419
0.01299715
0.01294422
0.01299691
0.01304030
0.01301646
0.01303482
0.01293111
0.01314497
0.01288199
0.01298022
0.01308823
0.01310563
0.01297903
0.01301360
0.01298571
0.01306891
0.01331306
0.01318479
0.01297903
0.01311994
0.01293206
0.01316476
0.01288986
0.01313710
0.01300621
0.01305175
0.01294351
0.01302910
0.01325703
0.01285529
0.01296759
0.01300859
0.01294327
0.01311707
0.01303196
0.01301098
0.01310492
0.01295400
0.01287436
0.01313853
0.01303506
0.01301908
0.01293468
0.01296496
0.01304460
0.01291275
0.01310325
0.01288605
0.01274180
0.01285195
0.01275945
0.01294565
0.01290441
0.01275587
0.01287007
0.01303625
0.01282644
0.01298094
0.01295304
0.01278019
0.01318097
0.01286077
0.01294017
0.01291990
0.01298690
0.01302910
0.01294541
0.01269078
0.01296639
0.01317310
0.01295328
0.01294255
0.01303506
0.01287436
0.01297307
0.01286006
0.01283121
0.01284313
0.01282263
0.01286292
0.01282144
0.01274204
0.01287246
0.01294041
0.01297021
0.01300597
0.01291370
0.01285028
0.01271272
0.01278901
0.01293826
0.01290607
0.01281142
0.01289153
0.01272440
0.01271868
0.01274300
0.01296782
0.01272988
0.01295781
0.01286197
0.01289701
0.01299787
0.01266670
0.01285028
0.01270771
0.01282763
0.01279712
0.01270962
0.01272154
0.01291609
0.01290011
0.01301146
0.01294589
0.01269484
0.01281953
0.01294780
0.01278830
0.01297355
0.01308393
0.01279879
0.01283836
0.01279688
0.01280284
0.01286411
0.01286769
0.01264739
0.01273489
0.01285815
0.01310706
0.01269913
0.01265883
0.01286697
0.01282215
0.01295686
0.01268840
0.01285172
0.01291251
0.01261401
0.01251817
0.01286507
0.01289368
0.01314068
0.01297975
0.01298094
0.01292801
0.01283503
0.01303554
0.01272917
0.01282287
0.01278734
0.01284146
0.01289654
0.01297307
0.01284766
0.01292205
0.01282620
0.01284170
0.01275182
0.01292491
0.01288652
0.01297736
0.01300669
0.01289535
0.01278257
0.01297498
0.01286221
0.01274300
0.01305866
0.01286411
0.01290417
0.01300359
0.01281691
0.01307273
0.01327610
0.01298904
0.01303720
0.01301217
0.01272678
0.01291203
0.01309323
0.01299262
0.01298833
0.01302004
0.01327157
0.01285386
0.01305604
0.01301694
0.01297092
0.01296949
0.01302695
0.01305652
0.01288652
0.01306558
0.01327682
0.01289058
0.01311660
0.01318502
0.01309705
0.01306176
0.01320553
0.01332402
0.01330113
0.01315737
0.01308417
0.01333785
0.01314306
0.01328421
0.01314425
0.01283836
0.01322961
0.01330113
0.01316881
0.01312160
0.01327467
0.01317549
0.01341772
0.01340413
0.01339507
0.01320076
0.01328850
0.01327610
0.01326704
0.01337743
0.01317978
0.01319647
0.01306391
0.01328540
0.01319647
0.01342964
0.01338577
0.01320791
0.01323152
0.01325202
0.01316619
0.01324964
0.01331115
0.01328754
0.01329112
