228.000,236.000,80.000,64.000
230.547,233.453,80.000,64.000
233.094,236.566,80.000,64.000
234.510,243.076,80.000,64.000
232.528,250.717,80.000,64.000
228.283,255.529,80.000,64.000
226.868,248.453,80.000,64.000
228.283,234.019,80.000,64.000
225.736,227.509,80.000,64.000
226.585,240.245,80.000,64.000
222.906,260.340,80.000,64.000
222.622,266.284,80.000,64.000
226.868,252.982,80.000,64.000
231.679,230.623,80.000,64.000
232.528,219.584,80.000,64.000
235.076,232.321,80.000,64.000
241.532,240.716,81.770,65.416
251.078,233.483,81.770,65.416
250.210,216.994,81.770,65.416
235.457,210.919,81.770,65.416
208.440,215.297,83.579,66.863
185.081,227.421,83.579,66.863
198.387,237.770,83.579,66.863
230.025,245.162,83.579,66.863
235.052,248.415,83.579,66.863
212.960,246.141,85.428,68.343
189.688,242.212,85.428,68.343
170.043,235.865,85.428,68.343
164.301,237.981,85.428,68.343
179.714,241.305,85.428,68.343
200.568,234.959,85.428,68.343
202.684,221.963,85.428,68.343
195.733,218.034,85.428,68.343
193.617,224.380,85.428,68.343
204.800,224.078,85.428,68.343
213.564,220.754,85.428,68.343
212.053,215.011,85.428,68.343
205.706,221.358,85.428,68.343
207.822,242.817,85.428,68.343
212.355,267.297,85.428,68.343
216.284,271.831,85.428,68.343
208.124,261.253,85.428,68.343
193.919,261.555,85.428,68.343
182.132,268.506,85.428,68.343
181.226,274.249,85.428,68.343
195.430,276.364,85.428,68.343
209.635,278.480,85.428,68.343
215.982,283.618,85.428,68.343
216.889,278.480,85.428,68.343
218.400,261.253,85.428,68.343
230.792,244.026,85.428,68.343
244.392,239.492,85.428,68.343
259.806,251.279,85.428,68.343
255.877,257.021,85.428,68.343
232.605,251.884,85.428,68.343
209.333,241.305,85.428,68.343
199.964,235.563,85.428,68.343
205.102,237.679,85.428,68.343
213.867,244.630,85.428,68.343
226.863,249.163,85.428,68.343
236.232,238.585,85.428,68.343
237.138,223.776,85.428,68.343
232.605,221.660,85.428,68.343
239.556,221.358,85.428,68.343
255.575,218.638,85.428,68.343
276.428,213.500,85.428,68.343
282.775,219.847,85.428,68.343
280.055,236.470,85.428,68.343
265.246,248.861,85.428,68.343
255.208,245.283,87.318,69.855
262.313,233.235,87.318,69.855
270.653,221.805,87.318,69.855
274.669,220.879,87.318,69.855
277.450,208.831,87.318,69.855
264.166,186.280,87.318,69.855
240.997,172.378,87.318,69.855
216.593,169.598,87.318,69.855
202.691,167.436,87.318,69.855
207.943,168.980,87.318,69.855
219.991,164.347,87.318,69.855
224.625,155.388,87.318,69.855
229.258,166.200,87.318,69.855
230.803,183.191,87.318,69.855
223.106,197.481,89.250,71.400
218.370,204.744,89.250,71.400
206.056,202.533,89.250,71.400
189.321,194.640,89.250,71.400
184.585,183.588,89.250,71.400
195.636,166.222,89.250,71.400
217.423,169.695,89.250,71.400
241.104,204.112,89.250,71.400
247.735,230.951,89.250,71.400
242.999,245.792,89.250,71.400
234.474,241.687,89.250,71.400
226.580,223.689,89.250,71.400
222.475,210.743,89.250,71.400
224.054,209.164,89.250,71.400
228.790,212.006,89.250,71.400
238.578,207.901,89.250,71.400
240.789,195.587,89.250,71.400
228.474,192.745,89.250,71.400
216.160,205.059,89.250,71.400
220.265,219.268,89.250,71.400
252.787,224.005,89.250,71.400
284.047,215.479,89.250,71.400
279.310,205.059,89.250,71.400
254.366,209.164,89.250,71.400
230.053,217.690,89.250,71.400
215.213,219.900,89.250,71.400
213.002,206.954,89.250,71.400
211.424,194.640,89.250,71.400
216.160,199.376,89.250,71.400
218.370,210.427,89.250,71.400
247.104,218.321,89.250,71.400
282.152,221.794,89.250,71.400
290.046,217.690,89.250,71.400
272.048,204.744,89.250,71.400
218.054,191.166,89.250,71.400
153.186,185.463,91.225,72.980
132.073,182.819,89.280,71.424
141.864,184.398,89.280,71.424
159.868,185.977,89.280,71.424
165.238,182.503,89.280,71.424
173.766,180.292,89.280,71.424
191.770,175.554,89.280,71.424
207.878,177.765,89.280,71.424
215.143,190.715,89.280,71.424
218.617,197.980,89.280,71.424
225.882,198.928,89.280,71.424
229.357,192.926,89.280,71.424
234.726,190.715,89.280,71.424
234.410,199.875,89.280,71.424
232.831,203.981,89.280,71.424
252.098,206.824,89.280,71.424
272.629,220.406,89.280,71.424
282.420,244.727,89.280,71.424
278.946,265.257,89.280,71.424
276.103,280.103,89.280,71.424
278.946,286.104,89.280,71.424
276.103,278.208,89.280,71.424
279.578,268.416,89.280,71.424
281.789,255.466,89.280,71.424
279.578,229.250,89.280,71.424
282.420,198.612,89.280,71.424
277.683,197.664,89.280,71.424
269.154,228.302,89.280,71.424
256.836,269.679,89.280,71.424
252.098,297.159,89.280,71.424
249.887,296.211,89.280,71.424
239.464,265.573,89.280,71.424
227.145,257.677,89.280,71.424
219.881,262.415,89.280,71.424
220.197,254.518,89.280,71.424
219.249,238.410,89.280,71.424
222.092,230.513,89.280,71.424
232.515,232.092,89.280,71.424
237.885,222.933,89.280,71.424
235.042,198.612,89.280,71.424
224.619,171.132,89.280,71.424
224.303,167.026,89.280,71.424
230.304,177.449,89.280,71.424
241.359,185.346,89.280,71.424
244.833,186.925,89.280,71.424
233.778,185.977,89.280,71.424
212.616,188.820,89.280,71.424
190.190,184.082,89.280,71.424
184.821,176.186,89.280,71.424
202.193,160.709,89.280,71.424
216.406,140.178,89.280,71.424
210.405,124.069,89.280,71.424
206.299,123.122,89.280,71.424
207.878,139.862,89.280,71.424
211.984,147.759,89.280,71.424
226.198,144.284,89.280,71.424
232.199,143.337,89.280,71.424
232.515,149.338,89.280,71.424
235.358,166.078,89.280,71.424
228.093,192.926,89.280,71.424
213.248,211.562,89.280,71.424
208.510,213.141,89.280,71.424
210.089,195.137,89.280,71.424
201.561,161.341,89.280,71.424
186.716,116.805,89.280,71.424
183.873,103.223,89.280,71.424
193.665,121.858,89.280,71.424
209.142,146.179,89.280,71.424
229.672,156.603,89.280,71.424
246.151,158.278,87.376,69.901
244.605,151.786,87.376,69.901
241.205,143.440,87.376,69.901
246.460,150.550,87.376,69.901
244.914,161.987,87.376,69.901
237.186,165.387,87.376,69.901
231.931,173.115,87.376,69.901
232.240,183.935,87.376,69.901
236.259,183.625,87.376,69.901
242.132,180.843,87.376,69.901
248.624,175.588,87.376,69.901
247.078,161.060,87.376,69.901
244.508,170.870,89.309,71.447
238.505,216.684,89.309,71.447
242.612,257.443,89.309,71.447
253.671,270.397,89.309,71.447
264.098,273.873,89.309,71.447
256.830,259.655,89.309,71.447
242.860,243.667,87.404,69.924
246.262,251.397,87.404,69.924
259.558,267.786,87.404,69.924
266.749,271.214,85.540,68.432
263.420,258.806,85.540,68.432
254.039,246.399,85.540,68.432
247.078,240.649,85.540,68.432
252.223,235.504,85.540,68.432
266.447,219.465,85.540,68.432
266.749,194.952,85.540,68.432
261.605,187.991,85.540,68.432
260.697,204.636,85.540,68.432
264.026,229.149,85.540,68.432
259.486,231.872,85.540,68.432
246.473,219.465,85.540,68.432
232.250,208.873,85.540,68.432
225.289,223.096,85.540,68.432
229.829,254.872,85.540,68.432
241.026,270.911,85.540,68.432
246.776,256.083,85.540,68.432
232.552,220.675,85.540,68.432
226.197,208.873,85.540,68.432
249.499,217.649,85.540,68.432
281.275,223.399,85.540,68.432
294.894,207.965,85.540,68.432
274.012,182.242,85.540,68.432
236.789,172.255,85.540,68.432
197.750,184.663,85.540,68.432
179.895,191.623,85.540,68.432
177.777,182.242,85.540,68.432
181.711,167.413,85.540,68.432
197.750,162.873,85.540,68.432
231.655,159.918,87.433,69.946
256.710,154.041,87.433,69.946
258.876,152.495,87.433,69.946
241.244,158.990,87.433,69.946
217.426,158.063,87.433,69.946
199.176,170.126,87.433,69.946
190.206,187.139,87.433,69.946
182.473,203.533,87.433,69.946
162.367,206.936,87.433,69.946
141.642,191.779,87.433,69.946
142.276,173.145,85.569,68.455
167.402,178.897,85.569,68.455
193.134,202.813,85.569,68.455
200.097,227.333,85.569,68.455
195.556,237.929,85.569,68.455
183.750,228.544,85.569,68.455
174.971,218.554,85.569,68.455
175.879,223.701,85.569,68.455
190.107,228.847,85.569,68.455
223.395,226.519,87.462,69.969
266.405,215.690,87.462,69.969
293.325,199.290,87.462,69.969
290.540,200.218,87.462,69.969
269.190,219.093,87.462,69.969
254.316,227.892,85.597,68.477
248.562,217.899,85.597,68.477
234.329,194.581,85.597,68.477
211.012,180.348,85.597,68.477
190.722,183.073,85.597,68.477
193.448,203.363,85.597,68.477
225.244,236.371,85.597,68.477
248.562,252.421,85.597,68.477
240.991,244.244,85.597,68.477
218.845,227.170,83.771,67.017
201.360,216.797,83.771,67.017
208.176,227.763,83.771,67.017
242.259,249.990,83.771,67.017
275.155,256.214,83.771,67.017
281.379,242.877,83.771,67.017
266.264,226.577,83.771,67.017
242.259,210.870,83.771,67.017
237.220,199.311,83.771,67.017
263.004,208.499,83.771,67.017
284.047,219.464,83.771,67.017
268.339,210.277,83.771,67.017
241.369,192.791,83.771,67.017
241.073,188.938,83.771,67.017
261.523,185.678,83.771,67.017
277.823,183.604,83.771,67.017
271.006,176.787,83.771,67.017
251.150,164.636,83.771,67.017
249.075,170.860,83.771,67.017
254.113,181.825,83.771,67.017
260.337,180.936,83.771,67.017
273.081,168.785,83.771,67.017
286.418,170.267,83.771,67.017
299.754,190.716,83.771,67.017
303.607,209.980,83.771,67.017
296.790,210.870,83.771,67.017
291.752,201.682,83.771,67.017
277.823,195.458,83.771,67.017
234.439,198.744,81.985,65.588
194.703,210.636,81.985,65.588
205.434,210.926,81.985,65.588
230.669,191.493,81.985,65.588
245.461,183.081,81.985,65.588
240.530,181.051,81.985,65.588
223.998,190.623,81.985,65.588
231.249,210.056,81.985,65.588
263.444,215.567,81.985,65.588
289.258,201.354,81.985,65.588
305.791,180.761,81.985,65.588
304.921,166.548,81.985,65.588
287.808,173.220,81.985,65.588
281.717,204.255,81.985,65.588
301.731,226.589,81.985,65.588
327.545,212.376,81.985,65.588
336.536,187.142,81.985,65.588
326.385,181.051,81.985,65.588
309.272,192.363,81.985,65.588
295.640,202.514,81.985,65.588
294.189,205.125,81.985,65.588
296.220,199.614,81.985,65.588
290.129,193.523,81.985,65.588
286.358,188.012,81.985,65.588
287.228,184.822,81.985,65.588
281.717,183.951,81.985,65.588
269.825,186.562,81.985,65.588
266.055,190.913,81.985,65.588
267.505,195.263,81.985,65.588
266.635,200.774,81.985,65.588
265.765,202.224,81.985,65.588
279.977,211.216,81.985,65.588
294.769,221.368,81.985,65.588
289.839,226.879,81.985,65.588
275.046,224.268,81.985,65.588
265.474,213.536,81.985,65.588
269.825,215.567,81.985,65.588
286.358,222.238,81.985,65.588
279.733,219.406,83.799,67.039
234.822,215.896,85.653,68.522
219.368,211.350,85.653,68.522
231.792,199.532,85.653,68.522
238.155,196.805,85.653,68.522
243.913,197.714,85.653,68.522
248.458,199.229,85.653,68.522
244.519,204.381,85.653,68.522
239.367,207.714,85.653,68.522
253.004,204.381,85.653,68.522
255.125,202.866,85.653,68.522
242.095,200.745,85.653,68.522
247.852,194.987,85.653,68.522
258.458,186.805,85.653,68.522
249.670,176.806,85.653,68.522
246.787,174.908,83.826,67.061
253.014,187.067,83.826,67.061
258.649,193.295,83.826,67.061
251.828,195.964,83.826,67.061
234.924,187.363,83.826,67.061
222.172,171.645,83.826,67.061
