123.000,87.000,132.000,176.000
123.605,86.395,132.000,176.000
126.629,87.000,132.000,176.000
126.024,85.186,132.000,176.000
127.838,85.790,132.000,176.000
130.862,85.186,132.000,176.000
132.676,84.581,132.000,176.000
133.281,86.395,132.000,176.000
135.095,87.000,132.000,176.000
135.700,85.186,132.000,176.000
138.724,87.000,132.000,176.000
139.328,85.186,132.000,176.000
138.724,87.000,132.000,176.000
140.400,85.680,134.921,179.894
139.782,85.062,134.921,179.894
141.637,84.444,134.921,179.894
143.491,86.299,134.921,179.894
141.637,85.680,134.921,179.894
143.491,83.826,134.921,179.894
144.109,84.444,134.921,179.894
143.491,86.299,134.921,179.894
144.109,83.208,134.921,179.894
141.019,85.062,134.921,179.894
141.637,83.208,134.921,179.894
137.310,85.062,134.921,179.894
134.219,81.972,134.921,179.894
132.365,83.826,134.921,179.894
130.510,81.972,134.921,179.894
129.892,83.826,134.921,179.894
130.510,80.735,134.921,179.894
128.656,83.826,134.921,179.894
130.510,80.735,134.921,179.894
129.892,83.826,134.921,179.894
130.510,81.972,134.921,179.894
131.128,85.062,134.921,179.894
132.983,83.208,134.921,179.894
134.837,85.062,134.921,179.894
134.219,83.208,134.921,179.894
134.837,86.299,134.921,179.894
136.692,84.444,134.921,179.894
136.074,86.299,134.921,179.894
136.692,84.444,134.921,179.894
136.074,86.299,134.921,179.894
136.692,84.444,134.921,179.894
137.310,86.299,134.921,179.894
137.928,84.444,134.921,179.894
137.310,86.299,134.921,179.894
136.692,84.444,134.921,179.894
137.310,86.299,134.921,179.894
137.928,84.444,134.921,179.894
139.782,85.062,134.921,179.894
140.400,83.208,134.921,179.894
141.019,85.062,134.921,179.894
144.109,81.972,134.921,179.894
143.491,83.826,134.921,179.894
145.345,81.972,134.921,179.894
144.727,83.826,134.921,179.894
146.582,80.735,134.921,179.894
145.964,82.590,134.921,179.894
146.582,80.735,134.921,179.894
145.964,82.590,134.921,179.894
146.582,80.735,134.921,179.894
144.727,82.590,134.921,179.894
144.109,79.499,134.921,179.894
142.255,83.826,134.921,179.894
140.400,80.735,134.921,179.894
141.019,82.590,134.921,179.894
139.164,80.735,134.921,179.894
137.310,82.590,134.921,179.894
136.692,80.735,134.921,179.894
138.546,82.590,134.921,179.894
136.692,80.735,134.921,179.894
139.782,81.354,134.921,179.894
136.692,81.972,134.921,179.894
139.782,80.117,134.921,179.894
136.692,81.972,134.921,179.894
138.546,81.354,134.921,179.894
133.847,81.287,137.906,183.874
137.006,79.392,137.906,183.874
135.111,82.551,137.906,183.874
138.270,79.392,137.906,183.874
137.638,82.551,137.906,183.874
138.270,80.656,137.906,183.874
141.429,82.551,137.906,183.874
140.797,84.446,137.906,183.874
141.429,82.551,137.906,183.874
142.060,85.710,137.906,183.874
141.429,83.815,137.906,183.874
144.588,85.710,137.906,183.874
142.692,85.078,137.906,183.874
144.588,84.446,137.906,183.874
143.956,87.605,137.906,183.874
145.851,83.183,137.906,183.874
147.747,87.605,137.906,183.874
147.115,84.446,137.906,183.874
149.010,88.869,137.906,183.874
148.378,83.183,137.906,183.874
149.010,87.605,137.906,183.874
147.115,84.446,137.906,183.874
149.010,87.605,137.906,183.874
145.851,83.183,137.906,183.874
147.747,86.342,137.906,183.874
145.851,85.710,137.906,183.874
147.747,83.815,137.906,183.874
145.851,85.710,137.906,183.874
149.010,82.551,137.906,183.874
150.906,85.710,137.906,183.874
151.537,80.024,137.906,183.874
152.169,84.446,137.906,183.874
154.065,82.551,137.906,183.874
154.696,83.183,137.906,183.874
156.592,81.287,137.906,183.874
157.224,81.919,137.906,183.874
160.383,80.024,137.906,183.874
162.278,81.919,137.906,183.874
164.174,80.024,137.906,183.874
167.333,80.656,137.906,183.874
170.492,78.760,137.906,183.874
172.387,79.392,137.906,183.874
175.546,80.024,137.906,183.874
179.969,76.865,137.906,183.874
181.864,78.760,137.906,183.874
187.597,76.458,134.965,179.953
189.452,78.313,134.965,179.953
193.781,75.221,134.965,179.953
196.872,75.840,134.965,179.953
201.201,75.221,134.965,179.953
206.766,70.893,134.965,179.953
209.857,72.748,134.965,179.953
215.422,68.420,134.965,179.953
219.751,69.038,134.965,179.953
224.079,64.710,134.965,179.953
229.644,65.328,134.965,179.953
233.972,63.473,134.965,179.953
239.537,62.855,134.965,179.953
243.866,63.473,134.965,179.953
246.957,61.618,134.965,179.953
251.286,62.236,134.965,179.953
254.377,64.091,134.965,179.953
257.469,64.710,134.965,179.953
261.797,66.565,134.965,179.953
263.652,65.946,134.965,179.953
267.981,67.801,134.965,179.953
271.072,68.420,134.965,179.953
276.637,69.038,134.965,179.953
282.202,68.420,134.965,179.953
289.004,70.275,134.965,179.953
292.096,72.130,134.965,179.953
298.897,71.511,134.965,179.953
304.462,74.603,134.965,179.953
310.027,72.748,134.965,179.953
314.356,74.603,134.965,179.953
322.394,73.985,134.965,179.953
327.959,72.130,134.965,179.953
333.524,71.511,134.965,179.953
340.326,72.130,134.965,179.953
348.364,71.511,134.965,179.953
356.402,70.893,134.965,179.953
363.205,71.024,132.087,176.115
369.863,73.485,129.270,172.360
377.562,71.708,129.270,172.360
382.893,72.300,129.270,172.360
388.223,72.893,129.270,172.360
393.553,72.300,129.270,172.360
398.883,72.893,129.270,172.360
403.029,71.116,129.270,172.360
407.175,71.708,129.270,172.360
408.951,71.116,129.270,172.360
411.912,72.893,129.270,172.360
413.689,72.300,129.270,172.360
417.835,74.077,129.270,172.360
418.427,77.038,129.270,172.360
420.204,77.631,129.270,172.360
421.981,78.223,129.270,172.360
422.573,82.368,129.270,172.360
424.350,79.407,129.270,172.360
424.942,83.553,129.270,172.360
421.981,82.961,129.270,172.360
422.573,84.737,129.270,172.360
421.981,84.145,129.270,172.360
420.505,87.696,126.513,168.684
418.766,87.116,126.513,168.684
417.027,86.536,126.513,168.684
415.288,87.116,126.513,168.684
412.390,87.696,126.513,168.684
410.651,85.957,126.513,168.684
410.072,87.696,126.513,168.684
407.174,85.957,126.513,168.684
406.594,86.536,126.513,168.684
404.855,87.116,126.513,168.684
403.116,85.377,126.513,168.684
401.378,87.116,126.513,168.684
399.639,85.377,126.513,168.684
399.059,88.275,126.513,168.684
396.161,86.536,126.513,168.684
395.581,89.434,126.513,168.684
395.002,90.014,126.513,168.684
394.422,90.594,126.513,168.684
393.843,92.332,126.513,168.684
392.104,92.912,126.513,168.684
390.365,93.492,126.513,168.684
390.945,96.390,126.513,168.684
388.383,99.864,123.815,165.087
384.412,102.701,123.815,165.087
379.307,104.402,123.815,165.087
376.471,109.508,123.815,165.087
374.769,112.344,123.815,165.087
373.067,116.315,123.815,165.087
374.769,116.882,123.815,165.087
370.798,120.853,123.815,165.087
367.962,125.958,123.815,165.087
375.336,136.736,123.815,165.087
373.634,144.110,123.815,165.087
369.664,144.677,123.815,165.087
366.827,142.975,123.815,165.087
362.857,142.408,123.815,165.087
357.751,145.244,123.815,165.087
357.184,146.946,123.815,165.087
357.751,148.648,123.815,165.087
358.319,149.215,123.815,165.087
356.617,150.917,123.815,165.087
357.184,152.619,123.815,165.087
356.617,154.320,123.815,165.087
357.184,157.157,123.815,165.087
356.617,157.724,123.815,165.087
356.050,159.426,123.815,165.087
356.617,163.396,123.815,165.087
357.184,163.964,123.815,165.087
356.617,165.665,123.815,165.087
358.319,167.367,123.815,165.087
357.751,169.069,123.815,165.087
358.319,170.771,123.815,165.087
358.886,171.338,123.815,165.087
359.453,173.040,123.815,165.087
357.751,172.472,123.815,165.087
358.319,171.905,123.815,165.087
356.617,172.472,123.815,165.087
357.184,173.040,123.815,165.087
355.482,173.607,123.815,165.087
356.050,171.905,123.815,165.087
356.617,173.607,123.815,165.087
353.781,174.174,123.815,165.087
354.348,173.607,123.815,165.087
352.646,174.174,123.815,165.087
350.944,173.607,123.815,165.087
351.512,170.771,123.815,165.087
350.944,171.338,123.815,165.087
349.243,169.636,123.815,165.087
348.675,167.934,123.815,165.087
348.108,166.233,123.815,165.087
346.406,166.800,123.815,165.087
345.839,163.964,123.815,165.087
345.272,164.531,123.815,165.087
344.705,161.695,123.815,165.087
343.003,162.262,123.815,165.087
341.301,160.560,123.815,165.087
338.465,159.993,123.815,165.087
336.763,159.426,123.815,165.087
335.061,161.127,123.815,165.087
332.225,158.291,123.815,165.087
329.389,161.127,123.815,165.087
325.418,159.426,123.815,165.087
322.582,162.262,123.815,165.087
318.611,160.560,123.815,165.087
314.299,161.677,126.555,168.739
310.240,161.097,126.555,168.739
307.341,162.836,126.555,168.739
303.282,163.416,126.555,168.739
299.224,166.315,126.555,168.739
296.019,166.253,129.355,172.473
293.056,166.846,129.355,172.473
288.907,166.253,129.355,172.473
285.944,166.846,129.355,172.473
281.796,166.253,129.355,172.473
277.647,166.846,129.355,172.473
273.499,163.882,129.355,172.473
268.165,163.290,129.355,172.473
261.646,160.327,129.355,172.473
256.313,160.919,129.355,172.473
249.794,159.141,129.355,172.473
244.059,157.848,132.217,176.289
239.819,153.608,132.217,176.289
235.578,154.214,132.217,176.289
230.973,149.121,135.142,180.189
226.639,148.502,135.142,180.189
221.933,143.297,138.132,184.176
218.768,141.398,138.132,184.176
215.604,138.234,138.132,184.176
211.174,136.336,138.132,184.176
208.010,134.437,138.132,184.176
206.112,130.007,138.132,184.176
201.301,128.626,141.188,188.251
199.360,125.392,141.188,188.251
200.007,124.745,141.188,188.251
195.479,121.511,141.188,188.251
196.126,122.158,141.188,188.251
192.892,120.217,141.188,188.251
193.538,120.864,141.188,188.251
189.011,118.924,141.188,188.251
187.070,118.277,141.188,188.251
185.130,118.924,141.188,188.251
184.483,116.983,141.188,188.251
182.542,117.630,141.188,188.251
180.602,115.690,141.188,188.251
177.367,116.336,141.188,188.251
176.721,115.690,141.188,188.251
174.780,113.749,141.188,188.251
172.839,113.102,141.188,188.251
172.193,112.455,141.188,188.251
168.958,109.221,141.188,188.251
167.018,111.162,141.188,188.251
165.077,107.927,141.188,188.251
163.137,107.281,141.188,188.251
161.196,106.634,141.188,188.251
161.843,103.399,141.188,188.251
159.903,104.046,141.188,188.251
157.962,104.693,141.188,188.251
156.021,101.459,141.188,188.251
154.081,102.106,141.188,188.251
152.140,100.165,141.188,188.251
151.494,102.106,141.188,188.251
150.847,98.872,141.188,188.251
151.494,98.225,141.188,188.251
150.847,96.284,141.188,188.251
151.494,96.931,141.188,188.251
150.847,94.991,141.188,188.251
151.494,93.050,141.188,188.251
150.847,92.403,141.188,188.251
151.494,89.169,141.188,188.251
149.553,88.522,141.188,188.251
148.906,86.582,141.188,188.251
148.259,85.935,141.188,188.251
147.612,86.582,141.188,188.251
146.966,84.641,141.188,188.251
146.319,83.994,141.188,188.251
148.259,85.935,141.188,188.251
146.319,86.582,141.188,188.251
145.672,87.228,141.188,188.251
147.612,89.169,141.188,188.251
145.672,88.522,141.188,188.251
148.906,90.463,141.188,188.251
146.966,87.228,141.188,188.251
148.906,91.756,141.188,188.251
150.847,89.816,141.188,188.251
154.081,91.756,141.188,188.251
154.728,91.109,141.188,188.251
156.668,91.756,141.188,188.251
157.315,93.697,141.188,188.251
156.668,94.344,141.188,188.251
161.196,96.284,141.188,188.251
161.843,96.931,141.188,188.251
165.077,97.578,141.188,188.251
167.018,96.931,141.188,188.251
168.958,98.872,141.188,188.251
169.605,99.518,141.188,188.251
172.839,98.872,141.188,188.251
171.949,98.802,144.312,192.416
173.932,96.819,144.312,192.416
173.271,97.480,144.312,192.416
172.610,96.819,144.312,192.416
169.304,98.802,144.312,192.416
172.610,96.819,144.312,192.416
165.337,100.125,144.312,192.416
169.965,96.819,144.312,192.416
169.304,96.158,144.312,192.416
173.932,95.497,144.312,192.416
171.949,98.802,144.312,192.416
175.254,96.819,144.312,192.416
173.271,96.158,144.312,192.416
175.254,91.530,144.312,192.416
171.949,92.191,144.312,192.416
172.610,94.174,144.312,192.416
171.949,93.513,144.312,192.416
173.932,90.207,144.312,192.416
173.271,90.868,144.312,192.416
175.254,88.885,144.312,192.416
174.593,88.224,144.312,192.416
175.254,87.563,144.312,192.416
175.916,86.901,144.312,192.416
176.577,87.563,144.312,192.416
178.560,88.224,144.312,192.416
180.544,88.885,144.312,192.416
182.527,88.224,144.312,192.416
184.511,90.207,144.312,192.416
183.849,89.546,144.312,192.416
187.155,90.207,144.312,192.416
185.172,92.191,144.312,192.416
188.622,94.880,141.234,188.312
187.975,94.233,141.234,188.312
187.328,96.174,141.234,188.312
190.563,94.233,141.234,188.312
188.622,97.468,141.234,188.312
190.563,94.233,141.234,188.312
189.916,98.762,141.234,188.312
189.269,95.527,141.234,188.312
191.210,97.468,141.234,188.312
190.563,98.115,141.234,188.312
191.210,100.056,141.234,188.312
189.269,98.115,141.234,188.312
192.505,100.056,141.234,188.312
189.269,99.409,141.234,188.312
189.916,100.056,141.234,188.312
187.975,100.703,141.234,188.312
188.622,98.762,141.234,188.312
189.269,100.703,141.234,188.312
187.328,100.056,141.234,188.312
189.269,100.703,141.234,188.312
187.328,98.762,141.234,188.312
189.269,100.703,141.234,188.312
187.328,98.762,141.234,188.312
189.269,100.703,141.234,188.312
188.622,98.762,141.234,188.312
189.269,100.703,141.234,188.312
188.622,97.468,141.234,188.312
189.269,100.703,141.234,188.312
188.622,97.468,141.234,188.312
189.269,99.409,141.234,188.312
188.622,97.468,141.234,188.312
189.269,98.115,141.234,188.312
189.916,98.762,141.234,188.312
189.269,98.115,141.234,188.312
188.622,100.056,141.234,188.312
189.269,98.115,141.234,188.312
188.622,100.056,141.234,188.312
189.269,98.115,141.234,188.312
188.622,101.350,141.234,188.312
189.269,96.821,141.234,188.312
189.916,101.350,141.234,188.312
187.975,98.115,141.234,188.312
189.916,102.644,141.234,188.312
189.269,99.409,141.234,188.312
188.622,102.644,141.234,188.312
190.563,99.409,141.234,188.312
188.622,102.644,141.234,188.312
190.563,100.703,141.234,188.312
189.916,102.644,141.234,188.312
189.269,100.703,141.234,188.312
189.916,103.939,141.234,188.312
189.269,100.703,141.234,188.312
189.916,103.939,141.234,188.312
189.269,103.291,141.234,188.312
189.916,105.233,141.234,188.312
189.269,101.997,141.234,188.312
189.916,105.233,141.234,188.312
189.269,103.291,141.234,188.312
189.916,106.527,141.234,188.312
189.269,103.291,141.234,188.312
189.916,107.821,141.234,188.312
189.269,103.291,141.234,188.312
191.210,107.821,141.234,188.312
190.563,103.291,141.234,188.312
191.210,107.821,141.234,188.312
190.563,104.586,141.234,188.312
191.210,107.821,141.234,188.312
190.563,105.880,141.234,188.312
191.210,109.115,141.234,188.312
191.858,107.174,141.234,188.312
192.505,109.115,141.234,188.312
191.858,105.880,141.234,188.312
192.505,109.115,141.234,188.312
191.858,107.174,141.234,188.312
191.210,110.409,141.234,188.312
191.858,105.880,141.234,188.312
193.799,110.409,141.234,188.312
193.152,105.880,141.234,188.312
192.505,110.409,141.234,188.312
193.152,105.880,141.234,188.312
192.505,110.409,141.234,188.312
193.152,105.880,141.234,188.312
192.505,110.409,141.234,188.312
193.152,105.880,141.234,188.312
192.505,110.409,141.234,188.312
194.446,105.880,141.234,188.312
193.799,110.409,141.234,188.312
197.034,107.174,141.234,188.312
196.387,111.703,141.234,188.312
197.034,107.174,141.234,188.312
198.975,111.703,141.234,188.312
198.328,108.468,141.234,188.312
198.975,111.703,141.234,188.312
198.328,108.468,141.234,188.312
200.269,110.409,141.234,188.312
200.916,108.468,141.234,188.312
202.857,110.409,141.234,188.312
203.505,108.468,141.234,188.312
205.446,110.409,141.234,188.312
207.387,108.468,141.234,188.312
209.328,111.703,141.234,188.312
211.269,109.762,141.234,188.312
214.504,111.703,141.234,188.312
217.740,111.056,141.234,188.312
220.975,112.997,141.234,188.312
220.328,112.350,141.234,188.312
224.857,110.409,141.234,188.312
226.799,113.644,141.234,188.312
228.740,110.409,141.234,188.312
230.681,113.644,141.234,188.312
232.622,110.409,141.234,188.312
234.563,113.644,141.234,188.312
235.210,111.703,141.234,188.312
237.151,114.938,141.234,188.312
237.798,112.997,141.234,188.312
241.034,114.938,141.234,188.312
241.681,114.291,141.234,188.312
243.622,114.938,141.234,188.312
245.563,112.997,141.234,188.312
247.504,114.938,141.234,188.312
249.445,112.997,141.234,188.312
251.387,114.938,141.234,188.312
252.034,112.997,141.234,188.312
252.681,114.938,141.234,188.312
254.622,111.703,141.234,188.312
256.563,111.056,141.234,188.312
258.504,110.409,141.234,188.312
261.740,107.174,141.234,188.312
263.681,110.409,141.234,188.312
264.328,105.880,141.234,188.312
266.269,107.821,141.234,188.312
268.210,105.880,141.234,188.312
270.151,106.527,141.234,188.312
272.092,104.586,141.234,188.312
274.034,105.233,141.234,188.312
275.975,104.586,141.234,188.312
277.916,102.644,141.234,188.312
279.857,101.997,141.234,188.312
283.092,100.056,141.234,188.312
285.033,100.703,141.234,188.312
288.269,97.468,141.234,188.312
290.210,98.115,141.234,188.312
293.445,96.174,141.234,188.312
295.386,96.821,141.234,188.312
298.622,93.586,141.234,188.312
300.563,94.233,141.234,188.312
303.798,93.586,141.234,188.312
305.739,91.644,141.234,188.312
307.680,93.586,141.234,188.312
308.328,91.644,141.234,188.312
311.563,92.291,141.234,188.312
310.916,92.938,141.234,188.312
311.563,89.703,141.234,188.312
313.504,90.350,141.234,188.312
312.857,88.409,141.234,188.312
313.504,91.644,141.234,188.312
311.563,90.997,141.234,188.312
307.986,90.928,144.359,192.479
304.680,94.235,144.359,192.479
304.018,94.896,144.359,192.479
300.711,96.880,144.359,192.479
297.056,99.554,147.553,196.737
293.676,101.582,147.553,196.737
289.939,102.913,150.818,201.090
286.485,102.222,150.818,201.090
282.666,102.148,154.155,205.539
279.134,105.679,154.155,205.539
277.016,109.210,154.155,205.539
272.072,111.329,154.155,205.539
268.168,114.184,157.565,210.087
261.183,117.103,161.051,214.735
257.493,117.841,161.051,214.735
253.804,123.006,161.051,214.735
247.163,123.744,161.051,214.735
240.023,126.727,164.615,219.486
236.252,124.464,164.615,219.486
238.515,128.235,164.615,219.486
234.346,125.025,168.257,224.342
233.576,118.087,168.257,224.342
229.315,108.407,171.979,229.306
226.951,99.740,171.979,229.306
222.596,83.307,175.784,234.379
220.180,71.226,175.784,234.379
219.375,59.146,175.784,234.379
220.473,50.002,172.036,229.381
220.028,39.533,168.367,224.489
218.106,32.261,164.777,219.702
217.351,23.957,164.777,219.702
212.067,17.163,164.777,219.702
211.312,8.859,164.777,219.702
209.047,0.555,164.777,219.702
208.292,4.329,164.777,219.702
204.518,-2.465,164.777,219.702
202.253,1.310,164.777,219.702
199.988,3.575,164.777,219.702
197.724,7.349,164.777,219.702
198.478,9.614,164.777,219.702
196.597,12.684,161.263,215.017
191.426,16.378,161.263,215.017
190.687,20.072,161.263,215.017
189.948,25.244,161.263,215.017
188.107,23.976,157.824,210.432
187.699,31.098,154.458,205.944
191.392,36.704,151.164,201.552
186.996,39.521,147.941,197.254
187.920,38.358,144.786,193.048
186.267,41.056,141.698,188.931
185.618,39.108,141.698,188.931
184.000,44.251,138.676,184.902
180.824,41.075,138.676,184.902
178.918,39.169,138.676,184.902
175.741,43.616,138.676,184.902
172.564,45.522,138.676,184.902
169.388,47.428,138.676,184.902
166.211,50.605,138.676,184.902
161.764,53.781,138.676,184.902
159.858,56.958,138.676,184.902
157.952,60.135,138.676,184.902
156.046,63.311,138.676,184.902
157.952,66.488,138.676,184.902
154.775,67.123,138.676,184.902
156.681,67.759,138.676,184.902
154.775,72.206,138.676,184.902
154.140,70.300,138.676,184.902
153.504,74.747,138.676,184.902
152.869,79.195,138.676,184.902
154.960,85.453,135.719,180.959
151.851,88.562,135.719,180.959
151.229,91.671,135.719,180.959
149.364,94.780,135.719,180.959
147.498,97.889,135.719,180.959
149.364,102.241,135.719,180.959
145.011,105.350,135.719,180.959
143.146,107.215,135.719,180.959
142.524,109.081,135.719,180.959
145.633,112.190,135.719,180.959
146.255,110.324,135.719,180.959
148.120,113.433,135.719,180.959
152.473,114.055,135.719,180.959
156.825,112.190,135.719,180.959
157.447,115.299,135.719,180.959
161.800,117.164,135.719,180.959
163.665,116.542,135.719,180.959
165.530,118.408,135.719,180.959
171.127,120.273,135.719,180.959
175.570,125.199,132.825,177.100
172.528,124.591,132.825,177.100
173.136,119.114,132.825,177.100
170.093,120.939,132.825,177.100
173.136,115.463,132.825,177.100
171.310,113.637,132.825,177.100
173.313,110.247,129.992,173.323
170.336,106.078,129.992,173.323
168.549,101.909,129.992,173.323
166.762,100.122,129.992,173.323
166.167,98.336,129.992,173.323
163.189,100.122,129.992,173.323
164.001,96.804,127.220,169.627
159.921,100.884,127.220,169.627
160.504,99.136,127.220,169.627
156.424,98.553,127.220,169.627
155.841,101.467,127.220,169.627
157.590,98.553,127.220,169.627
154.675,101.467,127.220,169.627
159.921,104.381,127.220,169.627
162.835,106.130,127.220,169.627
166.915,103.215,127.220,169.627
170.995,101.467,127.220,169.627
178.531,104.961,124.507,166.010
185.907,102.882,121.852,162.469
188.698,106.790,121.852,162.469
188.140,106.232,121.852,162.469
182.737,110.806,124.548,166.064
176.461,117.082,124.548,166.064
178.043,114.653,127.304,169.738
180.959,118.736,127.304,169.738
180.156,113.833,130.120,173.494
178.368,115.621,130.120,173.494
181.258,108.135,132.999,177.332
174.097,103.013,135.942,181.256
166.000,106.127,135.942,181.256
169.114,105.504,135.942,181.256
163.509,107.372,135.942,181.256
165.377,109.241,135.942,181.256
163.509,112.355,135.942,181.256
167.820,103.242,138.949,185.266
164.638,108.971,138.949,185.266
166.403,103.619,142.024,189.365
172.259,95.161,142.024,189.365
165.962,100.492,145.166,193.555
174.608,91.846,145.166,193.555
172.613,104.482,145.166,193.555
176.084,105.905,142.070,189.427
171.528,109.159,142.070,189.427
177.434,115.571,139.041,185.387
183.167,113.660,139.041,185.387
187.626,114.297,139.041,185.387
193.359,116.208,139.041,185.387
197.818,115.571,139.041,185.387
201.003,120.030,139.041,185.387
201.448,114.674,142.117,189.489
191.681,112.721,142.117,189.489
180.613,109.466,142.117,189.489
172.148,107.512,142.117,189.489
162.382,104.257,142.117,189.489
146.624,98.783,145.261,193.682
129.136,102.855,148.475,197.967
123.014,95.372,148.475,197.967
126.415,94.692,148.475,197.967
125.478,90.385,151.760,202.347
117.307,100.409,155.118,206.824
120.753,92.960,158.550,211.400
112.216,88.360,162.058,216.077
118.898,98.012,162.058,216.077
125.635,98.169,158.602,211.469
130.666,104.123,162.111,216.148
137.350,101.895,162.111,216.148
145.521,102.052,158.654,211.538
158.095,92.924,162.164,216.219
170.946,94.387,165.752,221.002
184.082,84.851,169.419,225.892
195.724,90.284,169.419,225.892
207.367,81.746,169.419,225.892
219.183,81.663,173.167,230.890
234.257,87.217,173.167,230.890
244.570,84.837,173.167,230.890
254.884,82.457,173.167,230.890
263.669,79.079,176.999,235.998
267.723,79.890,176.999,235.998
265.290,83.945,176.999,235.998
254.078,80.493,180.915,241.220
234.018,87.283,184.918,246.557
220.475,100.528,180.974,241.299
222.962,98.040,180.974,241.299
223.791,90.578,180.974,241.299
226.279,83.116,180.974,241.299
230.424,72.338,180.974,241.299
241.145,82.103,177.115,236.153
241.956,84.537,177.115,236.153
249.319,92.530,173.338,231.117
248.871,98.821,169.641,226.189
243.431,91.827,169.641,226.189
234.297,93.356,173.395,231.193
225.559,89.384,173.395,231.193
219.998,98.123,173.395,231.193
217.615,108.450,173.395,231.193
221.761,122.400,169.697,226.263
225.648,135.617,169.697,226.263
229.705,129.787,166.078,221.438
235.032,119.895,166.078,221.438
243.401,126.743,166.078,221.438
250.249,118.373,166.078,221.438
260.087,118.534,162.536,216.715
272.586,127.305,159.070,212.094
283.518,132.406,159.070,212.094
294.346,128.346,155.678,207.571
305.044,137.618,155.678,207.571
314.266,133.644,152.358,203.144
324.736,146.906,152.358,203.144
335.207,154.585,152.358,203.144
344.281,151.094,152.358,203.144
353.355,162.961,152.358,203.144
361.035,172.528,149.109,198.812
367.183,171.844,149.109,198.812
373.331,175.260,149.109,198.812
375.381,174.577,149.109,198.812
377.275,174.504,152.408,203.211
386.303,181.382,149.158,198.877
389.720,186.165,149.158,198.877
389.334,182.358,145.977,194.636
395.403,186.367,142.864,190.486
393.440,183.094,142.864,190.486
400.639,191.603,142.864,190.486
403.912,188.331,142.864,190.486
403.257,191.603,142.864,190.486
407.789,188.817,146.025,194.700
412.472,190.824,146.025,194.700
411.803,186.141,146.025,194.700
416.584,190.151,142.911,190.548
414.620,189.497,142.911,190.548
412.988,194.684,139.863,186.485
422.508,194.819,136.881,182.508
420.946,200.996,133.962,178.616
418.233,198.760,131.105,174.807
417.632,205.367,131.105,174.807
412.227,207.169,131.105,174.807
408.022,204.166,131.105,174.807
399.717,201.609,134.006,178.674
398.187,208.840,131.148,174.864
393.619,203.789,134.050,178.733
389.320,200.718,134.050,178.733
393.619,206.245,134.050,178.733
386.864,203.174,134.050,178.733
383.793,201.332,134.050,178.733
382.263,207.381,131.191,174.921
388.874,210.387,131.191,174.921
386.218,204.721,128.393,171.191
382.100,204.132,128.393,171.191
386.218,211.779,128.393,171.191
382.484,203.966,125.655,167.540
384.379,211.856,122.976,163.968
382.688,215.800,122.976,163.968
383.457,209.403,120.353,160.471
384.986,195.614,123.016,164.021
379.913,200.686,123.016,164.021
378.509,206.238,120.393,160.524
373.545,197.964,120.393,160.524
371.890,204.032,120.393,160.524
373.545,196.861,120.393,160.524
368.581,199.619,120.393,160.524
366.926,192.449,120.393,160.524
365.271,199.619,120.393,160.524
360.307,199.067,120.393,160.524
357.549,199.619,120.393,160.524
355.894,200.171,120.393,160.524
353.990,190.956,123.056,164.075
353.427,196.029,123.056,164.075
352.863,193.211,123.056,164.075
357.979,186.809,120.432,160.576
356.604,193.308,117.864,157.152
356.299,196.545,115.350,153.801
352.945,200.731,112.890,150.521
352.653,206.823,110.483,147.311
352.367,215.712,108.127,144.169
349.890,211.253,108.127,144.169
347.413,205.804,108.127,144.169
350.881,209.272,108.127,144.169
349.647,213.196,105.821,141.095
345.635,216.103,103.564,138.086
344.211,211.832,103.564,138.086
347.533,215.154,103.564,138.086
347.058,212.781,103.564,138.086
346.584,215.154,103.564,138.086
347.058,213.730,103.564,138.086
345.420,209.741,105.856,141.141
343.746,210.696,108.198,144.264
341.268,212.183,108.198,144.264
335.442,205.958,110.592,147.456
341.016,211.926,108.233,144.311
336.218,204.670,110.628,147.504
331.656,206.191,110.628,147.504
328.108,208.725,110.628,147.504
324.561,205.177,110.628,147.504
331.149,202.643,110.628,147.504
325.574,200.109,110.628,147.504
322.357,203.147,108.269,144.359
318.885,200.667,108.269,144.359
313.429,198.187,108.269,144.359
307.972,196.699,108.269,144.359
301.524,198.187,108.269,144.359
295.076,198.683,108.269,144.359
288.627,200.171,108.269,144.359
283.171,203.643,108.269,144.359
277.342,199.473,110.664,147.552
273.146,206.422,108.304,144.406
270.665,202.949,108.304,144.406
267.192,206.422,108.304,144.406
263.719,201.956,108.304,144.406
262.230,204.437,108.304,144.406
261.734,202.949,108.304,144.406
263.222,204.437,108.304,144.406
261.734,206.918,108.304,144.406
261.238,209.399,108.304,144.406
260.001,209.504,105.995,141.326
258.791,213.351,103.734,138.313
261.095,210.342,106.029,141.373
260.821,215.127,103.768,138.358
259.636,208.812,101.555,135.407
258.477,212.498,99.390,132.520
255.289,205.668,99.390,132.520
256.655,207.945,99.390,132.520
250.736,201.115,99.390,132.520
249.601,205.600,97.270,129.694
245.591,206.937,97.270,129.694
242.471,212.730,97.270,129.694
237.569,203.372,97.270,129.694
234.450,208.274,97.270,129.694
230.762,207.509,95.196,126.928
226.837,202.711,95.196,126.928
224.068,209.530,93.166,124.221
225.349,213.371,93.166,124.221
218.526,212.639,91.179,121.572
213.095,208.044,91.179,121.572
210.444,211.353,89.235,118.980
206.764,209.309,89.235,118.980
201.960,203.327,91.209,121.612
198.199,202.909,91.209,121.612
193.602,201.655,91.209,121.612
191.513,204.581,91.209,121.612
188.588,200.820,91.209,121.612
185.663,203.745,91.209,121.612
181.066,199.984,91.209,121.612
175.634,196.223,91.209,121.612
170.202,187.448,91.209,121.612
167.277,180.344,91.209,121.612
167.694,174.912,91.209,121.612
165.385,165.329,93.227,124.303
164.958,166.611,93.227,124.303
172.219,156.787,93.227,124.303
176.063,154.652,93.227,124.303
178.198,151.662,93.227,124.303
181.251,154.222,91.239,121.652
185.013,199.785,91.239,121.652
188.775,206.055,91.239,121.652
195.045,204.801,91.239,121.652
203.143,205.623,93.258,124.343
221.515,206.051,93.258,124.343
238.178,199.642,93.258,124.343
254.409,196.438,91.269,121.692
256.436,190.319,93.288,124.384
262.942,184.066,95.352,127.136
269.433,184.158,93.319,124.425
268.150,183.731,93.319,124.425
266.868,182.448,93.319,124.425
259.599,185.441,93.319,124.425
264.302,181.593,93.319,124.425
261.589,180.035,91.329,121.772
256.513,183.350,89.381,119.175
252.828,181.303,89.381,119.175
236.857,184.988,89.381,119.175
229.896,183.760,89.381,119.175
238.495,181.712,89.381,119.175
236.448,184.579,89.381,119.175
247.268,183.086,87.475,116.633
259.403,181.626,85.610,114.146
265.986,183.977,83.784,111.712
273.279,183.593,83.784,111.712
278.982,191.074,81.997,109.330
284.617,193.704,81.997,109.330
286.496,199.339,81.997,109.330
284.835,203.763,80.249,106.998
287.409,205.602,80.249,106.998
288.512,203.763,80.249,106.998
286.887,208.094,78.537,104.716
291.539,206.089,76.862,102.483
295.413,201.511,76.862,102.483
295.061,200.455,76.862,102.483
292.826,205.281,75.223,100.298
291.967,206.018,73.619,98.159
290.280,207.705,73.619,98.159
294.665,206.693,73.619,98.159
293.653,205.006,73.619,98.159
290.618,204.669,73.619,98.159
288.931,202.983,73.619,98.159
285.896,206.018,73.619,98.159
290.257,201.538,72.049,96.066
292.567,203.849,72.049,96.066
295.538,207.480,72.049,96.066
301.150,215.072,72.049,96.066
300.820,220.023,72.049,96.066
307.091,224.314,72.049,96.066
313.363,228.606,72.049,96.066
320.295,234.877,72.049,96.066
325.906,241.809,72.049,96.066
340.992,248.878,70.513,94.017
347.776,262.123,70.513,94.017
359.729,268.261,70.513,94.017
364.574,281.506,70.513,94.017
374.589,286.352,70.513,94.017
385.896,290.552,70.513,94.017
399.141,288.290,70.513,94.017
411.740,294.428,70.513,94.017
417.231,298.628,70.513,94.017
424.662,295.074,70.513,94.017
428.861,299.920,70.513,94.017
434.353,302.828,70.513,94.017
438.553,305.735,70.513,94.017
444.598,303.935,69.009,92.012
449.905,307.659,67.537,90.050
453.308,312.300,67.537,90.050
457.309,316.541,66.097,88.130
460.057,321.275,64.688,86.250
458.747,327.622,63.308,84.411
457.465,333.834,61.958,82.611
455.664,339.366,60.637,80.849
454.436,345.851,59.344,79.125
450.090,352.198,58.078,77.438
445.323,359.435,56.840,75.786
438.292,369.070,56.840,75.786
434.129,375.651,55.627,74.170
429.287,387.119,55.627,74.170
424.954,396.039,55.627,74.170
422.151,400.372,55.627,74.170
418.838,406.233,55.627,74.170
419.185,412.674,54.441,72.588
417.938,419.907,54.441,72.588
412.937,425.056,55.646,74.194
411.152,428.880,55.646,74.194
431.432,390.236,56.877,75.836
430.129,389.975,56.877,75.836
429.347,392.321,56.877,75.836
432.214,393.102,56.877,75.836
432.474,393.363,56.877,75.836
433.777,393.102,56.877,75.836
436.123,391.799,56.877,75.836
437.926,389.068,58.135,77.514
440.323,385.724,59.422,79.229
442.773,385.451,59.422,79.229
445.223,383.001,59.422,79.229
443.154,376.758,60.736,80.982
443.432,369.245,60.736,80.982
419.953,406.168,62.080,82.773
418.531,400.764,62.080,82.773
418.247,393.654,62.080,82.773
420.806,385.975,62.080,82.773
419.953,380.002,62.080,82.773
420.806,374.598,62.080,82.773
421.091,369.194,62.080,82.773
420.382,363.772,60.756,81.008
422.331,360.153,60.756,81.008
422.052,355.978,60.756,81.008
424.001,353.473,60.756,81.008
422.052,350.968,60.756,81.008
420.514,346.895,62.100,82.801
419.660,345.472,62.100,82.801
420.514,344.050,62.100,82.801
419.091,343.196,62.100,82.801
422.221,341.205,62.100,82.801
422.505,340.351,62.100,82.801
407.355,298.405,63.474,84.633
405.901,293.462,63.474,84.633
407.936,294.334,63.474,84.633
408.227,291.135,63.474,84.633
408.518,291.426,63.474,84.633
409.324,288.378,64.879,86.505
409.532,288.963,66.314,88.419
409.744,283.257,67.781,90.375
408.672,281.290,69.281,92.375
405.815,277.799,69.281,92.375
406.036,279.082,70.814,94.419
401.170,274.864,70.814,94.419
398.250,275.189,70.814,94.419
396.457,271.115,72.381,96.508
393.248,268.327,73.982,98.643
388.842,265.277,73.982,98.643
386.469,266.293,73.982,98.643
383.892,262.037,75.619,100.825
381.259,262.000,77.292,103.056
378.072,258.105,77.292,103.056
375.380,258.802,79.002,105.336
374.294,255.544,79.002,105.336
371.542,254.755,80.750,107.667
369.693,252.165,80.750,107.667
367.103,253.275,80.750,107.667
368.213,249.205,80.750,107.667
365.400,249.166,82.537,110.049
367.291,246.519,82.537,110.049
366.913,244.628,82.537,110.049
368.804,244.250,82.537,110.049
369.938,242.359,82.537,110.049
369.560,241.981,82.537,110.049
370.694,239.334,82.537,110.049
371.829,238.200,82.537,110.049
372.963,235.553,82.537,110.049
373.341,232.906,82.537,110.049
372.963,233.284,82.537,110.049
374.854,230.637,82.537,110.049
374.476,227.234,82.537,110.049
373.341,227.612,82.537,110.049
372.963,223.453,82.537,110.049
372.585,222.318,82.537,110.049
371.450,219.671,82.537,110.049
369.560,217.024,82.537,110.049
367.669,217.403,82.537,110.049
365.778,214.756,82.537,110.049
364.644,213.621,82.537,110.049
362.753,211.731,82.537,110.049
361.619,209.840,82.537,110.049
360.485,209.462,82.537,110.049
359.350,207.571,82.537,110.049
357.459,204.924,82.537,110.049
357.081,202.277,82.537,110.049
356.703,201.899,82.537,110.049
355.569,199.252,82.537,110.049
353.678,199.630,82.537,110.049
353.300,196.227,82.537,110.049
352.166,196.605,82.537,110.049
350.860,192.641,84.363,112.484
348.928,192.255,84.363,112.484
346.995,191.868,84.363,112.484
345.836,189.936,84.363,112.484
343.130,190.322,84.363,112.484
340.425,186.844,84.363,112.484
336.173,187.230,84.363,112.484
333.468,186.071,84.363,112.484
329.216,186.457,84.363,112.484
326.511,185.298,84.363,112.484
322.259,185.684,84.363,112.484
319.554,186.071,84.363,112.484
316.075,186.457,84.363,112.484
313.369,184.525,84.363,112.484
309.891,185.684,84.363,112.484
307.185,183.752,84.363,112.484
304.247,183.711,86.229,114.972
301.482,180.155,86.229,114.972
298.716,180.550,86.229,114.972
295.951,176.995,86.229,114.972
292.396,177.390,86.229,114.972
288.840,175.414,86.229,114.972
285.285,175.809,86.229,114.972
282.519,173.044,86.229,114.972
278.964,173.439,86.229,114.972
275.408,173.834,86.229,114.972
272.643,172.649,86.229,114.972
269.087,173.834,86.229,114.972
265.532,174.229,86.229,114.972
261.976,176.204,86.229,114.972
258.421,173.439,86.229,114.972
255.656,174.624,86.229,114.972
253.680,171.069,86.229,114.972
250.125,173.044,86.229,114.972
247.122,173.002,88.137,117.516
243.214,172.121,90.087,120.116
241.150,169.232,90.087,120.116
237.156,170.900,92.080,122.774
235.047,166.260,92.080,122.774
232.938,168.369,92.080,122.774
230.828,165.416,92.080,122.774
227.875,166.682,92.080,122.774
227.454,164.572,92.080,122.774
224.500,165.838,92.080,122.774
221.547,165.416,92.080,122.774
220.282,165.838,92.080,122.774
219.860,166.260,92.080,122.774
219.438,162.463,92.080,122.774
219.860,164.572,92.080,122.774
219.438,164.994,92.080,122.774
223.235,165.416,92.080,122.774
225.344,161.619,92.080,122.774
227.453,164.572,92.080,122.774
231.250,160.776,92.080,122.774
232.516,164.572,92.080,122.774
232.938,166.682,92.080,122.774
236.734,165.416,92.080,122.774
240.531,167.525,92.080,122.774
243.484,165.416,92.080,122.774
247.281,165.838,92.080,122.774
249.390,166.260,92.080,122.774
250.656,164.150,92.080,122.774
250.234,166.260,92.080,122.774
251.500,164.150,92.080,122.774
249.390,166.260,92.080,122.774
251.500,161.619,92.080,122.774
249.390,163.729,92.080,122.774
251.435,158.431,94.118,125.490
248.417,162.312,94.118,125.490
248.848,159.294,94.118,125.490
245.830,161.450,94.118,125.490
242.812,157.569,94.118,125.490
240.656,152.826,94.118,125.490
237.637,146.358,94.118,125.490
235.254,139.154,96.200,128.267
231.287,134.306,96.200,128.267
227.321,129.458,96.200,128.267
222.473,126.373,96.200,128.267
217.625,128.576,96.200,128.267
213.658,129.017,96.200,128.267
207.564,130.799,98.328,131.104
