294.000,135.000,44.000,171.000
295.213,133.787,44.000,171.000
294.809,134.191,44.000,171.000
296.830,133.787,44.000,171.000
296.426,134.191,44.000,171.000
299.257,134.596,44.000,171.000
297.235,135.000,44.000,171.000
300.065,135.404,44.000,171.000
297.235,135.809,44.000,171.000
299.257,136.213,44.000,171.000
296.426,135.000,44.000,171.000
296.022,135.404,44.000,171.000
293.191,135.809,44.000,171.000
291.978,135.404,44.000,171.000
289.148,135.000,44.000,171.000
287.126,136.213,44.000,171.000
285.104,135.000,44.000,171.000
283.083,135.404,44.000,171.000
281.061,135.000,44.000,171.000
279.039,136.213,44.000,171.000
278.635,135.000,44.000,171.000
274.996,137.022,44.000,171.000
276.209,135.809,44.000,171.000
274.187,136.213,44.000,171.000
273.783,137.426,44.000,171.000
273.378,137.830,44.000,171.000
274.591,139.043,44.000,171.000
272.570,137.830,44.000,171.000
272.974,139.852,44.000,171.000
272.570,140.256,44.000,171.000
269.739,142.278,44.000,171.000
268.526,143.491,44.000,171.000
267.313,144.704,44.000,171.000
267.717,145.917,44.000,171.000
265.696,147.130,44.000,171.000
265.291,145.109,44.000,171.000
263.812,148.101,43.062,167.353
262.625,148.497,43.062,167.353
260.646,148.893,43.062,167.353
258.435,151.821,42.143,163.785
257.273,152.983,42.143,163.785
256.886,153.370,42.143,163.785
258.822,152.209,42.143,163.785
255.337,154.145,42.143,163.785
257.653,156.265,41.245,160.292
259.188,158.339,40.365,156.873
260.691,161.084,39.504,153.528
263.959,160.721,39.504,153.528
266.130,161.309,38.662,150.254
263.642,161.664,38.662,150.254
265.082,162.924,37.837,147.050
261.257,162.576,37.837,147.050
261.326,163.138,37.031,143.914
259.624,161.437,37.031,143.914
256.561,159.735,37.031,143.914
258.263,158.714,37.031,143.914
260.645,158.374,37.031,143.914
258.263,156.673,37.031,143.914
257.500,151.903,37.850,147.098
255.999,147.750,38.687,150.353
256.677,142.767,39.543,153.679
252.847,139.182,40.418,157.079
253.556,135.517,41.312,160.555
255.068,131.771,42.226,164.107
252.588,128.748,43.161,167.738
255.364,128.352,43.161,167.738
254.475,124.438,44.116,171.449
256.502,123.222,44.116,171.449
259.340,122.006,44.116,171.449
256.749,118.848,45.092,175.242
252.191,119.262,45.092,175.242
248.462,122.163,45.092,175.242
250.141,125.229,44.130,171.505
250.220,128.231,43.189,167.848
254.124,130.403,42.268,164.268
252.182,130.014,42.268,164.268
253.347,130.403,42.268,164.268
251.405,129.238,42.268,164.268
248.686,130.403,42.268,164.268
252.182,129.238,42.268,164.268
250.239,130.403,42.268,164.268
251.405,130.014,42.268,164.268
249.463,130.403,42.268,164.268
251.405,130.014,42.268,164.268
248.686,131.180,42.268,164.268
252.958,131.568,42.268,164.268
251.016,131.180,42.268,164.268
255.289,130.791,42.268,164.268
253.347,129.626,42.268,164.268
255.289,128.461,42.268,164.268
252.570,128.849,42.268,164.268
256.066,127.684,42.268,164.268
254.124,128.849,42.268,164.268
258.397,129.238,42.268,164.268
255.678,129.626,42.268,164.268
259.950,129.238,42.268,164.268
261.892,129.626,42.268,164.268
264.964,131.003,41.367,160.765
267.625,131.383,41.367,160.765
270.286,129.483,41.367,160.765
269.906,130.623,41.367,160.765
272.567,131.003,41.367,160.765
276.748,132.904,41.367,160.765
279.409,132.524,41.367,160.765
282.831,129.102,41.367,160.765
280.930,125.681,41.367,160.765
286.867,120.434,40.484,157.337
287.239,122.294,40.484,157.337
187.904,127.130,40.484,157.337
186.044,123.782,40.484,157.337
188.269,129.404,39.621,153.982
186.448,127.584,39.621,153.982
190.454,130.861,39.621,153.982
189.121,131.450,38.776,150.698
193.041,133.944,38.776,150.698
194.485,134.520,37.949,147.484
194.834,134.172,37.949,147.484
197.275,133.823,37.949,147.484
199.019,133.474,37.949,147.484
201.460,133.823,37.949,147.484
203.203,133.474,37.949,147.484
202.855,135.218,37.949,147.484
205.296,133.474,37.949,147.484
207.737,134.520,37.949,147.484
206.691,133.474,37.949,147.484
211.465,134.711,37.140,144.339
210.441,135.735,37.140,144.339
212.830,134.711,37.140,144.339
215.220,137.782,37.140,144.339
213.513,137.441,37.140,144.339
215.902,136.417,37.140,144.339
216.244,135.393,37.140,144.339
213.854,136.417,37.140,144.339
216.244,136.076,37.140,144.339
216.585,136.417,37.140,144.339
218.291,135.393,37.140,144.339
278.020,148.704,37.140,144.339
280.409,150.411,37.140,144.339
278.702,151.435,37.140,144.339
281.092,153.824,37.140,144.339
278.020,147.339,37.140,144.339
277.963,152.470,37.962,147.533
278.629,158.439,38.802,150.797
277.090,155.661,39.660,154.133
276.273,152.065,40.538,157.544
276.646,150.947,40.538,157.544
278.508,149.830,40.538,157.544
277.391,147.967,40.538,157.544
279.253,148.340,40.538,157.544
279.626,150.202,40.538,157.544
282.978,151.320,40.538,157.544
283.351,151.692,40.538,157.544
282.978,151.320,40.538,157.544
284.841,150.202,40.538,157.544
284.469,149.830,40.538,157.544
284.841,149.457,40.538,157.544
283.724,153.555,40.538,157.544
281.343,149.880,41.434,161.029
279.699,146.913,42.351,164.592
278.827,143.881,43.288,168.234
275.459,141.607,44.246,171.956
274.239,142.827,44.246,171.956
273.019,144.047,44.246,171.956
271.799,145.267,44.246,171.956
275.015,149.844,43.302,168.289
273.821,150.242,43.302,168.289
276.606,152.231,43.302,168.289
276.208,152.629,43.302,168.289
277.054,157.108,42.379,164.700
279.780,156.719,42.379,164.700
283.285,157.108,42.379,164.700
284.112,159.991,41.475,161.188
286.780,158.847,41.475,161.188
287.590,160.933,40.591,157.750
289.455,159.068,40.591,157.750
287.590,157.949,40.591,157.750
289.455,156.084,40.591,157.750
288.090,160.283,39.725,154.386
289.915,157.727,39.725,154.386
289.855,154.883,40.604,157.802
291.720,158.988,40.604,157.802
292.840,157.868,40.604,157.802
292.467,156.749,40.604,157.802
293.586,155.630,40.604,157.802
295.847,156.594,41.502,161.293
293.177,153.924,41.502,161.293
295.084,156.594,41.502,161.293
293.177,154.687,41.502,161.293
294.321,154.305,41.502,161.293
295.465,159.264,41.502,161.293
295.847,158.119,41.502,161.293
296.228,158.501,41.502,161.293
295.084,161.171,41.502,161.293
293.940,163.078,41.502,161.293
295.084,164.222,41.502,161.293
293.177,163.840,41.502,161.293
292.033,162.696,41.502,161.293
289.363,161.552,41.502,161.293
289.744,159.645,41.502,161.293
291.651,160.789,41.502,161.293
292.033,159.645,41.502,161.293
294.703,159.264,41.502,161.293
295.847,157.357,41.502,161.293
296.575,153.594,42.421,164.862
300.083,153.984,42.421,164.862
303.592,155.153,42.421,164.862
303.982,152.424,42.421,164.862
305.151,153.594,42.421,164.862
305.541,151.645,42.421,164.862
309.049,153.594,42.421,164.862
312.220,148.130,43.359,168.510
317.115,147.506,44.319,172.238
320.780,151.172,44.319,172.238
316.487,147.153,45.299,176.049
314.690,143.046,46.301,179.944
311.088,140.614,47.326,183.925
309.783,141.919,47.326,183.925
306.739,143.224,47.326,183.925
307.174,146.268,47.326,183.925
302.390,144.963,47.326,183.925
305.434,147.138,47.326,183.925
311.088,148.443,47.326,183.925
313.262,149.747,47.326,183.925
313.348,152.128,46.316,180.003
317.179,154.256,46.316,180.003
316.442,155.765,45.329,176.164
316.858,155.348,45.329,176.164
316.940,158.431,44.362,172.407
318.979,157.208,44.362,172.407
319.386,158.431,44.362,172.407
315.717,156.393,44.362,172.407
319.386,157.616,44.362,172.407
317.627,155.286,45.344,176.222
320.543,155.702,45.344,176.222
322.627,155.286,45.344,176.222
324.710,154.036,45.344,176.222
326.794,155.286,45.344,176.222
328.877,156.536,45.344,176.222
331.794,156.119,45.344,176.222
333.044,156.536,45.344,176.222
335.961,156.952,45.344,176.222
336.378,157.369,45.344,176.222
337.628,159.453,45.344,176.222
341.378,159.036,45.344,176.222
340.128,158.619,45.344,176.222
343.045,159.869,45.344,176.222
344.295,161.119,45.344,176.222
346.378,159.869,45.344,176.222
345.128,159.453,45.344,176.222
348.879,159.036,45.344,176.222
348.462,158.619,45.344,176.222
349.712,159.036,45.344,176.222
353.462,158.619,45.344,176.222
355.546,160.703,45.344,176.222
358.463,159.453,45.344,176.222
362.213,159.036,45.344,176.222
365.963,159.453,45.344,176.222
368.880,159.869,45.344,176.222
370.963,159.453,45.344,176.222
374.714,159.036,45.344,176.222
377.631,159.453,45.344,176.222
381.381,159.869,45.344,176.222
384.298,161.119,45.344,176.222
388.048,159.036,45.344,176.222
390.131,158.619,45.344,176.222
392.215,159.869,45.344,176.222
393.010,157.488,46.347,180.121
392.584,157.062,46.347,180.121
394.281,155.511,47.372,184.106
395.587,155.946,47.372,184.106
396.893,157.252,47.372,184.106
397.328,158.558,47.372,184.106
397.764,158.994,47.372,184.106
399.940,159.429,47.372,184.106
400.376,161.606,47.372,184.106
403.423,162.041,47.372,184.106
406.470,162.476,47.372,184.106
409.518,161.170,47.372,184.106
411.695,161.606,47.372,184.106
416.483,159.429,47.372,184.106
419.531,158.994,47.372,184.106
421.707,157.688,47.372,184.106
423.884,155.511,47.372,184.106
425.190,154.205,47.372,184.106
427.367,153.770,47.372,184.106
427.802,152.464,47.372,184.106
430.849,152.028,47.372,184.106
429.874,149.540,48.420,188.179
432.988,149.985,48.420,188.179
430.145,148.365,49.492,192.343
432.419,148.820,49.492,192.343
428.568,147.164,50.587,196.598
429.963,147.629,50.587,196.598
427.638,146.234,50.587,196.598
429.033,148.558,50.587,196.598
426.708,148.093,50.587,196.598
424.384,149.488,50.587,196.598
423.919,149.953,50.587,196.598
420.665,151.348,50.587,196.598
417.411,149.953,50.587,196.598
413.227,151.348,50.587,196.598
410.903,149.953,50.587,196.598
407.648,150.418,50.587,196.598
404.394,148.093,50.587,196.598
401.140,149.488,50.587,196.598
400.675,147.164,50.587,196.598
396.491,147.629,50.587,196.598
395.097,147.164,50.587,196.598
396.491,146.699,50.587,196.598
393.237,147.164,50.587,196.598
395.121,148.812,49.508,192.406
391.936,149.267,49.508,192.406
393.301,148.812,49.508,192.406
392.846,148.357,49.508,192.406
392.391,146.992,49.508,192.406
391.936,146.537,49.508,192.406
392.391,146.082,49.508,192.406
393.756,145.627,49.508,192.406
392.391,145.172,49.508,192.406
394.666,145.627,49.508,192.406
395.121,144.262,49.508,192.406
395.576,146.537,49.508,192.406
396.941,145.172,49.508,192.406
397.396,145.627,49.508,192.406
397.851,143.352,49.508,192.406
399.215,142.897,49.508,192.406
397.851,142.442,49.508,192.406
397.396,141.987,49.508,192.406
397.320,137.499,50.603,196.663
397.785,137.034,50.603,196.663
395.778,136.306,51.723,201.014
399.105,135.830,51.723,201.014
398.630,134.404,51.723,201.014
400.056,134.880,51.723,201.014
400.531,134.404,51.723,201.014
398.154,134.880,51.723,201.014
399.580,132.503,51.723,201.014
400.056,132.028,51.723,201.014
402.432,133.454,51.723,201.014
404.809,133.929,51.723,201.014
406.235,133.454,51.723,201.014
405.759,132.978,51.723,201.014
410.988,132.503,51.723,201.014
413.365,131.077,51.723,201.014
413.840,130.602,51.723,201.014
412.414,131.077,51.723,201.014
410.037,131.552,51.723,201.014
409.562,130.126,51.723,201.014
405.284,130.602,51.723,201.014
403.858,129.176,51.723,201.014
400.531,127.750,51.723,201.014
396.253,125.373,51.723,201.014
393.877,125.849,51.723,201.014
390.549,124.423,51.723,201.014
385.321,124.898,51.723,201.014
383.895,122.521,51.723,201.014
380.568,122.046,51.723,201.014
377.240,122.521,51.723,201.014
374.864,121.095,51.723,201.014
374.388,120.620,51.723,201.014
370.111,120.145,51.723,201.014
369.635,119.669,51.723,201.014
366.308,118.243,51.723,201.014
364.882,117.768,51.723,201.014
364.407,116.342,51.723,201.014
362.981,115.867,51.723,201.014
363.456,114.441,51.723,201.014
362.981,112.064,51.723,201.014
363.456,109.688,51.723,201.014
361.079,109.212,51.723,201.014
362.505,109.688,51.723,201.014
360.129,107.311,51.723,201.014
361.555,107.787,51.723,201.014
358.228,107.311,51.723,201.014
357.752,108.737,51.723,201.014
355.376,108.262,51.723,201.014
355.851,108.737,51.723,201.014
355.376,107.311,51.723,201.014
352.999,107.787,51.723,201.014
354.425,107.311,51.723,201.014
351.098,107.787,51.723,201.014
352.524,107.311,51.723,201.014
350.147,106.836,51.723,201.014
349.672,107.311,51.723,201.014
350.147,108.737,51.723,201.014
347.771,107.311,51.723,201.014
348.246,109.688,51.723,201.014
345.869,109.212,51.723,201.014
346.345,111.589,51.723,201.014
343.017,112.064,51.723,201.014
344.443,112.540,51.723,201.014
341.116,113.015,51.723,201.014
338.740,114.441,51.723,201.014
338.833,117.959,50.620,196.727
334.646,116.563,50.620,196.727
331.151,116.419,49.540,192.532
328.874,113.232,49.540,192.532
325.688,118.240,49.540,192.532
324.322,115.964,49.540,192.532
319.523,115.251,50.636,196.792
317.196,113.855,50.636,196.792
313.939,117.112,50.636,196.792
312.543,119.439,50.636,196.792
310.216,118.043,50.636,196.792
306.959,121.300,50.636,196.792
303.701,118.973,50.636,196.792
299.513,117.577,50.636,196.792
296.539,117.814,51.757,201.146
293.210,114.485,51.757,201.146
290.832,114.009,51.757,201.146
288.454,116.388,51.757,201.146
289.880,114.961,51.757,201.146
287.502,115.436,51.757,201.146
289.880,114.009,51.757,201.146
285.854,115.238,52.902,205.596
282.451,113.780,52.902,205.596
281.964,115.238,52.902,205.596
278.561,117.669,52.902,205.596
280.020,117.183,52.902,205.596
282.451,118.642,52.902,205.596
278.075,119.128,52.902,205.596
280.506,118.642,52.902,205.596
281.964,119.128,52.902,205.596
277.589,119.614,52.902,205.596
281.433,119.463,51.774,201.212
277.151,121.842,51.774,201.212
273.821,122.318,51.774,201.212
276.199,124.697,51.774,201.212
270.966,125.173,51.774,201.212
270.490,127.552,51.774,201.212
270.014,128.027,51.774,201.212
267.635,129.455,51.774,201.212
266.208,129.930,51.774,201.212
263.829,130.406,51.774,201.212
264.305,128.979,51.774,201.212
260.974,131.358,51.774,201.212
261.985,133.962,50.670,196.921
259.657,134.427,50.670,196.921
262.916,135.824,50.670,196.921
260.588,136.290,50.670,196.921
262.916,138.618,50.670,196.921
261.519,139.084,50.670,196.921
265.710,139.550,50.670,196.921
263.382,140.946,50.670,196.921
266.641,141.412,50.670,196.921
268.970,142.809,50.670,196.921
267.573,142.343,50.670,196.921
272.695,143.740,50.670,196.921
274.092,143.275,50.670,196.921
278.282,141.878,50.670,196.921
279.679,140.481,50.670,196.921
277.351,140.946,50.670,196.921
281.033,139.904,49.589,192.721
280.577,136.715,49.589,192.721
280.122,137.170,49.589,192.721
281.090,137.907,48.532,188.612
277.968,140.137,48.532,188.612
275.738,142.367,48.532,188.612
277.076,142.813,48.532,188.612
274.846,145.935,48.532,188.612
273.508,147.273,48.532,188.612
272.170,145.935,48.532,188.612
269.048,145.489,48.532,188.612
270.855,146.211,47.497,184.589
266.054,144.901,47.497,184.589
265.617,145.338,47.497,184.589
262.562,142.282,47.497,184.589
261.252,144.465,47.497,184.589
262.562,143.155,47.497,184.589
259.506,143.592,47.497,184.589
258.197,144.028,47.497,184.589
260.379,145.338,47.497,184.589
257.324,147.520,47.497,184.589
260.379,150.576,47.497,184.589
257.324,146.647,47.497,184.589
260.379,150.576,47.497,184.589
261.689,151.885,47.497,184.589
262.998,154.067,47.497,184.589
262.562,157.123,47.497,184.589
263.871,155.813,47.497,184.589
263.435,157.123,47.497,184.589
264.744,155.813,47.497,184.589
264.308,158.869,47.497,184.589
264.744,154.067,47.497,184.589
262.562,156.250,47.497,184.589
260.379,152.321,47.497,184.589
259.070,149.266,47.497,184.589
261.252,152.321,47.497,184.589
256.451,148.393,47.497,184.589
256.015,147.084,47.497,184.589
254.705,144.901,47.497,184.589
252.523,141.846,47.497,184.589
249.467,139.664,47.497,184.589
249.031,136.608,47.497,184.589
247.721,136.172,47.497,184.589
245.539,134.862,47.497,184.589
244.230,133.553,47.497,184.589
244.666,133.116,47.497,184.589
243.357,130.934,47.497,184.589
242.920,132.243,47.497,184.589
245.102,130.061,47.497,184.589
244.666,130.497,47.497,184.589
245.102,130.934,47.497,184.589
248.158,129.624,47.497,184.589
247.721,130.061,47.497,184.589
247.285,129.624,47.497,184.589
249.467,128.315,47.497,184.589
250.777,127.006,47.497,184.589
252.959,124.823,47.497,184.589
254.269,121.768,47.497,184.589
252.086,119.585,47.497,184.589
255.141,120.022,47.497,184.589
255.578,115.221,47.497,184.589
255.141,115.657,47.497,184.589
257.324,112.602,47.497,184.589
255.141,108.673,47.497,184.589
258.197,108.237,47.497,184.589
257.760,108.673,47.497,184.589
259.943,105.618,47.497,184.589
256.887,106.054,47.497,184.589
259.070,103.872,47.497,184.589
256.014,105.181,47.497,184.589
258.197,102.999,47.497,184.589
255.141,104.309,47.497,184.589
257.324,102.999,47.497,184.589
254.269,102.563,47.497,184.589
256.451,103.872,47.497,184.589
253.396,102.563,47.497,184.589
253.832,103.872,47.497,184.589
251.650,101.690,47.497,184.589
253.418,106.603,46.484,180.653
251.282,102.758,46.484,180.653
250.855,101.477,46.484,180.653
252.137,96.778,46.484,180.653
250.293,91.677,47.512,184.650
249.856,86.874,47.512,184.650
248.546,85.564,47.512,184.650
251.603,84.254,47.512,184.650
249.420,79.451,47.512,184.650
250.729,79.888,47.512,184.650
246.800,76.832,47.512,184.650
246.363,75.522,47.512,184.650
243.082,77.070,46.499,180.712
241.800,74.933,46.499,180.712
240.518,74.506,46.499,180.712
240.091,73.224,46.499,180.712
237.954,72.797,46.499,180.712
239.236,73.224,46.499,180.712
237.100,72.797,46.499,180.712
240.091,72.369,46.499,180.712
237.954,69.378,46.499,180.712
237.527,68.951,46.499,180.712
237.954,66.814,46.499,180.712
237.527,64.678,46.499,180.712
236.245,62.541,46.499,180.712
237.527,56.986,46.499,180.712
235.391,55.704,46.499,180.712
236.673,51.004,46.499,180.712
236.245,48.867,46.499,180.712
236.673,46.731,46.499,180.712
235.391,45.449,46.499,180.712
234.109,42.458,46.499,180.712
236.245,42.030,46.499,180.712
233.254,44.167,46.499,180.712
234.536,41.176,46.499,180.712
232.399,39.894,46.499,180.712
229.408,42.030,46.499,180.712
232.399,39.039,46.499,180.712
227.699,42.885,46.499,180.712
231.545,40.748,46.499,180.712
227.699,42.885,46.499,180.712
229.836,40.748,46.499,180.712
227.699,38.612,46.499,180.712
228.126,35.621,46.499,180.712
229.408,32.629,46.499,180.712
225.562,33.911,46.499,180.712
224.280,31.775,46.499,180.712
226.417,30.493,46.499,180.712
225.135,25.792,46.499,180.712
224.708,27.074,46.499,180.712
225.615,25.294,45.507,176.858
225.197,24.876,45.507,176.858
226.452,24.458,45.507,176.858
224.361,24.040,45.507,176.858
223.106,24.458,45.507,176.858
223.524,23.203,45.507,176.858
221.433,21.949,45.507,176.858
223.524,23.203,45.507,176.858
223.943,22.785,45.507,176.858
226.034,22.367,45.507,176.858
225.615,22.785,45.507,176.858
227.706,23.203,45.507,176.858
225.615,24.458,45.507,176.858
226.870,25.713,45.507,176.858
228.125,25.294,45.507,176.858
226.870,26.549,45.507,176.858
228.961,27.804,45.507,176.858
227.706,26.549,45.507,176.858
230.240,25.026,46.514,180.771
227.248,22.034,46.514,180.771
225.111,21.607,46.514,180.771
226.393,18.615,46.514,180.771
223.401,22.462,46.514,180.771
225.538,17.760,46.514,180.771
222.546,20.752,46.514,180.771
223.828,28.019,46.514,180.771
222.870,18.480,47.543,184.771
221.560,22.412,47.543,184.771
221.997,17.606,47.543,184.771
223.307,24.159,47.543,184.771
224.618,30.713,47.543,184.771
228.550,37.267,47.543,184.771
225.267,33.762,46.530,180.831
229.115,39.321,46.530,180.831
227.833,42.314,46.530,180.831
227.092,45.479,45.537,176.974
227.511,48.408,45.537,176.974
228.766,51.337,45.537,176.974
231.696,52.593,45.537,176.974
235.811,52.463,44.566,173.200
237.040,53.692,44.566,173.200
238.671,50.501,45.552,177.032
240.764,45.896,45.552,177.032
242.020,46.315,45.552,177.032
244.113,43.385,45.552,177.032
245.369,41.291,45.552,177.032
243.562,39.767,46.560,180.949
247.413,41.051,46.560,180.949
250.408,38.912,46.560,180.949
253.403,40.195,46.560,180.949
256.399,40.623,46.560,180.949
258.132,40.490,45.567,177.091
256.600,44.397,44.595,173.314
258.649,46.446,44.595,173.314
263.157,48.495,44.595,173.314
262.747,46.446,44.595,173.314
259.059,41.938,44.595,173.314
259.469,34.971,44.595,173.314
262.337,38.659,44.595,173.314
262.418,40.902,43.644,169.618
266.830,38.095,43.644,169.618
263.043,39.517,42.714,166.001
265.390,40.908,41.803,162.461
266.542,38.988,41.803,162.461
266.158,37.835,41.803,162.461
267.311,36.683,41.803,162.461
268.463,35.530,41.803,162.461
271.152,34.378,41.803,162.461
270.768,33.225,41.803,162.461
269.616,32.841,41.803,162.461
269.691,34.203,40.911,158.996
271.571,34.579,40.911,158.996
274.955,34.203,40.911,158.996
273.075,34.579,40.911,158.996
275.707,34.203,40.911,158.996
278.338,35.331,40.911,158.996
283.226,36.459,40.911,158.996
287.648,39.966,40.039,155.606
293.903,38.862,40.039,155.606
293.976,39.458,39.185,152.287
300.097,40.538,39.185,152.287
302.618,40.898,39.185,152.287
303.698,41.978,39.185,152.287
306.219,43.059,39.185,152.287
308.740,41.978,39.185,152.287
306.939,43.059,39.185,152.287
310.180,42.698,39.185,152.287
313.856,41.387,40.052,155.657
310.544,41.755,40.052,155.657
313.856,42.123,40.052,155.657
316.433,42.492,40.052,155.657
313.856,42.123,40.052,155.657
317.905,42.492,40.052,155.657
316.065,39.915,40.052,155.657
314.224,39.547,40.052,155.657
316.065,39.179,40.052,155.657
316.846,39.774,39.198,152.337
318.281,37.715,40.065,155.708
320.122,35.874,40.065,155.708
320.490,35.506,40.065,155.708
320.859,35.874,40.065,155.708
321.963,35.506,40.065,155.708
322.331,35.138,40.065,155.708
324.562,32.270,40.952,159.153
323.433,31.893,40.952,159.153
323.810,33.022,40.952,159.153
322.681,32.646,40.952,159.153
323.057,33.775,40.952,159.153
322.213,31.624,41.858,162.674
322.598,34.316,41.858,162.674
320.675,35.470,41.858,162.674
323.367,37.394,41.858,162.674
325.291,39.317,41.858,162.674
326.108,42.905,40.965,159.205
328.743,41.776,40.965,159.205
332.131,41.400,40.965,159.205
334.766,40.270,40.965,159.205
336.649,38.388,40.965,159.205
340.037,37.259,40.965,159.205
341.166,36.129,40.965,159.205
340.322,32.415,41.871,162.727
341.057,28.619,42.798,166.328
342.237,28.226,42.798,166.328
341.843,27.832,42.798,166.328
341.450,28.226,42.798,166.328
344.203,27.832,42.798,166.328
342.237,27.439,42.798,166.328
340.539,24.375,43.745,170.008
344.157,24.777,43.745,170.008
341.343,24.375,43.745,170.008
338.774,17.906,44.713,173.769
337.000,14.705,45.702,177.614
341.620,15.965,45.702,177.614
339.807,4.850,46.713,181.544
340.627,3.287,47.746,185.560
343.698,3.725,47.746,185.560
341.504,0.654,47.746,185.560
344.576,1.093,47.746,185.560
346.769,0.654,47.746,185.560
343.698,-0.662,47.746,185.560
348.525,0.654,47.746,185.560
346.631,-3.675,48.803,189.666
348.873,-3.226,48.803,189.666
348.425,-5.469,48.803,189.666
347.976,-7.711,48.803,189.666
352.012,-6.366,48.803,189.666
347.079,-12.196,48.803,189.666
353.219,-7.148,47.762,185.621
357.536,-3.899,46.744,181.663
356.247,-4.329,46.744,181.663
354.959,-4.759,46.744,181.663
358.825,-2.611,46.744,181.663
354.099,-4.759,46.744,181.663
355.388,-4.329,46.744,181.663
353.240,-3.899,46.744,181.663
354.529,-2.611,46.744,181.663
353.240,-2.181,46.744,181.663
350.233,-5.188,46.744,181.663
353.240,-3.899,46.744,181.663
351.092,-2.611,46.744,181.663
355.317,1.396,45.747,177.789
353.215,0.976,45.747,177.789
355.729,5.708,44.771,173.997
354.495,4.474,44.771,173.997
358.198,7.354,44.771,173.997
356.140,6.120,44.771,173.997
358.198,6.531,44.771,173.997
358.609,4.474,44.771,173.997
359.394,0.415,45.762,177.847
358.974,0.835,45.762,177.847
357.712,1.256,45.762,177.847
359.815,1.676,45.762,177.847
360.235,2.938,45.762,177.847
359.815,3.358,45.762,177.847
361.918,2.938,45.762,177.847
361.497,4.199,45.762,177.847
363.172,0.050,46.774,181.782
361.023,1.340,46.774,181.782
364.032,0.910,46.774,181.782
363.602,1.340,46.774,181.782
363.172,2.630,46.774,181.782
362.743,0.480,46.774,181.782
364.032,1.770,46.774,181.782
362.177,-1.579,47.809,185.804
364.373,-1.140,47.809,185.804
364.813,-0.700,47.809,185.804
364.052,3.398,46.790,181.841
365.342,1.248,46.790,181.841
365.772,1.678,46.790,181.841
365.342,2.108,46.790,181.841
368.352,-1.762,46.790,181.841
365.950,3.078,45.792,177.964
368.054,0.133,45.792,177.964
365.108,1.395,45.792,177.964
363.004,2.658,45.792,177.964
366.791,2.237,45.792,177.964
362.007,6.162,44.815,174.168
357.324,10.798,43.860,170.454
355.073,13.004,42.924,166.819
351.348,16.684,42.009,163.262
348.447,21.029,41.113,159.780
347.793,23.826,40.236,156.373
345.727,26.562,39.378,153.038
346.496,28.543,38.538,149.775
343.152,29.116,37.717,146.581
341.215,30.344,36.912,143.455
341.282,31.547,36.125,140.395
338.787,32.724,35.355,137.401
337.599,33.876,34.601,134.471
338.274,34.390,33.863,131.604
335.336,34.894,33.141,128.797
334.422,35.198,33.141,128.797
333.508,34.285,33.141,128.797
330.767,33.371,33.141,128.797
331.681,33.676,33.141,128.797
328.940,32.762,33.141,128.797
329.854,33.067,33.141,128.797
327.565,34.146,32.434,126.051
326.075,34.444,32.434,126.051
325.181,35.339,32.434,126.051
323.094,35.637,32.434,126.051
322.200,34.146,32.434,126.051
320.710,35.040,32.434,126.051
318.186,32.718,33.152,128.839
315.897,34.386,32.445,126.092
314.406,35.280,32.445,126.092
312.319,34.982,32.445,126.092
311.425,33.491,32.445,126.092
308.741,33.193,32.445,126.092
309.039,33.491,32.445,126.092
306.356,33.193,32.445,126.092
304.269,33.491,32.445,126.092
302.778,32.597,32.445,126.092
299.635,30.893,33.163,128.882
297.055,29.151,33.896,131.733
294.252,30.085,33.896,131.733
292.071,30.397,33.896,131.733
289.434,29.909,34.646,134.648
289.116,30.227,34.646,134.648
288.160,31.182,34.646,134.648
289.752,32.138,34.646,134.648
286.887,33.093,34.646,134.648
285.932,35.321,34.646,134.648
286.887,36.277,34.646,134.648
285.295,36.595,34.646,134.648
287.524,38.187,34.646,134.648
285.932,37.232,34.646,134.648
283.703,38.187,34.646,134.648
285.932,39.142,34.646,134.648
286.887,38.824,34.646,134.648
284.658,38.505,34.646,134.648
288.160,38.824,34.646,134.648
286.568,39.142,34.646,134.648
287.524,39.461,34.646,134.648
289.116,39.142,34.646,134.648
286.250,40.734,34.646,134.648
287.842,41.689,34.646,134.648
284.976,42.644,34.646,134.648
282.584,46.842,33.907,131.776
281.444,49.148,33.184,128.966
282.679,52.581,32.477,126.216
281.587,54.790,31.784,123.524
283.897,55.825,31.106,120.890
282.300,58.492,30.443,118.312
285.377,57.093,30.443,118.312
284.538,57.373,30.443,118.312
284.818,58.212,30.443,118.312
286.776,55.694,30.443,118.312
288.175,56.533,30.443,118.312
286.776,56.254,30.443,118.312
289.854,54.855,30.443,118.312
288.830,57.465,29.794,115.789
292.389,56.096,29.794,115.789
294.554,59.178,29.158,113.320
296.430,58.374,29.158,113.320
298.842,57.570,29.158,113.320
301.253,58.910,29.158,113.320
304.201,57.570,29.158,113.320
306.076,57.302,29.158,113.320
306.880,58.106,29.158,113.320
308.220,57.302,29.158,113.320
310.096,57.570,29.158,113.320
310.364,55.694,29.158,113.320
314.032,57.677,28.537,110.903
312.721,57.939,28.537,110.903
315.606,57.677,28.537,110.903
317.739,56.178,29.168,113.357
320.151,56.982,29.168,113.357
322.027,55.642,29.168,113.357
323.630,57.109,28.546,110.940
325.466,55.798,28.546,110.940
327.827,56.060,28.546,110.940
329.664,55.798,28.546,110.940
331.253,55.931,29.177,113.394
330.449,56.736,29.177,113.394
332.326,54.859,29.177,113.394
334.739,54.590,29.177,113.394
335.251,52.501,29.823,115.903
337.480,50.935,30.483,118.467
336.639,52.336,30.483,118.467
335.799,52.055,30.483,118.467
337.760,51.775,30.483,118.467
336.359,52.616,30.483,118.467
338.320,52.336,30.483,118.467
339.721,50.935,30.483,118.467
341.121,51.775,30.483,118.467
345.884,53.736,30.483,118.467
345.837,50.973,31.157,121.089
343.413,48.148,31.847,123.768
346.632,49.611,31.847,123.768
348.095,49.904,31.847,123.768
350.729,50.196,31.847,123.768
352.193,50.489,31.847,123.768
353.071,50.782,31.847,123.768
355.385,52.383,31.167,121.128
358.202,53.951,30.503,118.545
360.959,56.026,29.852,116.017
362.599,58.585,29.216,113.543
364.204,62.124,28.593,111.122
365.776,64.069,27.983,108.752
368.604,65.355,27.983,108.752
371.433,66.126,27.983,108.752
375.805,61.755,27.983,108.752
378.633,64.069,27.983,108.752
382.154,65.476,27.386,106.433
385.426,65.728,27.386,106.433
387.691,65.980,27.386,106.433
389.956,64.721,27.386,106.433
391.717,64.973,27.386,106.433
392.472,65.225,27.386,106.433
395.042,63.264,27.992,108.788
396.328,63.007,27.992,108.788
397.614,63.264,27.992,108.788
397.871,61.463,27.992,108.788
399.157,61.206,27.992,108.788
399.929,59.920,27.992,108.788
397.614,60.692,27.992,108.788
397.357,61.463,27.992,108.788
398.643,62.235,27.992,108.788
394.864,60.765,28.611,111.195
394.075,62.079,28.611,111.195
392.235,62.342,28.611,111.195
390.920,62.605,28.611,111.195
391.709,63.394,28.611,111.195
389.342,65.235,28.611,111.195
391.183,66.023,28.611,111.195
393.023,66.286,28.611,111.195
392.235,66.549,28.611,111.195
390.920,69.442,28.611,111.195
391.709,70.230,28.611,111.195
391.972,71.019,28.611,111.195
391.183,74.437,28.611,111.195
391.972,75.752,28.611,111.195
390.131,79.170,28.611,111.195
391.972,79.959,28.611,111.195
391.709,81.799,28.611,111.195
389.868,84.166,28.611,111.195
389.605,84.954,28.611,111.195
390.920,84.692,28.611,111.195
388.553,86.006,28.611,111.195
387.765,85.217,28.611,111.195
388.028,87.058,28.611,111.195
387.765,88.373,28.611,111.195
386.450,89.687,28.611,111.195
385.135,91.528,28.611,111.195
386.976,92.316,28.611,111.195
386.187,93.105,28.611,111.195
388.028,94.420,28.611,111.195
389.342,96.786,28.611,111.195
386.976,98.627,28.611,111.195
388.291,98.890,28.611,111.195
388.028,100.204,28.611,111.195
389.342,99.416,28.611,111.195
390.657,100.730,28.611,111.195
390.394,102.045,28.611,111.195
390.657,101.256,28.611,111.195
393.243,103.202,28.001,108.823
394.285,106.099,27.404,106.503
396.048,106.350,27.404,106.503
394.789,107.610,27.404,106.503
393.026,108.365,27.404,106.503
392.774,108.113,27.404,106.503
392.019,108.869,27.404,106.503
392.774,110.128,27.404,106.503
390.508,111.387,27.404,106.503
389.752,113.150,27.404,106.503
389.501,114.409,27.404,106.503
386.227,115.668,27.404,106.503
386.982,117.935,27.404,106.503
384.716,118.690,27.404,106.503
386.222,122.982,26.820,104.231
383.018,124.707,26.820,104.231
385.236,127.911,26.820,104.231
387.454,129.636,26.820,104.231
387.207,132.347,26.820,104.231
385.355,136.547,26.248,102.009
387.728,139.727,25.688,99.833
386.075,141.379,25.688,99.833
385.211,143.127,25.140,97.704
383.132,143.358,25.140,97.704
380.129,143.127,25.140,97.704
377.587,142.433,25.140,97.704
378.281,141.278,25.140,97.704
376.201,141.509,25.140,97.704
373.660,142.202,25.140,97.704
374.353,142.433,25.140,97.704
375.046,142.664,25.140,97.704
373.090,140.385,25.697,99.866
375.868,142.588,25.149,97.736
372.472,138.390,25.705,99.899
369.402,139.098,25.705,99.899
368.221,138.862,25.705,99.899
366.221,137.022,26.274,102.109
366.945,135.332,26.274,102.109
367.186,134.124,26.274,102.109
368.649,130.740,26.855,104.368
366.428,129.506,26.855,104.368
363.713,128.766,26.855,104.368
365.721,127.355,27.449,106.677
365.155,126.960,28.056,109.038
364.578,126.557,28.677,111.450
367.476,126.293,28.677,111.450
367.433,125.880,29.312,113.916
366.270,126.018,29.960,116.436
368.748,126.844,29.960,116.436
370.416,125.841,30.623,119.012
371.537,125.984,31.301,121.646
369.524,127.423,31.301,121.646
373.263,129.436,31.301,121.646
371.424,129.583,31.993,124.337
375.247,131.641,31.993,124.337
376.418,131.790,32.701,127.088
378.521,133.293,32.701,127.088
379.095,133.446,33.424,129.900
381.245,134.367,33.424,129.900
379.709,134.060,33.424,129.900
381.245,134.982,33.424,129.900
382.781,135.903,33.424,129.900
381.245,136.825,33.424,129.900
382.781,135.903,33.424,129.900
382.474,134.982,33.424,129.900
384.624,133.446,33.424,129.900
387.388,132.524,33.424,129.900
388.924,133.446,33.424,129.900
392.917,134.367,33.424,129.900
396.296,134.675,33.424,129.900
399.060,135.596,33.424,129.900
401.559,135.115,34.164,132.774
403.757,135.429,34.164,132.774
405.659,133.634,34.920,135.711
408.269,133.132,35.692,138.714
409.909,130.836,35.692,138.714
412.205,131.164,35.692,138.714
410.109,129.289,36.482,141.783
413.796,130.965,36.482,141.783
411.654,130.440,37.289,144.920
413.019,129.193,38.114,148.126
409.866,128.843,38.114,148.126
409.081,126.114,38.958,151.404
406.575,125.756,38.958,151.404
404.785,124.682,38.958,151.404
402.497,121.892,39.820,154.754
402.863,120.795,39.820,154.754
403.229,120.429,39.820,154.754
399.372,119.096,40.701,158.177
402.738,118.722,40.701,158.177
400.120,118.348,40.701,158.177
401.242,119.470,40.701,158.177
400.868,118.348,40.701,158.177
401.582,116.211,41.601,161.677
405.022,114.299,41.601,161.677
407.698,113.917,41.601,161.677
410.375,114.299,41.601,161.677
410.757,116.975,41.601,161.677
412.668,117.357,41.601,161.677
414.191,115.966,42.522,165.254
415.364,116.356,42.522,165.254
412.866,113.312,43.462,168.910
415.662,112.114,43.462,168.910
413.938,108.173,44.424,172.648
418.429,108.581,44.424,172.648
414.125,106.248,45.407,176.467
414.056,105.595,46.411,180.372
412.776,106.874,46.411,180.372
413.203,107.301,46.411,180.372
414.482,108.580,46.411,180.372
416.615,109.860,46.411,180.372
420.454,111.992,46.411,180.372
423.439,112.419,46.411,180.372
424.719,114.551,46.411,180.372
428.557,114.125,46.411,180.372
425.572,115.404,46.411,180.372
429.410,116.684,46.411,180.372
431.543,116.257,46.411,180.372
428.817,112.049,47.438,184.363
429.253,113.357,47.438,184.363
432.304,107.690,47.438,184.363
430.996,107.254,47.438,184.363
433.176,99.843,47.438,184.363
432.740,100.279,47.438,184.363
431.763,92.360,48.488,188.442
430.426,95.479,48.488,188.442
429.981,96.815,48.488,188.442
432.209,97.261,48.488,188.442
431.763,98.598,48.488,188.442
433.100,100.826,48.488,188.442
428.198,101.271,48.488,188.442
430.426,103.499,48.488,188.442
429.428,104.651,49.561,192.611
428.972,107.839,49.561,192.611
430.339,110.116,49.561,192.611
425.329,111.483,49.561,192.611
421.230,111.027,49.561,192.611
426.587,115.276,48.504,188.503
422.575,115.721,48.504,188.503
427.478,117.950,48.504,188.503
424.358,116.613,48.504,188.503
427.478,118.842,48.504,188.503
425.250,117.504,48.504,188.503
428.370,117.059,48.504,188.503
430.599,117.504,48.504,188.503
431.936,117.950,48.504,188.503
429.707,115.721,48.504,188.503
433.719,116.167,48.504,188.503
433.273,116.613,48.504,188.503
435.502,117.059,48.504,188.503
436.839,118.396,48.504,188.503
436.067,120.835,47.469,184.483
437.835,124.905,46.457,180.549
439.115,124.478,46.457,180.549
441.668,127.638,45.466,176.699
440.415,128.055,45.466,176.699
441.668,127.638,45.466,176.699
439.579,127.220,45.466,176.699
438.326,127.638,45.466,176.699
436.237,128.891,45.466,176.699
435.513,133.594,44.497,172.931
433.748,129.560,45.481,176.757
433.330,129.142,45.481,176.757
431.240,130.396,45.481,176.757
431.658,129.978,45.481,176.757
431.240,131.232,45.481,176.757
429.151,131.650,45.481,176.757
428.733,131.232,45.481,176.757
427.203,132.714,44.511,172.988
425.976,131.486,44.511,172.988
429.211,134.514,43.562,169.299
426.408,133.313,43.562,169.299
424.407,132.112,43.562,169.299
426.801,134.303,42.633,165.688
422.491,131.560,42.633,165.688
419.748,130.385,42.633,165.688
417.006,127.642,42.633,165.688
415.831,125.683,42.633,165.688
413.872,121.374,42.633,165.688
412.438,122.008,41.724,162.155
412.822,120.090,41.724,162.155
411.671,118.940,41.724,162.155
415.122,115.489,41.724,162.155
418.154,115.370,40.834,158.697
417.779,113.494,40.834,158.697
422.916,112.654,39.963,155.313
422.549,107.880,39.963,155.313
408.009,100.447,40.848,158.749
415.892,100.071,40.848,158.749
420.772,101.197,40.848,158.749
417.393,102.324,40.848,158.749
420.772,100.447,40.848,158.749
418.144,100.071,40.848,158.749
419.270,99.696,40.848,158.749
417.393,98.570,40.848,158.749
418.519,97.444,40.848,158.749
418.144,97.068,40.848,158.749
417.018,95.942,40.848,158.749
416.643,94.816,40.848,158.749
416.267,94.441,40.848,158.749
418.895,94.065,40.848,158.749
416.267,93.690,40.848,158.749
418.144,92.564,40.848,158.749
417.769,91.438,40.848,158.749
419.646,91.062,40.848,158.749
421.523,89.936,40.848,158.749
423.018,87.790,41.751,162.261
423.402,88.174,41.751,162.261
423.018,87.790,41.751,162.261
424.169,88.174,41.751,162.261
423.785,87.790,41.751,162.261
424.518,87.190,42.675,165.851
423.341,88.366,42.675,165.851
425.302,89.543,42.675,165.851
423.341,91.504,42.675,165.851
425.302,92.680,42.675,165.851
424.910,93.072,42.675,165.851
424.518,95.033,42.675,165.851
426.479,96.210,42.675,165.851
426.086,96.602,42.675,165.851
427.263,96.994,42.675,165.851
426.086,98.170,42.675,165.851
428.047,98.563,42.675,165.851
424.727,99.576,43.619,169.521
429.136,100.779,43.619,169.521
426.330,104.386,43.619,169.521
428.335,106.390,43.619,169.521
425.529,109.998,43.619,169.521
427.533,112.002,43.619,169.521
425.529,114.808,43.619,169.521
424.326,116.011,43.619,169.521
423.124,118.817,43.619,169.521
425.128,120.019,43.619,169.521
423.124,123.627,43.619,169.521
421.921,125.631,43.619,169.521
419.917,128.437,43.619,169.521
421.921,129.640,43.619,169.521
420.191,130.675,44.584,173.271
421.420,132.724,44.584,173.271
421.010,133.134,44.584,173.271
420.601,132.724,44.584,173.271
420.191,133.953,44.584,173.271
421.420,132.724,44.584,173.271
421.830,134.773,44.584,173.271
421.420,135.182,44.584,173.271
420.191,135.592,44.584,173.271
423.059,134.363,44.584,173.271
421.830,134.773,44.584,173.271
420.601,136.002,44.584,173.271
422.649,132.314,44.584,173.271
419.781,136.002,44.584,173.271
423.469,133.953,44.584,173.271
422.239,136.002,44.584,173.271
421.010,136.411,44.584,173.271
424.698,137.641,44.584,173.271
427.566,138.870,44.584,173.271
423.878,134.363,44.584,173.271
425.107,134.773,44.584,173.271
427.557,137.015,43.634,169.576
427.156,136.614,43.634,169.576
430.765,135.411,43.634,169.576
428.525,138.379,42.703,165.960
432.057,137.986,42.703,165.960
430.621,138.621,41.792,162.421
429.469,139.005,41.792,162.421
432.157,139.389,41.792,162.421
430.237,139.005,41.792,162.421
431.389,139.389,41.792,162.421
429.469,138.237,41.792,162.421
432.925,139.389,41.792,162.421
429.469,139.005,41.792,162.421
430.621,139.389,41.792,162.421
427.164,139.773,41.792,162.421
425.244,139.389,41.792,162.421
420.251,137.469,41.792,162.421
418.331,137.085,41.792,162.421
421.788,135.933,41.792,162.421
422.940,134.781,41.792,162.421
421.019,134.396,41.792,162.421
407.577,134.781,41.792,162.421
414.106,132.860,41.792,162.421
419.099,133.244,41.792,162.421
421.788,134.396,41.792,162.421
417.563,137.853,41.792,162.421
420.251,136.701,41.792,162.421
419.099,135.549,41.792,162.421
417.441,133.353,42.717,166.014
420.974,131.391,42.717,166.014
419.797,130.213,42.717,166.014
422.545,128.250,42.717,166.014
420.582,130.998,42.717,166.014
421.759,129.035,42.717,166.014
422.152,129.428,42.717,166.014
420.189,130.606,42.717,166.014
422.152,127.858,42.717,166.014
421.759,129.035,42.717,166.014
422.937,128.643,42.717,166.014
420.189,132.176,42.717,166.014
421.367,130.213,42.717,166.014
419.404,132.176,42.717,166.014
421.367,130.998,42.717,166.014
420.189,131.391,42.717,166.014
419.012,133.353,42.717,166.014
420.974,132.961,42.717,166.014
419.797,132.568,42.717,166.014
420.189,131.391,42.717,166.014
418.226,130.998,42.717,166.014
418.619,132.961,42.717,166.014
419.797,133.353,42.717,166.014
416.473,132.739,43.662,169.688
414.741,131.278,44.628,173.442
412.971,128.083,45.616,177.279
414.229,128.502,45.616,177.279
412.971,127.244,45.616,177.279
412.552,125.987,45.616,177.279
411.294,125.567,45.616,177.279
407.521,124.310,45.616,177.279
403.972,122.784,46.625,181.202
406.115,125.783,46.625,181.202
402.487,123.334,47.657,185.211
402.049,122.020,47.657,185.211
405.115,122.458,47.657,185.211
406.429,123.772,47.657,185.211
405.991,122.458,47.657,185.211
404.677,120.268,47.657,185.211
407.743,119.830,47.657,185.211
408.181,118.516,47.657,185.211
413.874,118.078,47.657,185.211
415.188,116.765,47.657,185.211
414.750,115.451,47.657,185.211
416.940,114.137,47.657,185.211
412.804,116.534,46.640,181.261
407.931,118.880,45.646,177.396
408.351,116.782,45.646,177.396
406.253,116.363,45.646,177.396
404.156,117.621,45.646,177.396
403.736,117.202,45.646,177.396
400.800,116.782,45.646,177.396
397.864,115.524,45.646,177.396
400.800,115.105,45.646,177.396
398.703,115.524,45.646,177.396
395.767,111.749,45.646,177.396
391.991,113.846,45.646,177.396
389.894,108.393,45.646,177.396
392.830,110.490,45.646,177.396
397.444,108.393,45.646,177.396
393.669,107.974,45.646,177.396
391.572,110.071,45.646,177.396
388.636,111.329,45.646,177.396
382.344,110.910,45.646,177.396
378.568,112.168,45.646,177.396
376.471,113.427,45.646,177.396
374.127,116.531,44.672,173.613
370.433,116.942,44.672,173.613
369.201,116.531,44.672,173.613
367.970,115.300,44.672,173.613
365.917,113.247,44.672,173.613
363.864,112.015,44.672,173.613
365.096,112.426,44.672,173.613
366.328,113.657,44.672,173.613
363.454,114.889,44.672,173.613
365.506,116.942,44.672,173.613
365.917,118.173,44.672,173.613
368.791,119.405,44.672,173.613
371.664,119.815,44.672,173.613
375.359,121.868,44.672,173.613
379.875,123.099,44.672,173.613
381.927,125.152,44.672,173.613
382.338,127.205,44.672,173.613
385.212,128.436,44.672,173.613
386.443,131.310,44.672,173.613
385.212,133.363,44.672,173.613
385.622,135.415,44.672,173.613
385.212,136.647,44.672,173.613
386.443,137.057,44.672,173.613
384.391,138.289,44.672,173.613
383.470,138.498,45.661,177.454
385.568,138.078,45.661,177.454
384.310,138.498,45.661,177.454
385.568,140.596,45.661,177.454
387.666,141.855,45.661,177.454
388.925,142.274,45.661,177.454
390.184,144.372,45.661,177.454
393.121,143.953,45.661,177.454
395.630,148.676,44.687,173.669
397.684,149.908,44.687,173.669
395.630,152.783,44.687,173.669
398.505,154.015,44.687,173.669
398.916,157.711,44.687,173.669
400.969,163.049,44.687,173.669
399.737,173.316,44.687,173.669
398.505,178.654,44.687,173.669
399.737,176.601,44.687,173.669
397.684,174.548,44.687,173.669
398.916,170.852,44.687,173.669
399.326,166.334,44.687,173.669
398.094,158.532,44.687,173.669
397.684,162.228,44.687,173.669
397.273,156.068,44.687,173.669
397.354,161.482,43.734,169.966
398.207,166.006,42.801,166.341
396.241,167.186,42.801,166.341
397.421,165.219,42.801,166.341
394.667,167.186,42.801,166.341
392.701,161.286,42.801,166.341
391.521,164.039,42.801,166.341
393.487,166.793,42.801,166.341
390.734,168.759,42.801,166.341
393.487,175.446,42.801,166.341
389.161,169.546,42.801,166.341
387.194,163.646,42.801,166.341
390.734,171.119,42.801,166.341
387.194,166.006,42.801,166.341
384.441,158.533,42.801,166.341
381.485,152.345,41.889,162.794
382.640,146.571,41.889,162.794
379.945,143.876,41.889,162.794
382.640,145.801,41.889,162.794
379.747,142.713,40.995,159.322
381.631,143.090,40.995,159.322
382.761,138.946,40.995,159.322
380.124,137.062,40.995,159.322
380.501,134.425,40.995,159.322
380.124,135.555,40.995,159.322
379.472,131.807,40.121,155.925
383.098,133.115,39.265,152.600
385.624,134.919,39.265,152.600
388.871,132.393,39.265,152.600
390.676,133.475,39.265,152.600
389.355,129.886,38.428,149.345
393.946,133.064,38.428,149.345
409.838,148.249,38.428,149.345
415.135,150.721,38.428,149.345
419.726,153.899,38.428,149.345
423.610,150.015,38.428,149.345
427.764,155.351,37.609,146.161
433.640,157.771,37.609,146.161
438.371,160.995,36.807,143.044
370.626,119.160,36.022,139.993
370.957,117.505,36.022,139.993
373.274,115.849,36.022,139.993
376.916,116.180,36.022,139.993
378.234,115.662,36.819,143.091
378.573,117.354,36.819,143.091
380.941,119.046,36.819,143.091
377.896,119.384,36.819,143.091
378.234,119.722,36.819,143.091
375.866,118.031,36.819,143.091
373.976,120.535,36.033,140.039
372.982,117.554,36.033,140.039
371.327,118.548,36.033,140.039
371.658,119.541,36.033,140.039
368.678,119.210,36.033,140.039
367.022,120.204,36.033,140.039
369.340,121.197,36.033,140.039
366.360,122.853,36.033,140.039
366.029,123.846,36.033,140.039
364.373,124.177,36.033,140.039
363.379,125.833,36.033,140.039
363.711,127.489,36.033,140.039
362.717,128.482,36.033,140.039
363.048,130.800,36.033,140.039
362.055,133.118,36.033,140.039
363.711,134.774,36.033,140.039
361.393,136.429,36.033,140.039
363.048,138.747,36.033,140.039
360.068,139.741,36.033,140.039
358.412,142.059,36.033,140.039
361.393,139.741,36.033,140.039
358.412,141.396,36.033,140.039
360.068,143.714,36.033,140.039
357.088,146.694,36.033,140.039
357.419,149.012,36.033,140.039
358.412,150.668,36.033,140.039
356.094,152.324,36.033,140.039
357.750,153.980,36.033,140.039
355.432,156.297,36.033,140.039
358.412,153.317,36.033,140.039
356.094,156.297,36.033,140.039
355.101,157.953,36.033,140.039
354.770,157.622,36.033,140.039
353.776,158.615,36.033,140.039
352.783,160.271,36.033,140.039
353.776,161.927,36.033,140.039
352.121,162.258,36.033,140.039
351.127,164.576,36.033,140.039
353.445,161.596,36.033,140.039
350.465,159.940,36.033,140.039
348.809,161.596,36.033,140.039
347.816,162.589,36.033,140.039
348.809,162.920,36.033,140.039
346.491,163.914,36.033,140.039
344.173,165.569,36.033,140.039
345.167,165.238,36.033,140.039
342.849,167.556,36.033,140.039
341.193,169.212,36.033,140.039
339.538,170.205,36.033,140.039
337.882,166.563,36.033,140.039
336.226,168.881,36.033,140.039
335.233,171.199,36.033,140.039
335.564,168.881,36.033,140.039
331.921,171.861,36.033,140.039
332.915,173.517,36.033,140.039
328.610,175.172,36.033,140.039
328.279,178.815,36.033,140.039
329.272,175.172,36.033,140.039
324.968,179.477,36.033,140.039
323.312,175.835,36.033,140.039
320.332,180.139,36.033,140.039
317.351,177.821,36.033,140.039
315.034,181.464,36.033,140.039
311.391,185.106,36.033,140.039
309.735,181.464,36.033,140.039
306.609,181.361,35.265,137.053
303.044,184.926,35.265,137.053
302.072,180.713,35.265,137.053
297.859,184.278,35.265,137.053
297.535,180.713,35.265,137.053
292.673,184.926,35.265,137.053
290.405,188.491,35.265,137.053
288.136,184.926,35.265,137.053
285.868,188.491,35.265,137.053
283.599,184.926,35.265,137.053
280.683,187.843,35.265,137.053
279.062,184.926,35.265,137.053
275.646,185.764,36.045,140.085
273.327,184.107,36.045,140.085
271.671,188.413,36.045,140.085
268.690,187.420,36.045,140.085
267.034,187.751,36.045,140.085
264.715,188.745,36.045,140.085
263.059,188.413,36.045,140.085
260.740,190.732,36.045,140.085
257.759,191.726,36.045,140.085
256.765,191.395,36.045,140.085
253.784,193.051,36.045,140.085
254.416,191.158,36.843,143.184
250.692,194.205,36.843,143.184
247.645,193.189,36.843,143.184
245.952,192.850,36.843,143.184
242.905,192.512,36.843,143.184
239.858,192.173,36.843,143.184
237.487,195.221,36.843,143.184
233.918,192.583,37.658,146.352
