256.000,152.000,73.000,210.000
253.297,151.459,73.000,210.000
256.000,152.000,73.000,210.000
254.378,151.459,73.000,210.000
256.000,152.000,73.000,210.000
254.378,151.459,73.000,210.000
256.000,150.919,73.000,210.000
253.297,151.459,73.000,210.000
256.000,152.000,73.000,210.000
253.297,151.459,73.000,210.000
256.000,152.000,73.000,210.000
253.297,151.459,73.000,210.000
256.000,152.000,73.000,210.000
253.297,151.459,73.000,210.000
254.919,152.000,73.000,210.000
253.297,151.459,73.000,210.000
254.919,152.000,73.000,210.000
253.297,151.459,73.000,210.000
254.919,152.000,73.000,210.000
253.297,151.459,73.000,210.000
254.919,152.000,73.000,210.000
253.297,151.459,73.000,210.000
254.919,152.000,73.000,210.000
253.297,151.459,73.000,210.000
254.919,152.000,73.000,210.000
253.297,151.459,73.000,210.000
254.919,152.000,73.000,210.000
253.297,151.459,73.000,210.000
254.919,152.000,73.000,210.000
253.297,151.459,73.000,210.000
254.919,152.000,73.000,210.000
253.297,151.459,73.000,210.000
254.919,152.000,73.000,210.000
253.297,151.459,73.000,210.000
254.919,152.000,73.000,210.000
252.216,151.459,73.000,210.000
254.919,152.000,73.000,210.000
253.297,151.459,73.000,210.000
254.919,152.000,73.000,210.000
253.297,151.459,73.000,210.000
254.919,152.000,73.000,210.000
253.297,151.459,73.000,210.000
254.919,152.000,73.000,210.000
252.216,151.459,73.000,210.000
254.919,152.000,73.000,210.000
253.297,151.459,73.000,210.000
254.919,152.000,73.000,210.000
252.216,151.459,73.000,210.000
254.919,152.000,73.000,210.000
252.216,151.459,73.000,210.000
254.919,152.000,73.000,210.000
253.297,151.459,73.000,210.000
254.919,152.000,73.000,210.000
252.216,151.459,73.000,210.000
254.919,152.000,73.000,210.000
252.216,151.459,73.000,210.000
254.919,152.000,73.000,210.000
252.216,151.459,73.000,210.000
254.919,152.000,73.000,210.000
253.297,151.459,73.000,210.000
254.919,152.000,73.000,210.000
252.216,151.459,73.000,210.000
254.919,152.000,73.000,210.000
253.297,151.459,73.000,210.000
254.919,152.000,73.000,210.000
253.297,151.459,73.000,210.000
254.919,152.000,73.000,210.000
253.297,151.459,73.000,210.000
254.919,152.000,73.000,210.000
253.297,151.459,73.000,210.000
254.919,152.000,73.000,210.000
252.216,151.459,73.000,210.000
254.919,152.000,73.000,210.000
252.216,151.459,73.000,210.000
254.919,152.000,73.000,210.000
252.216,151.459,73.000,210.000
254.919,152.000,73.000,210.000
252.216,151.459,73.000,210.000
254.919,152.000,73.000,210.000
252.216,151.459,73.000,210.000
254.919,152.000,73.000,210.000
252.216,151.459,73.000,210.000
254.919,152.000,73.000,210.000
253.297,152.541,73.000,210.000
254.919,152.000,73.000,210.000
253.297,152.541,73.000,210.000
254.919,152.000,73.000,210.000
253.297,151.459,73.000,210.000
254.919,152.000,73.000,210.000
252.216,151.459,73.000,210.000
254.919,152.000,73.000,210.000
253.297,152.541,73.000,210.000
254.919,152.000,73.000,210.000
253.297,151.459,73.000,210.000
254.919,152.000,73.000,210.000
253.297,151.459,73.000,210.000
254.919,152.000,73.000,210.000
253.297,151.459,73.000,210.000
254.919,152.000,73.000,210.000
252.216,151.459,73.000,210.000
254.919,152.000,73.000,210.000
252.216,151.459,73.000,210.000
254.919,152.000,73.000,210.000
252.216,151.459,73.000,210.000
254.919,152.000,73.000,210.000
252.216,151.459,73.000,210.000
256.000,150.919,73.000,210.000
257.622,151.459,73.000,210.000
258.162,150.919,73.000,210.000
259.784,150.378,73.000,210.000
258.162,149.838,73.000,210.000
259.784,150.378,73.000,210.000
259.243,149.838,73.000,210.000
260.865,150.378,73.000,210.000
260.324,149.838,73.000,210.000
260.865,150.378,73.000,210.000
259.243,149.838,73.000,210.000
259.784,150.378,73.000,210.000
259.243,149.838,73.000,210.000
261.584,153.640,71.443,205.522
259.997,153.111,71.443,205.522
260.526,152.582,71.443,205.522
261.055,153.111,71.443,205.522
259.468,152.582,71.443,205.522
261.055,153.111,71.443,205.522
259.468,152.582,71.443,205.522
261.055,154.169,71.443,205.522
260.526,153.640,71.443,205.522
261.055,154.169,71.443,205.522
260.526,153.640,71.443,205.522
262.113,154.169,71.443,205.522
260.526,154.698,71.443,205.522
262.113,154.169,71.443,205.522
260.526,153.640,71.443,205.522
261.055,154.169,71.443,205.522
260.526,153.640,71.443,205.522
261.055,154.169,71.443,205.522
260.526,153.640,71.443,205.522
261.055,154.169,71.443,205.522
260.526,153.640,71.443,205.522
261.055,154.169,71.443,205.522
260.526,153.640,71.443,205.522
262.113,154.169,71.443,205.522
260.526,153.640,71.443,205.522
262.113,154.169,71.443,205.522
259.468,153.640,71.443,205.522
262.113,154.169,71.443,205.522
260.526,153.640,71.443,205.522
262.113,154.169,71.443,205.522
260.526,153.640,71.443,205.522
262.113,154.169,71.443,205.522
260.526,153.640,71.443,205.522
262.113,154.169,71.443,205.522
260.526,153.640,71.443,205.522
262.113,154.169,71.443,205.522
260.526,153.640,71.443,205.522
262.113,154.169,71.443,205.522
260.526,153.640,71.443,205.522
262.113,154.169,71.443,205.522
260.526,153.640,71.443,205.522
262.113,154.169,71.443,205.522
260.526,153.640,71.443,205.522
262.113,154.169,71.443,205.522
260.526,153.640,71.443,205.522
262.113,154.169,71.443,205.522
260.526,153.640,71.443,205.522
262.113,154.169,71.443,205.522
260.526,153.640,71.443,205.522
262.113,154.169,71.443,205.522
260.526,153.640,71.443,205.522
262.113,154.169,71.443,205.522
260.526,153.640,71.443,205.522
262.113,154.169,71.443,205.522
259.468,153.640,71.443,205.522
262.113,154.169,71.443,205.522
260.526,153.640,71.443,205.522
261.055,154.169,71.443,205.522
260.526,154.698,71.443,205.522
262.113,155.227,71.443,205.522
259.468,153.640,71.443,205.522
262.113,155.227,71.443,205.522
259.468,153.640,71.443,205.522
262.113,155.227,71.443,205.522
259.468,153.640,71.443,205.522
262.113,154.169,71.443,205.522
259.468,153.640,71.443,205.522
262.113,154.169,71.443,205.522
259.468,153.640,71.443,205.522
262.113,154.169,71.443,205.522
259.468,153.640,71.443,205.522
262.113,154.169,71.443,205.522
259.468,153.640,71.443,205.522
262.113,154.169,71.443,205.522
259.468,154.698,71.443,205.522
262.113,155.227,71.443,205.522
259.468,153.640,71.443,205.522
262.113,154.169,71.443,205.522
259.468,153.640,71.443,205.522
262.113,154.169,71.443,205.522
260.526,153.640,71.443,205.522
261.055,153.111,71.443,205.522
260.526,152.582,71.443,205.522
261.055,153.111,71.443,205.522
260.526,152.582,71.443,205.522
262.113,153.111,71.443,205.522
259.468,153.640,71.443,205.522
262.113,154.169,71.443,205.522
259.468,152.582,71.443,205.522
261.055,154.169,71.443,205.522
260.526,152.582,71.443,205.522
261.055,153.111,71.443,205.522
260.526,152.582,71.443,205.522
261.055,154.169,71.443,205.522
260.526,152.582,71.443,205.522
261.055,154.169,71.443,205.522
260.526,153.640,71.443,205.522
261.055,154.169,71.443,205.522
260.526,153.640,71.443,205.522
261.055,154.169,71.443,205.522
260.526,153.640,71.443,205.522
261.055,154.169,71.443,205.522
258.410,153.640,71.443,205.522
256.824,154.169,71.443,205.522
257.075,156.870,69.920,201.139
258.629,157.388,69.920,201.139
255.005,155.835,69.920,201.139
256.558,157.388,69.920,201.139
255.005,155.835,69.920,201.139
256.558,157.388,69.920,201.139
256.040,155.835,69.920,201.139
256.558,157.388,69.920,201.139
256.040,155.835,69.920,201.139
256.558,157.388,69.920,201.139
256.040,155.835,69.920,201.139
256.558,157.388,69.920,201.139
256.040,155.835,69.920,201.139
256.558,157.388,69.920,201.139
256.040,155.835,69.920,201.139
256.558,156.353,69.920,201.139
256.040,154.799,69.920,201.139
255.522,156.353,69.920,201.139
257.075,154.799,69.920,201.139
255.522,156.353,69.920,201.139
257.075,154.799,69.920,201.139
255.522,156.353,69.920,201.139
257.075,155.835,69.920,201.139
256.558,156.353,69.920,201.139
255.005,155.835,69.920,201.139
256.558,156.353,69.920,201.139
256.040,155.835,69.920,201.139
256.558,157.388,69.920,201.139
256.040,155.835,69.920,201.139
256.558,156.353,69.920,201.139
256.040,155.835,69.920,201.139
256.558,156.353,69.920,201.139
256.040,155.835,69.920,201.139
256.558,156.353,69.920,201.139
256.040,155.835,69.920,201.139
256.558,156.353,69.920,201.139
256.040,154.799,69.920,201.139
256.558,156.353,69.920,201.139
256.040,154.799,69.920,201.139
256.558,156.353,69.920,201.139
256.040,154.799,69.920,201.139
256.558,156.353,69.920,201.139
256.040,154.799,69.920,201.139
256.558,156.353,69.920,201.139
256.040,154.799,69.920,201.139
256.558,155.317,69.920,201.139
256.040,154.799,69.920,201.139
256.558,156.353,69.920,201.139
256.040,154.799,69.920,201.139
256.558,155.317,69.920,201.139
256.040,154.799,69.920,201.139
255.522,155.317,69.920,201.139
256.040,154.799,69.920,201.139
254.487,155.317,69.920,201.139
256.040,153.764,69.920,201.139
255.522,154.282,69.920,201.139
256.040,153.764,69.920,201.139
254.487,153.246,69.920,201.139
256.040,152.729,69.920,201.139
255.522,153.246,69.920,201.139
257.075,152.729,69.920,201.139
254.487,153.246,69.920,201.139
256.040,152.729,69.920,201.139
254.487,153.246,69.920,201.139
255.005,152.729,69.920,201.139
254.487,153.246,69.920,201.139
255.005,153.764,69.920,201.139
254.487,154.282,69.920,201.139
255.005,153.764,69.920,201.139
254.487,153.246,69.920,201.139
256.040,153.764,69.920,201.139
254.487,154.282,69.920,201.139
256.040,153.764,69.920,201.139
254.487,155.317,69.920,201.139
256.040,153.764,69.920,201.139
253.451,155.317,69.920,201.139
256.040,154.799,69.920,201.139
254.487,156.353,69.920,201.139
257.075,154.799,69.920,201.139
254.487,156.353,69.920,201.139
256.040,154.799,69.920,201.139
255.522,156.353,69.920,201.139
257.075,154.799,69.920,201.139
255.522,155.317,69.920,201.139
256.040,153.764,69.920,201.139
255.522,155.317,69.920,201.139
257.075,154.799,69.920,201.139
255.522,155.317,69.920,201.139
256.040,153.764,69.920,201.139
253.451,154.282,69.920,201.139
255.005,152.729,69.920,201.139
253.451,154.282,69.920,201.139
253.969,151.693,69.920,201.139
251.381,151.175,69.920,201.139
253.969,149.622,69.920,201.139
251.381,149.105,69.920,201.139
252.934,146.516,69.920,201.139
252.416,144.963,69.920,201.139
252.934,142.374,69.920,201.139
251.381,139.786,69.920,201.139
251.898,138.233,69.920,201.139
250.345,134.609,69.920,201.139
249.827,132.020,69.920,201.139
249.310,129.431,69.920,201.139
140.072,167.225,69.920,201.139
136.448,165.671,69.920,201.139
138.001,167.225,69.920,201.139
136.448,164.636,69.920,201.139
138.001,166.189,69.920,201.139
136.448,165.671,69.920,201.139
138.001,167.225,69.920,201.139
136.448,164.636,69.920,201.139
138.001,167.225,69.920,201.139
136.448,165.671,69.920,201.139
138.001,167.225,69.920,201.139
138.519,166.707,69.920,201.139
138.001,167.225,69.920,201.139
137.484,166.707,69.920,201.139
140.072,169.295,69.920,201.139
138.519,165.671,69.920,201.139
140.072,168.260,69.920,201.139
140.590,166.707,69.920,201.139
138.001,167.225,69.920,201.139
140.590,165.671,69.920,201.139
138.001,167.225,69.920,201.139
140.590,165.671,69.920,201.139
138.001,167.225,69.920,201.139
140.590,164.636,69.920,201.139
136.966,166.189,69.920,201.139
140.590,166.707,69.920,201.139
139.037,167.225,69.920,201.139
141.625,165.671,69.920,201.139
139.037,167.225,69.920,201.139
141.625,166.707,69.920,201.139
140.072,168.260,69.920,201.139
142.661,166.707,69.920,201.139
140.072,168.260,69.920,201.139
141.625,166.707,69.920,201.139
139.037,168.260,69.920,201.139
141.625,168.778,69.920,201.139
139.037,169.295,69.920,201.139
141.625,169.813,69.920,201.139
141.108,170.331,69.920,201.139
142.661,168.778,69.920,201.139
140.072,170.331,69.920,201.139
141.625,169.813,69.920,201.139
139.037,170.331,69.920,201.139
140.590,168.778,69.920,201.139
139.037,169.295,69.920,201.139
140.590,167.742,69.920,201.139
139.037,169.295,69.920,201.139
140.590,167.742,69.920,201.139
139.037,169.295,69.920,201.139
140.590,167.742,69.920,201.139
141.108,169.295,69.920,201.139
141.625,168.778,69.920,201.139
141.108,169.295,69.920,201.139
141.625,167.742,69.920,201.139
141.108,168.260,69.920,201.139
141.625,167.742,69.920,201.139
140.072,168.260,69.920,201.139
141.625,166.707,69.920,201.139
140.072,168.260,69.920,201.139
141.625,166.707,69.920,201.139
139.037,168.260,69.920,201.139
141.625,166.707,69.920,201.139
139.037,168.260,69.920,201.139
140.590,165.671,69.920,201.139
139.037,167.224,69.920,201.139
140.590,166.707,69.920,201.139
139.037,167.224,69.920,201.139
141.625,166.707,69.920,201.139
139.037,167.224,69.920,201.139
141.625,165.671,69.920,201.139
140.072,167.224,69.920,201.139
142.661,166.707,69.920,201.139
141.108,168.260,69.920,201.139
143.696,167.742,69.920,201.139
144.214,169.295,69.920,201.139
145.767,168.778,69.920,201.139
145.249,169.295,69.920,201.139
146.803,168.778,69.920,201.139
147.320,170.331,69.920,201.139
147.838,170.848,69.920,201.139
148.356,171.366,69.920,201.139
149.909,169.813,69.920,201.139
149.391,171.366,69.920,201.139
148.640,174.010,68.429,196.850
149.858,176.597,66.969,192.652
148.182,178.173,65.541,188.543
147.697,178.659,65.541,188.543
146.241,179.144,65.541,188.543
145.755,179.629,65.541,188.543
148.182,180.115,65.541,188.543
151.579,180.600,65.541,188.543
149.153,180.115,65.541,188.543
147.697,174.776,65.541,188.543
153.541,178.190,64.144,184.523
144.454,168.757,65.563,188.605
124.086,155.087,67.013,192.778
125.919,145.232,68.496,197.043
133.054,148.840,70.011,201.403
139.272,139.621,71.560,205.859
144.527,144.490,73.144,210.413
149.899,139.353,74.762,215.069
153.092,139.845,76.416,219.827
161.052,134.478,78.107,224.691
169.188,130.192,79.835,229.662
181.184,124.585,81.601,234.744
192.192,121.362,83.407,239.937
207.963,118.563,81.628,234.820
221.067,120.484,79.887,229.813
228.757,117.526,79.887,229.813
235.880,120.547,78.184,224.912
239.932,121.126,78.184,224.912
242.827,122.862,78.184,224.912
244.564,125.757,78.184,224.912
248.187,129.829,76.516,220.116
134.309,155.324,76.516,220.116
130.343,158.157,76.516,220.116
132.043,157.590,76.516,220.116
132.609,157.024,76.516,220.116
130.910,158.724,76.516,220.116
132.609,154.758,76.516,220.116
132.879,160.927,74.885,215.422
135.281,163.759,73.288,210.828
136.585,164.437,71.725,206.332
134.992,164.968,71.725,206.332
134.461,165.500,71.725,206.332
137.116,164.968,71.725,206.332
134.461,164.437,71.725,206.332
136.054,164.968,71.725,206.332
134.461,164.437,71.725,206.332
136.054,164.968,71.725,206.332
134.461,164.437,71.725,206.332
137.116,164.968,71.725,206.332
134.461,164.437,71.725,206.332
137.116,164.968,71.725,206.332
134.461,164.437,71.725,206.332
137.116,164.968,71.725,206.332
134.461,163.375,71.725,206.332
136.054,164.968,71.725,206.332
134.461,164.437,71.725,206.332
136.054,163.906,71.725,206.332
134.461,164.437,71.725,206.332
136.054,163.906,71.725,206.332
134.461,164.437,71.725,206.332
136.054,163.906,71.725,206.332
134.461,164.437,71.725,206.332
137.116,164.968,71.725,206.332
134.461,165.500,71.725,206.332
137.116,164.968,71.725,206.332
134.461,165.500,71.725,206.332
136.054,166.031,71.725,206.332
134.461,165.500,71.725,206.332
136.054,164.968,71.725,206.332
134.461,164.437,71.725,206.332
138.179,163.906,71.725,206.332
137.648,164.437,71.725,206.332
137.116,163.906,71.725,206.332
136.585,164.437,71.725,206.332
134.992,162.844,71.725,206.332
133.399,163.375,71.725,206.332
133.930,162.844,71.725,206.332
131.275,163.375,71.725,206.332
129.681,163.906,71.725,206.332
127.026,164.437,71.725,206.332
126.495,163.906,71.725,206.332
129.150,164.437,71.725,206.332
127.557,162.844,71.725,206.332
131.275,164.437,71.725,206.332
128.828,159.400,73.312,210.897
133.714,161.028,73.312,210.897
136.428,155.057,73.312,210.897
141.313,150.172,73.312,210.897
147.284,149.629,73.312,210.897
153.821,150.308,71.748,206.399
159.665,145.527,71.748,206.399
169.759,144.995,71.748,206.399
207.478,146.589,71.748,206.399
228.197,144.995,71.748,206.399
230.853,142.339,71.748,206.399
239.884,141.808,71.748,206.399
248.461,136.769,73.336,210.966
253.348,138.398,73.336,210.966
256.063,137.855,73.336,210.966
250.041,143.768,71.772,206.467
247.384,146.425,71.772,206.467
248.978,146.957,71.772,206.467
247.384,147.488,71.772,206.467
246.852,145.894,71.772,206.467
249.154,149.632,70.241,202.064
248.399,151.285,68.743,197.755
251.585,152.903,67.277,193.538
250.091,152.405,67.277,193.538
249.593,153.899,67.277,193.538
251.087,152.405,67.277,193.538
249.593,153.899,67.277,193.538
251.087,152.405,67.277,193.538
249.593,153.899,67.277,193.538
250.091,152.405,67.277,193.538
249.593,153.899,67.277,193.538
250.091,152.405,67.277,193.538
249.593,153.899,67.277,193.538
251.087,152.405,67.277,193.538
249.593,153.899,67.277,193.538
250.091,152.405,67.277,193.538
249.593,152.903,67.277,193.538
250.091,152.405,67.277,193.538
248.596,153.899,67.277,193.538
253.635,154.523,65.843,189.411
250.222,155.010,65.843,189.411
250.710,155.498,65.843,189.411
251.197,155.010,65.843,189.411
249.735,155.498,65.843,189.411
252.172,155.010,65.843,189.411
249.735,155.498,65.843,189.411
252.172,155.010,65.843,189.411
249.735,155.498,65.843,189.411
252.172,155.010,65.843,189.411
249.735,155.498,65.843,189.411
252.172,155.010,65.843,189.411
249.735,156.473,65.843,189.411
253.147,155.010,65.843,189.411
249.735,156.473,65.843,189.411
253.147,155.010,65.843,189.411
249.735,155.498,65.843,189.411
252.172,154.035,65.843,189.411
249.735,156.473,65.843,189.411
252.172,155.010,65.843,189.411
249.735,155.498,65.843,189.411
252.172,155.010,65.843,189.411
249.735,155.498,65.843,189.411
253.147,154.035,65.843,189.411
250.710,155.498,65.843,189.411
252.172,155.010,65.843,189.411
250.710,155.498,65.843,189.411
252.172,155.010,65.843,189.411
250.710,155.498,65.843,189.411
252.172,155.985,65.843,189.411
250.710,155.498,65.843,189.411
253.147,155.010,65.843,189.411
249.735,155.498,65.843,189.411
253.147,155.010,65.843,189.411
250.710,155.498,65.843,189.411
252.172,154.035,65.843,189.411
250.710,155.498,65.843,189.411
253.147,154.035,65.843,189.411
250.710,155.498,65.843,189.411
253.147,155.010,65.843,189.411
250.710,155.498,65.843,189.411
252.172,155.010,65.843,189.411
250.710,155.498,65.843,189.411
252.172,155.010,65.843,189.411
249.735,155.498,65.843,189.411
253.147,155.010,65.843,189.411
250.710,155.498,65.843,189.411
252.172,154.035,65.843,189.411
249.735,155.498,65.843,189.411
252.172,154.035,65.843,189.411
249.735,155.498,65.843,189.411
252.172,154.035,65.843,189.411
249.735,156.473,65.843,189.411
252.172,154.035,65.843,189.411
249.735,155.498,65.843,189.411
252.172,154.035,65.843,189.411
249.735,156.473,65.843,189.411
252.172,155.010,65.843,189.411
249.735,156.473,65.843,189.411
252.172,155.010,65.843,189.411
249.735,155.498,65.843,189.411
252.172,154.035,65.843,189.411
249.735,155.498,65.843,189.411
252.172,154.035,65.843,189.411
249.735,155.498,65.843,189.411
252.172,154.035,65.843,189.411
249.735,155.498,65.843,189.411
252.172,154.035,65.843,189.411
249.735,156.473,65.843,189.411
251.197,154.035,65.843,189.411
246.810,158.423,65.843,189.411
252.172,163.785,65.843,189.411
249.735,167.198,65.843,189.411
259.365,164.989,64.439,185.371
256.979,158.786,64.439,185.371
253.640,157.355,64.439,185.371
255.071,157.832,64.439,185.371
252.685,158.309,64.439,185.371
254.117,158.786,64.439,185.371
252.685,158.309,64.439,185.371
254.117,158.786,64.439,185.371
252.685,158.309,64.439,185.371
255.071,157.832,64.439,185.371
253.640,156.400,64.439,185.371
253.162,155.923,64.439,185.371
256.149,160.199,63.064,181.418
254.748,158.798,63.064,181.418
256.149,158.331,63.064,181.418
253.814,158.798,63.064,181.418
256.149,158.331,63.064,181.418
253.814,158.798,63.064,181.418
256.149,158.331,63.064,181.418
252.880,158.798,63.064,181.418
256.149,158.331,63.064,181.418
252.880,159.732,63.064,181.418
255.215,159.265,63.064,181.418
253.814,158.798,63.064,181.418
256.149,158.331,63.064,181.418
253.814,159.732,63.064,181.418
255.215,159.265,63.064,181.418
255.437,163.450,61.720,177.550
256.808,162.079,61.720,177.550
254.523,161.622,61.720,177.550
257.722,162.993,61.720,177.550
253.721,158.658,63.085,181.478
256.056,160.994,63.085,181.478
253.721,159.592,63.085,181.478
256.056,160.060,63.085,181.478
253.721,158.658,63.085,181.478
256.056,160.994,63.085,181.478
253.721,159.592,63.085,181.478
256.056,160.994,63.085,181.478
253.721,159.592,63.085,181.478
256.056,160.994,63.085,181.478
254.655,159.592,63.085,181.478
255.122,160.994,63.085,181.478
254.655,159.592,63.085,181.478
255.122,160.994,63.085,181.478
254.655,159.592,63.085,181.478
255.122,160.994,63.085,181.478
254.655,159.592,63.085,181.478
255.122,160.060,63.085,181.478
254.655,158.658,63.085,181.478
255.122,160.994,63.085,181.478
254.655,159.592,63.085,181.478
255.122,160.060,63.085,181.478
254.655,158.658,63.085,181.478
255.122,160.994,63.085,181.478
254.655,159.592,63.085,181.478
256.056,160.060,63.085,181.478
253.721,158.658,63.085,181.478
256.056,160.060,63.085,181.478
253.721,158.658,63.085,181.478
256.056,160.060,63.085,181.478
254.655,158.658,63.085,181.478
255.122,160.994,63.085,181.478
254.655,159.592,63.085,181.478
255.122,160.060,63.085,181.478
254.655,159.592,63.085,181.478
255.122,160.060,63.085,181.478
254.655,159.592,63.085,181.478
255.122,160.994,63.085,181.478
254.655,159.592,63.085,181.478
255.122,160.994,63.085,181.478
254.655,159.592,63.085,181.478
255.122,160.994,63.085,181.478
254.655,159.592,63.085,181.478
255.122,160.060,63.085,181.478
254.655,159.592,63.085,181.478
255.122,160.060,63.085,181.478
254.655,158.658,63.085,181.478
255.122,160.994,63.085,181.478
254.655,159.592,63.085,181.478
255.122,160.060,63.085,181.478
254.655,159.592,63.085,181.478
255.122,160.994,63.085,181.478
254.655,159.592,63.085,181.478
255.122,160.060,63.085,181.478
254.655,159.592,63.085,181.478
255.122,160.994,63.085,181.478
254.655,159.592,63.085,181.478
255.122,160.060,63.085,181.478
254.655,159.592,63.085,181.478
255.122,160.060,63.085,181.478
254.655,159.592,63.085,181.478
256.056,160.060,63.085,181.478
254.655,158.658,63.085,181.478
255.122,160.994,63.085,181.478
254.655,159.592,63.085,181.478
255.122,160.060,63.085,181.478
254.655,159.592,63.085,181.478
255.122,160.060,63.085,181.478
254.655,159.592,63.085,181.478
256.056,160.060,63.085,181.478
253.721,158.658,63.085,181.478
256.056,160.060,63.085,181.478
254.655,159.592,63.085,181.478
256.056,160.060,63.085,181.478
253.721,159.592,63.085,181.478
255.122,160.994,63.085,181.478
254.655,160.527,63.085,181.478
256.990,160.994,63.085,181.478
254.655,159.592,63.085,181.478
256.056,160.994,63.085,181.478
254.655,159.592,63.085,181.478
256.056,160.060,63.085,181.478
255.589,158.658,63.085,181.478
255.122,159.125,63.085,181.478
253.721,156.790,63.085,181.478
251.385,158.191,63.085,181.478
247.181,161.461,63.085,181.478
242.977,163.796,63.085,181.478
249.050,165.198,63.085,181.478
254.652,166.583,64.481,185.493
255.129,214.804,64.481,185.493
248.922,221.966,64.481,185.493
242.716,225.308,64.481,185.493
236.500,233.268,63.106,181.537
260.331,162.712,63.106,181.537
260.798,159.441,63.106,181.537
257.527,158.974,63.106,181.537
254.256,158.507,63.106,181.537
254.724,159.908,63.106,181.537
257.060,159.441,63.106,181.537
257.527,158.039,63.106,181.537
258.650,162.227,61.760,177.666
258.193,160.855,61.760,177.666
258.650,160.398,61.760,177.666
256.364,160.855,61.760,177.666
257.736,160.398,61.760,177.666
255.449,161.769,61.760,177.666
257.736,160.398,61.760,177.666
254.535,162.684,61.760,177.666
257.736,161.312,61.760,177.666
253.732,158.872,63.127,181.597
254.199,160.275,63.127,181.597
255.601,158.872,63.127,181.597
253.264,159.340,63.127,181.597
256.536,158.872,63.127,181.597
253.264,159.340,63.127,181.597
256.536,157.937,63.127,181.597
254.199,160.275,63.127,181.597
256.536,158.872,63.127,181.597
254.199,158.405,63.127,181.597
256.536,157.938,63.127,181.597
256.069,159.340,63.127,181.597
258.406,157.938,63.127,181.597
257.938,159.340,63.127,181.597
257.471,157.938,63.127,181.597
257.003,160.275,63.127,181.597
256.536,158.872,63.127,181.597
255.134,159.340,63.127,181.597
254.666,158.872,63.127,181.597
253.264,159.340,63.127,181.597
256.536,157.938,63.127,181.597
257.003,160.275,63.127,181.597
261.210,159.807,63.127,181.597
260.743,161.209,63.127,181.597
258.406,161.677,63.127,181.597
254.199,163.079,63.127,181.597
256.895,193.561,64.523,185.615
262.625,196.960,65.951,189.721
244.557,173.032,65.951,189.721
242.907,162.347,64.544,185.676
248.662,160.181,63.168,181.716
252.872,156.907,63.168,181.716
253.339,160.181,63.168,181.716
254.743,158.778,63.168,181.716
256.146,160.181,63.168,181.716
255.678,158.778,63.168,181.716
254.275,161.116,63.168,181.716
256.613,159.713,63.168,181.716
254.275,159.246,63.168,181.716
256.613,158.778,63.168,181.716
254.275,160.181,63.168,181.716
256.613,158.778,63.168,181.716
254.275,159.246,63.168,181.716
255.678,158.778,63.168,181.716
254.275,159.246,63.168,181.716
255.678,158.778,63.168,181.716
254.275,160.181,63.168,181.716
255.678,158.778,63.168,181.716
254.275,160.181,63.168,181.716
255.678,158.778,63.168,181.716
254.275,160.181,63.168,181.716
255.678,158.778,63.168,181.716
254.275,160.181,63.168,181.716
255.678,158.778,63.168,181.716
254.275,160.181,63.168,181.716
256.613,158.778,63.168,181.716
254.275,159.246,63.168,181.716
255.678,158.778,63.168,181.716
254.275,159.246,63.168,181.716
256.613,158.778,63.168,181.716
254.275,159.246,63.168,181.716
255.678,158.778,63.168,181.716
254.275,159.246,63.168,181.716
255.678,158.778,63.168,181.716
254.275,159.246,63.168,181.716
255.678,158.778,63.168,181.716
254.275,159.246,63.168,181.716
255.678,157.842,63.168,181.716
254.275,160.181,63.168,181.716
255.678,158.778,63.168,181.716
254.275,159.246,63.168,181.716
255.678,158.778,63.168,181.716
254.275,159.246,63.168,181.716
256.613,158.778,63.168,181.716
254.275,159.246,63.168,181.716
256.613,157.842,63.168,181.716
254.275,160.181,63.168,181.716
255.678,158.778,63.168,181.716
254.275,159.246,63.168,181.716
256.613,158.778,63.168,181.716
254.275,159.246,63.168,181.716
256.613,158.778,63.168,181.716
254.275,159.246,63.168,181.716
255.678,158.778,63.168,181.716
254.275,160.181,63.168,181.716
255.678,158.778,63.168,181.716
254.275,160.181,63.168,181.716
255.678,158.778,63.168,181.716
254.275,160.181,63.168,181.716
256.613,158.778,63.168,181.716
254.275,160.181,63.168,181.716
256.613,158.778,63.168,181.716
254.275,159.246,63.168,181.716
255.678,158.778,63.168,181.716
254.275,160.181,63.168,181.716
255.678,158.778,63.168,181.716
253.339,160.181,63.168,181.716
256.613,158.778,63.168,181.716
253.339,158.310,63.168,181.716
255.678,157.842,63.168,181.716
253.339,160.181,63.168,181.716
255.678,158.778,63.168,181.716
253.339,160.181,63.168,181.716
255.678,159.713,63.168,181.716
253.339,160.181,63.168,181.716
254.743,159.713,63.168,181.716
253.339,160.181,63.168,181.716
255.678,159.713,63.168,181.716
253.339,160.181,63.168,181.716
255.678,159.713,63.168,181.716
253.339,160.181,63.168,181.716
255.678,160.649,63.168,181.716
254.275,161.116,63.168,181.716
255.678,164.391,63.168,181.716
256.146,163.923,63.168,181.716
259.814,165.309,64.566,185.736
265.073,165.787,64.566,185.736
270.807,166.213,65.994,189.846
279.114,169.633,65.994,189.846
295.239,166.213,65.994,189.846
315.295,162.592,67.454,194.046
334.774,156.099,67.454,194.046
345.946,155.507,68.947,198.339
355.645,157.038,68.947,198.339
362.282,153.465,68.947,198.339
358.708,150.912,68.947,198.339
357.177,147.339,68.947,198.339
358.708,146.828,68.947,198.339
355.135,147.339,68.947,198.339
357.687,146.828,68.947,198.339
355.135,147.339,68.947,198.339
355.645,145.807,68.947,198.339
355.135,146.317,68.947,198.339
356.666,146.828,68.947,198.339
355.135,147.339,68.947,198.339
355.645,146.828,68.947,198.339
356.156,147.339,68.947,198.339
356.666,146.828,68.947,198.339
355.135,147.339,68.947,198.339
355.645,145.807,68.947,198.339
355.135,147.339,68.947,198.339
355.645,147.849,68.947,198.339
356.156,148.360,68.947,198.339
354.624,148.870,68.947,198.339
356.156,147.339,68.947,198.339
353.603,146.828,68.947,198.339
355.135,148.360,68.947,198.339
354.624,147.849,68.947,198.339
355.135,147.339,68.947,198.339
356.666,147.849,68.947,198.339
355.135,148.360,68.947,198.339
356.666,147.849,68.947,198.339
355.135,148.360,68.947,198.339
356.666,148.870,68.947,198.339
357.177,148.360,68.947,198.339
355.645,148.870,68.947,198.339
357.177,148.360,68.947,198.339
354.624,149.891,68.947,198.339
358.804,153.482,67.476,194.110
356.306,151.983,67.476,194.110
360.802,153.482,67.476,194.110
359.114,156.996,66.037,189.970
360.581,157.485,66.037,189.970
359.114,156.019,66.037,189.970
358.625,155.530,66.037,189.970
362.048,155.041,66.037,189.970
358.625,155.530,66.037,189.970
364.004,157.974,66.037,189.970
360.581,158.463,66.037,189.970
357.158,160.908,66.037,189.970
359.603,158.463,66.037,189.970
355.321,146.723,67.498,194.173
351.823,145.224,67.498,194.173
351.323,150.721,67.498,194.173
352.822,156.219,67.498,194.173
357.320,162.716,67.498,194.173
359.819,168.214,67.498,194.173
360.319,172.712,67.498,194.173
363.818,178.210,67.498,194.173
365.317,183.707,67.498,194.173
365.089,177.929,68.992,198.470
367.643,184.570,68.992,198.470
362.110,180.785,70.518,202.861
360.788,182.333,72.078,207.349
357.222,177.270,73.673,211.937
356.676,175.634,73.673,211.937
356.131,173.997,73.673,211.937
357.767,173.452,73.673,211.937
353.949,172.906,73.673,211.937
357.767,173.452,73.673,211.937
357.222,175.088,73.673,211.937
359.950,173.452,73.673,211.937
356.131,172.906,73.673,211.937
359.950,172.361,73.673,211.937
357.222,171.815,73.673,211.937
359.950,173.452,73.673,211.937
358.313,173.997,73.673,211.937
359.950,173.452,73.673,211.937
357.222,172.906,73.673,211.937
359.950,173.452,73.673,211.937
357.222,171.815,73.673,211.937
359.950,173.452,73.673,211.937
356.131,171.815,73.673,211.937
357.767,171.270,73.673,211.937
355.040,169.633,73.673,211.937
351.395,164.459,75.303,216.626
349.984,160.327,76.969,221.419
350.553,163.177,76.969,221.419
346.564,162.607,76.969,221.419
342.756,158.383,78.672,226.317
342.490,157.693,80.413,231.325
340.704,159.479,80.413,231.325
336.726,156.302,82.192,236.443
342.203,159.345,82.192,236.443
337.943,157.520,82.192,236.443
284.996,147.174,82.192,236.443
274.728,150.281,80.439,231.401
272.715,151.026,78.724,226.466
274.116,155.127,77.045,221.636
274.687,154.556,77.045,221.636
274.116,153.986,77.045,221.636
277.687,156.899,75.402,216.910
273.779,155.224,75.402,216.910
277.687,154.666,75.402,216.910
276.012,152.991,75.402,216.910
277.687,152.432,75.402,216.910
276.012,154.107,75.402,216.910
277.687,152.432,75.402,216.910
276.012,154.107,75.402,216.910
277.687,151.316,75.402,216.910
274.895,154.107,75.402,216.910
277.687,152.432,75.402,216.910
274.895,152.991,75.402,216.910
276.570,152.432,75.402,216.910
276.012,152.991,75.402,216.910
276.570,151.316,75.402,216.910
277.129,152.991,75.402,216.910
277.687,152.432,75.402,216.910
277.129,155.224,75.402,216.910
275.454,153.549,75.402,216.910
273.779,155.224,75.402,216.910
277.687,156.899,75.402,216.910
274.895,154.107,75.402,216.910
277.687,154.666,75.402,216.910
276.012,154.107,75.402,216.910
277.687,153.549,75.402,216.910
277.129,152.991,75.402,216.910
279.920,153.549,75.402,216.910
278.245,154.107,75.402,216.910
278.804,154.666,75.402,216.910
278.245,154.107,75.402,216.910
279.920,155.782,75.402,216.910
279.362,154.107,75.402,216.910
277.687,155.782,75.402,216.910
279.362,156.340,75.402,216.910
278.804,155.782,75.402,216.910
277.993,157.557,73.794,212.284
280.725,159.196,73.794,212.284
277.993,157.557,73.794,212.284
279.632,158.103,73.794,212.284
277.993,157.557,73.794,212.284
279.632,158.103,73.794,212.284
277.993,156.464,73.794,212.284
279.632,157.010,73.794,212.284
277.993,156.464,73.794,212.284
278.539,157.010,73.794,212.284
276.900,156.464,73.794,212.284
279.632,158.103,73.794,212.284
276.900,156.464,73.794,212.284
278.539,157.010,73.794,212.284
275.807,156.464,73.794,212.284
279.632,158.103,73.794,212.284
275.807,157.557,73.794,212.284
280.725,158.103,73.794,212.284
276.900,156.464,73.794,212.284
280.725,157.010,73.794,212.284
277.993,156.464,73.794,212.284
279.632,155.918,73.794,212.284
277.993,156.464,73.794,212.284
279.632,157.010,73.794,212.284
276.900,157.557,73.794,212.284
280.725,158.103,73.794,212.284
276.900,156.464,73.794,212.284
279.632,158.103,73.794,212.284
276.900,156.464,73.794,212.284
279.632,158.103,73.794,212.284
275.807,155.371,73.794,212.284
279.632,157.010,73.794,212.284
279.086,157.557,73.794,212.284
279.632,159.196,73.794,212.284
277.993,156.464,73.794,212.284
279.632,157.010,73.794,212.284
279.086,157.557,73.794,212.284
278.540,158.103,73.794,212.284
276.900,156.464,73.794,212.284
279.632,158.103,73.794,212.284
277.993,156.464,73.794,212.284
279.632,157.010,73.794,212.284
279.086,156.464,73.794,212.284
280.725,157.010,73.794,212.284
279.086,156.464,73.794,212.284
279.632,157.010,73.794,212.284
276.900,157.557,73.794,212.284
278.540,160.289,73.794,212.284
277.993,158.650,73.794,212.284
280.725,160.289,73.794,212.284
276.900,159.742,73.794,212.284
278.540,160.289,73.794,212.284
280.179,159.742,73.794,212.284
285.096,161.382,73.794,212.284
288.921,157.557,73.794,212.284
294.341,153.508,75.427,216.981
341.812,167.470,75.427,216.981
351.306,172.496,75.427,216.981
356.333,173.055,75.427,216.981
353.540,171.379,75.427,216.981
358.567,171.938,75.427,216.981
360.242,171.379,75.427,216.981
358.567,173.055,75.427,216.981
362.476,170.262,75.427,216.981
364.539,169.600,77.096,221.782
363.968,169.029,77.096,221.782
362.256,169.600,77.096,221.782
361.685,171.313,77.096,221.782
359.972,169.600,77.096,221.782
362.826,171.313,77.096,221.782
359.972,169.600,77.096,221.782
362.826,171.313,77.096,221.782
361.114,169.600,77.096,221.782
362.826,171.313,77.096,221.782
359.972,169.600,77.096,221.782
362.826,171.313,77.096,221.782
361.114,169.600,77.096,221.782
361.685,171.313,77.096,221.782
362.256,170.742,77.096,221.782
359.401,170.171,77.096,221.782
362.256,170.742,77.096,221.782
360.543,170.171,77.096,221.782
363.397,171.884,77.096,221.782
360.543,169.029,77.096,221.782
363.397,170.742,77.096,221.782
365.870,176.958,75.451,217.052
369.781,179.752,75.451,217.052
376.481,172.134,77.121,221.854
371.481,170.272,78.827,226.763
360.314,162.314,80.571,231.780
336.522,167.796,82.354,236.908
304.203,164.747,82.354,236.908
277.983,156.820,82.354,236.908
263.958,147.673,82.354,236.908
254.811,139.746,82.354,236.908
248.104,131.819,82.354,236.908
248.713,126.331,82.354,236.908
245.665,126.941,82.354,236.908
245.055,131.209,82.354,236.908
243.225,130.599,82.354,236.908
242.616,132.429,82.354,236.908
240.786,131.819,82.354,236.908
244.603,131.406,80.598,231.856
244.006,129.616,80.598,231.856
242.216,127.826,80.598,231.856
239.232,130.809,80.598,231.856
238.635,126.632,80.598,231.856
241.220,128.529,78.879,226.912
240.636,130.281,78.879,226.912
241.220,125.025,78.879,226.912
240.373,130.259,77.197,222.073
242.087,130.830,77.197,222.073
239.054,127.138,75.550,217.337
242.555,132.151,73.939,212.702
242.816,132.836,72.363,208.166
246.170,136.605,70.819,203.727
243.548,136.081,70.819,203.727
244.809,136.737,69.309,199.383
246.042,140.347,67.831,195.131
245.540,139.844,67.831,195.131
247.047,141.351,67.831,195.131
247.286,141.979,66.385,190.969
247.777,142.471,66.385,190.969
249.252,142.963,66.385,190.969
247.777,141.488,66.385,190.969
251.802,144.945,64.969,186.897
248.434,142.540,64.969,186.897
249.877,143.983,64.969,186.897
250.107,144.585,63.583,182.911
251.519,144.114,63.583,182.911
251.048,143.644,63.583,182.911
253.995,145.140,62.228,179.011
252.438,148.381,60.901,175.193
255.595,147.028,60.901,175.193
253.340,146.577,60.901,175.193
255.595,147.028,60.901,175.193
252.438,146.577,60.901,175.193
252.889,147.028,60.901,175.193
254.242,147.479,60.901,175.193
251.085,147.028,60.901,175.193
253.340,146.577,60.901,175.193
250.183,147.028,60.901,175.193
251.536,145.676,60.901,175.193
250.183,147.930,60.901,175.193
250.634,146.577,60.901,175.193
249.281,148.832,60.901,175.193
249.732,150.185,60.901,175.193
251.085,148.832,60.901,175.193
248.831,149.283,60.901,175.193
251.085,149.734,60.901,175.193
248.831,150.185,60.901,175.193
251.085,148.832,60.901,175.193
248.831,149.283,60.901,175.193
250.183,149.734,60.901,175.193
248.831,149.283,60.901,175.193
250.183,149.734,60.901,175.193
248.831,150.185,60.901,175.193
251.085,148.832,60.901,175.193
248.831,150.185,60.901,175.193
251.085,148.832,60.901,175.193
248.831,149.283,60.901,175.193
250.183,149.734,60.901,175.193
248.831,149.283,60.901,175.193
250.183,150.636,60.901,175.193
248.831,149.283,60.901,175.193
250.183,150.636,60.901,175.193
249.732,149.283,60.901,175.193
250.183,150.636,60.901,175.193
249.732,149.283,60.901,175.193
250.183,149.734,60.901,175.193
249.732,150.185,60.901,175.193
251.085,148.832,60.901,175.193
248.830,150.185,60.901,175.193
250.183,149.734,60.901,175.193
247.929,150.185,60.901,175.193
249.882,151.618,59.602,171.457
248.558,152.060,59.602,171.457
249.619,153.462,58.331,167.801
245.732,156.486,58.331,167.801
249.619,163.828,58.331,167.801
246.595,171.170,58.331,167.801
242.708,164.692,58.331,167.801
247.888,155.218,59.621,171.513
251.861,149.479,59.621,171.513
254.069,148.154,59.621,171.513
257.159,145.947,59.621,171.513
262.475,150.754,58.350,167.856
261.179,150.322,58.350,167.856
262.475,149.890,58.350,167.856
260.315,151.187,58.350,167.856
262.187,154.226,57.106,164.276
262.609,151.266,57.106,164.276
263.626,156.685,55.888,160.773
262.384,153.789,55.888,160.773
264.975,156.699,54.696,157.345
262.950,154.675,54.696,157.345
264.975,157.509,54.696,157.345
263.760,155.485,54.696,157.345
262.545,154.270,54.696,157.345
265.380,157.914,54.696,157.345
263.355,155.890,54.696,157.345
264.570,155.485,54.696,157.345
262.545,155.080,54.696,157.345
264.570,157.914,54.696,157.345
262.545,155.890,54.696,157.345
262.950,155.485,54.696,157.345
262.545,155.080,54.696,157.345
263.760,157.914,54.696,157.345
261.735,155.890,54.696,157.345
262.708,158.738,53.530,153.989
264.690,156.757,53.530,153.989
264.294,157.153,53.530,153.989
263.897,158.342,53.530,153.989
264.086,160.366,52.388,150.705
265.250,159.978,52.388,150.705
264.086,161.142,52.388,150.705
265.250,161.530,52.388,150.705
265.638,159.590,52.388,150.705
262.922,161.530,52.388,150.705
264.862,160.366,52.388,150.705
264.474,159.978,52.388,150.705
263.310,161.918,52.388,150.705
263.938,159.043,53.547,154.040
263.541,157.854,53.547,154.040
264.731,157.457,53.547,154.040
262.748,159.439,53.547,154.040
263.938,158.250,53.547,154.040
263.541,158.647,53.547,154.040
263.938,158.250,53.547,154.040
262.748,157.854,53.547,154.040
259.973,159.836,53.547,154.040
254.856,156.075,54.732,157.448
265.205,158.926,53.565,154.090
175.173,170.428,53.565,154.090
172.397,170.824,53.565,154.090
170.414,171.221,53.565,154.090
172.397,170.031,53.565,154.090
170.414,170.428,53.565,154.090
173.190,170.824,53.565,154.090
171.207,171.221,53.565,154.090
173.190,170.824,53.565,154.090
171.207,171.221,53.565,154.090
173.984,170.031,53.565,154.090
171.207,170.428,53.565,154.090
173.984,170.824,53.565,154.090
171.207,171.221,53.565,154.090
173.190,170.031,53.565,154.090
171.207,170.428,53.565,154.090
173.190,170.824,53.565,154.090
171.207,171.221,53.565,154.090
173.190,170.031,53.565,154.090
171.207,170.428,53.565,154.090
173.984,170.824,53.565,154.090
171.207,171.221,53.565,154.090
173.190,170.031,53.565,154.090
170.414,170.427,53.565,154.090
173.190,170.824,53.565,154.090
171.207,171.221,53.565,154.090
173.190,170.824,53.565,154.090
171.207,171.221,53.565,154.090
173.984,170.824,53.565,154.090
171.207,171.221,53.565,154.090
173.190,170.824,53.565,154.090
171.207,171.221,53.565,154.090
173.984,170.824,53.565,154.090
171.207,171.221,53.565,154.090
173.984,170.824,53.565,154.090
171.207,171.221,53.565,154.090
173.984,170.824,53.565,154.090
171.207,171.221,53.565,154.090
173.984,170.824,53.565,154.090
171.207,171.221,53.565,154.090
173.984,170.824,53.565,154.090
171.207,171.221,53.565,154.090
173.984,170.824,53.565,154.090
171.207,171.221,53.565,154.090
173.190,170.824,53.565,154.090
171.207,171.221,53.565,154.090
173.984,170.824,53.565,154.090
171.207,171.221,53.565,154.090
173.190,170.031,53.565,154.090
171.207,170.427,53.565,154.090
173.190,170.824,53.565,154.090
168.828,171.221,53.565,154.090
160.606,174.775,52.422,150.804
165.652,182.926,52.422,150.804
268.514,160.025,52.422,150.804
262.691,161.190,52.422,150.804
263.856,159.249,52.422,150.804
264.244,158.861,52.422,150.804
265.408,160.801,52.422,150.804
262.691,160.413,52.422,150.804
264.632,161.578,52.422,150.804
264.244,160.413,52.422,150.804
262.456,157.537,53.582,154.141
262.852,160.314,53.582,154.141
263.249,159.124,53.582,154.141
263.646,157.934,53.582,154.141
263.249,157.537,53.582,154.141
262.852,159.521,53.582,154.141
264.043,159.124,53.582,154.141
264.439,157.934,53.582,154.141
262.456,157.537,53.582,154.141
263.646,160.314,53.582,154.141
264.836,159.124,53.582,154.141
264.439,157.934,53.582,154.141
263.249,157.537,53.582,154.141
264.439,159.521,53.582,154.141
263.249,158.330,53.582,154.141
264.439,157.934,53.582,154.141
262.456,157.537,53.582,154.141
262.852,161.108,53.582,154.141
261.025,156.521,54.768,157.551
256.632,156.040,55.979,161.037
256.218,153.139,55.979,161.037
254.817,160.849,54.786,157.603
254.412,165.311,54.786,157.603
249.949,160.037,54.786,157.603
253.600,158.009,54.786,157.603
251.572,160.849,54.786,157.603
254.412,158.009,54.786,157.603
253.195,161.660,54.786,157.603
254.412,158.820,54.786,157.603
253.195,159.226,54.786,157.603
254.693,155.378,55.998,161.090
252.620,159.110,55.998,161.090
254.693,156.208,55.998,161.090
252.620,159.110,55.998,161.090
254.693,156.208,55.998,161.090
252.620,159.110,55.998,161.090
254.693,156.208,55.998,161.090
252.620,158.281,55.998,161.090
254.693,157.037,55.998,161.090
252.620,157.451,55.998,161.090
253.034,157.037,55.998,161.090
252.620,156.622,55.998,161.090
253.864,156.208,55.998,161.090
252.620,159.110,55.998,161.090
253.864,157.037,55.998,161.090
253.449,156.622,55.998,161.090
253.034,156.208,55.998,161.090
251.790,159.110,55.998,161.090
254.693,157.037,55.998,161.090
253.449,157.451,55.998,161.090
253.034,157.866,55.998,161.090
253.449,156.622,55.998,161.090
254.120,153.550,57.237,164.654
252.001,154.821,57.237,164.654
248.187,155.245,57.237,164.654
243.525,157.364,57.237,164.654
238.825,158.711,56.016,161.142
257.489,164.932,56.016,161.142
265.682,159.055,54.822,157.706
264.465,159.461,54.822,157.706
259.188,157.431,54.822,157.706
255.534,160.273,54.822,157.706
257.564,158.243,54.822,157.706
257.158,161.085,54.822,157.706
257.564,159.055,54.822,157.706
257.379,156.889,56.035,161.195
256.964,157.304,56.035,161.195
259.038,157.719,56.035,161.195
256.964,156.474,56.035,161.195
259.868,156.889,56.035,161.195
258.623,157.304,56.035,161.195
257.379,156.889,56.035,161.195
258.623,156.474,56.035,161.195
257.379,156.059,56.035,161.195
257.794,158.134,56.035,161.195
259.038,156.889,56.035,161.195
256.134,157.304,56.035,161.195
258.208,156.889,56.035,161.195
256.134,157.304,56.035,161.195
258.208,158.549,56.035,161.195
256.134,157.304,56.035,161.195
258.208,158.549,56.035,161.195
256.134,158.134,56.035,161.195
258.208,158.549,56.035,161.195
256.134,158.134,56.035,161.195
259.038,157.719,56.035,161.195
258.623,158.134,56.035,161.195
261.528,159.379,56.035,161.195
262.772,158.964,56.035,161.195
264.017,157.719,56.035,161.195
264.432,155.644,56.035,161.195
268.996,152.740,56.035,161.195
271.900,149.006,56.035,161.195
277.294,144.442,56.035,161.195
280.198,140.708,56.035,161.195
283.102,139.463,56.035,161.195
283.517,138.219,56.035,161.195
286.422,139.463,56.035,161.195
288.496,136.559,56.035,161.195
288.694,141.077,54.840,157.758
286.663,145.544,54.840,157.758
283.821,150.010,54.840,157.758
285.039,152.041,54.840,157.758
280.573,156.507,54.840,157.758
280.167,160.162,54.840,157.758
278.136,161.380,54.840,157.758
273.670,164.222,54.840,157.758
271.639,167.877,54.840,157.758
269.769,162.340,56.053,161.248
275.164,163.585,56.053,161.248
270.599,159.850,56.053,161.248
265.242,162.803,57.293,164.816
268.212,163.227,57.293,164.816
264.497,158.323,58.561,168.462
261.600,152.410,59.856,172.190
260.478,153.724,61.181,175.999
257.451,153.187,62.534,179.893
260.692,155.502,62.534,179.893
258.377,151.335,62.534,179.893
263.471,155.502,62.534,179.893
263.008,155.965,62.534,179.893
262.544,160.132,62.534,179.893
267.638,152.261,62.534,179.893
263.471,148.094,62.534,179.893
266.712,143.926,62.534,179.893
262.544,139.759,62.534,179.893
262.081,136.518,62.534,179.893
265.323,132.351,62.534,179.893
263.934,131.888,62.534,179.893
268.617,129.789,61.201,176.057
270.580,128.609,59.896,172.302
271.910,127.279,59.896,172.302
271.467,129.496,59.896,172.302
274.571,126.392,59.896,172.302
272.218,123.527,58.618,168.628
273.520,125.697,58.618,168.628
272.218,126.999,58.618,168.628
271.784,127.433,58.618,168.628
270.482,127.867,58.618,168.628
274.388,128.301,58.618,168.628
277.426,129.603,58.618,168.628
276.124,130.037,58.618,168.628
279.162,130.471,58.618,168.628
282.716,134.361,57.368,165.032
286.193,132.436,56.145,161.513
283.283,132.020,56.145,161.513
280.373,129.110,56.145,161.513
283.283,129.526,56.145,161.513
279.474,130.847,54.948,158.068
275.813,132.882,54.948,158.068
271.337,138.984,54.948,158.068
274.999,141.832,54.948,158.068
272.281,143.038,56.163,161.566
269.370,150.940,56.163,161.566
272.631,149.584,57.406,165.140
271.356,155.110,57.406,165.140
269.398,152.842,58.676,168.794
272.439,154.145,58.676,168.794
272.005,154.580,58.676,168.794
271.570,155.883,58.676,168.794
272.874,154.580,58.676,168.794
268.964,153.276,58.676,168.794
272.005,148.497,58.676,168.794
275.046,144.587,58.676,168.794
275.481,141.546,58.676,168.794
276.784,135.898,58.676,168.794
274.478,133.929,57.425,165.194
272.352,133.504,57.425,165.194
270.226,135.630,57.425,165.194
269.801,137.755,57.425,165.194
271.927,141.582,57.425,165.194
271.502,142.858,57.425,165.194
275.329,145.834,57.425,165.194
274.053,147.960,57.425,165.194
274.478,150.086,57.425,165.194
276.604,150.511,57.425,165.194
279.581,151.787,57.425,165.194
281.707,154.763,57.425,165.194
284.683,154.338,57.425,165.194
285.108,155.614,57.425,165.194
286.384,154.338,57.425,165.194
287.659,153.913,57.425,165.194
288.085,155.188,57.425,165.194
286.809,154.763,57.425,165.194
286.384,155.188,57.425,165.194
286.809,153.913,57.425,165.194
285.533,153.488,57.425,165.194
286.809,153.062,57.425,165.194
285.533,153.488,57.425,165.194
287.659,152.212,57.425,165.194
287.234,153.488,57.425,165.194
285.959,153.062,57.425,165.194
286.384,151.787,57.425,165.194
285.307,151.283,58.695,168.849
286.611,150.848,58.695,168.849
286.177,150.414,58.695,168.849
286.611,151.717,58.695,168.849
286.177,150.414,58.695,168.849
285.742,151.717,58.695,168.849
285.307,150.414,58.695,168.849
285.742,151.717,58.695,168.849
285.307,151.283,58.695,168.849
284.873,151.717,58.695,168.849
282.700,150.414,58.695,168.849
286.611,149.979,58.695,168.849
295.196,150.523,57.444,165.249
383.950,159.254,56.219,161.725
386.032,158.838,56.219,161.725
389.778,156.757,56.219,161.725
291.956,154.675,56.219,161.725
288.209,157.589,56.219,161.725
290.291,154.675,56.219,161.725
289.042,157.589,56.219,161.725
289.458,155.508,56.219,161.725
289.875,155.924,56.219,161.725
288.626,156.340,56.219,161.725
289.042,154.259,56.219,161.725
285.296,157.173,56.219,161.725
278.219,155.924,56.219,161.725
389.362,159.670,56.219,161.725
387.280,158.422,56.219,161.725
391.491,162.152,55.020,158.276
392.713,161.745,55.020,158.276
393.120,161.337,55.020,158.276
391.898,161.745,55.020,158.276
393.120,160.522,55.020,158.276
391.083,160.115,55.020,158.276
392.306,160.522,55.020,158.276
392.713,160.115,55.020,158.276
392.306,161.337,55.020,158.276
392.713,161.745,55.020,158.276
393.120,160.522,55.020,158.276
391.083,160.115,55.020,158.276
392.306,161.337,55.020,158.276
391.898,162.559,55.020,158.276
393.120,161.337,55.020,158.276
391.083,161.745,55.020,158.276
391.491,159.708,55.020,158.276
391.898,160.115,55.020,158.276
393.120,160.523,55.020,158.276
392.713,159.300,55.020,158.276
393.120,159.708,55.020,158.276
391.898,159.300,55.020,158.276
393.120,160.523,55.020,158.276
392.713,159.300,55.020,158.276
393.935,160.523,55.020,158.276
392.713,159.300,55.020,158.276
393.935,160.523,55.020,158.276
393.528,160.115,55.020,158.276
391.651,157.096,56.237,161.778
393.733,159.178,56.237,161.778
393.317,157.929,56.237,161.778
394.566,159.178,56.237,161.778
394.982,157.929,56.237,161.778
392.900,159.178,56.237,161.778
394.982,157.096,56.237,161.778
393.733,158.345,56.237,161.778
394.734,159.669,55.038,158.328
391.066,160.077,55.038,158.328
389.029,159.669,55.038,158.328
386.176,160.892,55.038,158.328
384.138,161.299,55.038,158.328
385.361,161.707,55.038,158.328
384.138,160.484,55.038,158.328
385.361,160.892,55.038,158.328
384.138,161.299,55.038,158.328
385.361,161.707,55.038,158.328
384.954,160.484,55.038,158.328
386.176,160.077,55.038,158.328
383.323,161.299,55.038,158.328
386.176,161.707,55.038,158.328
383.323,161.299,55.038,158.328
386.176,160.892,55.038,158.328
383.323,161.299,55.038,158.328
386.176,160.892,55.038,158.328
383.323,161.299,55.038,158.328
386.991,160.077,55.038,158.328
383.323,160.484,55.038,158.328
386.176,160.077,55.038,158.328
383.323,161.299,55.038,158.328
386.176,160.892,55.038,158.328
383.323,161.299,55.038,158.328
386.176,160.892,55.038,158.328
383.323,162.114,55.038,158.328
386.176,160.077,55.038,158.328
383.323,161.299,55.038,158.328
386.176,160.077,55.038,158.328
383.323,161.299,55.038,158.328
386.991,160.892,55.038,158.328
384.139,161.299,55.038,158.328
386.176,160.892,55.038,158.328
383.323,161.299,55.038,158.328
386.176,160.892,55.038,158.328
383.323,161.299,55.038,158.328
386.991,160.077,55.038,158.328
383.323,160.484,55.038,158.328
386.991,160.077,55.038,158.328
383.323,161.299,55.038,158.328
386.176,160.077,55.038,158.328
383.323,161.299,55.038,158.328
386.176,160.077,55.038,158.328
383.323,161.299,55.038,158.328
386.991,160.077,55.038,158.328
383.323,161.299,55.038,158.328
386.991,160.077,55.038,158.328
383.323,160.484,55.038,158.328
386.991,160.077,55.038,158.328
383.323,161.299,55.038,158.328
386.991,160.892,55.038,158.328
383.323,161.299,55.038,158.328
386.176,160.892,55.038,158.328
383.323,161.299,55.038,158.328
386.991,160.892,55.038,158.328
388.214,160.484,55.038,158.328
390.251,160.077,55.038,158.328
391.231,162.943,53.864,154.951
392.959,164.980,52.715,151.647
391.788,163.028,52.715,151.647
393.478,166.526,51.591,148.413
394.397,168.477,50.491,145.248
394.770,168.103,50.491,145.248
393.649,169.225,50.491,145.248
395.518,168.103,50.491,145.248
392.901,169.225,50.491,145.248
394.770,168.103,50.491,145.248
392.901,169.225,50.491,145.248
394.023,168.103,50.491,145.248
393.649,168.477,50.491,145.248
394.770,167.355,50.491,145.248
392.153,168.477,50.491,145.248
394.023,166.608,50.491,145.248
391.406,169.225,50.491,145.248
394.770,169.598,50.491,145.248
392.153,168.477,50.491,145.248
394.023,168.103,50.491,145.248
392.153,168.477,50.491,145.248
394.770,167.355,50.491,145.248
392.153,169.225,50.491,145.248
394.770,168.103,50.491,145.248
392.901,168.477,50.491,145.248
393.275,166.608,50.491,145.248
394.397,166.234,50.491,145.248
393.275,168.103,50.491,145.248
393.453,168.571,49.414,142.151
392.355,170.400,49.414,142.151
394.185,167.839,49.414,142.151
392.355,170.400,49.414,142.151
394.185,167.839,49.414,142.151
392.355,169.668,49.414,142.151
392.721,169.302,49.414,142.151
393.819,168.937,49.414,142.151
391.989,170.034,49.414,142.151
393.819,168.937,49.414,142.151
391.989,170.034,49.414,142.151
393.819,168.937,49.414,142.151
391.989,170.034,49.414,142.151
393.819,168.205,49.414,142.151
391.989,170.034,49.414,142.151
394.551,168.205,49.414,142.151
391.258,170.766,49.414,142.151
395.282,168.937,49.414,142.151
392.721,170.034,49.414,142.151
394.551,168.205,49.414,142.151
390.526,171.498,49.414,142.151
394.551,168.937,49.414,142.151
391.989,170.766,49.414,142.151
394.551,169.668,49.414,142.151
391.989,171.498,49.414,142.151
394.551,168.937,49.414,142.151
391.989,170.766,49.414,142.151
395.282,168.937,49.414,142.151
392.721,170.766,49.414,142.151
395.282,169.668,49.414,142.151
392.721,171.498,49.414,142.151
394.551,169.668,49.414,142.151
391.989,170.766,49.414,142.151
394.551,168.937,49.414,142.151
391.989,170.766,49.414,142.151
394.551,169.668,49.414,142.151
391.989,170.766,49.414,142.151
395.690,170.518,48.360,139.119
393.900,173.025,48.360,139.119
394.974,170.518,48.360,139.119
393.184,172.309,48.360,139.119
395.690,170.518,48.360,139.119
393.900,173.025,48.360,139.119
395.690,170.518,48.360,139.119
393.900,173.025,48.360,139.119
392.250,169.628,49.430,142.197
394.812,171.458,49.430,142.197
392.250,170.360,49.430,142.197
395.544,169.262,49.430,142.197
392.250,171.824,49.430,142.197
395.544,169.262,49.430,142.197
392.250,171.824,49.430,142.197
395.544,169.262,49.430,142.197
392.250,171.092,49.430,142.197
395.544,168.530,49.430,142.197
392.250,171.824,49.430,142.197
395.544,169.262,49.430,142.197
392.250,171.092,49.430,142.197
395.544,168.530,49.430,142.197
391.518,171.824,49.430,142.197
395.926,170.871,48.376,139.165
393.418,174.095,48.376,139.165
396.642,170.871,48.376,139.165
394.135,174.095,48.376,139.165
395.209,171.588,48.376,139.165
393.418,173.379,48.376,139.165
397.359,170.871,48.376,139.165
393.418,174.095,48.376,139.165
396.642,170.871,48.376,139.165
394.135,172.662,48.376,139.165
395.926,170.155,48.376,139.165
392.702,173.379,48.376,139.165
395.926,170.871,48.376,139.165
393.418,172.662,48.376,139.165
396.642,169.438,48.376,139.165
394.135,171.946,48.376,139.165
393.971,168.548,49.447,142.244
392.873,170.379,49.447,142.244
395.436,167.816,49.447,142.244
392.141,171.111,49.447,142.244
395.436,168.548,49.447,142.244
391.409,171.843,49.447,142.244
393.971,169.280,49.447,142.244
394.338,170.379,49.447,142.244
392.507,170.013,49.447,142.244
395.070,168.914,49.447,142.244
392.507,170.745,49.447,142.244
395.070,168.914,49.447,142.244
393.239,170.013,49.447,142.244
395.802,168.182,49.447,142.244
392.507,170.745,49.447,142.244
395.070,168.914,49.447,142.244
392.507,170.013,49.447,142.244
395.070,168.182,49.447,142.244
392.507,170.013,49.447,142.244
394.338,168.182,49.447,142.244
391.775,170.745,49.447,142.244
395.070,168.914,49.447,142.244
392.507,170.745,49.447,142.244
395.070,170.379,49.447,142.244
392.507,172.209,49.447,142.244
