0.00417948
0.01053238
0.01045251
0.01046348
0.01111031
0.01054740
0.01031446
0.01028538
0.01030397
0.01025009
0.01033330
0.01025343
0.01020002
0.01024532
0.01024389
0.01031017
0.01024890
0.01025629
0.01038337
0.01024437
0.01030350
0.01035452
0.01028752
0.01024008
0.01037455
0.01026225
0.01020718
0.01033688
0.01032925
0.01031327
0.01030970
0.01030898
0.01027918
0.01059413
0.01027536
0.01020432
0.01015496
0.01031733
0.01019335
0.01021075
0.01035619
0.01043081
0.01071787
0.01026058
0.01035380
0.01026201
0.01024842
0.01026297
0.01024294
0.01027894
0.01024199
0.01034999
0.01027703
0.01030588
0.01031208
0.01024413
0.01026297
0.01030040
0.01017904
0.01021433
0.01025367
0.01025677
0.01025391
0.01030755
0.01037359
0.01023364
0.01031280
0.01027942
0.01027632
0.01024985
0.01030493
0.01026607
0.01030493
0.01033211
0.01029849
0.01025081
0.01024199
0.01037192
0.01034141
0.01018715
0.01035619
0.01026559
0.01026917
0.01032495
0.01022768
0.01017642
0.01030064
0.01026773
0.01097536
0.01071739
0.01040840
0.01031280
0.01026917
0.01031303
0.01034856
0.01030946
0.01037669
0.01036668
0.01043487
0.01033711
0.01039433
0.01035595
0.01033020
0.01040053
0.01036692
0.01035738
0.01028347
0.01031327
0.01033425
0.01022124
0.01031590
0.01035261
0.01027799
0.01030564
0.01028657
0.01025438
0.01029468
0.01035881
0.01048088
0.01019883
0.01032615
0.01036572
0.01020312
0.01021695
0.01028395
0.01024127
0.01026320
0.01030540
0.01022339
0.01035786
0.01031208
0.01035190
0.01022100
0.01030183
0.01088047
0.01080728
0.01026487
0.01033783
0.01030922
0.01031399
0.01032495
0.01029778
0.01028562
0.01018643
0.01028752
0.01063085
0.01033640
0.01031256
0.01027489
0.01028776
0.01029468
0.01030374
0.01030612
0.01024771
0.01029587
0.01039577
0.01049972
0.01032734
0.01035166
0.01025534
0.01018310
0.01028395
0.01028895
0.01032996
0.01032376
0.01034999
0.01019740
0.01031685
0.01038408
0.01032448
0.01031184
0.01033139
0.01026750
0.01022410
0.01031113
0.01035953
0.01023650
0.01032424
0.01037121
0.01027465
0.01043701
0.01064873
0.01043749
0.01036096
0.01030827
0.01032400
0.01025414
0.01028919
0.01034451
0.01038814
0.01028204
0.01031232
0.01036024
0.01030159
0.01035047
0.01030993
0.01027131
0.01026821
0.01028371
0.01028490
0.01029205
0.01032352
0.01035547
0.01029372
0.01029229
0.01034808
0.01035094
0.01017427
0.01030970
0.01028562
0.01033640
0.01022649
0.01030350
0.01026797
0.01041651
0.01031923
0.01027393
0.01034403
0.01032758
0.01026917
0.01032591
0.01024818
0.01033497
0.01034188
0.01024413
0.01039052
0.01034427
0.01130509
0.01049829
0.01044750
0.01021957
0.01033854
0.01034808
0.01044154
0.01033807
0.01037574
0.01027203
0.01032352
0.01023960
0.01027894
0.01023340
0.01029158
0.01031733
0.01039195
0.01030040
0.01033115
0.01038599
0.01029778
0.01023078
0.01034522
0.01027942
0.01028228
0.01037812
0.01043797
0.01037097
0.01025581
0.01034641
0.01034260
0.01025987
0.01033092
0.01035714
0.01033378
0.01031041
0.01044679
0.01021838
0.01036286
0.01037216
0.01028848
0.01038146
0.01041341
0.01042247
0.01036000
0.01039648
0.01117468
0.01053834
0.01036263
0.01030302
0.01036859
0.01045656
0.01033068
0.01036572
0.01041842
0.01029754
0.01038408
0.01043367
0.01043534
0.01034713
0.01030636
0.01036572
0.01035905
0.01034737
0.01037383
0.01043367
0.01034188
0.01042581
0.01035523
0.01028013
0.01041865
0.01038527
0.01036310
0.01038456
0.01043320
0.01044059
0.01038456
0.01033854
0.01041317
0.01041842
0.01035023
0.01034737
0.01035905
0.01033735
0.01034808
0.01048636
0.01039648
0.01038837
0.01042700
0.01039147
0.01037312
0.01026034
0.01115751
0.01053357
0.01038742
0.01031351
0.01037669
0.01043510
0.01035452
0.01044464
0.01038766
0.01046443
0.01036382
0.01040745
0.01040363
0.01036358
0.01036572
0.01042032
0.01047039
0.01038098
0.01033258
0.01039934
0.01035810
0.01033139
0.01041079
0.01047516
0.01039791
0.01033568
0.01043081
0.01043773
0.01038504
0.01040077
0.01047301
0.01038504
0.01036787
0.01039338
0.01048970
0.01037383
0.01036906
0.01039028
0.01036310
0.01037979
0.01046848
0.01033282
0.01034832
0.01044321
0.01044345
0.01039982
0.01108027
0.01050234
0.01055312
0.01044321
0.01032472
0.01035237
0.01042056
0.01038575
0.01038933
0.01050854
0.01051807
0.01049447
0.01039982
0.01048827
0.01052570
0.01037741
0.01042509
0.01038599
0.01056385
0.01036119
0.01051545
0.01041913
0.01052499
0.01045966
0.01046920
0.01049376
0.01046276
0.01041317
0.01054668
0.01049089
0.01048756
0.01042366
0.01050377
0.01058531
0.01044989
0.01051188
0.01048255
0.01051188
0.01046538
0.01045537
0.01045489
0.01056838
0.01067257
0.01048255
0.01043320
0.01111007
0.01104331
0.01050258
0.01049590
0.01048946
0.01055384
0.01041913
0.01044941
0.01051235
0.01061678
0.01049519
0.01048398
0.01055670
0.01054859
0.01039839
0.01043820
0.01047778
0.01052523
0.01040268
0.01045299
0.01047945
0.01046896
0.01037383
0.01051641
0.01050162
0.01046014
0.01039052
0.01055074
0.01053333
0.01037693
0.01053452
0.01038480
0.01052833
0.01043606
0.01048017
0.01048899
0.01047373
0.01044607
0.01052332
0.01039171
0.01037598
0.01042652
0.01051903
0.01054835
0.01050091
0.01041126
0.01128745
0.01060128
0.01064682
0.01043916
