125.000,86.000,15.000,16.000
126.647,85.329,15.000,16.000
127.929,84.780,15.000,16.000
130.064,83.620,15.000,16.000
130.857,82.461,15.000,16.000
132.871,82.522,15.000,16.000
133.786,81.607,15.000,16.000
134.946,82.156,15.000,16.000
136.959,82.827,15.000,16.000
138.973,82.766,15.000,16.000
141.108,83.193,15.000,16.000
142.145,83.742,15.000,16.000
144.159,83.071,15.000,16.000
145.806,83.742,15.000,16.000
147.454,83.071,15.000,16.000
148.491,83.010,15.000,16.000
149.650,82.217,15.000,16.000
150.932,81.668,15.000,16.000
152.335,80.387,15.000,16.000
153.372,79.715,15.000,16.000
154.043,78.312,15.000,16.000
154.959,77.519,15.000,16.000
157.094,76.115,15.000,16.000
157.765,75.566,15.000,16.000
160.023,74.651,15.000,16.000
159.794,75.297,15.332,16.354
160.605,74.860,15.332,16.354
161.166,74.424,15.332,16.354
161.852,73.863,15.332,16.354
162.663,74.299,15.332,16.354
164.346,74.112,15.332,16.354
165.157,73.676,15.332,16.354
165.469,72.989,15.332,16.354
166.030,72.927,15.332,16.354
165.469,72.366,15.332,16.354
166.405,71.929,15.332,16.354
166.217,72.615,15.332,16.354
167.652,71.805,15.332,16.354
168.213,73.114,15.332,16.354
168.525,74.673,15.332,16.354
169.211,75.734,15.332,16.354
169.795,75.006,15.005,16.005
170.955,78.974,15.005,16.005
170.650,78.180,15.005,16.005
170.955,80.683,15.005,16.005
171.865,81.709,15.337,16.359
170.930,78.901,15.337,16.359
172.115,79.588,15.337,16.359
171.497,77.537,15.010,16.010
161.006,73.876,15.342,16.365
158.440,67.156,15.681,16.727
175.471,78.318,15.681,16.727
175.408,77.872,15.681,16.727
176.237,77.681,15.681,16.727
176.938,78.255,15.681,16.727
178.406,79.467,15.681,16.727
178.852,80.423,15.681,16.727
179.809,81.253,15.681,16.727
180.383,82.209,15.681,16.727
180.829,83.039,15.681,16.727
163.118,73.919,16.028,17.097
162.598,74.919,15.687,16.732
162.888,74.932,16.034,17.102
162.372,75.487,16.388,17.481
161.430,75.640,16.751,17.868
161.771,75.980,16.751,17.868
162.248,76.321,16.751,17.868
161.362,76.662,16.751,17.868
161.606,76.261,16.394,17.487
160.249,74.615,16.756,17.874
167.951,69.230,16.756,17.874
162.038,74.902,17.127,18.269
160.993,75.947,17.127,18.269
162.177,77.967,17.127,18.269
161.550,76.504,17.127,18.269
159.808,75.041,17.127,18.269
160.435,76.226,17.127,18.269
160.366,76.713,17.127,18.269
160.714,76.226,17.127,18.269
159.808,76.435,17.127,18.269
160.125,76.449,17.506,18.673
159.199,77.233,17.506,18.673
159.840,76.307,17.506,18.673
158.629,76.805,17.506,18.673
161.122,76.165,17.506,18.673
159.592,76.020,17.133,18.275
159.620,77.047,17.512,18.679
159.204,77.358,17.899,19.093
179.175,74.352,18.295,19.515
177.910,75.319,18.295,19.515
175.008,76.287,18.295,19.515
173.594,77.106,18.295,19.515
170.245,77.775,18.295,19.515
167.194,77.254,18.295,19.515
165.482,78.073,18.295,19.515
164.276,77.934,18.700,19.947
162.831,76.793,18.700,19.947
161.690,75.957,18.700,19.947
160.549,75.272,18.700,19.947
159.712,75.196,18.700,19.947
159.180,74.359,18.700,19.947
158.191,73.370,18.700,19.947
156.898,74.359,18.700,19.947
157.734,73.370,18.700,19.947
157.050,72.838,18.700,19.947
156.669,72.001,18.700,19.947
155.680,71.925,18.700,19.947
154.844,71.545,18.700,19.947
153.797,72.271,18.301,19.521
152.680,73.090,18.301,19.521
151.415,73.611,18.301,19.521
149.851,74.727,18.301,19.521
148.586,75.844,18.301,19.521
146.873,76.514,18.301,19.521
145.012,78.077,18.301,19.521
143.449,79.045,18.301,19.521
140.843,81.204,18.301,19.521
139.280,83.065,18.301,19.521
137.866,86.117,18.301,19.521
135.409,89.021,18.301,19.521
133.548,92.222,18.301,19.521
132.282,96.018,18.301,19.521
131.017,99.666,18.301,19.521
129.453,104.058,18.301,19.521
128.337,107.706,18.301,19.521
127.518,111.503,18.301,19.521
126.103,115.151,18.301,19.521
124.987,117.012,18.301,19.521
123.721,118.873,18.301,19.521
122.456,120.287,18.301,19.521
121.339,121.702,18.301,19.521
121.462,122.843,17.911,19.105
121.681,123.207,17.911,19.105
120.442,121.677,17.911,19.105
119.349,118.836,17.911,19.105
118.111,115.557,17.911,19.105
115.418,109.979,18.307,19.528
114.450,104.692,18.307,19.528
113.184,100.298,18.307,19.528
112.812,94.713,18.307,19.528
111.248,90.766,18.307,19.528
112.663,85.628,18.307,19.528
113.780,85.106,18.307,19.528
114.301,83.393,18.307,19.528
115.269,81.979,18.307,19.528
115.791,78.627,18.307,19.528
117.206,77.064,18.307,19.528
105.414,71.745,17.917,19.111
105.050,69.923,17.917,19.111
104.102,68.684,17.917,19.111
103.009,68.320,17.917,19.111
101.916,67.809,17.917,19.111
100.531,68.028,17.917,19.111
99.438,66.789,17.917,19.111
97.762,67.299,17.917,19.111
94.919,66.206,17.917,19.111
92.951,67.153,17.917,19.111
89.526,59.064,17.917,19.111
81.291,64.384,17.917,19.111
100.604,67.226,17.917,19.111
96.595,65.259,17.917,19.111
94.482,64.603,17.917,19.111
95.429,65.404,17.917,19.111
96.377,65.769,17.917,19.111
97.470,65.404,17.917,19.111
96.743,66.176,18.313,19.534
98.158,66.101,18.313,19.534
101.510,66.474,18.313,19.534
103.074,67.293,18.313,19.534
106.278,67.368,18.313,19.534
107.698,66.147,18.718,19.966
109.150,65.531,19.133,20.408
111.874,65.453,19.133,20.408
113.353,64.442,19.133,20.408
115.298,64.831,19.133,20.408
118.178,63.508,19.133,20.408
119.662,64.655,19.556,20.860
123.241,65.848,19.556,20.860
126.409,69.166,19.989,21.321
129.815,70.701,20.431,21.793
131.560,74.441,20.431,21.793
135.466,78.181,20.431,21.793
138.541,81.755,20.431,21.793
139.954,85.566,20.883,22.275
141.907,90.068,20.883,22.275
143.521,94.400,20.883,22.275
146.727,97.062,21.345,22.768
142.299,100.969,21.345,22.768
149.332,108.002,21.345,22.768
149.940,112.257,21.345,22.768
151.590,115.816,21.345,22.768
150.634,118.855,21.345,22.768
149.853,119.984,21.345,22.768
149.072,120.245,21.345,22.768
148.379,119.567,20.890,22.282
149.313,120.501,20.890,22.282
149.946,119.838,20.444,21.807
161.466,103.639,20.008,21.342
162.686,105.022,20.008,21.342
162.117,106.569,20.008,21.342
161.135,105.573,20.451,21.814
159.887,104.158,20.451,21.814
158.367,102.277,20.903,22.297
134.581,82.711,21.366,22.790
122.501,76.193,21.366,22.790
122.645,67.640,20.910,22.304
120.031,68.717,21.373,22.798
118.379,67.587,21.373,22.798
116.248,66.162,21.846,23.302
114.255,64.521,22.329,23.818
112.348,63.159,22.329,23.818
110.622,61.978,22.329,23.818
109.259,62.614,22.329,23.818
107.787,61.125,22.823,24.345
106.283,61.530,23.328,24.883
105.239,60.486,23.328,24.883
104.195,59.822,23.328,24.883
103.341,58.399,23.328,24.883
101.918,58.494,23.328,24.883
100.684,57.640,23.328,24.883
99.261,56.596,23.328,24.883
97.837,57.260,23.328,24.883
95.845,58.304,23.328,24.883
93.852,59.537,23.328,24.883
92.049,61.720,23.328,24.883
89.866,63.903,23.328,24.883
87.684,67.603,23.328,24.883
85.122,70.735,23.328,24.883
82.939,74.436,23.328,24.883
79.049,78.895,23.328,24.883
74.968,82.596,23.328,24.883
72.786,84.589,23.328,24.883
68.895,88.290,23.328,24.883
66.902,90.472,23.328,24.883
63.002,92.855,23.844,25.434
60.965,96.638,23.844,25.434
59.316,97.899,23.844,25.434
57.279,99.160,23.844,25.434
49.587,78.957,23.336,24.892
50.412,77.008,23.852,25.442
51.480,76.717,23.852,25.442
55.263,74.485,23.852,25.442
61.764,69.925,23.852,25.442
72.922,70.798,23.852,25.442
77.571,78.270,23.343,24.900
51.010,90.900,23.860,25.451
52.659,86.490,24.388,26.014
54.550,81.777,24.927,26.589
57.746,76.749,25.479,27.178
59.077,70.534,26.043,27.779
60.031,64.284,26.043,27.779
61.832,59.305,26.043,27.779
63.412,56.250,26.619,28.393
65.926,53.577,27.208,29.022
67.806,51.074,27.810,29.664
69.259,51.333,28.425,30.320
70.024,51.837,29.054,30.991
68.845,51.127,29.697,31.677
69.932,52.697,29.697,31.677
67.974,51.720,30.354,32.377
66.122,53.078,30.354,32.377
61.047,53.873,31.025,33.094
55.597,55.209,31.712,33.826
52.630,56.886,31.712,33.826
47.857,59.079,31.712,33.826
41.279,61.014,31.712,33.826
36.248,63.722,31.712,33.826
30.701,65.657,31.712,33.826
24.060,66.220,32.413,34.574
1.778,60.551,32.413,34.574
-3.087,61.809,31.722,33.837
-5.797,60.389,31.722,33.837
-6.184,58.454,31.722,33.837
-5.866,56.607,32.424,34.586
-7.053,53.573,32.424,34.586
-6.393,51.595,32.424,34.586
-4.942,50.408,32.424,34.586
-5.232,48.616,31.733,33.848
-6.910,46.679,31.733,33.848
-7.039,44.485,31.733,33.848
-7.685,44.614,31.733,33.848
-7.968,43.855,31.056,33.126
-8.003,42.869,30.394,32.420
