298.000,160.000,48.000,80.000
300.250,162.750,48.000,80.000
300.000,165.500,48.000,80.000
302.250,169.250,48.000,80.000
303.500,172.500,48.000,80.000
305.750,176.749,48.000,80.000
309.000,180.499,48.000,80.000
311.250,181.749,48.000,80.000
313.500,183.999,48.000,80.000
317.249,184.749,48.000,80.000
318.999,183.999,48.000,80.000
321.321,184.411,49.062,81.770
321.066,181.600,49.062,81.770
319.277,183.389,49.062,81.770
318.000,181.600,49.062,81.770
315.700,183.389,49.062,81.770
313.911,182.111,49.062,81.770
311.612,184.922,49.062,81.770
309.823,185.689,49.062,81.770
309.567,184.411,49.062,81.770
307.268,185.178,49.062,81.770
305.479,182.878,49.062,81.770
301.646,184.667,49.062,81.770
297.813,185.944,49.062,81.770
293.980,187.222,49.062,81.770
290.521,188.173,50.147,83.579
293.489,188.603,51.257,85.428
297.077,188.489,52.391,87.318
303.898,190.945,52.391,87.318
315.086,189.035,52.391,87.318
320.270,200.222,52.391,87.318
332.549,204.861,52.391,87.318
342.099,211.137,52.391,87.318
348.375,216.321,52.391,87.318
349.211,221.300,53.550,89.250
343.912,226.599,53.550,89.250
330.877,227.637,54.735,91.225
316.371,231.064,55.946,93.243
307.338,229.025,55.946,93.243
299.471,225.820,55.946,93.243
292.769,223.780,55.946,93.243
272.081,224.071,55.946,93.243
258.387,218.535,55.946,93.243
244.769,211.155,57.184,95.306
237.919,204.305,57.184,95.306
232.856,196.264,57.184,95.306
233.749,187.627,57.184,95.306
237.621,178.395,57.184,95.306
248.045,173.927,57.184,95.306
260.256,170.651,57.184,95.306
274.253,172.141,57.184,95.306
287.525,170.159,58.449,97.415
300.615,171.072,58.449,97.415
312.917,169.047,59.742,99.570
325.674,166.869,59.742,99.570
337.408,166.431,58.468,97.447
349.893,166.127,58.468,97.447
362.199,167.892,59.762,99.603
371.848,171.316,59.762,99.603
387.722,175.985,59.762,99.603
401.105,181.276,59.762,99.603
408.887,185.945,59.762,99.603
415.423,192.481,59.762,99.603
420.897,194.931,61.084,101.807
418.034,201.612,61.084,101.807
405.627,207.021,61.084,101.807
400.855,209.884,61.084,101.807
389.720,210.202,61.084,101.807
375.404,207.339,61.084,101.807
363.483,205.051,59.781,99.636
349.472,206.608,59.781,99.636
333.629,205.829,61.104,101.840
321.090,207.221,59.801,99.668
313.304,205.041,59.801,99.668
304.272,201.615,59.801,99.668
293.994,198.812,59.801,99.668
287.453,193.517,59.801,99.668
282.159,188.846,59.801,99.668
276.864,184.174,59.801,99.668
272.815,180.748,59.801,99.668
268.766,179.190,59.801,99.668
264.717,177.010,59.801,99.668
261.291,175.453,59.801,99.668
259.111,178.256,59.801,99.668
256.308,176.076,59.801,99.668
253.644,179.240,58.526,97.543
254.558,176.497,58.526,97.543
252.424,174.363,58.526,97.543
253.339,173.449,58.526,97.543
249.986,172.534,58.526,97.543
247.966,174.456,57.278,95.463
244.684,171.771,57.278,95.463
245.579,169.086,57.278,95.463
241.701,169.981,57.278,95.463
244.386,166.700,57.278,95.463
241.701,168.191,57.278,95.463
242.596,166.103,57.278,95.463
241.104,167.595,57.278,95.463
239.016,168.489,57.278,95.463
239.315,166.998,57.278,95.463
240.806,167.296,57.278,95.463
242.894,168.191,57.278,95.463
241.403,168.489,57.278,95.463
240.460,166.505,58.545,97.575
239.545,167.420,58.545,97.575
238.630,167.115,58.545,97.575
240.155,168.639,58.545,97.575
241.679,168.334,58.545,97.575
241.984,168.029,58.545,97.575
242.899,170.774,58.545,97.575
246.253,168.639,58.545,97.575
250.217,168.334,58.545,97.575
254.790,169.859,58.545,97.575
258.754,168.334,58.545,97.575
262.108,167.420,58.545,97.575
264.853,165.895,58.545,97.575
265.154,166.397,59.840,99.734
267.402,163.677,61.164,101.940
270.269,162.085,61.164,101.940
271.862,164.314,61.164,101.940
271.543,162.085,61.164,101.940
273.773,161.129,61.164,101.940
272.817,159.536,61.164,101.940
275.047,156.669,61.164,101.940
274.729,156.351,61.164,101.940
273.773,154.121,61.164,101.940
274.729,151.254,61.164,101.940
274.410,148.387,61.164,101.940
273.455,146.157,61.164,101.940
270.588,142.653,61.164,101.940
268.358,139.786,61.164,101.940
268.039,136.919,61.164,101.940
268.358,133.415,61.164,101.940
269.951,130.548,61.164,101.940
268.358,129.592,61.164,101.940
270.588,128.636,61.164,101.940
270.906,127.681,61.164,101.940
273.136,127.999,61.164,101.940
276.003,130.229,61.164,101.940
276.959,128.636,61.164,101.940
278.596,125.195,62.517,104.196
278.321,129.758,61.184,101.974
277.974,126.316,62.538,104.230
275.694,125.990,62.538,104.230
272.763,127.619,62.538,104.230
271.786,127.293,62.538,104.230
270.255,130.602,61.204,102.007
268.024,130.921,61.204,102.007
265.911,133.545,59.899,99.832
264.352,133.857,59.899,99.832
263.416,136.664,59.899,99.832
263.728,138.848,59.899,99.832
260.296,142.280,59.899,99.832
260.608,145.087,59.899,99.832
257.800,148.519,59.899,99.832
259.984,151.327,59.899,99.832
262.168,154.134,59.899,99.832
265.599,156.318,59.899,99.832
269.031,160.998,59.899,99.832
273.711,165.677,59.899,99.832
279.638,170.356,59.899,99.832
286.419,174.754,61.224,102.041
297.580,181.451,61.224,102.041
305.552,190.060,61.224,102.041
317.987,196.118,61.224,102.041
329.785,197.713,61.224,102.041
343.654,197.879,59.919,99.865
350.831,191.949,59.919,99.865
358.009,186.020,59.919,99.865
362.558,177.159,58.641,97.735
359.809,165.859,58.641,97.735
355.228,154.559,58.641,97.735
345.150,148.756,58.641,97.735
330.795,139.899,58.641,97.735
316.441,135.928,58.641,97.735
300.254,135.623,58.641,97.735
283.456,140.815,58.641,97.735
270.324,147.839,58.641,97.735
259.634,160.972,58.641,97.735
254.442,174.716,58.641,97.735
249.861,186.627,58.641,97.735
248.945,197.927,58.641,97.735
253.526,208.006,58.641,97.735
263.605,218.084,58.641,97.735
269.407,223.276,58.641,97.735
284.373,220.528,58.641,97.735
296.715,222.932,59.938,99.897
300.774,227.614,59.938,99.897
306.081,229.800,59.938,99.897
319.344,236.144,61.265,102.108
331.788,230.719,61.265,102.108
349.337,224.657,61.265,102.108
360.505,218.594,61.265,102.108
362.738,208.065,61.265,102.108
358.590,198.174,61.265,102.108
350.299,190.092,62.620,104.367
336.275,183.896,62.620,104.367
321.709,179.019,64.005,106.676
309.375,177.352,64.005,106.676
299.708,173.019,64.005,106.676
285.374,168.685,64.005,106.676
272.561,160.934,65.422,109.036
259.273,157.867,65.422,109.036
245.984,158.208,65.422,109.036
234.740,157.867,65.422,109.036
228.266,161.615,65.422,109.036
220.754,161.136,64.026,106.711
213.751,164.137,64.026,106.711
208.082,165.137,64.026,106.711
203.747,166.805,64.026,106.711
200.746,166.471,64.026,106.711
202.413,168.805,64.026,106.711
206.748,173.140,64.026,106.711
212.417,178.142,64.026,106.711
225.422,184.478,64.026,106.711
235.760,189.480,64.026,106.711
251.312,195.565,65.443,109.072
266.649,198.632,65.443,109.072
281.987,195.565,65.443,109.072
293.916,199.996,65.443,109.072
299.029,196.246,65.443,109.072
304.823,193.179,65.443,109.072
310.449,182.187,64.047,106.746
307.447,175.849,64.047,106.746
301.776,169.511,64.047,106.746
294.492,163.831,65.465,109.108
288.696,160.763,65.465,109.108
282.900,161.785,65.465,109.108
277.785,161.444,65.465,109.108
271.989,163.149,65.465,109.108
270.285,162.126,65.465,109.108
273.353,163.149,65.465,109.108
276.520,160.174,66.913,111.522
280.480,162.194,68.393,113.989
286.536,161.125,68.393,113.989
292.591,160.769,68.393,113.989
297.378,159.139,69.907,116.511
302.111,153.677,69.907,116.511
306.116,148.216,69.907,116.511
307.208,142.755,69.907,116.511
306.844,136.565,69.907,116.511
305.752,130.376,69.907,116.511
306.116,125.643,69.907,116.511
305.024,123.822,69.907,116.511
309.029,122.730,69.907,116.511
309.393,128.191,69.907,116.511
311.893,135.399,68.416,114.026
310.111,144.307,68.416,114.026
310.467,156.066,68.416,114.026
306.548,168.537,68.416,114.026
303.341,181.721,68.416,114.026
300.134,196.330,68.416,114.026
301.916,212.365,68.416,114.026
305.049,222.853,66.957,111.595
302.608,228.084,66.957,111.595
305.675,234.316,65.529,109.215
307.361,240.415,64.132,106.886
309.699,244.757,64.132,106.886
311.992,243.643,62.764,104.606
315.588,246.585,62.764,104.606
317.832,244.865,61.425,102.376
313.674,246.464,61.425,102.376
308.875,248.704,61.425,102.376
306.635,243.265,61.425,102.376
294.799,246.144,61.425,102.376
289.360,233.028,61.425,102.376
284.561,230.149,61.425,102.376
281.559,225.365,62.784,104.641
278.489,220.476,64.174,106.956
283.503,214.125,64.174,106.956
290.521,207.775,64.174,106.956
296.400,203.471,65.593,109.322
306.990,199.713,65.593,109.322
320.087,193.896,67.045,111.741
335.800,187.960,67.045,111.741
352.212,184.119,67.045,111.741
366.528,183.072,67.045,111.741
380.845,181.326,67.045,111.741
386.781,177.485,67.045,111.741
387.130,172.945,67.045,111.741
381.194,164.216,67.045,111.741
366.877,155.486,67.045,111.741
359.545,145.360,67.045,111.741
343.133,135.234,67.045,111.741
326.684,129.358,65.615,109.358
311.902,125.583,64.216,107.026
295.514,120.566,64.216,107.026
281.802,117.556,64.216,107.026
270.097,115.884,64.216,107.026
255.715,120.232,64.216,107.026
243.341,125.249,64.216,107.026
