0.00687504
0.01113939
0.01215839
0.01110005
0.01088262
0.01086974
0.01073813
0.01071572
0.01078320
0.01086855
0.01094317
0.01079130
0.01080561
0.01084852
0.01096511
0.01089978
0.01110888
0.01085901
0.01084399
0.01093698
0.01095104
0.01089859
0.01082921
0.01080942
0.01083446
0.01087117
0.01078725
0.01077962
0.01078343
0.01075768
0.01093411
0.01088333
0.01088047
0.01088309
0.01084733
0.01098371
0.01105213
0.01092005
0.01083064
0.01097465
0.01092625
0.01089811
0.01079464
0.01078796
0.01083636
0.01083755
0.01080751
0.01077104
0.01082206
0.01078987
0.01077008
0.01084208
0.01079392
0.01092315
0.01077461
0.01077795
0.01083493
0.01092768
0.01085830
0.01089191
0.01083350
0.01083159
0.01078939
0.01088619
0.01084208
0.01085591
0.01089692
0.01100206
0.01089311
0.01092434
0.01095486
0.01088071
0.01086545
0.01087594
0.01090097
0.01093173
0.01068759
0.01095009
0.01079249
0.01081324
0.01083994
0.01085210
0.01086855
0.01077414
0.01083302
0.01096106
0.01089120
0.01081562
0.01078653
0.01071787
0.01083541
0.01093435
0.01085210
0.01078439
0.01081824
0.01089716
0.01089311
0.01096439
0.01088333
