0.00598359
0.01091218
0.01223850
0.01074195
0.01067233
0.01069617
0.01068640
0.01071048
0.01073670
0.01078653
0.01073146
0.01084971
0.01073670
0.01076388
0.01065469
0.01060605
0.01060414
0.01056767
0.01055241
0.01052999
0.01047993
0.01060748
0.01061559
0.01050615
0.01060104
0.01045775
0.01054978
0.01060581
0.01048398
0.01059461
0.01080227
0.01067352
0.01048684
0.01070380
0.01064944
0.01064110
0.01061630
0.01062393
0.01069784
0.01077485
0.01062727
0.01053238
0.01064491
0.01052165
0.01056647
0.01065040
0.01058936
0.01058674
0.01065254
0.01068044
0.01066995
0.01070976
0.01066709
0.01067138
0.01060224
0.01069140
0.01063561
0.01068997
0.01065540
0.01056075
0.01068425
0.01061344
0.01070046
0.01066113
0.01073074
0.01068187
0.01092005
0.01066422
0.01057267
0.01065779
0.01071262
0.01060462
0.01055336
0.01063728
0.01063704
0.01066780
0.01065445
0.01068234
0.01064467
0.01061082
0.01067638
0.01063681
0.01064324
0.01065397
0.01076245
0.01066256
0.01073933
0.01053572
0.01059508
0.01064324
0.01068854
0.01072335
0.01070166
0.01063228
0.01062489
0.01062536
0.01064706
0.01060700
0.01062965
0.01060963
0.01064372
0.01062512
0.01060057
0.01053357
0.01046395
0.01056051
0.01048279
0.01043081
0.01060820
0.01059890
0.01058936
0.01058745
0.01052356
0.01050568
0.01048064
0.01052713
0.01048899
0.01062703
0.01061130
0.01059437
0.01061010
0.01050282
0.01044679
0.01055670
0.01056647
0.01056004
0.01058340
0.01063561
0.01058435
0.01060224
0.01052356
0.01047516
0.01043582
0.01046395
0.01059389
0.01051879
0.01053929
0.01100540
0.01072574
0.01064849
0.01064587
0.01067042
0.01057839
0.01068211
0.01074934
0.01078701
0.01059294
0.01061392
0.01053762
0.01048756
0.01055598
0.01049542
0.01062846
0.01059604
0.01049423
0.01051331
0.01054931
0.01058650
0.01051807
0.01048160
0.01055908
0.01059699
0.01073194
0.01068687
0.01067734
0.01059175
