0.00412869
0.01143503
0.01209831
0.01074386
0.01098251
0.01064587
0.01061010
0.01069212
0.01068711
0.01051331
0.01069808
0.01064587
0.01061487
0.01099515
0.01065254
0.01055002
0.01061773
0.01065516
0.01065230
0.01063514
0.01074409
0.01049566
0.01066327
0.01065803
0.01062560
0.01050377
0.01075387
0.01056623
0.01088095
0.01056194
0.01056099
0.01062799
0.01067472
0.01066256
0.01058078
0.01058078
0.01069713
0.01062107
0.01065278
0.01067686
0.01059389
0.01062727
0.01066828
0.01063490
0.01067281
0.01071525
0.01059532
0.01063728
0.01064229
0.01057792
0.01061296
0.01061440
0.01066756
0.01049161
0.01067495
0.01061106
0.01067710
0.01067233
0.01066256
0.01057529
0.01064634
0.01056767
0.01063037
0.01071453
0.01079583
0.01055193
0.01056910
0.01065683
0.01064229
0.01060081
0.01056576
0.01059222
0.01059937
0.01056600
0.01057005
0.01065803
0.01062465
0.01065421
0.01058745
0.01065946
0.01070380
0.01063132
0.01073837
0.01050258
0.01054168
0.01066089
0.01067114
0.01056480
0.01063323
0.01066685
0.01058054
0.01059890
0.01074696
0.01063156
0.01067138
0.01060271
0.01061678
0.01061678
0.01059628
0.01057720
0.01065063
0.01051068
0.01056981
0.01056433
0.01063848
0.01061082
0.01055503
0.01055408
0.01053190
0.01054096
0.01055717
0.01050639
0.01045728
0.01057649
0.01056671
0.01050806
0.01050830
0.01038003
0.01040840
0.01052642
0.01047277
0.01046467
0.01044416
0.01054358
0.01048613
0.01054406
0.01048875
0.01035810
0.01051068
0.01058984
0.01047587
0.01048350
0.01052141
0.01054621
0.01051283
0.01055813
0.01042032
0.01048374
0.01042461
0.01044726
0.01053977
0.01041102
0.01038384
0.01055193
0.01045990
0.01053762
0.01047683
0.01050138
0.01044798
0.01055622
0.01049113
0.01044226
0.01093316
0.01055145
0.01050353
0.01051974
0.01057410
0.01041889
0.01045299
0.01048422
0.01061082
0.01057577
0.01039982
0.01055002
0.01054883
0.01051641
0.01057863
0.01047254
0.01052976
0.01060390
0.01050520
0.01062083
0.01055169
0.01048565
0.01057482
0.01059222
0.01055312
0.01059175
0.01065373
0.01080608
0.01061630
0.01057863
0.01064730
0.01066279
0.01057792
0.01050758
0.01054978
0.01061273
0.01051044
0.01052260
0.01046729
0.01046729
0.01052070
0.01058102
0.01068425
0.01052356
0.01051521
0.01056981
0.01057744
0.01058102
0.01058626
0.01050258
0.01064849
0.01055169
0.01046348
0.01068902
0.01053452
0.01050305
0.01064348
0.01059699
0.01062107
0.01059675
0.01056290
0.01055789
0.01056528
0.01062799
0.01061606
0.01053381
0.01064897
0.01061463
0.01060724
0.01060462
0.01064730
0.01059508
0.01059747
0.01057768
0.01057339
0.01062417
0.01070237
0.01058483
0.01067185
0.01060891
0.01056647
0.01059055
0.01065516
0.01055050
0.01056767
0.01070642
0.01061392
0.01054573
0.01060033
0.01067114
0.01052594
0.01061440
0.01062441
0.01055980
0.01057291
0.01052046
0.01059961
0.01062846
0.01072717
0.01057553
0.01060414
0.01059818
0.01048255
0.01053619
0.01046848
0.01044989
0.01042604
0.01052451
0.01056719
0.01060033
0.01058817
0.01054096
0.01054883
0.01049447
0.01056743
0.01062250
0.01060009
0.01055694
0.01066828
0.01067352
0.01062226
0.01074648
0.01061869
0.01052117
0.01059389
0.01076388
0.01062155
0.01064134
0.01058316
0.01052117
0.01061153
0.01061010
0.01065946
0.01062012
0.01063681
0.01051903
0.01056290
0.01057768
0.01059151
0.01060081
0.01052809
0.01050067
0.01063967
0.01058197
0.01072168
0.01034784
0.01056576
0.01061916
0.01057792
0.01060295
0.01060152
0.01055741
0.01056099
0.01053596
0.01056051
0.01056075
0.01056933
0.01050973
0.01049709
0.01054931
0.01054311
0.01050091
0.01046991
0.01056600
0.01055241
0.01057029
0.01046705
0.01044536
0.01059246
0.01056147
0.01047707
0.01053023
0.01050615
0.01039052
0.01057100
0.01046920
0.01057291
0.01055217
0.01060128
0.01043200
0.01063728
0.01057363
0.01049757
0.01044846
0.01049566
0.01047873
0.01057339
0.01054978
0.01051879
0.01049733
0.01063347
0.01056457
0.01058912
0.01055908
0.01054406
0.01043916
0.01064491
0.01058507
0.01045251
0.01056862
0.01054406
0.01053238
0.01056719
0.01043415
0.01047349
0.01055861
0.01047730
0.01066780
0.01051021
0.01046658
0.01048136
0.01053452
0.01050544
0.01046300
0.01046109
0.01052642
0.01043940
0.01055598
0.01050830
0.01048040
0.01062489
0.01053309
0.01058960
0.01051974
0.01049423
0.01050425
0.01050496
0.01043963
0.01052713
0.01045704
0.01051474
0.01058173
0.01059628
0.01055694
0.01044178
0.01049185
0.01049900
0.01042008
0.01067472
0.01053262
0.01053929
0.01052117
0.01065016
0.01061106
0.01058960
0.01052070
0.01050496
0.01050973
0.01065898
0.01063919
0.01052213
0.01057696
0.01058078
0.01056504
0.01063919
0.01068044
0.01051736
0.01054764
0.01060343
0.01062202
0.01057601
0.01048017
0.01053357
0.01059484
0.01070738
0.01059389
0.01055694
0.01071835
0.01042366
0.01059914
0.01066804
0.01054478
0.01063538
0.01066875
0.01057005
0.01065040
0.01056719
0.01057744
0.01060414
0.01048756
0.01054239
0.01057673
0.01059318
0.01061583
0.01057148
0.01058316
0.01060700
0.01056170
0.01053810
0.01065469
0.01052904
0.01054454
0.01063967
0.01055646
0.01062083
0.01048040
0.01059723
0.01058030
0.01064658
0.01049399
0.01073718
0.01058578
0.01053548
0.01062202
0.01058173
0.01056600
0.01067686
0.01059103
0.01055908
0.01061869
0.01067114
0.01058030
0.01066828
0.01053262
0.01057506
0.01053190
0.01059031
0.01064968
0.01052999
0.01058865
