0.03722048
0.02946186
0.02932692
0.02926970
0.02931023
0.02944231
0.02936506
0.02934098
0.02967119
0.02933598
0.02943277
0.02928162
0.02936292
0.02925897
0.02948093
0.02933717
0.02931595
0.02937865
0.02949333
0.02928925
0.02949929
0.02940845
0.02933097
0.02932000
0.02948928
0.02941442
0.02954817
0.02930355
0.02935481
0.02990389
0.02986193
0.02942324
0.02947903
0.02946687
0.02938890
0.02939391
0.02936077
0.02937031
0.02951145
0.02957463
0.02928877
0.02944756
0.02938104
0.02940583
0.02950621
0.02938461
0.02937317
0.02942133
0.02937603
0.02937078
0.02948570
0.02930808
0.02931309
0.02934718
0.02935505
0.02934718
0.02951288
0.02948761
0.02942348
0.02938390
0.02941966
0.02929759
0.02954149
0.02936649
0.02937222
0.02934289
0.02933478
0.02931833
0.02949095
0.02940154
0.02961159
0.02939701
0.02943492
0.02936101
0.02952337
0.02929878
0.02933931
0.02933621
0.02937698
0.02933502
0.02954531
0.02937031
0.02939343
0.02937222
0.02942872
0.02930450
0.02945423
0.02934289
0.02941942
0.02934003
0.02934647
0.02933073
0.02948928
0.02945757
0.02936077
0.02938247
0.02947187
0.02940583
0.02945423
0.02936482
0.02932692
0.02933526
0.02954578
0.02931380
0.02961946
0.02945471
0.02938008
0.02940702
0.02939677
0.02936292
0.02950048
0.02941561
0.02930784
0.02930689
0.02933931
0.02927756
0.02941632
0.02935791
0.02934909
0.02940273
0.02962089
0.02956176
0.02957487
0.02935481
0.02938843
0.02938461
0.02932644
0.02933812
0.02948689
0.02931833
0.02939916
0.02935672
0.02937269
0.02961874
0.02958512
0.02947903
0.02939510
0.02944541
0.02937746
0.02935386
0.02944994
0.02931094
0.02946901
0.02947426
0.02942228
0.02937222
0.02956009
0.02945876
0.02934694
0.02944326
0.02947545
0.02945256
0.02955103
0.02946329
0.02939153
0.02948570
0.02942777
0.02939701
0.02961898
0.02950549
0.02942300
0.02947474
0.02946544
0.02935338
0.02990556
0.02945876
0.02944660
0.02941656
0.02940345
0.02935505
0.02950907
0.02943373
0.02939510
0.02936506
0.02953863
0.02940035
0.02949667
0.02933192
0.02940416
0.02938366
0.02944756
0.02938986
0.02968860
0.02953959
0.02936888
0.02945137
0.02946639
0.02939200
0.02959752
0.02939248
0.02946568
0.02942228
0.02939248
0.02944016
0.02952361
0.02938485
0.02946877
0.02941704
0.02948070
0.02945185
0.02953887
0.02936316
0.02944040
0.02935147
0.02938128
0.02933407
0.02951574
0.02942562
0.02937984
0.02946210
0.02942872
0.02946925
0.02962327
0.02948952
0.02941990
0.02939343
0.02943850
0.02935767
0.02954650
0.02930951
0.02936196
0.02945733
0.02951884
0.02942634
0.02965903
0.02952790
0.02937603
0.02973223
0.02949500
0.02946234
0.02945256
0.02930117
0.02930355
0.02937174
0.02938294
0.02936435
0.02954555
0.02941132
0.02940488
0.02956271
0.02946949
0.02932453
0.02957177
0.02934813
0.02936792
0.02940059
0.02940750
0.02937484
0.02951932
0.02941227
0.02939439
0.02938914
0.02943349
0.02929521
0.02953577
0.02966309
0.02939367
0.02937603
0.02980256
0.02937531
0.02962327
0.02940726
0.02942085
0.02939844
0.02946830
0.02939796
0.02955079
0.02939153
0.02941704
0.02938724
0.02944756
0.02937627
0.02951479
0.02937794
0.02939010
0.02954721
0.02966285
0.02948809
0.02960706
0.02939057
0.02944779
0.02946258
0.02942181
0.02935696
0.02953053
0.02940321
0.02948403
0.02948403
0.02947283
0.02973294
0.02967024
0.02962208
0.02953768
0.02949786
0.02945757
0.02941298
0.02953601
0.02970099
0.02942538
0.02943397
0.02950621
0.02940583
0.02956128
0.02946591
0.02947330
0.02950740
0.02948737
0.02950525
0.02955580
0.02944541
0.02943754
0.02945828
0.02942848
0.02945399
0.02956796
0.02955747
0.02943802
0.02946925
0.02957892
0.02947283
0.02960467
0.02967405
0.02956510
0.02956152
0.02944231
0.02946043
0.02959323
0.02945900
0.02951002
0.02948499
0.02958322
0.02945113
0.02958083
0.02945685
0.02943373
0.02943087
0.02947998
0.02940893
0.02964425
0.02949357
0.02952313
0.02945876
0.02953577
0.02948308
0.02966642
0.02949905
0.02964926
0.02943635
0.02947497
0.02941513
0.02962804
0.02948284
0.02976537
0.02955794
0.02955508
0.02953196
0.02966833
0.02952528
0.02956223
0.02972603
0.02970314
0.02967334
0.02978969
0.02950764
0.02950191
0.02959013
0.02950025
0.02945709
0.02960753
0.02956915
0.02945876
0.02953172
0.02950335
0.02946210
0.02967143
0.02949262
0.02948833
0.02992463
0.02961612
0.02956152
0.02975416
0.02946377
0.02948666
0.02976513
0.02964520
0.02959633
0.02960587
0.02952647
0.02955294
0.02953506
0.02954721
0.02950025
0.02967906
0.02944398
0.02953291
0.02953458
0.02954817
0.02968359
0.02971411
0.02962542
0.02957964
0.02961850
0.02960277
0.02956915
0.02960539
0.02957082
0.02955961
0.02946281
0.02963352
0.02958512
0.02961540
0.02948070
0.02955079
0.02959037
0.02991772
0.02967072
0.02978683
0.02949262
0.02955818
0.02951384
0.02950597
0.02948093
0.02964926
0.02957654
0.02968955
0.02962160
0.02970982
0.02955818
0.02970409
0.02959204
0.02971244
0.02966452
0.02986765
0.02961969
0.02971101
0.02959800
0.02960277
0.02959967
0.02961397
0.02971983
0.02973747
0.02952790
0.02968287
0.02956009
0.02954555
0.02988768
0.02961040
0.02950478
0.02969694
0.02955246
0.02955222
0.02960563
0.02964759
0.02955246
0.02982330
0.02962542
0.02964544
0.02953720
0.02957368
0.02951527
0.02969742
0.02951694
0.02962947
0.02958488
0.02970266
0.02964711
0.02966714
0.02958107
0.02962613
0.02962971
0.02970433
0.02962279
0.02968383
0.02952170
0.02953601
0.02954221
0.02958226
0.02963781
0.02973866
0.02964783
0.02964401
0.02950335
0.02963114
0.02958298
0.02972221
0.02956128
0.02953124
0.02956057
0.02965808
0.02952981
0.02966928
0.02954316
0.02952933
0.02960944
0.02973175
0.02957201
0.02975869
0.03030109
0.02978444
0.02964354
0.02968264
0.02963257
0.02979517
0.02961254
0.02973986
0.02948785
0.02958107
0.02955627
0.02978659
0.02959394
0.02951479
0.02955794
0.02964425
0.02957582
0.02973676
0.02954745
0.02964044
0.02957487
0.02959752
0.02953196
0.02964878
0.02950788
0.02955222
0.02948928
0.02957392
0.02959204
0.02962279
0.02952671
0.02953529
0.02955937
0.02961826
0.02960610
0.02972698
0.02949667
0.02966022
0.02951837
0.02954364
0.02948236
0.02962899
0.02976036
0.02957463
0.02958822
0.02955103
0.02954292
0.02975297
0.02957034
0.02960801
0.02958822
0.02967048
0.02950168
0.02968168
0.02951574
0.02948737
0.02958059
0.02957678
0.02958131
0.02985549
0.02955317
0.02957344
0.02958536
0.02967572
0.02962708
0.02971768
0.02964330
0.02965140
0.02959418
0.02961493
0.02954173
0.02955890
0.02965426
0.02989888
0.02959275
0.02958250
0.02957821
0.02960753
0.02960110
0.02975178
0.02959800
0.02963638
0.02962208
0.02959776
0.02960324
0.02969933
0.02956343
0.02958536
0.02953100
0.02960658
0.02964234
0.02963972
0.02959228
0.02977657
0.02964258
0.02960300
0.02958584
0.02964997
0.02975941
0.02971363
0.02961898
0.02950215
0.02960968
0.02961636
0.02974844
0.02979493
0.02961397
0.02963519
0.02959418
0.02962065
0.02954483
0.02972507
0.02957368
0.02958751
0.02956343
0.02963138
0.02950764
0.02957726
0.02950859
0.02961636
0.02962780
0.02981138
0.02963781
0.02973652
0.02960658
0.02957463
0.02962637
0.02962112
0.02960730
0.02973771
0.02947736
0.02975345
0.02951908
0.02959037
0.02954125
0.02985477
0.02965069
0.02960086
0.02968383
0.02968693
0.02966428
0.02975011
0.02958632
0.02956414
0.02969027
0.02962685
0.02952552
0.02974415
0.02958632
0.02959681
0.02962708
0.02971983
0.02966213
0.02979994
0.02964067
0.02959943
0.02967000
0.02972698
0.02958179
0.02976918
0.02961349
0.02958775
0.02967381
0.02962303
0.02960801
0.02980494
0.02991223
0.02974463
0.02967834
0.02968049
0.02958441
0.02981973
0.02967763
0.02958536
0.02957606
0.02972436
0.02960944
0.02973390
0.02961373
0.02959847
0.02959013
0.02970099
0.02960896
0.02981973
0.02975392
0.02969837
0.02967548
0.02971888
0.02960849
0.02974653
0.02967238
0.02966762
0.02963877
0.02971029
0.02954841
0.02976513
0.02965975
0.02993894
0.02971077
0.02965450
0.02964711
0.02985406
0.02967596
0.02961183
0.02965927
0.02968836
0.02963734
0.02981234
0.02971697
0.02960086
0.02965546
0.02968407
0.02968550
0.02975154
0.02968359
0.02967715
