117.000,68.000,122.000,125.000
111.652,60.707,122.000,125.000
109.221,55.358,122.000,125.000
105.817,49.038,122.000,125.000
104.358,42.717,122.000,125.000
107.762,40.286,122.000,125.000
111.165,35.910,122.000,125.000
117.486,31.534,122.000,125.000
120.890,27.158,122.000,125.000
127.210,20.837,122.000,125.000
132.559,16.462,122.000,125.000
136.935,24.727,122.000,125.000
145.200,18.406,122.000,125.000
154.438,25.700,122.000,125.000
162.673,28.857,124.699,127.766
167.997,34.146,127.458,130.592
172.384,41.661,130.278,133.482
175.791,47.187,133.161,136.435
181.628,53.025,133.161,136.435
185.343,56.739,133.161,136.435
190.119,61.516,133.161,136.435
190.650,65.230,133.161,136.435
190.119,66.822,133.161,136.435
194.895,68.415,133.161,136.435
191.181,73.191,133.161,136.435
192.773,70.537,133.161,136.435
199.672,65.761,133.161,136.435
204.448,62.046,133.161,136.435
192.242,73.191,133.161,136.435
182.159,85.397,133.161,136.435
176.321,82.743,133.161,136.435
174.729,73.721,133.161,136.435
180.753,62.388,130.321,133.526
182.311,51.482,130.321,133.526
183.869,43.691,130.321,133.526
192.698,97.186,130.321,133.526
197.184,105.947,133.204,136.480
182.850,116.034,133.204,136.480
177.011,111.256,133.204,136.480
179.393,112.500,136.151,139.499
178.850,122.810,136.151,139.499
177.222,126.608,136.151,139.499
179.197,124.434,133.248,136.525
186.101,130.276,133.248,136.525
189.818,129.745,133.248,136.525
187.163,131.338,133.248,136.525
186.024,131.258,130.406,133.613
186.544,140.093,130.406,133.613
180.827,145.810,130.406,133.613
177.709,152.745,127.625,130.764
179.235,159.357,127.625,130.764
176.692,162.918,127.625,130.764
181.270,167.495,127.625,130.764
185.847,171.056,127.625,130.764
188.390,176.651,127.625,130.764
200.046,200.106,124.904,127.975
213.487,209.564,124.904,127.975
220.953,217.031,124.904,127.975
228.420,223.502,124.904,127.975
235.887,228.978,124.904,127.975
242.358,227.484,124.904,127.975
250.820,227.982,124.904,127.975
260.278,223.502,124.904,127.975
268.741,219.022,124.904,127.975
278.199,215.537,124.904,127.975
284.808,211.624,122.240,125.246
287.244,205.291,122.240,125.246
287.731,195.060,122.240,125.246
294.064,174.112,122.240,125.246
302.346,150.241,122.240,125.246
310.693,136.081,119.633,122.575
318.798,129.883,119.633,122.575
344.068,94.124,119.633,122.575
347.405,75.530,119.633,122.575
345.021,69.332,119.633,122.575
349.139,46.705,122.280,125.287
354.500,39.395,122.280,125.287
356.936,22.339,122.280,125.287
364.246,10.156,122.280,125.287
370.717,6.325,119.673,122.615
369.286,6.802,119.673,122.615
391.702,4.417,119.673,122.615
386.456,7.756,119.673,122.615
381.209,6.325,119.673,122.615
375.009,-1.783,119.673,122.615
370.309,-5.532,117.121,120.001
362.374,-2.265,117.121,120.001
352.376,-0.536,114.623,117.442
341.869,4.489,114.623,117.442
331.362,8.601,114.623,117.442
319.028,13.626,114.623,117.442
308.522,19.564,114.623,117.442
289.793,25.503,114.623,117.442
277.459,31.441,114.623,117.442
265.125,37.380,114.623,117.442
256.445,41.491,114.623,117.442
247.766,44.689,114.623,117.442
241.503,41.098,112.179,114.937
233.903,42.439,112.179,114.937
228.091,44.674,112.179,114.937
224.067,39.756,112.179,114.937
218.800,43.137,109.786,112.486
213.987,39.199,109.786,112.486
210.924,41.386,109.786,112.486
204.361,38.324,109.786,112.486
198.673,39.636,109.786,112.486
191.235,40.949,109.786,112.486
182.922,43.137,109.786,112.486
173.734,46.199,109.786,112.486
164.545,50.137,109.786,112.486
157.982,56.700,109.786,112.486
148.794,63.263,109.786,112.486
137.856,68.951,109.786,112.486
130.417,72.889,109.786,112.486
126.480,78.577,109.786,112.486
122.542,82.515,109.786,112.486
117.387,86.666,107.445,110.087
109.865,81.649,105.154,107.740
81.787,73.687,105.154,107.740
87.351,67.161,102.911,105.442
46.941,14.127,100.717,103.193
47.342,8.107,100.717,103.193
48.029,5.725,98.569,100.993
53.245,1.880,96.467,98.839
59.832,-3.366,94.410,96.731
65.476,-9.762,94.410,96.731
74.824,-16.347,92.396,94.668
84.117,-25.417,94.441,96.763
99.548,-31.063,94.441,96.763
105.194,68.678,94.441,96.763
104.065,87.873,94.441,96.763
114.980,95.024,94.441,96.763
125.895,93.142,94.441,96.763
141.775,92.360,92.427,94.700
152.458,88.308,92.427,94.700
160.930,84.256,92.427,94.700
174.559,87.572,92.427,94.700
183.031,90.887,92.427,94.700
190.052,95.802,90.456,92.680
192.754,102.002,88.527,90.704
193.107,108.706,88.527,90.704
194.165,114.703,88.527,90.704
199.530,121.451,86.639,88.769
199.875,127.321,86.639,88.769
199.530,129.738,86.639,88.769
195.732,132.846,86.639,88.769
193.315,135.263,86.639,88.769
197.234,141.201,84.791,86.876
194.868,146.270,84.791,86.876
198.585,152.015,84.791,86.876
201.627,157.084,84.791,86.876
200.613,161.477,84.791,86.876
202.303,166.546,84.791,86.876
202.881,170.403,82.983,85.024
203.212,174.703,82.983,85.024
205.053,177.203,81.213,83.210
207.966,180.763,81.213,83.210
212.173,184.971,81.213,83.210
216.471,184.922,79.482,81.436
217.624,187.928,77.787,79.699
215.764,185.491,76.128,78.000
218.038,183.106,74.504,76.336
219.522,182.809,74.504,76.336
222.195,183.700,74.504,76.336
