0.00713515
0.01089406
0.01101017
0.01168847
0.01216054
0.01118875
0.01083279
0.01086593
0.01088691
0.01089382
0.01086807
0.01086187
0.01078296
0.01086116
0.01086974
0.01079106
0.01078439
0.01080728
0.01077080
0.01081324
0.01077986
0.01063919
0.01055837
0.01067853
0.01068163
0.01068616
0.01065326
0.01064968
0.01064110
0.01073170
0.01072359
0.01058006
0.01057720
0.01061678
0.01065707
0.01062536
0.01061225
0.01055598
0.01061773
0.01065707
0.01128602
0.01077414
0.01068473
0.01064706
0.01058149
0.01070309
0.01067233
0.01068020
0.01070070
0.01066661
0.01070237
0.01067519
0.01068664
0.01057148
0.01067924
0.01061296
0.01060987
0.01058936
0.01056814
0.01058269
0.01062298
0.01060271
0.01050472
0.01047993
0.01067853
0.01053524
0.01058745
0.01054025
0.01058745
0.01066542
0.01054835
0.01064181
0.01061678
0.01061559
0.01065350
0.01062512
0.01053762
0.01056814
0.01153255
0.01099968
0.01066685
0.01075459
0.01063299
0.01076770
0.01069570
0.01064205
0.01075244
0.01063895
0.01071787
0.01071787
0.01056552
0.01057816
0.01074982
0.01064157
0.01063609
0.01068950
0.01061177
0.01060104
0.01070237
0.01065874
0.01060796
0.01059532
0.01065111
0.01062250
0.01066184
0.01064920
0.01060057
0.01052475
0.01068473
0.01064301
0.01057673
0.01055765
0.01066256
0.01057816
0.01058841
0.01068187
0.01092029
0.01066279
0.01077795
0.01064301
0.01066256
0.01063800
0.01060772
0.01064110
0.01067376
0.01062083
0.01062846
0.01070476
0.01098394
0.01063895
0.01064754
0.01062036
0.01074290
0.01089215
0.01083899
0.01078534
0.01090789
0.01083803
0.01084471
0.01088476
0.01087856
0.01096201
0.01081300
0.01087856
0.01092887
0.01093554
0.01090908
0.01089382
0.01090264
0.01096487
0.01091099
0.01090622
0.01092052
0.01170492
0.01139951
0.01091218
0.01103663
0.01095223
0.01094985
0.01090336
0.01096702
0.01098251
0.01096988
0.01096225
0.01086497
0.01083326
0.01089692
0.01075983
0.01083088
0.01086569
0.01081586
0.01088166
0.01086617
0.01078081
0.01093102
0.01079011
0.01058888
0.01071334
0.01073241
0.01063299
0.01075196
0.01071143
0.01093626
0.01065183
0.01070166
0.01060939
0.01067853
0.01056623
0.01057315
0.01058459
0.01148534
0.01088333
0.01073933
0.01059508
0.01061296
0.01068759
0.01070046
0.01059437
0.01062584
0.01060462
0.01067829
0.01065755
0.01057053
0.01057243
0.01059842
0.01061440
0.01061559
0.01057625
0.01067710
0.01062727
0.01064444
0.01060796
0.01060271
0.01060653
0.01057839
0.01073718
0.01055121
0.01053190
0.01056719
0.01067257
0.01053715
0.01055884
0.01054072
0.01044321
0.01047778
0.01056838
0.01057744
0.01054287
0.01103830
0.01103163
0.01064706
0.01055765
0.01059961
0.01051235
0.01046062
0.01052666
0.01063299
0.01059246
0.01053524
0.01058435
0.01062560
0.01057458
0.01055503
0.01060677
0.01057863
0.01055098
0.01056862
0.01051927
0.01058769
0.01055026
0.01057792
0.01054025
