262.000,94.000,16.000,26.000
261.590,92.933,16.000,26.000
260.687,91.866,16.000,26.000
259.948,90.799,16.000,26.000
259.209,89.731,16.000,26.000
258.634,88.664,16.000,26.000
256.090,87.433,16.000,26.000
254.530,86.366,16.000,26.000
252.970,85.134,16.000,26.000
251.739,81.605,16.000,26.000
250.836,78.567,16.000,26.000
250.097,77.008,16.000,26.000
248.702,74.955,16.000,26.000
247.470,73.724,16.000,26.000
246.075,72.328,16.000,26.000
244.843,71.918,16.000,26.000
242.627,69.537,16.000,26.000
241.396,67.814,16.000,26.000
240.328,65.925,16.000,26.000
239.097,64.858,16.000,26.000
236.224,63.463,16.000,26.000
234.993,62.888,16.000,26.000
232.776,60.836,16.000,26.000
231.381,59.605,16.000,26.000
230.806,57.717,16.000,26.000
230.231,56.321,16.000,26.000
230.478,54.926,16.000,26.000
230.067,53.202,16.000,26.000
228.836,50.493,16.000,26.000
227.769,49.261,16.000,26.000
226.045,47.537,16.000,26.000
224.814,44.500,16.000,26.000
223.090,41.135,16.000,26.000
222.187,40.560,16.000,26.000
220.627,38.179,16.000,26.000
218.903,35.963,16.000,26.000
218.000,34.239,16.000,26.000
216.933,31.366,16.000,26.000
215.866,30.135,16.000,26.000
212.829,27.261,16.000,26.000
211.597,26.194,16.000,26.000
209.709,25.127,16.000,26.000
208.478,24.388,16.000,26.000
207.875,23.505,16.354,26.575
207.288,22.749,16.354,26.575
207.707,21.323,16.354,26.575
207.962,20.071,16.716,27.163
207.866,19.148,17.086,27.764
209.041,18.022,17.464,28.378
210.242,18.359,17.850,29.006
211.470,19.464,18.245,29.648
212.530,18.650,18.649,30.304
213.416,19.208,19.061,30.975
213.905,18.132,19.061,30.975
216.545,17.057,19.061,30.975
218.208,15.981,19.061,30.975
219.284,14.905,19.061,30.975
220.189,12.838,19.483,31.660
218.418,13.628,19.914,32.360
217.907,9.439,19.914,32.360
219.644,10.767,19.914,32.360
221.381,12.504,19.914,32.360
223.322,19.350,19.914,32.360
236.140,47.082,20.355,33.076
240.140,54.626,20.805,33.808
245.337,66.323,21.265,34.556
264.866,67.741,21.265,34.556
272.831,59.122,21.265,34.556
277.959,47.884,21.265,34.556
270.139,51.917,21.736,35.321
240.364,33.962,21.736,35.321
240.699,33.851,21.736,35.321
239.103,33.905,21.272,34.567
239.225,35.010,20.819,33.830
239.545,35.758,20.819,33.830
240.507,34.796,20.819,33.830
239.545,36.399,20.819,33.830
239.252,36.862,20.375,33.109
238.764,37.316,19.940,32.403
239.071,36.395,19.940,32.403
238.397,38.023,19.515,31.712
239.473,37.492,19.099,31.036
239.393,38.484,18.692,30.374
239.685,38.531,18.293,29.726
240.154,39.751,18.293,29.726
240.811,39.469,18.293,29.726
240.554,40.601,17.903,29.092
240.462,40.876,17.903,29.092
241.289,40.601,17.903,29.092
241.037,41.176,17.521,28.472
240.791,42.086,17.147,27.865
241.407,41.295,17.147,27.865
241.143,41.383,17.147,27.865
240.879,41.822,17.147,27.865
241.486,41.356,16.782,27.270
241.055,41.959,16.782,27.270
241.313,40.840,16.782,27.270
240.745,41.380,16.424,26.689
240.156,40.453,16.424,26.689
240.914,41.043,16.424,26.689
240.661,41.295,16.424,26.689
241.730,41.011,16.074,26.120
240.988,41.754,16.074,26.120
241.874,42.747,15.731,25.563
242.278,43.151,15.731,25.563
242.212,43.035,15.395,25.017
243.081,42.640,15.395,25.017
242.844,42.087,15.395,25.017
242.607,42.166,15.395,25.017
242.370,42.561,15.395,25.017
241.975,41.692,15.395,25.017
242.825,42.644,15.067,24.484
243.656,42.234,14.746,23.962
242.824,42.159,14.746,23.962
243.783,43.070,14.431,23.451
243.561,42.848,14.431,23.451
243.339,42.626,14.431,23.451
242.968,43.885,14.431,23.451
243.783,43.663,14.431,23.451
243.413,44.773,14.431,23.451
242.894,44.107,14.431,23.451
243.561,43.589,14.431,23.451
243.043,43.515,14.431,23.451
243.117,42.552,14.431,23.451
243.043,42.774,14.431,23.451
243.265,42.848,14.431,23.451
243.043,41.738,14.431,23.451
242.820,42.552,14.431,23.451
242.302,41.738,14.431,23.451
241.636,41.960,14.431,23.451
241.266,40.849,14.431,23.451
242.080,40.183,14.431,23.451
241.414,40.553,14.431,23.451
240.895,40.923,14.431,23.451
241.562,40.109,14.431,23.451
241.043,40.183,14.431,23.451
241.710,40.405,14.431,23.451
241.340,40.923,14.431,23.451
241.117,40.405,14.431,23.451
241.932,40.775,14.431,23.451
241.710,39.813,14.431,23.451
241.488,40.479,14.431,23.451
