336.000,165.000,26.000,61.000
336.168,166.174,26.000,61.000
334.322,165.000,26.000,61.000
331.470,165.839,26.000,61.000
329.268,163.249,26.575,62.350
317.055,164.517,27.163,63.729
312.108,162.617,25.000,60.000
309.903,162.617,25.000,60.000
303.290,162.617,25.000,60.000
293.360,156.807,27.172,63.750
290.379,155.580,27.172,63.750
287.750,155.404,27.172,63.750
281.263,155.580,27.172,63.750
274.074,153.300,27.172,63.750
268.135,150.230,27.773,65.160
264.013,148.976,27.773,65.160
255.712,145.095,28.388,66.602
248.934,145.278,28.388,66.602
244.355,143.996,28.388,66.602
239.776,142.347,28.388,66.602
234.464,140.332,28.388,66.602
228.420,138.317,28.388,66.602
223.474,137.402,28.388,66.602
217.796,135.387,28.388,66.602
212.484,132.639,28.388,66.602
205.341,130.624,28.388,66.602
199.296,128.610,28.388,66.602
193.252,126.595,28.388,66.602
182.445,122.382,28.388,66.602
175.156,119.738,27.782,65.182
173.206,119.223,27.190,63.792
167.768,116.592,27.190,63.792
158.821,113.960,27.190,63.792
152.329,111.680,27.190,63.792
149.406,110.838,26.610,62.431
143.054,108.949,26.610,62.431
133.610,106.030,26.610,62.431
126.914,104.142,26.610,62.431
123.652,102.940,26.610,62.431
114.552,100.021,26.610,62.431
106.826,98.132,26.610,62.431
99.100,95.900,26.610,62.431
91.030,92.981,26.610,62.431
83.303,91.093,26.610,62.431
75.577,89.204,26.610,62.431
67.507,87.315,26.610,62.431
59.781,85.427,26.610,62.431
51.025,83.538,26.610,62.431
43.298,81.993,26.610,62.431
35.572,79.417,26.610,62.431
28.189,77.185,26.610,62.431
14.340,78.113,21.000,50.000
6.504,75.779,22.000,51.000
45.361,68.301,26.610,62.431
39.351,65.725,26.610,62.431
27.504,63.150,26.610,62.431
19.679,61.333,26.043,61.100
15.814,60.157,26.043,61.100
6.236,57.636,26.043,61.100
35.642,55.116,26.043,61.100
27.745,52.931,26.043,61.100
34.268,49.645,21.000,50.000
36.102,48.811,21.000,48.000
53.115,48.811,21.000,48.000
51.220,10.700,25.487,59.797
52.371,8.562,25.487,59.797
54.838,11.029,25.487,59.797
51.385,10.207,25.487,59.797
52.207,11.358,25.487,59.797
54.674,9.549,25.487,59.797
52.856,10.764,26.051,61.120
53.697,11.941,26.051,61.120
51.848,10.428,26.051,61.120
50.335,8.915,26.051,61.120
18.902,10.764,26.051,61.120
13.355,5.218,26.051,61.120
11.506,1.351,26.051,61.120
9.648,-0.894,26.628,62.472
18.067,0.996,26.628,62.472
13.085,-2.269,26.628,62.472
12.225,-5.189,26.628,62.472
11.040,-3.563,27.217,63.855
25.966,13.471,27.217,63.855
20.523,14.700,27.217,63.855
17.186,18.739,27.217,63.855
4.015,22.076,27.217,63.855
2.487,-5.047,20.000,47.000
28.936,3.433,26.636,62.493
24.639,2.917,26.636,62.493
25.498,2.745,26.636,62.493
22.233,0.167,26.636,62.493
21.030,-2.411,26.636,62.493
18.166,-5.886,26.068,61.160
20.353,-12.109,26.068,61.160
9.340,-4.332,21.000,48.000
2.176,-7.914,21.000,48.000
10.873,-3.953,26.077,61.180
49.067,10.349,26.077,61.180
48.534,11.488,25.521,59.876
47.711,10.006,25.521,59.876
51.498,7.207,25.521,59.876
52.881,13.400,24.976,58.599
52.371,11.074,24.444,57.349
52.844,10.285,24.444,57.349
51.424,12.651,24.444,57.349
50.990,12.835,24.985,58.618
50.212,11.350,25.537,59.915
49.059,12.833,25.537,59.915
48.564,11.020,25.537,59.915
51.366,11.844,25.537,59.915
50.871,11.679,25.537,59.915
50.707,10.196,25.537,59.915
51.860,11.020,25.537,59.915
50.707,11.515,25.537,59.915
51.530,11.020,25.537,59.915
51.036,11.185,25.537,59.915
50.832,11.983,24.993,58.637
51.961,11.176,24.993,58.637
51.450,12.890,24.460,57.387
52.239,11.469,24.460,57.387
51.450,12.574,24.460,57.387
52.555,10.838,24.460,57.387
52.081,12.258,24.460,57.387
51.292,13.363,24.460,57.387
52.397,10.996,24.460,57.387
51.608,12.732,24.460,57.387
52.713,11.311,24.460,57.387
51.924,12.416,24.460,57.387
51.450,11.627,24.460,57.387
52.555,12.101,24.460,57.387
51.766,13.205,24.460,57.387
52.870,11.785,24.460,57.387
51.450,13.205,24.460,57.387
52.555,11.469,24.460,57.387
51.766,12.258,24.460,57.387
52.555,13.679,24.460,57.387
52.055,12.009,23.938,56.163
52.757,13.352,23.428,54.965
52.001,14.713,23.428,54.965
53.059,12.747,23.428,54.965
52.001,13.806,23.428,54.965
53.059,13.050,23.428,54.965
52.001,12.596,23.428,54.965
52.757,13.050,23.428,54.965
53.513,11.689,23.428,54.965
52.455,13.050,23.428,54.965
52.908,12.294,23.428,54.965
51.850,13.352,23.428,54.965
52.606,12.294,23.428,54.965
53.362,12.747,23.428,54.965
52.606,13.503,23.428,54.965
53.966,12.747,23.428,54.965
52.303,13.806,23.428,54.965
53.362,12.747,23.428,54.965
51.699,13.806,23.428,54.965
52.757,11.236,23.428,54.965
51.404,10.802,22.928,53.793
54.807,14.205,22.928,53.793
52.883,13.169,22.928,53.793
53.919,13.317,22.928,53.793
53.179,14.057,22.928,53.793
53.919,14.205,22.928,53.793
53.179,12.577,22.928,53.793
54.215,13.317,22.928,53.793
53.179,14.057,22.928,53.793
54.215,13.317,22.928,53.793
53.475,13.761,22.928,53.793
54.511,13.613,22.928,53.793
53.771,14.057,22.928,53.793
53.031,14.205,22.928,53.793
54.067,12.577,22.928,53.793
53.327,13.909,22.928,53.793
54.363,13.465,22.928,53.793
53.623,13.613,22.928,53.793
52.883,14.057,22.928,53.793
53.919,13.909,22.928,53.793
52.883,14.057,22.928,53.793
53.919,13.613,22.928,53.793
52.883,13.761,22.928,53.793
53.919,13.021,22.928,53.793
53.179,14.057,22.928,53.793
54.215,13.317,22.928,53.793
53.475,13.169,22.928,53.793
54.511,12.133,22.928,53.793
53.771,13.169,22.928,53.793
52.735,13.317,22.928,53.793
53.475,13.169,22.928,53.793
54.215,13.021,22.928,53.793
53.771,14.057,22.928,53.793
52.735,14.501,22.928,53.793
53.771,12.577,22.928,53.793
52.735,13.909,22.928,53.793
53.179,14.353,22.928,53.793
53.919,12.429,22.928,53.793
53.179,13.761,22.928,53.793
53.623,14.501,22.928,53.793
52.588,13.465,22.928,53.793
52.735,14.501,22.928,53.793
53.179,13.465,22.928,53.793
53.327,14.501,22.928,53.793
54.067,13.465,22.928,53.793
53.031,14.796,22.928,53.793
53.771,13.465,22.928,53.793
52.735,14.796,22.928,53.793
53.475,13.465,22.928,53.793
53.623,14.796,22.928,53.793
52.295,13.434,23.435,54.983
53.051,13.888,23.435,54.983
52.295,14.946,23.435,54.983
53.354,13.888,23.435,54.983
52.597,14.946,23.435,54.983
53.958,13.585,23.435,54.983
52.597,14.644,23.435,54.983
53.958,13.283,23.435,54.983
52.597,14.341,23.435,54.983
53.958,12.980,23.435,54.983
52.597,14.341,23.435,54.983
52.410,15.948,22.936,53.811
54.038,14.320,22.936,53.811
52.410,14.764,22.936,53.811
54.038,17.280,22.936,53.811
53.569,15.428,22.447,52.663
52.845,14.125,22.447,52.663
54.438,15.718,22.447,52.663
53.138,13.483,22.943,53.828
52.694,14.815,22.943,53.828
53.730,13.187,22.943,53.828
54.974,10.479,22.454,52.680
53.960,13.231,22.454,52.680
53.525,13.956,22.454,52.680
54.249,12.362,22.454,52.680
54.684,10.479,22.454,52.680
53.946,13.414,21.975,51.557
55.506,15.541,21.975,51.557
52.244,16.250,21.975,51.557
54.655,13.840,21.975,51.557
54.230,14.832,21.975,51.557
54.088,15.258,21.975,51.557
53.403,13.658,22.461,52.698
52.389,14.382,22.461,52.698
51.119,13.231,22.000,52.000
51.119,13.231,22.000,52.000
51.119,13.231,22.000,52.000
51.119,13.231,22.000,52.000
51.119,13.231,22.000,52.000
51.119,13.231,22.000,52.000
51.119,13.231,22.000,52.000
53.693,13.947,22.461,52.698
53.258,15.252,22.461,52.698
53.461,13.616,22.958,53.864
53.609,14.949,22.958,53.864
52.279,14.507,23.466,55.055
53.642,13.145,23.466,55.055
52.885,13.902,23.466,55.055
52.431,14.961,23.466,55.055
53.491,15.416,23.466,55.055
52.734,14.053,23.466,55.055
53.793,12.690,23.466,55.055
51.132,13.218,22.000,51.000
51.132,13.218,22.000,51.000
51.109,15.423,22.476,52.732
51.741,12.895,22.000,51.000
54.888,15.704,22.476,52.732
52.082,16.174,22.973,53.899
51.069,12.335,22.000,51.000
51.069,12.335,22.000,51.000
51.069,11.835,22.000,52.000
51.069,12.335,22.000,51.000
51.069,12.335,22.000,51.000
51.069,12.335,22.000,51.000
51.069,12.335,22.000,51.000
51.069,12.335,22.000,51.000
55.343,14.204,21.075,49.446
51.475,13.332,22.000,52.000
60.293,12.365,21.542,50.540
50.117,11.622,23.000,53.000
50.117,11.622,23.000,53.000
50.117,11.622,23.000,53.000
50.117,11.622,23.000,53.000
50.117,11.622,23.000,53.000
50.117,11.622,23.000,53.000
50.117,11.622,23.000,53.000
50.117,11.622,23.000,53.000
50.117,11.622,23.000,53.000
50.117,11.622,23.000,53.000
50.117,11.622,23.000,53.000
55.326,10.708,23.003,53.970
52.505,10.856,23.003,53.970
51.007,11.746,23.000,53.000
51.007,11.746,23.000,53.000
51.007,11.746,23.000,53.000
51.007,11.746,23.000,53.000
51.007,11.746,23.000,53.000
51.007,11.746,23.000,53.000
51.007,11.746,23.000,53.000
51.007,11.746,23.000,53.000
51.007,11.746,23.000,53.000
51.007,11.746,23.000,53.000
51.007,11.746,23.000,53.000
51.007,11.246,23.000,54.000
51.007,11.246,23.000,54.000
51.007,11.246,23.000,54.000
51.007,11.246,23.000,54.000
51.007,11.246,23.000,54.000
51.007,11.746,23.000,53.000
51.007,11.746,23.000,53.000
40.468,52.399,23.019,54.005
32.893,58.191,23.019,54.005
19.232,63.295,23.528,55.200
15.350,65.992,24.048,56.421
13.961,67.341,23.536,55.218
12.898,70.834,23.536,55.218
-0.010,82.527,23.536,55.218
0.142,82.679,23.536,55.218
-0.010,82.224,23.536,55.218
-1.058,80.195,24.056,56.440
-1.834,80.040,24.056,56.440
-1.679,81.747,24.056,56.440
-1.784,82.572,24.589,57.688
41.892,106.130,25.133,58.965
43.567,108.166,24.597,57.707
41.821,110.864,24.597,57.707
40.095,113.773,24.072,56.477
38.106,116.022,23.559,55.272
38.797,118.516,23.056,54.094
36.605,122.391,22.565,52.940
35.863,124.499,22.083,51.811
34.011,126.922,22.083,51.811
31.304,131.624,22.083,51.811
28.881,135.186,22.083,51.811
30.078,138.073,21.613,50.706
31.054,126.778,21.613,50.706
31.752,126.917,21.613,50.706
30.789,128.526,22.091,51.828
31.787,132.090,22.091,51.828
30.789,131.947,22.091,51.828
31.787,133.515,22.091,51.828
31.395,133.977,22.579,52.975
32.706,137.036,22.579,52.975
33.434,137.473,22.579,52.975
32.997,141.698,22.579,52.975
32.852,142.427,22.579,52.975
32.109,143.694,22.098,51.845
33.963,142.411,22.098,51.845
35.246,144.834,22.098,51.845
33.670,145.888,22.587,52.992
36.704,134.848,25.000,60.000
42.336,136.998,23.087,54.165
42.853,136.862,23.597,55.363
36.704,135.348,25.000,59.000
