0.00329018
0.01289296
0.01473236
0.01358628
0.01329064
0.01290417
0.01289082
0.01286268
0.01282263
0.01280880
0.01286459
0.01287556
0.01292729
0.01295352
0.01285100
0.01286983
0.01293421
0.01294756
0.01293397
0.01297617
0.01297474
0.01278377
0.01292419
0.01290417
0.01277041
0.01284480
0.01289821
0.01281309
0.01290035
0.01293898
0.01267934
0.01296782
0.01278949
0.01284242
0.01293278
0.01278496
0.01294613
0.01292872
0.01271987
0.01281834
0.01273584
0.01280665
0.01300025
0.01303482
0.01272464
0.01292944
0.01308870
0.01285577
0.01299620
0.01274347
0.01283693
0.01281548
0.01294398
0.01290798
0.01305509
0.01294041
0.01294160
0.01281619
0.01293373
0.01297331
0.01277828
0.01293397
0.01269197
0.01292491
0.01294637
0.01290035
0.01280737
0.01290154
0.01276946
0.01330280
0.01274204
0.01274943
0.01292944
0.01275969
0.01276684
0.01287699
0.01272655
0.01278949
0.01296806
0.01281857
0.01265621
0.01272726
0.01284075
0.01272869
0.01277757
0.01277304
0.01302791
0.01282120
0.01298022
0.01280308
0.01278543
0.01278806
0.01286173
0.01281309
0.01284957
0.01274586
0.01288152
0.01278543
0.01276898
0.01291418
0.01309037
0.01287055
0.01280022
0.01279044
0.01264262
0.01280427
0.01277089
0.01273561
0.01287794
0.01297379
0.01276445
0.01296353
0.01277566
0.01292610
0.01292276
0.01275706
0.01283836
0.01285887
0.01286149
0.01313591
0.01279926
0.01287866
0.01278758
0.01295853
0.01286507
0.01269865
0.01306343
0.01285172
0.01285291
0.01271772
0.01282811
0.01288176
0.01287651
0.01279283
0.01272750
0.01299119
0.01282477
0.01279640
0.01278043
0.01288772
0.01285410
0.01282525
0.01271343
0.01303244
0.01273608
0.01304960
0.01298332
0.01288366
0.01279497
0.01298046
0.01296568
0.01287270
0.01276946
0.01275778
0.01281619
0.01297688
0.01276278
0.01300502
0.01286149
0.01274538
0.01269341
0.01292443
0.01273513
0.01278114
0.01270962
0.01313543
0.01276684
0.01283646
0.01275420
0.01277447
0.01274443
0.01293373
0.01282692
0.01286650
0.01280165
0.01275539
0.01297998
0.01284528
0.01299191
0.01280880
0.01296616
0.01290941
0.01274228
0.01290226
0.01296854
0.01298714
0.01276112
0.01281548
0.01277995
0.01291609
0.01297235
0.01273751
0.01300526
0.01287508
0.01280665
0.01278591
0.01270914
0.01282287
0.01298237
0.01276994
0.01287770
0.01291156
0.01281571
0.01295233
0.01264977
0.01263690
0.01275396
0.01296616
0.01302981
0.01269364
0.01290679
0.01293850
0.01278138
0.01289797
0.01280379
0.01291180
0.01276064
0.01280284
0.01290536
0.01316905
0.01298308
0.01276374
0.01281524
0.01290798
0.01261210
0.01272678
0.01278901
0.01290178
0.01275802
0.01292849
0.01272511
0.01285458
0.01282644
0.01286197
0.01275444
0.01278853
0.01282263
0.01278663
0.01277232
0.01249838
0.01267385
0.01273680
0.01279807
0.01296329
0.01257801
0.01279330
0.01291490
0.01289058
0.01278162
0.01253843
0.01277661
0.01286578
0.01290035
0.01272726
0.01291800
0.01305270
0.01294494
0.01272345
0.01292849
0.01285887
0.01288486
0.01312470
0.01279020
0.01276875
0.01280951
0.01273513
0.01289988
0.01311612
0.01294231
0.01301479
0.01278400
0.01284051
0.01289940
0.01283169
0.01275182
0.01294136
0.01282191
0.01289701
0.01291084
0.01280165
0.01293468
0.01271033
0.01271749
0.01290774
0.01315808
0.01280999
0.01272678
0.01285744
0.01291251
0.01279902
0.01293564
0.01296377
0.01284361
0.01275802
0.01296997
0.01276922
0.01289797
0.01262164
0.01277685
0.01276278
0.01287031
0.01270938
0.01286101
0.01277661
0.01292133
0.01247549
0.01242924
0.01276898
0.01278448
0.01287460
0.01291943
0.01282787
0.01289725
0.01276922
0.01284027
0.01273966
0.01285219
0.01262522
0.01280284
0.01269436
0.01289320
0.01288748
0.01287460
0.01285028
0.01297069
0.01274538
0.01268697
0.01278400
0.01282597
0.01270390
0.01286030
0.01288223
0.01288581
0.01281929
0.01281333
0.01277208
0.01290822
0.01276207
0.01289439
0.01273131
0.01293707
0.01294446
0.01292872
0.01299429
0.01282358
0.01289821
0.01293516
0.01291847
0.01297450
0.01296926
0.01276231
0.01267290
0.01286221
0.01287818
0.01290083
0.01289201
0.01273894
0.01282907
0.01273799
0.01287174
0.01278472
0.01287675
0.01294422
0.01273680
0.01276469
0.01278830
0.01285458
0.01308322
0.01279807
0.01266670
0.01292086
0.01293015
0.01275373
0.01278734
0.01294804
0.01287484
0.01293397
0.01279163
0.01303005
0.01291704
0.01293182
0.01294184
0.01280451
0.01300144
0.01292467
0.01246142
0.01290011
0.01298666
0.01291013
0.01293206
0.01281953
0.01297092
0.01302934
0.01278949
0.01288867
0.01284862
0.01291609
0.01273084
0.01284242
0.01322699
0.01292706
0.01283026
0.01284099
0.01295567
0.01275253
0.01297975
0.01280141
0.01285529
0.01291132
0.01276708
0.01270962
0.01280832
0.01294327
0.01276112
0.01273227
0.01290751
0.01277852
0.01284599
0.01277399
0.01289296
0.01285553
0.01282048
0.01291299
0.01291299
0.01298261
0.01294255
0.01274681
0.01290345
0.01276398
0.01279283
0.01283860
0.01276493
0.01288199
0.01277065
0.01289344
0.01283813
0.01277995
0.01282907
0.01282001
0.01285219
0.01268387
0.01268530
0.01278019
0.01279712
0.01285458
0.01291418
0.01267171
0.01269221
0.01278639
0.01286221
0.01295590
0.01282620
0.01293445
0.01282620
0.01300764
0.01288652
0.01288080
0.01288724
0.01282310
0.01283312
0.01275706
0.01279354
0.01296687
0.01296878
0.01289105
0.01268625
0.01279068
0.01280522
0.01290035
0.01275253
0.01267958
0.01290059
0.01273179
0.01305914
0.01286721
0.01288533
0.01275778
0.01275539
0.01287961
0.01329637
0.01274943
0.01273751
0.01278138
0.01288700
0.01273918
0.01266360
0.01289129
0.01284409
0.01275444
0.01285505
0.01287365
0.01276588
0.01273060
0.01293159
0.01290417
0.01275754
0.01280761
0.01276827
0.01274133
0.01311636
0.01284885
0.01278615
0.01292324
0.01298165
0.01276302
0.01264787
0.01291251
0.01287079
0.01274729
0.01273847
0.01286507
0.01297164
0.01277423
0.01284122
0.01273680
0.01278210
0.01285148
0.01296091
0.01291633
0.01286960
0.01279235
0.01267600
0.01290512
0.01290989
0.01295447
0.01290965
0.01304460
0.01272941
0.01305556
0.01300573
0.01274490
0.01280284
0.01292682
0.01271939
0.01272917
0.01276994
0.01295257
0.01276398
0.01272559
0.01292229
0.01286960
0.01295471
0.01285172
0.01296926
0.01285744
0.01279521
0.01244688
0.01283336
0.01280141
0.01284337
0.01289773
0.01281762
0.01295495
0.01277924
0.01281142
0.01293206
0.01274920
0.01278472
0.01289678
0.01278162
0.01281619
0.01302743
0.01265097
0.01288247
0.01271510
0.01292062
0.01283145
0.01287746
0.01270032
0.01294780
0.01296854
0.01281452
0.01291275
0.01292181
0.01281095
0.01274848
0.01268005
0.01281571
0.01280332
0.01293635
0.01278996
0.01313829
0.01290822
0.01291418
0.01284814
0.01290178
0.01274633
0.01293421
0.01289058
0.01299691
0.01296687
0.01287746
0.01276493
0.01285887
0.01288724
0.01302481
0.01265788
0.01277637
0.01291347
0.01277661
0.01280046
0.01284266
0.01278687
0.01288223
0.01284122
0.01279569
0.01286769
0.01286101
0.01276541
0.01276612
0.01276636
0.01273656
0.01295495
0.01292348
0.01286197
0.01285601
0.01267409
0.01276612
0.01285172
0.01271224
0.01284170
0.01268864
0.01272559
0.01278853
0.01272964
0.01269031
0.01241565
0.01262641
0.01285195
0.01280046
0.01292205
0.01270580
0.01288915
0.01287985
0.01275516
0.01286864
0.01272511
0.01290751
0.01282144
0.01287127
0.01281738
0.01295781
0.01283288
0.01286936
0.01273727
0.01290798
0.01290727
0.01284957
0.01282310
0.01282859
0.01282310
0.01276636
0.01286578
0.01282406
0.01291513
0.01283717
0.01264954
0.01291323
0.01287389
0.01293063
0.01275873
0.01300788
0.01290941
0.01280022
0.01311970
0.01292706
0.01282215
0.01297426
0.01308441
0.01277947
0.01291752
0.01298261
0.01301742
0.01284885
0.01274061
0.01290727
0.01303411
0.01295328
0.01269531
0.01292229
0.01277041
0.01285005
0.01288176
0.01290941
0.01292562
0.01290345
0.01307344
0.01286912
0.01266503
0.01276875
0.01278090
0.01278377
0.01283169
0.01292968
0.01282454
0.01290417
0.01278305
0.01283860
0.01274443
0.01274419
0.01285410
0.01281953
0.01291251
0.01292944
0.01300073
0.01276731
0.01266980
0.01320767
0.01313996
0.01294470
0.01297617
0.01295018
0.01292658
0.01281548
0.01272297
0.01280665
0.01281524
0.01273489
0.01291180
0.01302195
0.01310563
0.01307011
0.01291108
0.01287627
0.01272345
0.01298881
0.01315594
0.01279640
0.01292586
0.01297569
0.01309490
0.01290107
0.01289892
0.01278377
0.01278090
0.01276374
0.01311874
0.01290107
0.01279759
0.01295066
0.01291013
0.01282454
0.01293325
0.01279640
0.01283598
0.01283002
0.01281404
0.01253414
0.01279211
0.01296520
0.01272964
0.01283193
0.01288581
0.01293349
0.01286411
0.01294947
0.01291919
0.01295114
0.01294827
0.01292014
0.01296687
0.01278758
0.01276612
0.01281714
0.01299095
0.01272321
0.01293564
0.01292086
0.01294613
0.01298785
0.01271892
0.01290989
0.01290441
0.01299429
0.01284456
0.01273465
0.01290226
0.01272964
0.01271439
0.01287675
0.01300240
0.01277423
0.01280022
0.01277685
0.01293182
0.01291990
0.01243305
0.01282668
0.01282835
0.01317859
0.01275587
0.01281381
0.01273561
0.01273656
0.01275349
0.01271224
0.01293230
0.01286530
0.01284218
0.01292729
0.01310587
0.01284480
0.01300788
0.01296210
0.01301003
0.01278210
0.01297688
0.01296496
0.01283097
0.01271677
0.01259637
0.01279116
0.01278472
0.01273704
0.01315832
0.01274705
0.01291108
0.01277351
0.01305556
0.01295471
0.01275945
0.01281619
0.01294613
0.01298690
0.01297736
0.01284051
0.01279187
0.01297140
0.01307225
0.01278305
0.01291943
0.01280308
0.01316404
0.01301503
0.01280665
0.01278567
0.01279974
0.01292872
0.01264119
0.01269197
0.01273155
0.01283455
0.01279736
0.01292610
0.01272655
0.01296020
0.01282930
0.01278639
0.01288295
0.01280832
0.01290488
0.01287484
0.01300025
0.01317048
0.01299787
0.01300597
0.01299214
0.01290321
0.01290011
0.01274180
0.01266527
0.01291275
0.01289272
0.01288342
0.01304913
0.01276922
0.01251388
0.01299667
0.01289678
0.01277947
0.01296639
0.01291680
0.01278830
0.01293159
0.01278591
0.01287198
0.01281047
0.01286292
0.01275802
0.01278925
0.01297140
0.01296902
0.01293969
0.01293421
0.01286197
0.01298428
0.01281667
0.01281238
0.01291680
0.01296639
0.01266932
0.01280951
0.01308537
0.01280522
0.01278424
0.01318526
0.01278734
0.01300573
0.01268220
0.01279140
0.01295018
0.01297641
0.01335549
0.01282859
0.01276970
0.01281214
0.01292706
0.01277018
0.01276851
0.01300001
0.01273036
0.01277065
0.01302171
0.01290822
0.01284599
0.01282024
0.01280618
0.01271892
0.01291418
0.01296163
0.01298118
0.01283479
0.01269269
0.01278210
0.01268435
0.01245260
0.01298976
0.01291776
0.01275563
0.01297235
0.01276064
0.01270747
0.01301408
0.01273251
0.01288438
0.01312804
0.01287699
0.01280880
0.01286244
0.01281381
0.01274133
0.01277494
0.01291418
0.01275897
0.01288486
0.01305985
0.01286221
0.01275635
0.01304340
0.01285768
0.01284528
0.01291966
0.01293707
0.01274014
0.01279950
0.01281166
0.01290607
0.01279807
0.01290536
0.01284170
0.01298165
0.01276207
0.01277590
0.01299596
0.01277757
0.01274943
0.01290870
0.01279306
0.01282144
0.01311874
0.01291609
0.01289892
0.01289630
0.01295042
0.01313710
0.01277947
0.01293445
0.01285648
0.01292729
0.01277685
0.01276803
0.01287985
0.01315975
0.01297450
0.01290393
0.01273131
0.01289272
0.01279140
0.01281428
0.01276708
0.01266146
0.01283240
0.01267481
0.01283312
0.01269102
0.01272440
0.01269484
0.01271963
0.01291442
0.01267934
0.01287079
0.01278973
0.01292491
0.01290464
0.01246667
0.01270843
0.01289916
0.01264811
0.01309609
0.01262736
0.01262021
0.01266336
0.01278853
0.01285839
0.01283360
0.01284432
0.01282263
0.01297021
0.01276231
0.01284075
0.01296210
0.01274228
0.01269269
0.01276612
0.01275015
0.01302481
0.01292753
0.01293516
0.01276278
0.01287603
0.01296067
0.01284766
0.01279879
0.01292062
0.01290703
0.01295066
0.01292753
0.01277041
0.01274562
0.01287222
0.01289630
0.01271844
0.01287651
0.01288581
0.01286125
0.01294327
0.01299262
0.01312470
0.01276660
0.01275969
0.01286530
0.01279235
0.01286149
0.01281691
0.01286101
0.01279998
0.01294827
0.01258922
0.01287460
0.01287198
0.01281309
0.01267576
0.01280212
0.01289630
0.01291943
0.01292825
0.01278377
0.01265430
0.01287675
0.01271892
0.01282573
0.01295114
0.01283336
0.01283646
0.01290512
0.01279426
0.01271200
0.01282525
0.01270485
0.01279879
0.01290703
0.01288819
0.01265359
0.01268291
0.01287127
0.01254654
0.01287103
0.01287723
0.01277852
0.01285648
0.01294446
0.01277447
0.01278830
0.01281214
0.01292443
0.01314545
0.01286960
0.01286292
0.01285529
0.01285481
0.01288795
0.01277065
0.01278281
0.01285386
0.01297712
0.01281762
0.01271057
0.01295018
0.01288199
0.01288128
0.01272440
0.01289296
0.01294804
0.01278687
0.01294446
0.01289439
0.01286983
0.01296234
0.01295352
0.01277065
0.01287389
0.01272964
0.01285172
0.01304603
0.01301765
0.01298094
0.01298571
0.01301432
0.01304030
0.01286840
0.01293468
0.01286602
0.01305127
0.01302028
0.01282334
0.01289010
0.01275039
0.01269102
0.01279449
0.01281595
0.01272917
0.01284051
0.01290894
0.01289654
0.01268053
0.01273751
0.01270843
0.01272559
0.01277304
0.01276779
0.01274586
0.01293254
0.01294112
0.01294804
0.01267433
0.01278901
0.01280451
0.01272464
0.01280403
0.01292920
0.01278687
0.01299524
0.01279926
0.01305652
0.01288104
0.01248121
0.01296735
0.01286769
0.01269388
0.01311326
0.01274729
0.01292491
0.01294589
0.01283526
0.01281047
0.01283669
0.01300263
0.01313162
0.01283622
0.01283312
0.01295042
0.01300168
0.01281834
0.01282668
0.01307368
0.01306820
0.01286054
0.01295161
0.01278877
0.01290607
0.01298857
0.01299286
0.01297116
0.01292992
0.01272917
0.01289248
0.01291132
0.01279640
0.01294756
0.01279211
0.01288366
0.01312304
0.01280975
0.01281023
0.01280046
0.01306248
0.01288414
0.01282859
0.01276612
0.01291370
0.01297569
0.01301908
0.01301384
0.01279235
0.01278138
0.01292276
0.01291895
0.01279593
0.01295090
0.01291394
0.01282144
0.01281571
0.01279449
0.01291370
0.01279855
0.01286173
0.01301551
0.01289821
0.01291418
0.01280642
0.01301360
0.01293874
0.01293159
0.01283240
0.01297235
0.01279473
0.01281619
0.01291060
0.01277614
0.01295686
0.01293826
0.01271391
0.01286554
0.01278687
0.01293564
0.01249743
0.01298547
0.01273537
0.01273632
0.01288104
0.01281142
0.01309562
0.01276445
0.01292229
0.01289225
0.01290536
0.01315188
0.01277518
0.01287055
0.01272345
0.01292706
0.01337624
0.01278615
0.01278281
0.01295185
0.01287532
0.01339698
0.01283598
0.01273012
0.01279759
0.01284623
0.01276231
0.01289678
0.01282287
0.01283455
0.01281118
0.01292133
0.01310992
0.01283860
0.01280141
0.01289344
0.01272058
0.01310587
0.01288962
0.01320887
0.01275206
0.01292706
0.01282358
0.01289105
0.01283216
0.01298428
0.01263165
0.01277876
0.01295733
0.01300764
0.01278758
0.01276422
0.01280522
0.01277971
0.01270127
0.01280642
0.01285100
0.01275706
0.01289558
0.01311183
0.01272106
0.01292539
0.01293111
0.01279902
0.01293111
0.01277018
0.01284361
0.01294231
0.01304364
0.01274014
0.01290989
0.01270628
0.01297402
0.01285005
0.01270199
0.01289654
0.01286888
0.01282835
0.01293325
0.01294851
0.01271963
0.01284623
0.01291132
0.01298928
0.01285768
0.01280093
0.01284051
0.01304364
0.01305747
0.01278734
0.01293683
0.01273489
0.01288891
0.01293397
0.01277900
0.01293540
0.01296306
0.01300859
0.01304650
0.01281428
