0.00338149
0.01354480
0.01494122
0.01325011
0.01266313
0.01267004
0.01256537
0.01267743
0.01284146
0.01259494
0.01264405
0.01273489
0.01264954
0.01264191
0.01256371
0.01275253
0.01303172
0.01270437
0.01269555
0.01263547
0.01277852
0.01290154
0.01284003
0.01258922
0.01257515
0.01279283
0.01277685
0.01257873
0.01243973
0.01263738
0.01254582
0.01275921
0.01275349
0.01275778
0.01259613
0.01266384
0.01284790
0.01275682
0.01240706
0.01274490
0.01270270
0.01265907
0.01281285
0.01276827
0.01272249
0.01290369
0.01264739
0.01280618
0.01273370
0.01271701
0.01268864
0.01278639
0.01259732
0.01265502
0.01263833
0.01280355
0.01256514
0.01270103
0.01264405
0.01302290
0.01263189
0.01264000
0.01273894
0.01262355
0.01274848
0.01262116
0.01263213
0.01261592
0.01265454
0.01304841
0.01256561
0.01253772
0.01266837
0.01299500
0.01285887
0.01284122
0.01259613
0.01262283
0.01273870
0.01267004
0.01289701
0.01274300
0.01261783
0.01271844
0.01270604
0.01269507
0.01282716
0.01247716
0.01276875
0.01275611
0.01268554
0.01261187
0.01266575
0.01283336
0.01263428
0.01262403
0.01258111
0.01266932
0.01265669
0.01253605
0.01263857
0.01258230
0.01268864
0.01281261
0.01282597
0.01261473
0.01276040
0.01279545
0.01258826
0.01279426
0.01274586
0.01253033
0.01264715
0.01281047
0.01264691
0.01275992
0.01271987
0.01270533
0.01279187
0.01240015
0.01276278
0.01270247
0.01269698
0.01267433
0.01280618
0.01259565
0.01262975
0.01260614
0.01297736
0.01257849
0.01279163
0.01276326
0.01264477
0.01258564
0.01276541
0.01266265
0.01267862
0.01269555
0.01274586
0.01257753
0.01301050
0.01271796
0.01278996
0.01248646
0.01277351
0.01268315
0.01275444
0.01263452
0.01275039
0.01249647
0.01264262
0.01270008
0.01276541
0.01272249
0.01270556
0.01282907
0.01274967
0.01277256
0.01260805
0.01273775
0.01266670
0.01258683
0.01260948
0.01274776
0.01281571
0.01281357
0.01271415
0.01264787
0.01278734
0.01281381
0.01285768
0.01261568
0.01297975
0.01267743
0.01253557
0.01238799
0.01257205
0.01261687
0.01270437
0.01284814
0.01257992
0.01272416
0.01265216
0.01266789
0.01270437
0.01280665
0.01261449
0.01279354
0.01262021
0.01288819
0.01265359
0.01265597
0.01261330
0.01287842
0.01275182
0.01274085
0.01266551
0.01257467
0.01281857
0.01264644
0.01279664
0.01264906
0.01268888
0.01269674
0.01283383
0.01244426
0.01267481
0.01271772
0.01281285
0.01279998
0.01272392
0.01266193
0.01265383
0.01295066
0.01287723
0.01291895
0.01283813
0.01279998
0.01261187
0.01278901
0.01266026
0.01261568
0.01294184
0.01283550
0.01266170
0.01267362
0.01284623
0.01282668
0.01298952
0.01263070
0.01260829
0.01289225
0.01270366
0.01269317
0.01258492
0.01284099
0.01227307
0.01287651
0.01268220
0.01254702
0.01279855
0.01264954
0.01290536
0.01266098
0.01279068
0.01263285
0.01283836
0.01265001
0.01276565
0.01275206
0.01271415
0.01268840
0.01263189
0.01285934
0.01260853
0.01285481
0.01286864
0.01274586
0.01264572
0.01278472
0.01284266
0.01283121
0.01262784
0.01280451
0.01265383
0.01288128
0.01274848
0.01270747
0.01270223
0.01278496
0.01289797
0.01284051
0.01255870
0.01286840
0.01273894
0.01294780
0.01311707
0.01291990
0.01290941
0.01286077
0.01266885
0.01287103
0.01311326
