246.000,226.000,94.000,114.000
243.137,232.135,94.000,114.000
245.182,234.997,94.000,114.000
246.409,237.860,94.000,114.000
247.636,239.905,94.000,114.000
250.499,241.950,94.000,114.000
252.544,243.995,94.000,114.000
252.953,242.768,94.000,114.000
253.362,243.177,94.000,114.000
252.953,242.768,94.000,114.000
254.997,243.995,94.000,114.000
257.042,242.768,94.000,114.000
259.087,241.541,94.000,114.000
261.950,239.496,94.000,114.000
266.449,238.269,94.000,114.000
269.312,237.042,94.000,114.000
268.903,235.815,94.000,114.000
270.130,232.953,94.000,114.000
276.264,229.272,94.000,114.000
283.217,230.499,94.000,114.000
276.264,229.272,94.000,114.000
270.130,223.137,94.000,114.000
272.992,214.549,94.000,114.000
280.763,207.596,94.000,114.000
293.441,201.461,94.000,114.000
311.845,198.599,94.000,114.000
322.887,203.097,94.000,114.000
320.843,206.778,94.000,114.000
312.254,211.277,94.000,114.000
298.758,215.776,94.000,114.000
281.172,220.274,94.000,114.000
261.132,217.411,94.000,114.000
258.269,211.277,94.000,114.000
271.766,205.142,94.000,114.000
290.987,201.461,94.000,114.000
312.663,200.234,94.000,114.000
331.885,204.733,94.000,114.000
339.655,212.504,94.000,114.000
327.795,223.546,94.000,114.000
302.030,234.588,94.000,114.000
270.539,239.905,94.000,114.000
247.227,231.317,94.000,114.000
240.274,216.185,94.000,114.000
257.860,206.778,94.000,114.000
280.354,200.643,94.000,114.000
298.758,199.417,94.000,114.000
321.252,203.915,94.000,114.000
328.204,211.686,94.000,114.000
310.618,219.456,94.000,114.000
291.396,219.865,94.000,114.000
277.082,214.549,94.000,114.000
275.037,205.142,94.000,114.000
290.987,199.826,94.000,114.000
314.299,203.506,94.000,114.000
329.431,208.005,94.000,114.000
333.930,210.868,94.000,114.000
316.344,212.095,94.000,114.000
280.763,212.504,94.000,114.000
244.364,206.369,94.000,114.000
217.781,196.963,94.000,114.000
219.008,185.920,94.000,114.000
237.910,169.808,96.080,116.522
259.230,161.866,96.080,116.522
274.697,168.972,96.080,116.522
289.327,188.619,96.080,116.522
291.418,213.283,96.080,116.522
279.295,233.766,96.080,116.522
268.008,239.200,96.080,116.522
260.902,224.569,96.080,116.522
259.648,204.922,96.080,116.522
265.082,199.488,96.080,116.522
277.205,206.594,96.080,116.522
282.639,229.586,96.080,116.522
268.844,258.429,96.080,116.522
259.230,269.716,96.080,116.522
245.435,259.265,96.080,116.522
237.492,223.733,96.080,116.522
247.943,180.677,96.080,116.522
262.574,163.538,96.080,116.522
281.385,179.005,96.080,116.522
297.688,209.521,96.080,116.522
288.909,248.397,96.080,116.522
270.098,273.060,96.080,116.522
242.927,277.658,96.080,116.522
223.280,253.831,96.080,116.522
223.698,216.627,96.080,116.522
237.492,199.488,96.080,116.522
262.992,215.791,96.080,116.522
292.672,244.635,96.080,116.522
300.614,274.314,96.080,116.522
284.311,292.289,96.080,116.522
258.812,289.363,96.080,116.522
234.984,265.536,96.080,116.522
235.402,233.348,96.080,116.522
264.246,219.553,96.080,116.522
297.270,228.332,96.080,116.522
326.950,242.963,96.080,116.522
344.089,253.413,96.080,116.522
338.654,259.683,96.080,116.522
307.302,258.429,96.080,116.522
265.918,257.175,96.080,116.522
226.206,250.069,96.080,116.522
183.149,240.454,96.080,116.522
166.846,231.676,96.080,116.522
189.002,215.373,96.080,116.522
228.714,196.562,96.080,116.522
258.394,184.439,96.080,116.522
293.926,170.644,96.080,116.522
303.540,161.866,96.080,116.522
287.237,157.268,96.080,116.522
269.262,156.014,96.080,116.522
252.959,153.923,96.080,116.522
257.558,150.161,96.080,116.522
276.369,157.268,96.080,116.522
311.065,171.898,96.080,116.522
333.855,186.656,98.206,119.100
342.828,192.211,98.206,119.100
327.019,190.074,98.206,119.100
284.719,187.938,98.206,119.100
233.873,184.093,98.206,119.100
186.446,173.411,98.206,119.100
168.073,171.274,98.206,119.100
189.864,176.829,98.206,119.100
235.582,184.093,98.206,119.100
277.028,194.774,98.206,119.100
316.764,202.038,98.206,119.100
342.828,200.756,98.206,119.100
327.873,198.620,98.206,119.100
300.101,192.211,98.206,119.100
261.219,174.693,98.206,119.100
225.755,152.047,98.206,119.100
227.892,132.820,98.206,119.100
248.828,129.829,98.206,119.100
265.492,150.765,98.206,119.100
281.301,182.811,98.206,119.100
291.128,212.293,98.206,119.100
274.464,235.793,98.206,119.100
252.673,241.347,98.206,119.100
233.446,233.229,98.206,119.100
227.892,207.165,98.206,119.100
247.119,181.956,98.206,119.100
269.764,175.547,98.206,119.100
282.155,188.793,98.206,119.100
292.837,215.711,98.206,119.100
289.846,256.302,98.206,119.100
283.437,286.638,98.206,119.100
284.719,296.465,98.206,119.100
282.582,280.656,98.206,119.100
288.137,235.793,98.206,119.100
297.964,178.111,98.206,119.100
294.973,140.938,98.206,119.100
290.273,135.384,98.206,119.100
281.301,169.993,98.206,119.100
284.292,237.074,98.206,119.100
301.810,298.174,98.206,119.100
309.928,328.511,98.206,119.100
317.192,313.556,98.206,119.100
318.473,264.420,98.206,119.100
308.646,202.465,98.206,119.100
301.382,157.602,98.206,119.100
299.246,153.756,98.206,119.100
292.837,196.056,98.206,119.100
297.537,258.011,98.206,119.100
315.055,300.311,98.206,119.100
318.901,310.993,98.206,119.100
310.782,284.929,98.206,119.100
307.792,236.647,98.206,119.100
308.219,189.220,98.206,119.100
303.519,169.138,98.206,119.100
296.255,184.947,98.206,119.100
294.119,230.665,98.206,119.100
294.546,281.511,98.206,119.100
288.992,306.720,98.206,119.100
280.873,310.565,98.206,119.100
284.719,291.338,98.206,119.100
278.310,269.547,98.206,119.100
274.464,254.593,98.206,119.100
274.892,253.311,98.206,119.100
257.373,263.138,98.206,119.100
236.437,280.656,98.206,119.100
213.792,296.465,98.206,119.100
196.273,306.293,98.206,119.100
195.846,308.429,98.206,119.100
219.346,302.020,98.206,119.100
249.682,295.611,98.206,119.100
275.746,291.765,98.206,119.100
309.501,287.065,98.206,119.100
327.019,283.220,98.206,119.100
320.610,277.665,98.206,119.100
297.110,270.402,98.206,119.100
261.646,258.865,98.206,119.100
224.473,249.038,98.206,119.100
198.410,243.483,98.206,119.100
186.019,238.783,98.206,119.100
199.264,232.374,98.206,119.100
230.455,225.965,98.206,119.100
267.628,217.847,98.206,119.100
312.492,210.583,98.206,119.100
342.828,205.883,98.206,119.100
354.364,203.747,98.206,119.100
346.246,201.611,98.206,119.100
316.764,197.765,98.206,119.100
278.737,193.920,98.206,119.100
238.146,184.093,98.206,119.100
223.192,165.720,98.206,119.100
241.564,150.765,98.206,119.100
275.319,152.902,98.206,119.100
305.655,160.165,98.206,119.100
331.719,165.720,98.206,119.100
335.509,163.959,100.378,121.735
307.121,160.028,100.378,121.735
271.747,155.224,100.378,121.735
243.359,146.927,100.378,121.735
227.201,144.743,100.378,121.735
244.233,152.167,100.378,121.735
283.102,169.200,100.378,121.735
309.742,187.979,100.378,121.735
332.015,199.771,100.378,121.735
339.439,209.815,100.378,121.735
322.407,218.986,100.378,121.735
293.146,232.525,100.378,121.735
264.759,241.696,100.378,121.735
247.727,235.145,100.378,121.735
245.543,212.872,100.378,121.735
273.057,195.840,100.378,121.735
308.432,198.024,100.378,121.735
340.313,208.942,100.378,121.735
366.953,216.366,100.378,121.735
363.022,212.436,100.378,121.735
322.407,203.264,100.378,121.735
274.804,187.105,100.378,121.735
247.290,170.947,100.378,121.735
242.486,155.661,100.378,121.735
267.379,148.237,100.378,121.735
294.020,157.408,100.378,121.735
318.040,178.808,100.378,121.735
342.933,194.966,100.378,121.735
340.749,204.138,100.378,121.735
309.742,202.828,100.378,121.735
266.506,195.403,100.378,121.735
219.776,175.751,100.378,121.735
175.667,158.718,100.378,121.735
153.261,147.856,102.599,124.429
159.956,139.375,102.599,124.429
187.186,132.679,102.599,124.429
221.558,141.161,102.599,124.429
255.037,160.355,102.599,124.429
289.409,188.478,102.599,124.429
312.175,220.171,102.599,124.429
321.549,243.830,102.599,124.429
296.105,262.132,102.599,124.429
250.127,271.506,102.599,124.429
213.077,266.596,102.599,124.429
183.169,242.044,102.599,124.429
192.543,209.458,102.599,124.429
227.808,184.014,102.599,124.429
256.823,181.782,102.599,124.429
280.481,205.441,102.599,124.429
301.462,228.206,102.599,124.429
302.801,248.294,102.599,124.429
282.713,258.561,102.599,124.429
247.449,250.079,102.599,124.429
213.969,214.815,102.599,124.429
208.166,168.837,102.599,124.429
235.396,141.607,102.599,124.429
271.554,148.303,102.599,124.429
303.247,182.675,102.599,124.429
328.691,217.047,102.599,124.429
338.958,239.812,102.599,124.429
311.729,248.294,102.599,124.429
259.501,245.169,102.599,124.429
205.488,225.082,102.599,124.429
174.687,196.066,102.599,124.429
187.633,167.051,102.599,124.429
229.147,147.856,102.599,124.429
267.090,151.874,102.599,124.429
297.891,164.819,102.599,124.429
317.978,181.336,102.599,124.429
314.853,192.495,102.599,124.429
300.122,205.441,102.599,124.429
277.357,204.101,102.599,124.429
230.486,183.121,102.599,124.429
214.862,162.141,102.599,124.429
241.199,151.874,102.599,124.429
290.748,154.106,102.599,124.429
331.370,169.729,102.599,124.429
362.170,187.139,102.599,124.429
364.402,188.478,102.599,124.429
338.958,181.782,102.599,124.429
303.694,173.301,102.599,124.429
255.930,158.570,102.599,124.429
209.952,153.659,102.599,124.429
200.578,153.213,102.599,124.429
217.094,150.981,102.599,124.429
251.466,154.999,102.599,124.429
291.195,164.373,102.599,124.429
336.280,174.640,102.599,124.429
380.472,180.443,102.599,124.429
397.882,186.246,102.599,124.429
387.615,183.121,102.599,124.429
356.814,175.532,102.599,124.429
302.801,162.587,102.599,124.429
238.967,147.856,102.599,124.429
176.919,139.375,102.599,124.429
130.048,138.929,102.599,124.429
109.925,141.720,104.869,127.182
120.419,147.652,104.869,127.182
159.202,151.758,104.869,127.182
207.110,153.127,104.869,127.182
262.318,159.971,104.869,127.182
320.263,169.552,104.869,127.182
361.783,179.134,104.869,127.182
382.315,186.890,104.869,127.182
377.296,184.609,104.869,127.182
350.377,179.590,104.869,127.182
309.769,170.921,104.869,127.182
269.162,156.777,104.869,127.182
251.367,148.108,104.869,127.182
256.386,152.214,104.869,127.182
285.131,161.796,104.869,127.182
323.001,174.115,104.869,127.182
354.483,187.347,104.869,127.182
376.840,195.103,104.869,127.182
382.772,202.860,104.869,127.182
369.540,217.916,104.869,127.182
359.046,240.273,104.869,127.182
351.289,261.718,104.869,127.182
338.970,265.824,104.869,127.182
330.301,242.555,104.869,127.182
315.244,195.559,104.869,127.182
296.538,144.002,104.869,127.182
299.731,106.132,104.869,127.182
294.712,93.812,104.869,127.182
286.043,112.519,104.869,127.182
281.937,157.689,104.869,127.182
279.656,212.898,104.869,127.182
287.412,253.505,104.869,127.182
291.519,274.950,104.869,127.182
288.325,265.368,104.869,127.182
286.956,230.236,104.869,127.182
291.975,177.765,104.869,127.182
301.556,130.770,104.869,127.182
296.538,112.975,104.869,127.182
286.043,123.470,104.869,127.182
274.637,170.465,104.869,127.182
270.530,225.673,104.869,127.182
268.249,262.630,104.869,127.182
266.880,269.474,104.869,127.182
276.462,232.517,104.869,127.182
292.431,183.697,104.869,127.182
291.062,157.689,104.869,127.182
307.944,149.933,104.869,127.182
312.051,156.777,104.869,127.182
290.606,171.834,104.869,127.182
273.724,179.590,104.869,127.182
265.055,163.621,104.869,127.182
271.899,141.264,104.869,127.182
285.131,142.633,104.869,127.182
300.188,168.640,104.869,127.182
328.020,203.772,104.869,127.182
337.601,228.867,104.869,127.182
320.720,241.186,104.869,127.182
298.363,227.954,104.869,127.182
276.918,178.221,104.869,127.182
260.036,132.139,104.869,127.182
271.443,129.857,104.869,127.182
302.925,168.640,104.869,127.182
329.845,206.510,104.869,127.182
339.426,228.867,104.869,127.182
316.157,226.585,104.869,127.182
283.762,194.191,104.869,127.182
264.143,143.545,104.869,127.182
270.987,116.626,104.869,127.182
294.256,135.332,104.869,127.182
322.088,174.115,104.869,127.182
339.883,203.772,104.869,127.182
332.126,216.091,104.869,127.182
297.906,212.898,104.869,127.182
259.124,195.103,104.869,127.182
232.204,173.659,104.869,127.182
228.098,160.427,104.869,127.182
244.067,163.621,104.869,127.182
270.074,182.328,104.869,127.182
295.169,205.597,104.869,127.182
314.788,221.567,104.869,127.182
316.157,229.323,104.869,127.182
298.363,230.692,104.869,127.182
271.443,218.373,104.869,127.182
259.124,201.491,104.869,127.182
274.180,198.297,104.869,127.182
311.138,209.704,104.869,127.182
331.670,222.935,104.869,127.182
341.251,227.042,104.869,127.182
336.232,220.198,104.869,127.182
308.400,210.616,104.869,127.182
281.481,193.734,104.869,127.182
264.599,179.590,104.869,127.182
273.268,170.009,104.869,127.182
305.663,166.815,104.869,127.182
314.332,176.396,104.869,127.182
323.913,185.065,104.869,127.182
323.457,190.997,104.869,127.182
289.237,188.715,104.869,127.182
252.280,180.046,104.869,127.182
221.710,164.077,104.869,127.182
210.303,155.408,104.869,127.182
234.485,159.515,104.869,127.182
266.880,174.571,104.869,127.182
282.849,194.191,104.869,127.182
305.206,205.597,104.869,127.182
308.400,211.529,104.869,127.182
289.693,208.335,104.869,127.182
267.336,193.278,104.869,127.182
255.017,182.784,104.869,127.182
277.374,185.065,104.869,127.182
312.507,200.122,104.869,127.182
327.563,213.354,104.869,127.182
336.232,217.460,104.869,127.182
323.001,209.704,104.869,127.182
300.644,197.385,104.869,127.182
268.249,182.328,104.869,127.182
252.280,176.396,104.869,127.182
268.249,177.765,104.869,127.182
292.431,188.259,104.869,127.182
306.575,201.491,104.869,127.182
322.545,202.860,104.869,127.182
321.176,195.103,104.869,127.182
299.731,180.959,104.869,127.182
277.374,158.602,104.869,127.182
263.230,136.245,104.869,127.182
260.036,135.789,104.869,127.182
266.880,154.496,104.869,127.182
272.812,177.765,104.869,127.182
276.918,191.909,104.869,127.182
263.686,196.928,104.869,127.182
242.242,192.822,104.869,127.182
229.010,182.328,104.869,127.182
221.254,177.309,104.869,127.182
240.873,188.716,104.869,127.182
276.005,209.247,104.869,127.182
303.838,228.867,104.869,127.182
326.820,233.614,107.189,129.996
333.815,232.215,107.189,129.996
324.954,229.883,107.189,129.996
309.564,222.888,107.189,129.996
300.703,214.027,107.189,129.996
290.910,211.695,107.189,129.996
285.780,219.623,107.189,129.996
289.044,227.551,107.189,129.996
284.847,230.816,107.189,129.996
276.919,225.686,107.189,129.996
259.664,214.027,107.189,129.996
254.534,204.233,107.189,129.996
259.664,207.498,107.189,129.996
279.717,219.157,107.189,129.996
299.771,227.085,107.189,129.996
312.362,223.820,107.189,129.996
310.031,217.758,107.189,129.996
302.103,196.771,107.189,129.996
295.107,172.054,107.189,129.996
301.170,166.924,107.189,129.996
311.896,180.449,107.189,129.996
324.488,202.368,107.189,129.996
333.349,214.027,107.189,129.996
329.151,221.022,107.189,129.996
309.098,214.959,107.189,129.996
290.910,193.973,107.189,129.996
271.789,157.131,107.189,129.996
263.861,138.010,107.189,129.996
268.058,148.736,107.189,129.996
271.323,178.117,107.189,129.996
275.520,201.901,107.189,129.996
265.726,217.291,107.189,129.996
269.924,210.296,107.189,129.996
289.044,202.368,107.189,129.996
312.829,213.094,107.189,129.996
332.882,221.955,107.189,129.996
338.945,217.758,107.189,129.996
316.093,206.099,107.189,129.996
284.847,189.776,107.189,129.996
261.063,171.588,107.189,129.996
255.933,169.256,107.189,129.996
275.986,179.050,107.189,129.996
298.838,196.305,107.189,129.996
313.295,209.829,107.189,129.996
328.685,216.825,107.189,129.996
333.815,215.426,107.189,129.996
326.820,211.229,107.189,129.996
314.228,206.099,107.189,129.996
303.502,205.632,107.189,129.996
303.035,208.897,107.189,129.996
305.367,214.027,107.189,129.996
303.035,221.022,107.189,129.996
