6.000,166.000,42.000,26.000
7.462,166.133,42.000,26.000
9.456,167.063,42.000,26.000
11.184,166.399,42.000,26.000
12.912,167.329,42.000,26.000
14.640,167.994,42.000,26.000
16.368,167.329,42.000,26.000
18.628,168.526,42.000,26.000
19.559,167.595,42.000,26.000
20.489,168.260,42.000,26.000
22.217,168.924,42.000,26.000
23.414,169.057,42.000,26.000
24.610,169.190,42.000,26.000
25.275,169.855,42.000,26.000
26.737,168.659,42.000,26.000
28.199,169.589,42.000,26.000
29.927,169.456,42.000,26.000
31.124,170.387,42.000,26.000
32.586,170.785,42.000,26.000
33.782,169.855,42.000,26.000
35.244,170.785,42.000,26.000
37.504,170.121,42.000,26.000
38.966,171.317,42.000,26.000
40.694,171.450,42.000,26.000
41.891,172.381,42.000,26.000
43.353,172.514,42.000,26.000
44.815,171.317,42.000,26.000
46.012,172.779,42.000,26.000
46.942,172.381,42.000,26.000
47.873,173.577,42.000,26.000
48.803,172.115,42.000,26.000
49.734,173.311,42.000,26.000
50.664,173.178,42.000,26.000
51.329,173.311,42.000,26.000
52.791,172.912,42.000,26.000
53.190,173.843,42.000,26.000
54.386,172.912,42.000,26.000
55.582,173.843,42.000,26.000
55.715,173.444,42.000,26.000
57.178,174.640,42.000,26.000
58.640,172.912,42.000,26.000
59.570,173.577,42.000,26.000
60.235,172.381,42.000,26.000
62.229,173.577,42.000,26.000
63.425,172.115,42.000,26.000
64.887,173.311,42.000,26.000
66.216,171.506,42.929,26.575
67.439,172.458,42.929,26.575
68.933,172.050,42.929,26.575
70.009,172.461,43.879,27.163
70.703,171.766,43.879,27.163
71.398,172.738,43.879,27.163
72.925,171.766,43.879,27.163
73.620,172.461,43.879,27.163
74.719,170.863,44.850,27.764
75.429,172.425,44.850,27.764
76.990,171.147,44.850,27.764
77.700,171.005,44.850,27.764
78.694,171.999,44.850,27.764
79.403,172.425,44.850,27.764
80.681,171.147,44.850,27.764
81.391,171.573,44.850,27.764
82.952,171.999,44.850,27.764
81.675,172.425,44.850,27.764
82.384,171.147,44.850,27.764
82.919,172.166,45.842,28.378
81.613,171.730,45.842,28.378
82.629,171.875,45.842,28.378
81.903,171.730,45.842,28.378
82.919,171.585,45.842,28.378
81.903,172.021,45.842,28.378
82.149,172.760,46.856,29.006
82.400,171.362,47.893,29.648
82.248,172.120,47.893,29.648
82.097,173.181,47.893,29.648
80.732,171.817,47.893,29.648
82.703,172.878,47.893,29.648
84.370,173.333,47.893,29.648
83.006,171.969,47.893,29.648
83.461,173.333,47.893,29.648
82.097,172.575,47.893,29.648
82.353,173.662,48.953,30.304
80.959,172.268,48.953,30.304
82.973,173.662,48.953,30.304
84.987,172.578,48.953,30.304
85.249,173.368,50.036,30.975
83.824,173.843,50.036,30.975
83.982,174.635,50.036,30.975
84.774,174.160,50.036,30.975
83.032,173.051,50.036,30.975
84.141,174.476,50.036,30.975
82.399,174.635,50.036,30.975
83.191,175.110,50.036,30.975
81.449,174.001,50.036,30.975
82.045,175.137,51.143,31.660
80.265,174.328,51.143,31.660
81.882,173.810,52.274,32.360
81.055,174.968,52.274,32.360
81.678,173.065,53.431,33.076
82.862,173.911,53.431,33.076
81.002,174.080,53.431,33.076
81.509,172.896,53.431,33.076
82.693,174.418,53.431,33.076
82.185,172.896,53.431,33.076
80.663,174.418,53.431,33.076
82.862,173.573,53.431,33.076
82.016,174.418,53.431,33.076
82.862,173.234,53.431,33.076
84.903,174.447,54.613,33.808
85.767,174.620,54.613,33.808
84.211,173.065,54.613,33.808
85.767,173.583,54.613,33.808
84.557,174.102,54.613,33.808
86.804,172.892,54.613,33.808
87.322,172.028,54.613,33.808
85.767,172.200,54.613,33.808
86.059,172.723,55.821,34.556
87.296,171.840,55.821,34.556
88.886,172.723,55.821,34.556
89.918,170.324,57.057,35.321
87.976,171.995,58.319,36.102
89.637,171.072,58.319,36.102
90.715,170.864,59.609,36.901
90.643,171.434,60.928,37.717
91.769,170.017,62.276,38.552
92.361,170.608,62.276,38.552
93.346,171.199,62.276,38.552
93.680,169.341,63.654,39.405
94.439,169.533,65.062,40.277
94.645,168.915,65.062,40.277
96.086,170.356,65.062,40.277
96.862,169.697,66.502,41.168
97.218,168.587,67.973,42.079
97.863,169.662,67.973,42.079
99.800,169.017,67.973,42.079
99.271,169.221,69.477,43.010
100.370,167.682,69.477,43.010
101.910,168.781,69.477,43.010
102.282,168.077,71.014,43.961
101.158,166.953,71.014,43.961
103.630,168.527,71.014,43.961
102.506,166.504,71.014,43.961
105.428,167.628,71.014,43.961
107.451,166.504,71.014,43.961
108.764,167.650,72.585,44.934
110.372,166.501,72.585,44.934
111.238,166.719,74.191,45.928
110.064,164.606,74.191,45.928
113.116,165.310,74.191,45.928
114.290,166.484,74.191,45.928
116.149,164.271,75.833,46.944
116.869,165.951,75.833,46.944
119.510,163.311,75.833,46.944
117.829,163.071,75.833,46.944
120.470,162.831,75.833,46.944
118.386,162.063,77.511,47.983
118.631,162.308,77.511,47.983
116.914,164.025,77.511,47.983
113.248,161.936,75.858,46.960
114.928,164.097,75.858,46.960
116.129,165.777,75.858,46.960
119.524,168.994,77.536,47.999
119.769,165.313,77.536,47.999
113.634,166.540,77.536,47.999
106.027,163.841,77.536,47.999
95.737,162.697,75.883,46.975
159.861,164.378,75.883,46.975
156.259,162.216,75.883,46.975
149.294,160.055,75.883,46.975
137.045,160.775,75.883,46.975
131.041,159.094,75.883,46.975
119.273,160.295,75.883,46.975
173.311,171.103,75.883,46.975
168.734,167.842,77.562,48.014
165.542,164.651,77.562,48.014
162.351,161.950,77.562,48.014
171.925,167.106,77.562,48.014
167.246,168.357,79.278,49.077
167.671,165.992,81.032,50.162
165.444,163.042,82.824,51.272
167.803,165.926,82.824,51.272
169.335,166.719,84.657,52.407
171.456,165.861,86.530,53.566
169.078,163.848,88.444,54.751
169.918,165.807,88.444,54.751
171.878,163.848,88.444,54.751
176.636,166.367,88.444,54.751
178.596,163.848,88.444,54.751
182.554,163.532,90.401,55.963
185.130,159.813,90.401,55.963
189.770,160.678,92.401,57.201
195.726,160.349,94.446,58.466
200.210,157.658,94.446,58.466
205.889,159.153,94.446,58.466
211.977,160.057,96.535,59.760
218.393,162.807,96.535,59.760
217.008,159.293,98.671,61.082
214.822,157.107,98.671,61.082
210.167,152.867,100.854,62.434
215.343,155.819,103.086,63.815
211.754,153.535,103.086,63.815
211.428,152.556,103.086,63.815
209.144,147.010,103.086,63.815
206.861,144.726,103.086,63.815
202.619,143.747,103.086,63.815
198.378,146.684,103.086,63.815
198.051,146.357,103.086,63.815
191.200,141.463,103.086,63.815
188.264,136.569,103.086,63.815
186.632,135.591,103.086,63.815
198.051,139.832,103.086,63.815
209.528,144.601,100.887,62.454
215.595,140.450,100.887,62.454
220.773,136.115,103.120,63.836
228.280,138.399,103.120,63.836
237.092,142.642,103.120,63.836
245.426,137.975,100.920,62.475
256.606,144.044,100.920,62.475
253.731,147.557,100.920,62.475
267.466,152.348,100.920,62.475
272.257,147.557,100.920,62.475
277.687,150.432,100.920,62.475
285.672,146.918,100.920,62.475
292.380,145.321,100.920,62.475
297.810,143.086,100.920,62.475
303.878,145.321,100.920,62.475
309.308,141.808,100.920,62.475
316.016,142.766,100.920,62.475
320.807,139.253,100.920,62.475
326.237,142.127,100.920,62.475
329.112,140.530,100.920,62.475
331.986,138.933,100.920,62.475
336.778,135.420,100.920,62.475
342.846,140.211,100.920,62.475
344.443,137.975,100.920,62.475
348.596,140.211,100.920,62.475
352.109,136.697,100.920,62.475
355.623,135.100,100.920,62.475
364.396,138.537,98.768,61.142
369.366,135.875,96.662,59.838
366.612,127.003,96.662,59.838
369.034,126.024,98.801,61.162
374.350,131.965,98.801,61.162
379.041,129.776,98.801,61.162
387.484,132.590,98.801,61.162
397.803,128.525,98.801,61.162
409.373,131.339,98.801,61.162
422.193,127.900,98.801,61.162
437.516,126.962,98.801,61.162
459.969,123.696,96.694,59.858
476.188,121.553,96.694,59.858
499.753,126.756,96.694,59.858
