405.000,256.000,122.000,148.000
406.593,254.407,122.000,148.000
408.185,251.753,122.000,148.000
411.901,249.099,122.000,148.000
415.618,243.259,122.000,148.000
418.272,238.481,122.000,148.000
421.988,235.827,122.000,148.000
421.457,228.925,122.000,148.000
420.926,222.024,122.000,148.000
415.087,218.308,122.000,148.000
407.124,214.591,122.000,148.000
399.160,207.690,122.000,148.000
392.259,198.665,122.000,148.000
385.357,189.640,122.000,148.000
375.271,182.739,122.000,148.000
365.184,181.146,122.000,148.000
356.159,178.492,122.000,148.000
347.134,177.961,122.000,148.000
339.171,179.553,122.000,148.000
333.331,181.146,122.000,148.000
328.553,180.615,122.000,148.000
322.714,182.208,122.000,148.000
318.997,180.615,122.000,148.000
317.405,182.208,122.000,148.000
311.565,178.492,122.000,148.000
304.664,179.022,122.000,148.000
297.762,174.245,122.000,148.000
290.861,170.528,122.000,148.000
281.836,165.750,122.000,148.000
273.873,160.973,122.000,148.000
269.095,155.133,122.000,148.000
266.440,143.984,122.000,148.000
266.971,132.836,122.000,148.000
268.564,121.687,122.000,148.000
271.218,108.415,122.000,148.000
277.058,97.267,122.000,148.000
283.959,88.242,122.000,148.000
288.737,80.279,122.000,148.000
295.639,68.069,122.000,148.000
302.540,59.044,122.000,148.000
307.318,55.327,122.000,148.000
304.664,53.735,122.000,148.000
302.009,56.389,122.000,148.000
299.355,59.044,122.000,148.000
296.701,62.760,122.000,148.000
294.046,68.600,122.000,148.000
290.330,72.316,122.000,148.000
285.552,77.094,122.000,148.000
281.224,82.253,119.398,144.844
275.509,85.890,119.398,144.844
268.755,91.606,119.398,144.844
260.962,94.203,119.398,144.844
254.207,95.762,119.398,144.844
250.570,101.477,119.398,144.844
250.051,101.997,119.398,144.844
248.492,106.673,119.398,144.844
250.051,105.114,119.398,144.844
247.453,104.595,119.398,144.844
245.894,103.036,119.398,144.844
245.375,104.595,119.398,144.844
243.816,105.114,119.398,144.844
245.590,108.161,116.852,141.755
242.031,106.635,116.852,141.755
244.573,108.161,116.852,141.755
244.065,103.585,116.852,141.755
247.624,100.025,116.852,141.755
248.132,97.483,116.852,141.755
249.658,94.940,116.852,141.755
248.132,92.398,116.852,141.755
250.675,88.839,116.852,141.755
249.470,87.900,114.360,138.732
250.963,86.407,114.360,138.732
252.456,84.914,114.360,138.732
249.968,86.407,114.360,138.732
253.451,83.919,114.360,138.732
251.958,85.411,114.360,138.732
254.447,82.923,114.360,138.732
254.944,84.416,114.360,138.732
256.437,81.928,114.360,138.732
258.925,85.411,114.360,138.732
259.423,82.923,114.360,138.732
262.906,84.416,114.360,138.732
266.390,82.923,114.360,138.732
270.869,84.416,114.360,138.732
277.338,81.928,114.360,138.732
283.807,84.416,114.360,138.732
289.281,82.923,114.360,138.732
295.750,84.416,114.360,138.732
299.234,81.928,114.360,138.732
304.708,83.421,114.360,138.732
308.191,79.937,114.360,138.732
310.680,76.454,114.360,138.732
314.163,73.966,114.360,138.732
315.656,70.482,114.360,138.732
313.168,66.999,114.360,138.732
315.656,64.511,114.360,138.732
317.149,63.018,114.360,138.732
320.632,65.506,114.360,138.732
323.121,66.999,114.360,138.732
325.609,70.482,114.360,138.732
324.116,72.971,114.360,138.732
322.623,78.445,114.360,138.732
319.139,82.923,114.360,138.732
317.646,90.388,114.360,138.732
314.163,96.857,114.360,138.732
307.694,105.317,114.360,138.732
300.229,115.767,114.360,138.732
294.755,130.199,114.360,138.732
288.286,138.658,114.360,138.732
281.817,148.113,114.360,138.732
275.347,157.569,114.360,138.732
269.873,166.028,114.360,138.732
266.390,174.488,114.360,138.732
257.930,182.948,114.360,138.732
250.466,191.408,114.360,138.732
242.006,198.872,114.360,138.732
235.537,207.332,114.360,138.732
228.072,213.801,114.360,138.732
222.598,220.271,114.360,138.732
218.119,225.745,114.360,138.732
215.631,231.219,114.360,138.732
213.143,233.707,114.360,138.732
213.641,235.200,114.360,138.732
219.115,231.716,114.360,138.732
224.589,234.204,114.360,138.732
229.067,233.707,114.360,138.732
231.555,236.195,114.360,138.732
238.025,238.683,114.360,138.732
246.485,237.190,114.360,138.732
254.944,240.674,114.360,138.732
263.404,245.152,114.360,138.732
272.859,249.631,114.360,138.732
281.319,253.115,114.360,138.732
291.769,256.598,114.360,138.732
300.229,255.105,114.360,138.732
308.689,253.612,114.360,138.732
316.154,247.143,114.360,138.732
323.618,240.674,114.360,138.732
329.092,236.195,114.360,138.732
331.580,229.726,114.360,138.732
327.102,223.256,114.360,138.732
324.613,216.787,114.360,138.732
321.130,212.308,114.360,138.732
312.670,206.834,114.360,138.732
300.229,204.346,114.360,138.732
289.779,201.858,114.360,138.732
276.639,196.709,116.890,141.801
260.871,192.131,116.890,141.801
246.120,188.571,116.890,141.801
232.387,187.045,116.890,141.801
220.688,184.502,116.890,141.801
207.972,178.907,116.890,141.801
190.169,173.312,116.890,141.801
176.436,169.751,116.890,141.801
168.806,166.191,116.890,141.801
165.246,159.578,116.890,141.801
168.806,151.948,116.890,141.801
167.280,146.353,116.890,141.801
169.823,143.810,116.890,141.801
168.297,141.267,116.890,141.801
174.910,138.724,116.890,141.801
178.470,137.198,116.890,141.801
183.048,132.620,116.890,141.801
187.626,131.094,116.890,141.801
190.169,129.568,116.890,141.801
192.712,126.008,116.890,141.801
192.204,125.499,116.890,141.801
194.747,123.973,116.890,141.801
194.238,124.482,116.890,141.801
197.799,124.990,116.890,141.801
198.307,125.499,116.890,141.801
204.920,127.025,116.890,141.801
212.550,132.620,116.890,141.801
218.145,138.215,116.890,141.801
222.722,142.793,116.890,141.801
228.318,145.336,116.890,141.801
234.930,146.862,116.890,141.801
241.569,149.845,114.398,138.778
243.063,147.356,114.398,138.778
246.547,144.867,114.398,138.778
244.058,143.373,114.398,138.778
244.556,136.902,114.398,138.778
240.076,131.426,114.398,138.778
239.578,124.955,114.398,138.778
237.089,116.492,114.398,138.778
240.574,106.039,114.398,138.778
238.085,94.589,114.398,138.778
242.565,83.140,114.398,138.778
238.085,72.686,114.398,138.778
237.587,62.232,114.398,138.778
238.085,51.778,114.398,138.778
241.569,43.316,114.398,138.778
248.041,35.849,114.398,138.778
258.494,31.369,114.398,138.778
273.926,31.867,114.398,138.778
286.371,38.338,114.398,138.778
299.812,44.809,114.398,138.778
313.252,52.276,114.398,138.778
325.697,58.748,114.398,138.778
336.151,65.219,114.398,138.778
346.605,70.695,114.398,138.778
356.063,77.166,114.398,138.778
364.525,82.642,114.398,138.778
370.001,89.113,114.398,138.778
375.477,94.589,114.398,138.778
377.966,103.052,114.398,138.778
378.464,110.519,114.398,138.778
374.979,116.990,114.398,138.778
370.499,125.453,114.398,138.778
362.036,131.924,114.398,138.778
354.569,137.400,114.398,138.778
345.111,139.889,114.398,138.778
335.653,143.373,114.398,138.778
326.195,145.862,114.398,138.778
318.728,147.356,114.398,138.778
311.791,148.356,111.958,135.818
303.509,151.766,111.958,135.818
294.842,155.562,109.571,132.922
283.875,158.900,109.571,132.922
272.909,161.284,109.571,132.922
263.850,160.807,109.571,132.922
252.884,161.284,109.571,132.922
242.871,160.807,109.571,132.922
232.858,166.051,109.571,132.922
222.846,170.343,109.571,132.922
210.926,175.587,109.571,132.922
199.006,182.739,109.571,132.922
189.947,189.891,109.571,132.922
180.888,196.089,109.571,132.922
171.829,202.288,109.571,132.922
161.816,209.440,109.571,132.922
150.850,216.592,109.571,132.922
141.791,220.883,109.571,132.922
133.685,222.313,109.571,132.922
128.441,221.836,109.571,132.922
124.150,223.267,109.571,132.922
119.858,221.836,109.571,132.922
119.648,220.956,107.234,130.087
120.115,218.623,107.234,130.087
120.581,214.423,107.234,130.087
123.848,211.157,107.234,130.087
126.181,209.757,107.234,130.087
128.514,210.223,107.234,130.087
133.647,211.623,107.234,130.087
138.780,210.223,107.234,130.087
146.712,210.690,107.234,130.087
151.845,211.157,107.234,130.087
156.978,211.623,107.234,130.087
161.178,211.157,107.234,130.087
166.311,213.490,107.234,130.087
168.644,215.823,107.234,130.087
170.044,219.089,107.234,130.087
171.443,221.422,107.234,130.087
171.910,223.755,107.234,130.087
168.644,223.289,107.234,130.087
170.977,226.555,107.234,130.087
169.577,222.356,107.234,130.087
172.843,226.555,107.234,130.087
168.268,220.759,109.607,132.965
170.653,226.005,109.607,132.965
166.966,221.071,112.032,135.907
172.329,223.508,112.032,135.907
169.891,219.121,112.032,135.907
173.204,219.135,114.510,138.914
173.488,212.945,117.044,141.988
176.035,210.399,117.044,141.988
177.382,204.072,119.633,145.129
176.599,196.525,122.280,148.340
176.902,191.020,124.986,151.622
179.469,185.393,127.751,154.977
184.472,180.390,127.751,154.977
187.252,174.275,127.751,154.977
185.584,168.160,127.751,154.977
188.364,162.045,127.751,154.977
194.479,155.930,127.751,154.977
201.705,150.927,127.751,154.977
210.044,148.147,127.751,154.977
216.159,146.480,127.751,154.977
222.274,148.147,127.751,154.977
228.389,145.368,127.751,154.977
232.280,148.147,127.751,154.977
233.948,143.144,127.751,154.977
238.951,145.924,127.751,154.977
240.619,149.815,127.751,154.977
237.839,145.924,127.751,154.977
237.283,149.815,127.751,154.977
237.839,143.700,127.751,154.977
240.619,146.480,127.751,154.977
240.063,149.259,127.751,154.977
241.731,147.591,127.751,154.977
242.287,149.259,127.751,154.977
243.954,149.815,127.751,154.977
243.398,147.035,127.751,154.977
239.507,146.480,127.751,154.977
233.392,148.147,127.751,154.977
229.501,147.591,127.751,154.977
226.721,147.035,127.751,154.977
229.501,148.703,127.751,154.977
228.945,151.483,127.751,154.977
227.277,156.486,127.751,154.977
226.721,162.601,127.751,154.977
229.501,166.492,127.751,154.977
231.168,170.383,127.751,154.977
233.948,173.163,127.751,154.977
238.951,175.942,127.751,154.977
241.731,180.946,127.751,154.977
244.510,185.949,127.751,154.977
247.134,189.425,130.578,158.406
245.100,184.725,133.467,161.910
248.004,186.468,133.467,161.910
248.335,181.664,136.420,165.493
248.674,182.912,139.438,169.154
247.761,181.671,142.523,172.897
244.660,176.089,142.523,172.897
249.001,174.228,142.523,172.897
250.642,166.525,145.676,176.722
258.895,165.227,148.899,180.632
265.987,166.590,152.194,184.628
269.298,160.630,152.194,184.628
275.259,166.590,152.194,184.628
282.507,165.235,155.561,188.713
291.321,168.063,159.003,192.889
296.164,175.674,159.003,192.889
293.688,182.872,162.521,197.156
298.638,189.237,162.521,197.156
300.509,195.127,166.116,201.518
293.421,190.648,169.792,205.977
289.727,189.909,169.792,205.977
284.555,190.648,169.792,205.977
282.339,194.342,169.792,205.977
280.122,196.559,169.792,205.977
282.339,197.298,169.792,205.977
274.211,192.126,169.792,205.977
276.428,197.298,169.792,205.977
272.250,188.120,173.548,210.534
273.005,184.344,173.548,210.534
278.291,177.547,173.548,210.534
280.557,170.751,173.548,210.534
279.802,165.464,173.548,210.534
282.067,166.219,173.548,210.534
284.333,157.912,173.548,210.534
285.088,152.626,173.548,210.534
282.823,147.340,173.548,210.534
280.557,140.543,173.548,210.534
273.760,135.257,173.548,210.534
268.474,129.970,173.548,210.534
264.698,123.174,173.548,210.534
266.964,117.887,173.548,210.534
267.719,112.601,173.548,210.534
271.495,113.356,173.548,210.534
270.740,111.090,173.548,210.534
274.516,116.377,173.548,210.534
277.094,113.526,169.847,206.044
280.789,120.178,169.847,206.044
280.050,126.830,169.847,206.044
283.746,133.482,169.847,206.044
278.572,143.090,169.847,206.044
281.095,151.698,166.225,201.650
273.139,158.208,166.225,201.650
265.182,161.825,166.225,201.650
254.332,163.995,166.225,201.650
234.803,167.611,166.225,201.650
212.380,169.781,166.225,201.650
195.743,170.505,166.225,201.650
183.447,172.675,166.225,201.650
172.597,169.058,166.225,201.650
160.300,165.441,166.225,201.650
148.004,161.825,166.225,201.650
138.600,156.761,166.225,201.650
134.984,153.145,166.225,201.650
132.814,155.315,166.225,201.650
129.197,151.698,166.225,201.650
129.921,155.315,166.225,201.650
124.857,145.912,166.225,201.650
123.144,141.787,162.681,197.350
118.188,145.327,162.681,197.350
114.649,134.708,162.681,197.350
112.525,128.337,162.681,197.350
110.402,121.966,162.681,197.350
108.278,119.842,162.681,197.350
113.233,116.303,162.681,197.350
112.525,108.516,162.681,197.350
120.312,110.640,162.681,197.350
123.852,104.268,162.681,197.350
130.223,103.561,162.681,197.350
133.762,105.684,162.681,197.350
140.133,102.145,162.681,197.350
149.336,105.684,162.681,197.350
157.123,110.640,162.681,197.350
164.910,111.347,162.681,197.350
176.944,116.303,162.681,197.350
188.978,119.842,162.681,197.350
199.597,121.966,162.681,197.350
208.800,122.674,162.681,197.350
219.404,124.096,159.211,193.142
228.411,122.017,159.211,193.142
236.032,118.553,159.211,193.142
245.038,119.246,159.211,193.142
254.044,124.096,159.211,193.142
261.665,120.632,159.211,193.142
272.057,124.096,159.211,193.142
283.835,126.174,159.211,193.142
292.841,122.710,159.211,193.142
303.234,126.174,159.211,193.142
316.397,126.867,159.211,193.142
326.789,123.403,159.211,193.142
337.181,119.939,159.211,193.142
361.429,122.017,159.211,193.142
373.207,115.782,159.211,193.142
401.612,119.246,159.211,193.142
413.389,121.325,159.211,193.142
421.010,117.861,159.211,193.142
427.245,118.553,159.211,193.142
431.953,118.573,162.734,197.415
425.580,113.616,162.734,197.415
424.872,117.157,162.734,197.415
421.331,117.865,162.734,197.415
416.374,115.741,162.734,197.415
410.001,117.865,162.734,197.415
402.212,115.741,162.734,197.415
397.255,120.698,162.734,197.415
395.130,122.822,162.734,197.415
387.341,123.530,162.734,197.415
379.551,127.071,162.734,197.415
374.594,124.946,162.734,197.415
368.221,129.903,162.734,197.415
360.432,126.363,162.734,197.415
351.226,132.736,162.734,197.415
345.453,138.253,159.264,193.205
339.804,144.989,155.867,189.085
335.582,141.122,152.543,185.053
330.451,143.896,155.918,189.147
328.844,151.798,152.593,185.113
321.540,144.494,152.593,185.113
318.220,150.470,152.593,185.113
313.572,148.478,152.593,185.113
307.596,153.126,152.593,185.113
300.292,145.822,152.593,185.113
295.644,149.142,152.593,185.113
290.996,140.510,152.593,185.113
288.143,135.443,149.339,181.166
284.893,130.895,149.339,181.166
281.644,127.645,149.339,181.166
278.395,120.497,149.339,181.166
278.108,115.539,146.155,177.302
274.928,121.263,146.155,177.302
274.292,114.267,146.155,177.302
271.112,109.815,146.155,177.302
267.932,119.355,146.155,177.302
273.656,114.903,146.155,177.302
270.060,116.241,149.388,181.225
269.410,119.491,149.388,181.225
268.760,127.942,149.388,181.225
275.875,126.611,152.693,185.235
272.553,133.920,152.693,185.235
278.446,131.182,156.072,189.333
273.692,130.503,156.072,189.333
281.163,133.898,156.072,189.333
284.559,123.711,156.072,189.333
289.313,128.465,156.072,189.333
288.634,126.428,156.072,189.333
287.954,127.107,156.072,189.333
285.523,124.308,159.525,193.522
280.664,126.390,159.525,193.522
277.193,129.861,159.525,193.522
276.499,131.944,159.525,193.522
271.640,132.638,159.525,193.522
265.393,137.497,159.525,193.522
260.533,138.191,159.525,193.522
255.674,137.497,159.525,193.522
249.427,139.579,159.525,193.522
242.621,133.838,163.054,197.804
239.073,137.385,163.054,197.804
235.525,132.419,163.054,197.804
230.559,138.804,163.054,197.804
227.011,135.257,163.054,197.804
222.044,143.061,163.054,197.804
229.849,135.257,163.054,197.804
226.301,145.900,163.054,197.804
234.106,143.771,163.054,197.804
231.978,152.995,163.054,197.804
236.944,145.190,163.054,197.804
244.749,152.995,163.054,197.804
251.135,146.609,163.054,197.804
249.006,157.252,163.054,197.804
255.392,152.285,163.054,197.804
258.741,142.000,166.662,202.180
256.145,145.030,170.349,206.653
264.299,142.806,170.349,206.653
262.075,145.030,170.349,206.653
259.851,148.736,170.349,206.653
265.040,150.960,170.349,206.653
262.816,156.149,170.349,206.653
259.110,153.925,170.349,206.653
251.842,150.870,174.118,211.225
242.841,155.608,177.971,215.899
233.641,157.237,181.908,220.676
228.100,162.778,181.908,220.676
219.393,165.153,181.908,220.676
209.989,163.533,185.933,225.558
204.326,170.814,185.933,225.558
198.662,170.005,185.933,225.558
192.999,174.051,185.933,225.558
198.662,179.714,185.933,225.558
189.762,174.051,185.933,225.558
193.808,179.714,185.933,225.558
189.762,182.142,185.933,225.558
187.335,179.714,185.933,225.558
184.908,182.142,185.933,225.558
195.426,186.187,185.933,225.558
188.144,183.760,185.933,225.558
184.099,184.569,185.933,225.558
181.671,183.760,185.933,225.558
179.244,184.569,185.933,225.558
175.199,182.142,185.933,225.558
179.244,187.805,185.933,225.558
171.962,183.760,185.933,225.558
171.153,186.187,185.933,225.558
165.490,183.760,185.933,225.558
176.050,194.743,181.968,220.748
165.001,181.621,185.994,225.632
170.666,188.905,185.994,225.632
168.238,188.096,185.994,225.632
178.802,199.083,182.028,220.820
167.749,187.600,186.055,225.706
179.893,194.887,186.055,225.706
175.845,187.600,186.055,225.706
181.512,196.506,186.055,225.706
175.845,187.600,186.055,225.706
186.370,194.887,186.055,225.706
182.322,189.220,186.055,225.706
191.228,198.125,186.055,225.706
179.930,188.069,190.171,230.700
175.792,190.551,190.171,230.700
186.550,193.034,190.171,230.700
180.757,193.861,190.171,230.700
176.620,188.069,190.171,230.700
172.482,192.206,190.171,230.700
168.344,189.724,190.171,230.700
175.685,189.747,194.379,235.804
163.881,182.751,198.680,241.021
157.830,188.803,198.680,241.021
167.340,182.751,198.680,241.021
157.830,185.345,198.680,241.021
149.353,183.575,203.075,246.354
159.073,180.924,203.075,246.354
146.742,179.116,207.568,251.804
144.032,178.213,207.568,251.804
137.709,168.277,207.568,251.804
129.580,170.987,207.568,251.804
143.129,173.696,207.568,251.804
136.806,167.374,207.568,251.804
128.677,170.083,207.568,251.804
142.226,172.793,207.568,251.804
129.621,161.574,212.161,257.375
137.930,164.343,212.161,257.375
124.082,154.188,212.161,257.375
137.930,160.650,212.161,257.375
133.314,161.574,212.161,257.375
126.852,153.265,212.161,257.375
137.007,156.034,212.161,257.375
145.498,163.228,207.636,251.887
138.133,159.818,203.209,246.515
147.859,166.007,203.209,246.515
149.174,172.897,198.875,241.258
155.232,175.494,198.875,241.258
161.289,176.359,198.875,241.258
154.235,179.765,194.634,236.113
158.469,178.919,194.634,236.113
166.092,181.459,194.634,236.113
156.775,182.306,194.634,236.113
157.622,178.072,194.634,236.113
161.857,178.919,194.634,236.113
167.786,183.153,194.634,236.113
158.469,180.612,194.634,236.113
154.235,179.765,194.634,236.113
154.718,181.547,198.940,241.337
150.389,182.413,198.940,241.337
144.329,183.278,198.940,241.337
152.121,187.607,198.940,241.337
142.598,186.741,198.940,241.337
143.464,189.338,198.940,241.337
133.180,189.363,203.342,246.677
126.986,186.708,203.342,246.677
134.949,185.823,203.342,246.677
132.295,190.248,203.342,246.677
122.562,187.593,203.342,246.677
130.525,186.708,203.342,246.677
120.792,185.823,203.342,246.677
128.755,186.708,203.342,246.677
126.101,185.823,203.342,246.677
119.907,183.169,203.342,246.677
127.871,187.593,203.342,246.677
114.598,181.399,203.342,246.677
126.148,190.000,199.006,241.417
116.622,183.938,199.006,241.417
126.148,190.000,199.006,241.417
108.673,184.634,203.409,246.758
114.869,189.059,203.409,246.758
110.443,189.944,203.409,246.758
106.017,190.829,203.409,246.758
112.213,193.485,203.409,246.758
102.477,196.140,203.409,246.758
106.902,198.796,203.409,246.758
114.869,203.221,203.409,246.758
119.047,206.920,207.909,252.217
127.072,206.945,212.509,257.798
135.274,210.809,217.211,263.502
141.697,210.836,222.016,269.332
154.256,215.667,222.016,269.332
162.826,213.690,226.929,275.290
175.663,210.727,226.929,275.290
172.700,205.790,226.929,275.290
171.713,200.852,226.929,275.290
166.776,213.690,226.929,275.290
175.663,200.852,226.929,275.290
165.981,188.586,231.949,281.381
153.990,176.049,237.081,287.607
158.860,180.360,242.327,293.970
153.588,187.741,242.327,293.970
165.187,171.924,242.327,293.970
172.568,179.305,242.327,293.970
192.430,169.227,237.159,287.701
205.846,174.387,237.159,287.701
221.326,169.227,237.159,287.701
230.614,180.579,237.159,287.701
237.838,191.931,237.159,287.701
232.678,203.283,237.159,287.701
128.339,196.888,242.406,294.066
117.706,205.107,237.237,287.795
131.181,213.151,232.178,281.658
138.253,218.202,232.178,281.658
117.866,207.749,237.315,287.890
114.768,208.782,237.315,287.890
126.127,193.292,237.315,287.890
127.160,179.867,237.315,287.890
148.846,168.508,237.315,287.890
135.421,153.018,237.315,287.890
132.323,151.985,237.315,287.890
118.898,142.691,237.315,287.890
136.453,143.724,237.315,287.890
123.029,138.560,237.315,287.890
101.343,133.397,237.315,287.890
110.637,130.299,237.315,287.890
115.511,128.186,242.565,294.259
108.123,137.685,242.565,294.259
124.056,128.955,247.932,300.770
138.081,138.664,247.932,300.770
147.791,133.270,247.932,300.770
155.343,145.138,247.932,300.770
165.053,133.270,247.932,300.770
172.605,130.033,247.932,300.770
188.788,120.324,247.932,300.770
196.340,112.772,247.932,300.770
210.422,112.859,242.645,294.356
224.149,101.244,242.645,294.356
218.869,110.747,242.645,294.356
236.819,103.356,242.645,294.356
254.769,112.859,242.645,294.356
264.134,99.743,248.013,300.868
263.658,112.313,242.724,294.452
268.939,115.482,242.724,294.452
261.546,124.988,242.724,294.452
252.040,128.157,242.724,294.452
242.534,131.325,242.724,294.452
224.578,136.606,242.724,294.452
210.848,139.775,242.724,294.452
195.005,145.056,242.724,294.452
186.394,134.961,237.548,288.173
187.931,145.008,232.482,282.028
195.285,154.841,227.525,276.013
210.117,164.464,222.673,270.127
209.689,175.749,217.924,264.367
220.239,188.622,213.277,258.729
217.455,193.263,213.277,258.729
210.958,186.766,213.277,258.729
221.283,197.576,208.729,253.212
227.886,195.898,204.277,247.812
232.331,203.899,204.277,247.812
227.886,195.898,204.277,247.812
232.635,192.543,199.921,242.527
230.574,187.583,195.658,237.355
228.020,178.217,195.658,237.355
234.209,171.721,191.485,232.294
235.042,165.889,191.485,232.294
237.542,158.389,191.485,232.294
228.376,150.890,191.485,232.294
227.543,141.725,191.485,232.294
233.376,130.892,191.485,232.294
240.875,121.727,191.485,232.294
245.041,112.561,191.485,232.294
240.875,108.395,191.485,232.294
246.708,124.226,191.485,232.294
251.159,130.719,187.402,227.340
244.511,129.213,183.405,222.492
251.694,142.780,183.405,222.492
257.280,140.386,183.405,222.492
266.059,139.588,183.405,222.492
274.938,142.730,179.494,217.747
280.405,140.386,179.494,217.747
285.873,144.292,179.494,217.747
275.719,137.262,179.494,217.747
267.127,138.043,179.494,217.747
266.783,138.107,175.666,213.104
269.392,138.168,171.920,208.559
264.156,132.932,171.920,208.559
262.383,130.108,168.254,204.111
