264.000,311.000,37.000,69.000
265.856,309.144,37.000,69.000
266.475,307.700,37.000,69.000
265.444,305.431,37.000,69.000
266.888,301.512,37.000,69.000
268.744,298.417,37.000,69.000
269.776,297.799,37.000,69.000
271.220,297.592,37.000,69.000
269.363,296.561,37.000,69.000
271.220,295.530,37.000,69.000
268.538,296.561,37.000,69.000
266.682,297.592,37.000,69.000
266.888,297.799,37.000,69.000
267.507,295.942,37.000,69.000
267.713,294.911,37.000,69.000
265.444,294.705,37.000,69.000
264.000,294.086,37.000,69.000
263.381,292.642,37.000,69.000
261.525,292.436,37.000,69.000
260.081,292.229,37.000,69.000
255.177,289.540,37.819,70.527
251.593,286.799,37.819,70.527
250.539,285.323,37.819,70.527
249.063,283.426,37.819,70.527
248.044,282.755,37.012,69.023
245.362,282.549,37.012,69.023
243.917,282.343,37.012,69.023
242.060,283.374,37.012,69.023
240.203,284.819,37.012,69.023
238.759,287.914,37.012,69.023
241.028,291.009,37.012,69.023
239.171,293.279,37.012,69.023
242.266,289.771,37.012,69.023
246.440,288.717,36.223,67.551
254.719,293.361,36.223,67.551
268.146,296.612,35.450,66.110
275.572,295.602,34.694,64.700
280.021,296.956,34.694,64.700
286.791,295.989,34.694,64.700
293.947,294.249,34.694,64.700
300.717,296.376,34.694,64.700
307.099,298.504,34.694,64.700
316.604,300.126,33.955,63.321
325.541,301.713,33.230,61.970
333.931,304.695,32.522,60.649
341.792,307.614,31.828,59.355
350.132,308.146,31.828,59.355
358.116,309.388,31.828,59.355
366.101,310.275,31.828,59.355
375.860,311.517,31.828,59.355
387.658,311.295,31.149,58.090
396.862,312.858,31.149,58.090
406.735,315.653,30.485,56.851
417.052,315.440,29.835,55.638
426.200,317.603,29.835,55.638
435.977,319.318,29.199,54.452
444.279,317.853,29.199,54.452
453.533,321.415,28.576,53.291
459.212,323.672,27.967,52.154
464.469,329.488,27.370,51.042
474.615,325.179,26.787,49.954
477.154,322.939,26.787,49.954
478.199,321.893,26.787,49.954
477.452,320.251,26.787,49.954
477.900,320.699,26.787,49.954
478.946,321.147,26.787,49.954
477.648,322.399,26.215,48.888
476.333,321.668,26.215,48.888
475.602,320.645,26.215,48.888
474.579,319.330,26.215,48.888
475.310,318.892,26.215,48.888
476.333,319.038,26.215,48.888
475.602,318.599,26.215,48.888
476.625,319.330,26.215,48.888
477.891,320.556,25.656,47.846
477.461,320.699,25.656,47.846
478.463,321.986,25.656,47.846
479.750,322.987,25.656,47.846
480.208,323.200,26.224,48.904
480.070,323.417,26.804,49.986
480.219,324.762,26.804,49.986
479.472,325.808,26.804,49.986
478.725,325.958,26.804,49.986
479.472,327.004,26.804,49.986
479.641,327.226,27.397,51.092
480.130,328.087,28.004,52.223
479.334,327.995,28.623,53.378
479.845,328.563,29.256,54.559
478.703,327.095,29.256,54.559
479.519,326.606,29.256,54.559
478.703,325.464,29.256,54.559
479.845,326.280,29.256,54.559
479.356,325.464,29.256,54.559
479.540,326.384,29.904,55.766
479.707,327.217,29.904,55.766
478.873,328.051,29.904,55.766
479.040,329.551,29.904,55.766
479.574,330.145,30.565,57.000
479.766,328.631,31.242,58.261
480.637,329.501,31.242,58.261
481.159,331.417,31.242,58.261
481.356,332.038,31.933,59.550
482.295,333.041,32.639,60.868
483.205,334.679,32.639,60.868
484.166,335.327,33.361,62.215
485.533,335.989,34.100,63.591
486.537,336.272,34.854,64.998
432.326,310.354,35.625,66.436
428.155,312.141,35.625,66.436
429.545,312.737,35.625,66.436
431.333,314.127,35.625,66.436
433.517,313.532,35.625,66.436
436.768,314.814,34.865,65.019
439.295,314.231,34.865,65.019
441.433,315.203,34.865,65.019
443.960,316.564,34.865,65.019
446.098,316.758,34.865,65.019
447.781,316.889,34.122,63.633
449.429,318.851,33.394,62.276
450.732,317.548,33.394,62.276
451.290,315.128,33.394,62.276
452.544,315.971,32.682,60.948
452.365,318.202,31.985,59.648
453.566,319.009,31.303,58.376
454.740,319.800,30.636,57.131
455.232,320.574,29.982,55.913
456.114,318.395,30.646,57.150
456.661,316.167,31.324,58.414
407.941,332.370,32.017,59.707
407.763,334.690,32.017,59.707
411.668,332.363,32.725,61.028
416.416,330.363,33.449,62.378
422.570,330.177,33.449,62.378
427.978,330.363,33.449,62.378
432.640,334.279,33.449,62.378
439.287,341.235,32.736,61.048
444.385,343.469,32.038,59.746
449.208,345.076,32.038,59.746
452.820,347.263,31.354,58.472
456.356,347.044,30.686,57.225
458.496,345.511,30.031,56.004
460.673,341.660,30.031,56.004
416.306,349.194,30.031,56.004
419.047,349.952,29.391,54.810
421.098,349.431,28.764,53.641
422.541,351.837,28.764,53.641
423.663,350.714,28.764,53.641
424.786,349.592,28.764,53.641
425.908,350.393,28.764,53.641
426.710,350.554,28.764,53.641
427.512,351.997,28.764,53.641
428.634,351.195,28.764,53.641
430.719,351.676,28.764,53.641
432.726,353.021,28.151,52.497
434.766,353.492,28.151,52.497
437.033,353.295,27.550,51.378
439.337,354.063,27.550,51.378
441.333,352.681,27.550,51.378
443.637,354.063,27.550,51.378
446.248,352.681,27.550,51.378
448.859,353.142,27.550,51.378
451.470,351.452,27.550,51.378
454.081,351.299,27.550,51.378
456.385,351.452,27.550,51.378
458.075,349.456,27.550,51.378
461.300,350.838,27.550,51.378
461.761,352.527,27.550,51.378
460.341,346.700,28.160,52.515
455.306,344.979,28.783,53.676
453.911,337.355,28.169,52.532
457.088,339.277,27.569,51.412
463.751,346.195,26.981,50.315
465.105,349.655,26.981,50.315
468.727,355.555,26.405,49.242
458.935,384.315,25.842,48.192
457.961,386.912,25.291,47.164
457.256,388.745,25.291,47.164
455.423,390.860,25.291,47.164
454.198,392.586,24.752,46.159
455.991,394.932,24.752,46.159
457.509,395.622,24.752,46.159
459.502,395.183,24.224,45.174
458.827,397.749,24.224,45.174
461.038,399.142,23.707,44.211
460.908,400.250,23.202,43.268
460.782,401.833,22.707,42.345
459.642,400.947,22.707,42.345
461.471,402.741,22.223,41.442
460.633,404.258,21.749,40.559
459.784,404.864,21.749,40.559
461.118,403.773,21.749,40.559
460.997,403.894,21.749,40.559
461.603,403.288,21.749,40.559
462.694,402.196,21.749,40.559
462.330,404.015,21.749,40.559
461.967,403.166,21.749,40.559
463.017,404.183,21.285,39.694
462.423,404.302,21.285,39.694
461.355,404.658,21.285,39.694
462.661,406.912,21.285,39.694
461.118,397.063,21.285,39.694
462.374,395.771,20.831,38.847
462.485,396.969,20.387,38.019
461.462,398.219,20.387,38.019
463.103,399.391,19.952,37.208
464.495,400.538,19.527,36.415
459.562,413.203,19.110,35.638
460.734,415.227,19.110,35.638
462.119,417.464,19.110,35.638
463.930,417.997,19.110,35.638
465.263,419.712,18.703,34.878
465.576,418.148,18.703,34.878
465.055,413.873,18.703,34.878
465.389,411.215,19.116,35.650
435.656,381.299,19.539,36.438
437.725,379.447,19.539,36.438
439.795,380.210,19.539,36.438
443.825,379.012,19.539,36.438
445.677,379.774,19.539,36.438
448.183,380.973,19.539,36.438
450.688,381.081,19.539,36.438
452.322,381.844,19.539,36.438
453.956,382.824,19.539,36.438
457.986,384.023,19.539,36.438
459.620,382.824,19.539,36.438
460.818,383.369,19.539,36.438
464.492,380.713,19.123,35.661
465.877,379.540,19.123,35.661
467.263,380.926,19.123,35.661
468.223,381.885,19.123,35.661
467.903,383.484,19.123,35.661
469.076,382.099,19.123,35.661
470.675,383.911,19.123,35.661
466.592,391.591,19.546,36.450
461.741,402.379,19.978,37.257
460.711,402.776,20.420,38.081
461.508,401.069,20.420,38.081
460.691,399.348,20.872,38.924
461.305,398.072,21.334,39.785
460.946,396.522,21.806,40.665
462.283,396.157,21.806,40.665
461.919,394.090,21.806,40.665
461.311,392.267,21.806,40.665
463.134,388.498,21.806,40.665
462.769,382.056,21.806,40.665
462.182,380.029,21.341,39.798
462.777,381.099,21.341,39.798
460.992,385.025,21.341,39.798
459.921,386.334,21.341,39.798
460.992,380.504,21.341,39.798
463.015,376.340,21.341,39.798
462.658,376.221,21.341,39.798
461.825,376.578,21.341,39.798
462.658,378.125,21.341,39.798
462.539,379.434,21.341,39.798
463.110,377.909,20.886,38.949
462.761,376.162,20.886,38.949
462.647,377.363,20.440,38.119
464.512,378.099,20.005,37.306
463.509,375.980,20.005,37.306
463.174,376.091,20.005,37.306
462.840,375.088,20.005,37.306
463.805,376.023,19.578,36.510
464.961,378.411,19.160,35.732
464.213,379.586,19.160,35.732
459.458,377.750,19.584,36.522
458.901,378.819,20.018,37.330
460.798,380.939,20.018,37.330
460.240,382.167,20.018,37.330
461.245,380.493,20.018,37.330
462.026,379.488,20.018,37.330
460.798,380.493,20.018,37.330
462.195,380.138,19.591,36.534
462.959,380.028,19.591,36.534
461.976,380.356,19.591,36.534
463.178,382.213,19.591,36.534
462.850,383.196,19.591,36.534
462.741,383.305,19.591,36.534
463.069,384.288,19.591,36.534
462.086,387.237,19.591,36.534
461.103,388.656,19.591,36.534
460.364,388.309,19.173,35.755
461.702,388.381,18.764,34.993
460.970,390.369,18.764,34.993
461.522,384.230,19.179,35.767
462.698,383.053,19.179,35.767
463.233,382.733,19.179,35.767
463.797,379.120,19.604,36.558
462.813,374.202,19.604,36.558
464.453,373.219,19.604,36.558
465.610,376.031,19.186,35.778
465.093,378.165,18.776,35.015
464.342,372.456,19.192,35.790
464.031,371.910,18.783,35.027
462.670,370.130,18.783,35.027
462.146,368.768,18.783,35.027
463.507,369.920,18.783,35.027
464.414,372.211,18.382,34.280
465.894,373.663,17.990,33.549
465.593,369.953,17.990,33.549
464.691,367.245,17.990,33.549
462.584,368.749,17.990,33.549
462.073,367.233,18.388,34.291
463.406,366.721,18.388,34.291
462.483,368.258,18.388,34.291
463.611,367.746,18.388,34.291
463.939,364.920,18.795,35.050
465.857,366.203,18.394,34.302
463.632,360.823,18.801,35.061
460.173,360.299,18.801,35.061
463.118,361.543,19.217,35.837
465.368,362.935,19.217,35.837
465.057,364.453,18.807,35.073
465.358,365.737,18.406,34.325
466.643,367.191,18.014,33.593
466.931,368.420,17.629,32.877
467.226,368.911,17.629,32.877
467.325,370.189,17.629,32.877
468.365,371.013,17.254,32.176
469.808,371.494,17.254,32.176
471.012,371.003,16.886,31.489
452.090,375.051,16.886,31.489
452.938,375.333,16.886,31.489
456.232,374.298,16.886,31.489
456.891,374.768,16.886,31.489
457.927,375.616,16.886,31.489
458.398,376.463,16.886,31.489
459.939,375.256,16.526,30.818
461.136,375.901,16.526,30.818
463.071,376.546,16.526,30.818
464.453,377.928,16.526,30.818
466.139,376.747,16.173,30.161
464.606,375.575,16.173,30.161
463.975,377.108,16.173,30.161
465.798,376.995,15.828,29.517
464.351,375.183,15.491,28.888
462.538,379.587,15.491,28.888
461.288,385.972,15.160,28.272
467.396,392.383,14.837,27.669
473.215,398.338,14.521,27.079
476.048,396.638,14.521,27.079
476.643,396.759,14.842,27.678
475.878,398.084,15.170,28.290
476.132,399.860,15.170,28.290
474.648,397.704,15.506,28.916
475.945,403.323,15.506,28.916
474.994,404.274,15.506,28.916
473.178,392.777,15.506,28.916
472.594,392.502,15.175,28.300
472.171,392.079,15.175,28.300
470.394,391.825,15.175,28.300
470.148,394.655,14.852,27.696
469.238,396.062,14.852,27.696
471.870,399.470,14.535,27.106
473.040,402.805,14.225,26.528
472.168,404.311,14.225,26.528
472.549,406.352,13.922,25.962
472.772,408.350,13.625,25.408
474.063,409.033,13.625,25.408
474.779,406.782,13.926,25.970
475.350,406.736,14.234,26.545
475.934,407.184,14.549,27.132
476.194,407.641,14.871,27.733
475.943,408.108,15.200,28.346
475.863,408.410,15.536,28.973
476.140,408.179,15.880,29.614
474.954,407.944,16.232,30.270
473.416,411.292,16.232,30.270
469.315,410.655,15.885,29.624
466.156,410.373,15.547,28.992
461.894,409.430,15.215,28.374
457.059,407.818,15.215,28.374
455.617,407.224,15.215,28.374
454.345,408.496,15.215,28.374
454.939,412.313,15.215,28.374
454.175,415.622,15.215,28.374
455.617,421.474,15.215,28.374
456.720,424.782,15.215,28.374
457.314,428.260,15.215,28.374
458.586,429.193,15.215,28.374
457.195,430.559,14.891,27.769
456.282,431.970,14.891,27.769
455.369,432.883,14.891,27.769
453.957,432.302,14.891,27.769
452.712,433.547,14.891,27.769
450.139,434.460,14.891,27.769
448.894,435.705,14.891,27.769
448.146,439.109,14.891,27.769
446.901,443.011,14.891,27.769
447.780,444.827,14.573,27.177
448.999,444.096,14.573,27.177
449.859,445.717,14.262,26.597
449.015,449.142,13.958,26.030
448.626,450.310,13.958,26.030
447.770,451.632,13.958,26.030
446.914,453.422,13.958,26.030
447.147,455.212,13.958,26.030
445.669,456.535,13.958,26.030
445.902,457.858,13.958,26.030
444.579,461.515,13.958,26.030
443.412,462.838,13.958,26.030
444.424,464.783,13.958,26.030
445.280,465.328,13.958,26.030
446.914,464.783,13.958,26.030
450.260,466.262,13.958,26.030
450.649,467.584,13.958,26.030
453.684,466.884,13.958,26.030
456.874,466.651,13.958,26.030
459.909,465.328,13.958,26.030
462.632,464.316,13.958,26.030
463.021,465.016,13.958,26.030
464.189,464.161,13.958,26.030
467.846,462.526,13.958,26.030
472.437,463.227,13.958,26.030
473.604,460.659,13.958,26.030
452.828,439.882,13.958,26.030
454.207,438.383,14.267,26.606
456.991,437.190,14.267,26.606
458.184,434.725,14.267,26.606
458.264,430.032,14.267,26.606
457.858,428.005,14.583,27.195
457.127,427.923,14.583,27.195
456.070,427.029,14.583,27.195
457.127,427.923,14.583,27.195
457.533,428.818,14.583,27.195
457.614,429.224,14.583,27.195
456.883,430.118,14.583,27.195
457.289,431.013,14.583,27.195
457.696,431.419,14.583,27.195
457.619,429.853,14.905,27.796
457.868,429.438,14.905,27.796
458.117,428.690,14.905,27.796
458.533,427.111,14.905,27.796
457.937,425.510,15.235,28.411
458.531,425.935,15.235,28.411
458.803,424.475,15.572,29.040
458.196,425.083,15.572,29.040
458.654,425.032,15.917,29.682
459.452,425.476,15.917,29.682
459.737,425.608,16.269,30.339
458.920,426.242,16.269,30.339
459.964,427.506,16.629,31.010
461.992,427.837,16.997,31.696
463.603,426.605,16.997,31.696
464.889,426.746,17.373,32.398
465.567,425.680,17.373,32.398
465.858,425.971,17.373,32.398
465.567,424.712,17.373,32.398
465.858,426.358,17.373,32.398
466.729,427.036,17.373,32.398
466.633,427.327,17.373,32.398
466.148,428.005,17.373,32.398
465.655,428.350,17.757,33.115
464.328,428.908,18.150,33.847
463.620,426.581,18.150,33.847
459.674,424.456,18.150,33.847
455.799,424.606,18.552,34.596
453.340,423.043,18.962,35.362
452.144,421.007,19.382,36.144
450.920,421.616,19.810,36.944
451.045,420.176,20.249,37.761
450.470,418.001,20.697,38.596
450.354,419.271,20.697,38.596
450.484,417.048,21.155,39.450
451.352,414.287,21.623,40.323
448.986,412.715,22.101,41.215
449.356,413.331,22.101,41.215
454.161,413.947,22.101,41.215
459.459,413.578,22.101,41.215
461.554,414.687,22.101,41.215
461.923,415.303,22.101,41.215
462.293,415.426,22.101,41.215
462.170,415.795,22.101,41.215
461.554,414.194,22.101,41.215
461.184,413.331,22.101,41.215
462.489,416.027,21.630,40.336
461.886,417.354,21.630,40.336
461.283,416.509,21.630,40.336
460.680,418.559,21.630,40.336
460.318,419.886,21.630,40.336
462.456,418.063,22.108,41.229
462.086,416.215,22.108,41.229
460.977,417.324,22.108,41.229
462.333,416.954,22.108,41.229
461.963,415.105,22.108,41.229
461.840,415.968,22.108,41.229
461.470,416.831,22.108,41.229
462.086,417.940,22.108,41.229
463.442,417.817,22.108,41.229
463.565,419.419,22.108,41.229
463.195,419.542,22.108,41.229
463.075,417.487,21.637,40.350
464.401,415.437,21.637,40.350
463.557,413.627,21.637,40.350
463.919,412.301,21.637,40.350
463.557,411.697,21.637,40.350
463.919,410.853,21.637,40.350
463.316,409.767,21.637,40.350
463.436,411.094,21.637,40.350
464.073,411.524,22.116,41.242
464.196,412.387,22.116,41.242
463.827,413.990,22.116,41.242
463.703,415.346,22.116,41.242
463.333,416.209,22.116,41.242
464.443,416.825,22.116,41.242
463.580,417.935,22.116,41.242
463.457,415.839,22.116,41.242
463.827,416.949,22.116,41.242
463.703,418.552,22.116,41.242
463.580,419.908,22.116,41.242
463.703,418.798,22.116,41.242
463.580,419.908,22.116,41.242
464.196,420.031,22.116,41.242
464.566,418.675,22.116,41.242
463.426,419.370,22.605,42.155
464.056,419.748,22.605,42.155
463.930,420.126,22.605,42.155
463.552,417.732,22.605,42.155
462.910,418.180,23.105,43.088
462.781,417.279,23.105,43.088
463.168,417.665,23.105,43.088
462.781,415.991,23.105,43.088
462.910,416.892,23.105,43.088
463.039,418.309,23.105,43.088
463.168,419.726,23.105,43.088
462.244,420.185,23.616,44.041
462.902,419.790,23.616,44.041
462.770,420.185,23.616,44.041
462.375,421.107,23.616,44.041
462.244,422.028,23.616,44.041
462.375,422.686,23.616,44.041
462.524,423.155,24.139,45.015
462.928,423.828,24.139,45.015
462.793,422.617,24.139,45.015
462.659,422.752,24.139,45.015
462.255,423.155,24.139,45.015
461.851,421.406,24.139,45.015
463.062,418.580,24.139,45.015
462.097,415.150,24.673,46.011
461.960,413.362,24.673,46.011
461.544,413.852,25.219,47.029
461.122,413.993,25.219,47.029
460.406,411.868,25.777,48.070
459.375,412.678,26.347,49.133
458.641,414.000,26.347,49.133
457.319,415.322,26.347,49.133
458.641,413.412,26.347,49.133
458.200,415.322,26.347,49.133
457.466,416.350,26.347,49.133
455.850,414.734,26.347,49.133
458.347,415.469,26.347,49.133
459.669,416.497,26.347,49.133
458.934,416.644,26.347,49.133
459.405,414.729,26.930,50.220
460.756,416.080,26.930,50.220
459.991,416.614,27.526,51.332
460.801,417.161,28.135,52.467
459.350,417.069,28.757,53.628
458.549,415.947,28.757,53.628
459.350,416.428,28.757,53.628
458.549,414.985,28.757,53.628
459.030,416.428,28.757,53.628
459.831,418.191,28.757,53.628
459.671,418.993,28.757,53.628
459.511,419.794,28.757,53.628
459.350,420.596,28.757,53.628
458.549,422.680,28.757,53.628
459.350,424.764,28.757,53.628
459.190,425.886,28.757,53.628
459.030,426.688,28.757,53.628
459.831,423.642,28.757,53.628
459.671,424.764,28.757,53.628
459.190,424.924,28.757,53.628
459.350,421.558,28.757,53.628
458.869,421.718,28.757,53.628
458.709,420.916,28.757,53.628
459.831,421.397,28.757,53.628
459.350,418.672,28.757,53.628
458.869,417.870,28.757,53.628
459.992,414.824,28.757,53.628
459.190,412.740,28.757,53.628
459.350,413.862,28.757,53.628
458.869,414.664,28.757,53.628
459.992,415.466,28.757,53.628
459.511,415.947,28.757,53.628
458.709,414.183,28.757,53.628
458.869,412.740,28.757,53.628
459.350,411.297,28.757,53.628
458.869,412.740,28.757,53.628
459.992,413.862,28.757,53.628
459.831,414.985,28.757,53.628
459.350,415.786,28.757,53.628
458.869,416.588,28.757,53.628
459.350,418.031,28.757,53.628
458.869,418.191,28.757,53.628
459.671,418.672,28.757,53.628
458.869,417.870,28.757,53.628
459.671,416.748,28.757,53.628
458.869,415.947,28.757,53.628
459.992,416.428,28.757,53.628
459.511,417.550,28.757,53.628
459.350,418.351,28.757,53.628
459.511,418.832,28.757,53.628
458.709,416.748,28.757,53.628
459.511,417.229,28.757,53.628
459.030,417.710,28.757,53.628
459.511,416.588,28.757,53.628
459.350,418.031,28.757,53.628
459.190,418.832,28.757,53.628
458.709,419.313,28.757,53.628
459.190,420.435,28.757,53.628
459.030,421.237,28.757,53.628
460.152,421.077,28.757,53.628
458.709,421.558,28.757,53.628
459.190,422.359,28.757,53.628
458.709,423.161,28.757,53.628
458.869,423.962,28.757,53.628
459.671,424.443,28.757,53.628
459.190,425.245,28.757,53.628
459.030,426.046,28.757,53.628
459.831,426.207,28.757,53.628
459.671,426.688,28.757,53.628
459.511,423.962,28.757,53.628
459.350,421.558,28.757,53.628
458.866,421.796,29.393,54.815
459.685,419.010,29.393,54.815
458.510,418.574,30.044,56.027
459.047,418.475,30.708,57.267
457.848,416.592,30.708,57.267
458.362,417.106,30.708,57.267
458.194,414.911,30.054,56.046
458.697,415.749,30.054,56.046
459.200,414.576,30.054,56.046
457.303,411.696,30.718,57.286
458.501,408.443,30.718,57.286
458.330,405.874,30.718,57.286
457.131,403.648,30.718,57.286
455.933,401.079,30.718,57.286
456.104,399.880,30.718,57.286
455.933,401.764,30.718,57.286
454.734,404.675,30.718,57.286
453.535,406.901,30.718,57.286
454.734,409.128,30.718,57.286
454.216,410.093,31.398,58.553
433.036,456.829,31.398,58.553
423.759,453.503,31.398,58.553
410.981,452.278,31.398,58.553
401.704,452.103,31.398,58.553
393.097,450.196,30.729,57.305
384.703,448.997,30.729,57.305
375.281,446.428,30.729,57.305
366.202,443.515,30.729,57.305
357.465,442.659,30.729,57.305
348.381,442.114,30.073,56.083
338.490,440.605,30.073,56.083
329.604,439.767,30.073,56.083
321.683,438.587,29.432,54.887
310.452,437.433,28.804,53.716
299.693,434.703,28.804,53.716
289.898,428.762,28.804,53.716
279.460,424.747,28.804,53.716
269.986,420.733,28.804,53.716
262.709,415.269,28.190,52.571
252.558,412.952,27.589,51.449
244.714,408.491,27.589,51.449
237.485,400.955,27.589,51.449
230.515,397.501,27.001,50.352
223.984,393.540,26.425,49.279
217.060,390.447,26.425,49.279
210.726,384.996,26.425,49.279
204.618,382.824,25.861,48.228
198.130,381.526,25.861,48.228
191.066,383.400,25.861,48.228
185.366,382.386,25.310,47.199
179.377,382.888,25.870,48.243
178.402,382.152,25.318,47.215
175.632,383.533,25.878,48.259
176.693,376.563,26.451,49.327
171.716,376.947,25.887,48.275
164.898,375.097,25.335,47.246
159.042,374.648,24.794,46.238
150.058,372.298,24.794,46.238
143.904,368.775,25.343,47.261
136.698,368.069,25.343,47.261
130.841,368.164,24.802,46.253
128.127,370.378,25.351,47.277
127.407,370.295,25.912,48.323
125.472,367.812,26.485,49.392
123.257,370.913,26.485,49.392
116.990,374.196,27.071,50.485
109.644,380.370,27.670,51.601
105.337,381.880,28.283,52.743
97.990,380.806,28.908,53.910
90.146,381.714,29.548,55.103
78.450,385.174,29.548,55.103
72.685,385.338,29.548,55.103
28.703,363.430,29.548,55.103
19.973,364.253,29.548,55.103
12.560,361.453,29.548,55.103
7.124,363.265,29.548,55.103
2.018,364.089,29.548,55.103
-5.066,361.288,29.548,55.103
19.149,364.748,29.548,55.103
20.961,367.218,29.548,55.103
19.847,369.870,28.918,53.928
19.041,371.643,28.918,53.928
21.369,374.238,28.301,52.778
19.694,377.386,27.698,51.652
17.069,378.776,27.698,51.652
15.321,381.248,28.310,52.795
14.848,382.669,28.310,52.795
8.476,382.249,28.937,53.963
1.294,381.150,29.577,55.157
-1.258,381.737,30.231,56.377
-4.671,382.825,29.587,55.175
-5.826,380.351,29.587,55.175
-7.640,375.568,29.587,55.175
-6.212,374.089,28.956,53.999
-7.988,371.022,28.956,53.999
-8.149,371.507,28.956,53.999
-8.633,372.314,28.956,53.999
-8.149,372.475,28.956,53.999
-8.930,375.696,28.338,52.847
-8.456,377.118,28.338,52.847
-7.982,377.908,28.338,52.847
-7.192,379.014,28.338,52.847
-5.770,381.067,28.338,52.847
-7.192,379.646,28.338,52.847
-5.454,376.960,28.338,52.847
-5.928,375.222,28.338,52.847
-5.454,377.908,28.338,52.847
-4.292,375.520,28.965,54.016
-4.445,362.023,29.606,55.211
-3.290,360.537,29.606,55.211
-5.105,362.683,29.606,55.211
-7.581,359.547,29.606,55.211
-8.379,363.158,28.975,54.034
-10.094,370.429,28.357,52.882
-12.782,374.065,28.357,52.882
-14.520,380.230,28.357,52.882
-14.675,384.604,27.752,51.754
-14.528,388.585,27.160,50.650
-13.801,392.774,26.581,49.570
-13.060,395.293,26.581,49.570
-10.245,402.258,26.581,49.570
-12.104,400.073,26.014,48.513
-13.699,397.897,26.014,48.513
-8.043,400.943,26.014,48.513
-6.448,403.118,26.014,48.513
14.871,416.606,26.014,48.513
8.345,414.430,26.014,48.513
-2.532,412.835,26.014,48.513
3.756,398.954,25.460,47.479
0.608,396.861,24.917,46.466
-3.271,398.509,25.468,47.494
-5.173,408.442,26.031,48.545
19.353,421.068,26.031,48.545
13.983,420.342,26.031,48.545
3.306,417.246,26.607,49.619
-3.665,415.614,26.607,49.619
-6.780,411.609,26.607,49.619
-9.785,407.420,26.040,48.561
-11.127,404.322,26.616,49.635
-11.276,402.690,26.616,49.635
-9.991,402.504,26.048,48.577
-9.573,404.562,25.493,47.541
-8.616,407.124,24.949,46.527
-8.477,407.263,24.949,46.527
-8.060,405.733,24.949,46.527
-8.196,409.580,24.417,45.535
-7.516,411.622,24.417,45.535
-7.107,412.847,24.417,45.535
-8.060,415.978,24.417,45.535
-6.881,418.169,23.897,44.564
-7.012,423.139,23.387,43.613
-6.881,425.877,23.387,43.613
-6.229,424.964,23.387,43.613
-6.099,421.704,23.387,43.613
-5.708,416.359,23.387,43.613
-6.590,412.928,22.888,42.683
-5.977,407.111,22.400,41.773
-6.099,405.029,21.922,40.882
-5.977,399.774,21.922,40.882
-7.321,395.007,21.922,40.882
-8.421,389.996,21.922,40.882
-7.363,388.430,21.455,40.010
-6.525,386.396,21.455,40.010
-6.406,382.210,21.455,40.010
-5.808,381.373,21.455,40.010
-5.688,380.536,21.455,40.010
-5.090,378.263,21.455,40.010
-6.645,372.163,21.455,40.010
-6.286,374.196,21.455,40.010
-5.688,376.708,21.455,40.010
-6.286,379.220,21.455,40.010
-5.927,380.057,21.455,40.010
-6.764,380.655,21.455,40.010
-6.884,382.449,21.455,40.010
-7.482,383.287,21.455,40.010
-7.599,382.445,20.997,39.157
-7.716,380.455,20.997,39.157
-8.302,381.743,20.997,39.157
-7.739,384.530,20.550,38.322
-8.770,385.790,20.550,38.322
-8.427,388.196,20.550,38.322
-7.435,389.377,20.111,37.505
-8.219,389.938,20.111,37.505
-8.113,392.175,19.682,36.705
-8.662,393.162,19.682,36.705
-7.674,395.028,19.682,36.705
-7.993,397.640,19.263,35.922
-7.684,400.404,18.852,35.156
-7.579,401.980,18.852,35.156
-6.633,403.977,18.852,35.156
-6.948,407.655,18.852,35.156
-7.054,408.181,18.852,35.156
-7.579,407.445,18.852,35.156
-7.054,407.340,18.852,35.156
-7.369,408.286,18.852,35.156
-7.066,407.952,18.450,34.407
-7.786,408.466,18.450,34.407
-7.066,409.392,18.450,34.407
-7.581,408.672,18.450,34.407
-6.655,409.186,18.450,34.407
-6.964,409.906,18.450,34.407
-7.066,411.655,18.450,34.407
-6.572,413.310,18.056,33.673
-6.069,409.988,18.056,33.673
-5.197,409.862,17.671,32.955
-4.534,407.270,17.295,32.252
-5.209,406.017,17.295,32.252
-5.303,405.524,16.926,31.564
-5.020,405.807,16.926,31.564
-4.737,404.203,16.926,31.564
-5.587,403.543,16.926,31.564
-5.115,404.769,16.926,31.564
-4.643,403.731,16.926,31.564
-5.115,405.147,16.926,31.564
-4.265,406.185,16.926,31.564
-5.138,404.759,17.300,32.263
-5.427,404.662,17.300,32.263
-4.559,406.495,17.300,32.263
-4.270,407.941,17.300,32.263
-4.922,406.891,16.931,31.575
-4.828,407.929,16.931,31.575
-3.646,411.632,16.570,30.901
-4.847,410.431,16.570,30.901
-3.831,410.339,16.570,30.901
-3.535,411.626,16.937,31.585
-2.874,415.120,16.937,31.585
-3.747,413.693,17.312,32.284
-3.438,412.034,17.695,32.998
-2.945,412.922,17.695,32.998
-2.255,411.640,17.695,32.998
-2.962,409.944,18.086,33.728
-3.265,408.633,18.086,33.728
-3.769,406.718,18.086,33.728
-4.492,402.265,18.486,34.474
-3.564,403.398,18.486,34.474
-4.080,405.356,18.486,34.474
-4.389,409.376,18.486,34.474
-3.845,413.806,18.895,35.237
-4.582,420.653,18.895,35.237
-5.119,424.962,19.313,36.017
-6.088,424.424,19.313,36.017
-6.411,422.378,19.313,36.017
-5.657,420.763,19.313,36.017
-5.119,418.502,19.313,36.017
-6.088,417.749,19.313,36.017
-5.765,420.010,19.313,36.017
-5.442,420.979,19.313,36.017
-5.119,422.594,19.313,36.017
-4.796,426.578,19.313,36.017
-4.258,427.331,19.313,36.017
-3.719,429.162,19.313,36.017
-3.612,431.423,19.313,36.017
-3.267,435.381,19.741,36.814
-3.371,437.600,20.177,37.628
-3.244,441.735,20.624,38.461
-4.307,446.200,21.080,39.312
-3.485,451.488,21.080,39.312
-3.367,455.602,21.080,39.312
-4.425,454.779,21.080,39.312
-5.718,454.897,21.080,39.312
-5.835,456.894,21.080,39.312
-5.953,457.952,21.080,39.312
-6.540,459.715,21.080,39.312
-7.363,461.948,21.080,39.312
-8.449,463.098,21.547,40.181
-8.104,469.199,21.087,39.324
-7.313,474.038,20.637,38.486
-7.869,479.882,20.197,37.665
-7.981,483.597,20.197,37.665
-6.968,482.134,20.197,37.665
-6.405,476.166,20.197,37.665
-5.166,474.477,20.197,37.665
-4.603,473.464,20.197,37.665
-4.491,472.000,20.197,37.665
-4.130,467.728,20.644,38.498
-3.555,466.002,20.644,38.498
-2.708,464.024,21.101,39.350
-2.820,461.758,21.568,40.221
-1.936,462.935,22.045,41.111
-1.075,461.337,22.045,41.111
-1.702,459.224,22.533,42.020
-2.581,461.109,22.533,42.020
-3.482,462.599,23.031,42.950
-3.071,462.257,23.541,43.900
-2.940,461.338,23.541,43.900
-3.858,459.895,23.541,43.900
-3.464,458.713,23.541,43.900
-3.589,458.636,24.062,44.872
-2.918,459.307,24.062,44.872
-3.880,457.558,24.594,45.864
-4.579,456.624,25.138,46.879
-3.598,455.643,25.138,46.879
-2.897,454.382,25.138,46.879
-3.030,452.845,25.694,47.916
-3.460,450.410,25.694,47.916
-3.298,444.679,26.263,48.977
-2.877,443.649,25.703,47.932
-2.734,442.072,25.703,47.932
-1.731,443.075,25.703,47.932
-1.587,444.365,25.703,47.932
-2.615,445.767,26.271,48.993
-4.273,451.151,26.853,50.077
-5.022,457.289,26.853,50.077
-6.070,463.726,26.853,50.077
-5.022,469.565,26.853,50.077
-3.974,472.109,26.853,50.077
-4.115,473.264,27.447,51.184
-6.165,470.951,28.054,52.317
-5.340,469.561,28.675,53.474
-7.738,471.959,28.675,53.474
-5.660,471.480,28.675,53.474
-3.901,469.082,28.675,53.474
-3.102,469.242,28.675,53.474
1.854,470.361,28.675,53.474
10.006,466.684,28.675,53.474
16.561,462.688,28.675,53.474
18.959,459.650,28.675,53.474
16.241,457.572,28.675,53.474
17.999,452.936,28.675,53.474
16.880,450.858,28.675,53.474
14.802,450.378,28.675,53.474
8.887,448.940,28.675,53.474
3.612,451.657,28.675,53.474
-1.846,450.237,29.309,54.658
-4.951,447.786,29.309,54.658
-7.402,443.374,29.309,54.658
-6.539,439.887,29.958,55.867
-5.658,438.057,30.620,57.103
-6.882,435.831,31.298,58.366
-6.010,434.609,31.298,58.366
-5.089,432.335,31.990,59.658
-3.127,430.373,31.990,59.658
-1.522,428.411,31.990,59.658
0.440,426.449,31.990,59.658
0.271,428.195,32.698,60.978
0.818,429.106,32.698,60.978
1.365,427.830,32.698,60.978
1.911,429.106,32.698,60.978
2.094,426.372,32.698,60.978
2.641,427.648,32.698,60.978
2.458,425.643,32.698,60.978
1.911,423.273,32.698,60.978
1.365,424.914,32.698,60.978
1.192,426.319,33.422,62.327
0.260,427.624,33.422,62.327
1.192,425.574,33.422,62.327
2.124,426.878,33.422,62.327
2.683,424.829,33.422,62.327
3.242,422.779,33.422,62.327
2.310,424.456,33.422,62.327
-4.211,428.369,33.422,62.327
-7.006,431.536,33.422,62.327
-7.938,433.586,33.422,62.327
-6.683,436.585,32.709,60.998
-7.213,436.708,32.011,59.697
-9.108,437.173,31.329,58.424
-10.626,437.964,30.661,57.178
-8.816,439.727,30.007,55.959
-8.013,441.130,29.367,54.765
-9.159,440.966,29.367,54.765
-7.358,442.439,29.367,54.765
-5.884,439.656,29.367,54.765
-4.738,436.546,29.367,54.765
-5.557,435.727,29.367,54.765
-6.375,435.563,29.367,54.765
-6.212,434.417,29.367,54.765
-6.375,433.599,29.367,54.765
-5.229,436.382,29.367,54.765
-5.393,433.599,29.367,54.765
-6.867,432.453,29.367,54.765
-8.013,435.236,29.367,54.765
-6.867,434.417,29.367,54.765
-7.358,434.254,29.367,54.765
-7.849,436.055,29.367,54.765
-7.358,434.254,29.367,54.765
-8.504,433.108,29.367,54.765
-7.685,435.563,29.367,54.765
-6.142,434.448,30.017,55.977
-5.974,433.277,30.017,55.977
-6.133,431.442,30.681,57.215
-5.620,434.692,30.681,57.215
-5.427,432.817,31.360,58.481
-4.553,431.593,31.360,58.481
-3.993,430.402,32.053,59.775
-3.420,428.072,32.763,61.098
-2.456,425.312,33.487,62.449
-4.883,427.365,33.487,62.449
-7.310,426.805,33.487,62.449
-8.243,426.245,33.487,62.449
-9.177,425.312,33.487,62.449
-7.497,424.752,33.487,62.449
-6.240,428.477,32.773,61.118
-7.519,429.025,32.773,61.118
-6.641,428.796,32.074,59.814
-5.747,427.187,32.074,59.814
-6.283,425.220,32.074,59.814
-6.803,423.962,31.390,58.539
-7.678,421.687,31.390,58.539
-9.253,419.762,31.390,58.539
-8.728,418.537,31.390,58.539
-8.203,417.662,31.390,58.539
-7.678,419.587,31.390,58.539
-8.203,419.412,31.390,58.539
-7.328,420.987,31.390,58.539
-8.203,422.212,31.390,58.539
-6.978,423.437,31.390,58.539
-9.603,421.512,31.390,58.539
-8.378,419.587,31.390,58.539
-6.453,419.762,31.390,58.539
-5.228,418.187,31.390,58.539
-4.388,417.293,30.721,57.290
-3.895,416.088,30.066,56.069
-5.675,415.232,29.425,54.873
-6.495,415.724,29.425,54.873
-8.299,413.263,29.425,54.873
-8.135,411.459,29.425,54.873
-7.315,409.983,29.425,54.873
-8.135,408.178,29.425,54.873
-7.269,406.720,30.076,56.087
-6.036,409.405,30.741,57.328
-5.865,407.862,30.741,57.328
-4.249,405.272,31.421,58.596
-3.325,405.896,32.116,59.893
-2.751,406.534,32.827,61.218
-1.470,408.547,32.827,61.218
-0.921,410.560,32.827,61.218
-2.202,412.207,32.827,61.218
-2.385,413.488,32.827,61.218
-2.558,413.760,33.553,62.572
-1.959,412.098,34.296,63.957
-3.680,409.995,34.296,63.957
-2.724,407.892,34.296,63.957
-2.533,405.789,34.296,63.957
-3.871,402.921,34.296,63.957
-2.915,400.053,34.296,63.957
-2.342,397.185,34.296,63.957
-1.003,394.317,34.296,63.957
-0.812,391.831,34.296,63.957
-0.621,389.346,34.296,63.957
-1.194,386.860,34.296,63.957
-1.003,388.199,34.296,63.957
-1.959,385.713,34.296,63.957
-1.768,384.757,34.296,63.957
-0.812,386.478,34.296,63.957
-1.768,387.816,34.296,63.957
-1.156,384.530,35.054,65.372
-0.569,382.380,35.054,65.372
-1.971,380.238,35.830,66.818
-3.769,378.041,35.830,66.818
-2.770,375.843,35.830,66.818
-5.031,374.068,36.623,68.297
-3.602,375.905,36.623,68.297
-4.215,374.068,36.623,68.297
-2.786,374.272,36.623,68.297
-4.623,376.518,36.623,68.297
-4.827,373.455,36.623,68.297
-3.398,372.843,36.623,68.297
-4.419,374.272,36.623,68.297
-4.612,373.305,37.433,69.808
-6.073,374.766,37.433,69.808
-5.447,376.226,37.433,69.808
-6.073,375.183,37.433,69.808
-5.070,378.140,36.635,68.319
-4.866,379.978,36.635,68.319
-4.254,380.999,36.635,68.319
-5.683,383.246,36.635,68.319
-7.113,385.901,36.635,68.319
-6.500,387.330,36.635,68.319
-6.296,388.352,36.635,68.319
-5.683,386.922,36.635,68.319
-7.113,386.718,36.635,68.319
-5.738,389.612,35.854,66.862
-6.338,388.612,35.854,66.862
-6.138,386.413,35.854,66.862
-5.938,387.813,35.854,66.862
-7.337,386.413,35.854,66.862
-8.336,385.814,35.854,66.862
-7.337,384.015,35.854,66.862
-7.937,383.415,35.854,66.862
-7.337,384.015,35.854,66.862
-8.736,383.016,35.854,66.862
-6.937,383.615,35.854,66.862
-8.336,382.216,35.854,66.862
-8.136,381.616,35.854,66.862
-5.635,382.907,35.089,65.436
-6.222,385.059,35.089,65.436
-5.635,385.646,35.089,65.436
-5.048,384.668,35.089,65.436
-4.853,386.037,35.089,65.436
-4.266,384.668,35.089,65.436
-4.070,384.472,35.089,65.436
-3.483,383.103,35.089,65.436
-2.896,382.125,35.089,65.436
-3.874,381.538,35.089,65.436
-2.896,380.169,35.089,65.436
-3.483,378.799,35.089,65.436
-4.070,380.560,35.089,65.436
-5.473,378.009,35.865,66.884
-5.273,379.809,35.865,66.884
-3.927,383.413,35.100,65.458
-2.557,384.000,35.100,65.458
-4.318,381.065,35.100,65.458
-4.514,382.434,35.100,65.458
-3.536,383.804,35.100,65.458
-4.514,380.478,35.100,65.458
-3.536,381.065,35.100,65.458
-2.949,378.521,35.100,65.458
-2.362,375.977,35.100,65.458
-1.383,373.042,35.100,65.458
-2.787,373.739,35.877,66.906
-1.731,371.546,36.671,68.386
-1.143,370.896,35.889,66.928
-1.332,372.024,36.683,68.409
-4.496,374.025,37.494,69.922
-4.694,376.071,38.324,71.469
-1.793,375.059,39.172,73.050
-6.217,385.730,38.337,71.493
-5.602,390.819,37.519,69.968
-3.387,394.185,36.719,68.476
-0.036,397.481,35.936,67.016
2.471,400.319,35.170,65.587
7.192,402.719,34.420,64.188
9.594,405.438,33.686,62.819
11.944,406.651,32.967,61.479
14.598,405.712,32.264,60.168
17.543,408.954,31.576,58.885
20.183,409.834,31.576,58.885
23.405,408.596,30.903,57.629
29.779,412.214,30.903,57.629
31.329,414.798,30.903,57.629
33.224,412.214,30.903,57.629
35.464,413.764,30.903,57.629
38.048,415.659,30.903,57.629
40.288,417.899,30.903,57.629
43.561,416.693,30.903,57.629
46.490,417.899,30.903,57.629
49.763,415.659,30.903,57.629
54.070,414.453,30.903,57.629
55.965,415.659,30.903,57.629
58.453,417.436,30.244,56.401
60.239,419.175,29.599,55.198
62.054,418.680,29.599,55.198
63.539,419.505,29.599,55.198
64.694,420.330,29.599,55.198
66.839,419.505,29.599,55.198
67.994,419.670,29.599,55.198
69.149,421.155,29.599,55.198
70.634,421.650,29.599,55.198
73.335,421.762,28.968,54.021
75.435,419.985,28.968,54.021
78.390,420.717,28.350,52.869
79.496,421.823,28.350,52.869
85.976,420.085,28.350,52.869
91.824,417.714,28.350,52.869
92.614,417.872,28.350,52.869
94.669,416.766,28.350,52.869
97.988,417.872,28.350,52.869
103.835,418.346,28.350,52.869
109.367,421.981,28.350,52.869
111.422,424.352,28.350,52.869
115.689,424.826,28.350,52.869
121.537,426.881,28.350,52.869
124.539,429.568,28.350,52.869
130.387,430.042,28.350,52.869
136.551,428.619,28.350,52.869
143.347,426.249,28.350,52.869
149.511,424.510,28.350,52.869
155.359,423.404,28.350,52.869
161.206,421.981,28.350,52.869
167.686,423.088,28.350,52.869
174.482,422.930,28.350,52.869
185.071,421.507,28.350,52.869
195.977,423.562,28.350,52.869
207.198,425.616,28.350,52.869
213.994,423.562,28.350,52.869
219.842,424.036,28.350,52.869
225.373,425.142,28.350,52.869
232.485,425.616,28.350,52.869
238.017,422.614,28.350,52.869
243.865,422.772,28.350,52.869
249.712,423.246,28.350,52.869
255.876,420.875,28.350,52.869
258.247,421.981,28.350,52.869
259.669,423.088,28.350,52.869
266.522,424.108,27.745,51.741
268.533,425.810,27.745,51.741
270.544,426.274,27.745,51.741
277.195,423.954,27.745,51.741
278.896,421.634,27.745,51.741
280.907,419.004,27.745,51.741
283.227,415.756,27.745,51.741
285.547,414.364,27.745,51.741
291.889,412.972,27.745,51.741
294.209,409.414,27.745,51.741
295.911,406.785,27.745,51.741
297.921,404.465,27.745,51.741
299.932,404.929,27.745,51.741
298.231,405.393,27.745,51.741
296.529,403.382,27.745,51.741
297.025,398.797,28.359,52.886
294.907,396.080,28.987,54.056
297.101,393.302,29.628,55.252
294.623,389.834,29.628,55.252
294.789,387.356,29.628,55.252
293.604,382.804,30.283,56.475
295.123,378.921,30.283,56.475
297.993,376.051,30.283,56.475
298.184,373.149,30.953,57.724
295.596,371.251,30.953,57.724
314.768,363.272,31.638,59.001
317.895,358.776,32.338,60.307
315.853,354.929,33.054,61.641
315.297,346.791,33.785,63.005
310.819,343.163,34.533,64.399
307.441,339.055,35.297,65.823
305.213,330.365,36.078,67.280
303.354,326.491,36.876,68.768
302.306,323.811,37.692,70.290
303.851,321.507,38.526,71.845
301.865,319.152,39.378,73.435
303.024,315.379,40.249,75.059
304.208,311.988,41.140,76.720
305.418,308.998,42.050,78.417
307.142,311.292,42.980,80.152
308.407,312.643,43.931,81.926
310.716,310.974,44.903,83.738
314.115,311.866,45.897,85.591
316.527,310.653,46.912,87.485
319.536,313.756,47.950,89.420
321.501,314.153,49.011,91.399
322.377,311.725,50.095,93.421
319.215,313.299,51.204,95.488
320.721,314.908,52.337,97.601
322.261,313.526,53.495,99.760
320.770,316.210,53.495,99.760
317.394,315.415,54.678,101.967
312.212,313.282,54.678,101.967
307.030,311.148,54.678,101.967
301.848,310.233,54.678,101.967
297.275,311.758,54.678,101.967
294.532,315.720,54.678,101.967
296.666,314.806,54.678,101.967
296.971,316.940,54.678,101.967
297.275,322.731,54.678,101.967
299.409,326.694,54.678,101.967
302.762,330.047,54.678,101.967
306.115,332.790,54.678,101.967
303.981,335.534,54.678,101.967
306.115,334.010,54.678,101.967
307.639,335.534,54.678,101.967
308.554,340.716,54.678,101.967
311.907,343.459,54.678,101.967
315.260,340.716,54.678,101.967
315.565,344.069,54.678,101.967
317.698,346.812,54.678,101.967
319.223,345.898,54.678,101.967
322.576,346.812,54.678,101.967
325.319,348.336,54.678,101.967
325.014,349.251,54.678,101.967
326.538,347.117,54.678,101.967
329.282,349.251,54.678,101.967
333.097,353.570,53.512,99.793
333.395,354.465,53.512,99.793
334.887,352.377,53.512,99.793
332.202,349.692,53.512,99.793
328.323,352.377,53.512,99.793
323.849,352.078,53.512,99.793
318.777,348.797,53.512,99.793
313.706,349.692,53.512,99.793
309.231,347.603,53.512,99.793
304.756,350.288,53.512,99.793
300.281,350.587,53.512,99.793
297.596,348.498,53.512,99.793
295.508,349.990,53.512,99.793
294.016,352.675,53.512,99.793
293.121,354.763,53.512,99.793
295.210,352.675,53.512,99.793
297.894,352.377,53.512,99.793
299.983,353.868,53.512,99.793
302.071,349.990,53.512,99.793
305.353,347.305,53.512,99.793
308.037,346.410,53.512,99.793
309.529,345.515,53.512,99.793
311.021,347.007,53.512,99.793
313.109,344.919,53.512,99.793
315.794,345.814,53.512,99.793
316.689,343.725,53.512,99.793
316.390,344.620,53.512,99.793
313.109,346.708,53.512,99.793
309.827,347.603,53.512,99.793
307.142,346.708,53.512,99.793
303.264,349.393,53.512,99.793
298.193,352.675,53.512,99.793
291.101,347.547,54.696,102.001
284.698,348.462,54.696,102.001
278.904,346.328,54.696,102.001
272.501,345.413,54.696,102.001
267.317,341.449,54.696,102.001
260.701,336.208,55.906,104.258
254.156,340.260,55.906,104.258
249.481,343.688,55.906,104.258
243.366,338.978,57.143,106.564
237.776,334.163,58.407,108.922
234.845,337.094,58.407,108.922
231.915,340.024,58.407,108.922
228.333,337.094,58.407,108.922
228.025,334.200,59.700,111.332
225.638,336.076,61.021,113.795
223.904,331.640,62.371,116.313
222.861,334.074,62.371,116.313
221.089,334.591,63.751,118.886
221.444,331.393,63.751,118.886
221.089,332.459,63.751,118.886
219.312,335.658,63.751,118.886
216.824,337.435,63.751,118.886
218.601,337.079,63.751,118.886
216.824,338.856,63.751,118.886
215.757,341.344,63.751,118.886
213.270,345.253,63.751,118.886
210.071,348.452,63.751,118.886
213.270,344.543,63.751,118.886
211.493,348.452,63.751,118.886
213.270,349.518,63.751,118.886
213.671,345.622,65.161,121.517
211.065,348.423,66.603,124.205
206.238,361.419,66.603,124.205
200.669,366.988,66.603,124.205
195.842,369.588,66.603,124.205
196.910,369.838,65.182,121.556
196.554,370.084,63.792,118.964
199.755,368.306,63.792,118.964
204.206,368.546,62.432,116.427
209.233,370.123,61.101,113.944
212.980,367.738,61.101,113.944
217.408,366.035,61.101,113.944
221.836,365.013,61.101,113.944
226.755,367.213,59.798,111.514
230.422,367.546,59.798,111.514
235.423,367.880,59.798,111.514
239.757,366.213,59.798,111.514
241.423,366.546,59.798,111.514
245.090,366.880,59.798,111.514
247.424,363.879,59.798,111.514
251.758,360.879,59.798,111.514
255.425,359.879,59.798,111.514
259.092,360.879,59.798,111.514
260.759,358.546,59.798,111.514
261.092,361.546,59.798,111.514
260.092,363.879,59.798,111.514
259.758,360.879,59.798,111.514
257.425,363.879,59.798,111.514
255.091,365.546,59.798,111.514
251.424,363.879,59.798,111.514
248.424,363.546,59.798,111.514
246.757,367.213,59.798,111.514
247.091,366.880,59.798,111.514
244.090,367.213,59.798,111.514
241.757,364.880,59.798,111.514
239.503,368.318,58.522,109.136
240.481,367.991,58.522,109.136
239.503,365.708,58.522,109.136
237.871,364.729,58.522,109.136
235.587,363.750,58.522,109.136
238.524,360.814,58.522,109.136
237.545,358.530,58.522,109.136
238.524,358.856,58.522,109.136
238.850,354.615,58.522,109.136
243.562,350.433,57.274,106.809
242.604,351.391,57.274,106.809
239.092,351.071,57.274,106.809
240.050,346.921,57.274,106.809
238.453,341.493,57.274,106.809
238.773,337.342,57.274,106.809
239.730,337.022,57.274,106.809
236.857,336.703,57.274,106.809
235.260,337.022,57.274,106.809
233.664,334.787,57.274,106.809
232.067,333.829,57.274,106.809
230.471,332.872,57.274,106.809
229.513,333.191,57.274,106.809
228.555,335.426,57.274,106.809
228.236,337.022,57.274,106.809
227.923,341.547,56.053,104.531
229.486,340.609,56.053,104.531
229.173,340.297,56.053,104.531
226.986,338.109,56.053,104.531
227.298,336.547,56.053,104.531
229.486,335.609,56.053,104.531
229.798,332.172,56.053,104.531
233.235,329.360,56.053,104.531
237.923,329.047,56.053,104.531
241.360,326.860,56.053,104.531
244.798,327.172,56.053,104.531
249.485,328.110,56.053,104.531
254.172,327.172,56.053,104.531
259.484,326.860,56.053,104.531
264.797,329.047,56.053,104.531
271.359,327.485,56.053,104.531
276.046,329.047,56.053,104.531
276.984,331.234,56.053,104.531
279.796,334.047,56.053,104.531
283.859,332.484,56.053,104.531
287.296,330.297,56.053,104.531
286.358,329.984,56.053,104.531
289.171,328.422,56.053,104.531
287.608,332.484,56.053,104.531
286.046,332.172,56.053,104.531
283.331,335.997,54.858,102.302
284.248,336.915,54.858,102.302
282.719,335.997,54.858,102.302
281.830,339.741,53.688,100.121
285.122,335.251,53.688,100.121
287.714,334.300,52.543,97.985
286.835,336.350,52.543,97.985
287.714,333.714,52.543,97.985
288.593,334.593,52.543,97.985
285.957,333.128,52.543,97.985
282.149,330.492,52.543,97.985
280.684,330.199,52.543,97.985
279.268,329.267,51.422,95.896
276.688,330.701,51.422,95.896
274.681,333.281,51.422,95.896
277.261,335.287,51.422,95.896
277.548,333.854,51.422,95.896
279.555,331.847,51.422,95.896
280.415,335.001,51.422,95.896
280.701,337.007,51.422,95.896
282.708,336.721,51.422,95.896
284.715,339.301,51.422,95.896
286.721,337.294,51.422,95.896
289.875,334.714,51.422,95.896
291.882,336.721,51.422,95.896
291.595,339.874,51.422,95.896
295.322,341.881,51.422,95.896
299.048,342.741,51.422,95.896
297.615,344.174,51.422,95.896
292.168,346.754,51.422,95.896
287.868,348.188,51.422,95.896
284.715,350.768,51.422,95.896
283.281,350.481,51.422,95.896
282.421,351.914,51.422,95.896
282.708,351.628,51.422,95.896
282.421,350.194,51.422,95.896
283.855,352.774,51.422,95.896
282.421,354.781,51.422,95.896
279.268,357.934,51.422,95.896
275.541,361.088,51.422,95.896
272.296,359.135,52.560,98.018
269.658,360.600,52.560,98.018
267.021,364.409,52.560,98.018
262.626,367.632,52.560,98.018
261.161,369.097,52.560,98.018
260.282,367.046,52.560,98.018
261.161,366.167,52.560,98.018
263.212,366.460,52.560,98.018
264.677,369.097,52.560,98.018
265.556,365.874,52.560,98.018
262.445,370.591,51.439,95.927
263.879,370.304,51.439,95.927
266.460,365.429,51.439,95.927
270.354,360.500,52.577,98.050
271.819,362.552,52.577,98.050
273.871,364.604,52.577,98.050
272.405,367.242,52.577,98.050
273.871,365.776,52.577,98.050
274.202,360.738,53.741,100.219
275.700,362.835,53.741,100.219
275.400,365.532,53.741,100.219
273.303,367.030,53.741,100.219
272.404,364.333,53.741,100.219
270.307,365.831,53.741,100.219
269.408,363.135,53.741,100.219
266.112,364.633,53.741,100.219
264.087,368.300,52.595,98.082
260.275,369.180,52.595,98.082
259.395,365.368,52.595,98.082
256.170,366.834,52.595,98.082
253.531,367.714,52.595,98.082
252.651,369.180,52.595,98.082
252.945,368.887,52.595,98.082
254.411,367.421,52.595,98.082
257.636,368.300,52.595,98.082
263.207,369.180,52.595,98.082
267.019,368.887,52.595,98.082
269.658,369.766,52.595,98.082
274.056,365.955,52.595,98.082
278.454,366.834,52.595,98.082
282.265,365.955,52.595,98.082
284.318,367.421,52.595,98.082
281.093,368.300,52.595,98.082
283.732,368.007,52.595,98.082
284.025,369.473,52.595,98.082
283.145,370.353,52.595,98.082
282.265,370.646,52.595,98.082
281.972,370.939,52.595,98.082
280.506,370.646,52.595,98.082
277.867,371.526,52.595,98.082
274.642,371.232,52.595,98.082
273.762,369.180,52.595,98.082
269.951,370.646,52.595,98.082
266.139,371.526,52.595,98.082
263.500,369.473,52.595,98.082
258.516,373.285,52.595,98.082
254.117,375.337,52.595,98.082
250.306,373.285,52.595,98.082
247.080,375.924,52.595,98.082
243.269,376.217,52.595,98.082
239.457,374.165,52.595,98.082
234.648,377.189,51.473,95.990
228.622,376.902,51.473,95.990
224.318,378.910,51.473,95.990
220.587,378.050,51.473,95.990
218.005,379.484,51.473,95.990
214.161,379.316,52.612,98.114
210.934,379.609,52.612,98.114
205.788,378.219,53.776,100.285
201.291,377.320,53.776,100.285
197.993,376.420,53.776,100.285
193.496,373.722,53.776,100.285
187.614,372.924,54.966,102.504
182.404,371.392,54.966,102.504
178.421,371.698,54.966,102.504
175.663,368.940,54.966,102.504
171.067,370.472,54.966,102.504
166.470,372.617,54.966,102.504
163.712,369.860,54.966,102.504
160.955,365.876,54.966,102.504
157.584,363.731,54.966,102.504
156.665,361.586,54.966,102.504
155.132,364.344,54.966,102.504
154.826,362.812,54.966,102.504
152.068,361.893,54.966,102.504
150.536,364.038,54.966,102.504
147.703,364.493,56.182,104.771
146.137,366.686,56.182,104.771
144.570,369.504,56.182,104.771
143.004,366.059,56.182,104.771
141.438,368.252,56.182,104.771
135.488,362.301,56.182,104.771
126.124,357.078,54.984,102.537
122.140,359.837,54.984,102.537
117.112,358.271,53.811,100.351
112.612,358.571,53.811,100.351
109.313,360.071,53.811,100.351
106.613,362.171,53.811,100.351
101.513,360.671,53.811,100.351
97.013,362.771,53.811,100.351
92.513,363.071,53.811,100.351
89.213,363.371,53.811,100.351
85.913,361.871,53.811,100.351
89.213,365.171,53.811,100.351
93.713,366.671,53.811,100.351
95.296,364.627,55.002,102.571
98.056,366.160,55.002,102.571
94.070,363.401,55.002,102.571
96.830,363.707,55.002,102.571
95.296,362.174,55.002,102.571
97.443,360.641,55.002,102.571
99.589,359.721,55.002,102.571
101.736,353.895,55.002,102.571
106.164,351.738,53.829,100.383
111.266,346.636,53.829,100.383
113.966,347.537,53.829,100.383
114.305,349.228,55.020,102.604
116.961,354.166,53.846,100.416
121.297,355.526,52.698,98.275
125.540,379.510,51.574,96.179
128.030,381.921,50.475,94.128
129.999,383.891,50.475,94.128
128.030,384.172,50.475,94.128
128.874,383.328,50.475,94.128
128.592,381.921,50.475,94.128
130.562,381.077,50.475,94.128
130.281,378.545,50.475,94.128
128.874,374.886,50.475,94.128
129.718,379.670,50.475,94.128
125.497,364.756,50.475,94.128
121.276,359.410,50.475,94.128
118.744,356.315,50.475,94.128
116.774,356.033,50.475,94.128
113.679,352.938,50.475,94.128
110.583,349.280,50.475,94.128
106.230,346.195,51.591,96.211
103.641,347.633,51.591,96.211
97.401,342.690,52.733,98.339
100.047,341.808,52.733,98.339
95.049,339.162,52.733,98.339
97.695,342.984,52.733,98.339
91.317,337.931,53.899,100.515
93.420,340.635,53.899,100.515
96.253,336.094,55.092,102.739
98.511,335.913,56.311,105.012
99.517,336.380,57.557,107.336
97.216,334.194,58.830,109.710
94.264,331.242,58.830,109.710
95.248,328.946,58.830,109.710
92.296,325.339,58.830,109.710
94.027,325.146,60.132,112.138
89.822,330.542,58.850,109.746
92.118,328.246,58.850,109.746
88.002,327.202,57.595,107.406
85.212,327.419,56.366,105.116
81.270,332.477,55.164,102.874
78.005,335.056,53.988,100.680
79.451,334.099,52.837,98.533
76.891,333.162,51.710,96.432
76.053,335.024,50.607,94.375
77.464,330.792,50.607,94.375
76.644,332.614,49.528,92.363
73.180,333.333,48.472,90.393
72.395,330.911,47.438,88.465
71.626,330.070,46.426,86.579
69.876,332.739,45.436,84.733
68.163,333.399,44.467,82.926
66.964,334.044,43.519,81.157
65.324,337.481,42.591,79.427
62.712,337.719,42.591,79.427
62.949,338.431,42.591,79.427
60.813,340.568,42.591,79.427
58.201,342.230,42.591,79.427
57.014,344.367,42.591,79.427
55.351,343.180,42.591,79.427
53.689,344.842,42.591,79.427
52.027,345.554,42.591,79.427
52.740,345.317,42.591,79.427
54.338,344.562,41.683,77.733
54.106,341.541,41.683,77.733
56.197,339.450,41.683,77.733
55.965,335.499,41.683,77.733
58.986,330.619,41.683,77.733
58.758,328.984,40.794,76.075
61.604,324.754,39.924,74.453
62.674,322.330,39.073,72.865
62.460,322.897,38.239,71.311
63.100,319.273,38.239,71.311
65.445,316.075,38.239,71.311
64.805,313.730,38.239,71.311
62.460,315.222,38.239,71.311
61.821,315.009,38.239,71.311
63.313,314.370,38.239,71.311
60.115,316.288,38.239,71.311
60.328,317.781,38.239,71.311
62.247,317.141,38.239,71.311
59.902,317.781,38.239,71.311
56.704,321.405,38.239,71.311
55.212,320.339,38.239,71.311
53.720,319.699,38.239,71.311
52.654,320.765,38.239,71.311
49.980,324.608,37.424,69.790
48.102,325.234,37.424,69.790
47.059,325.442,37.424,69.790
46.016,326.903,37.424,69.790
46.642,328.780,37.424,69.790
46.839,328.117,36.626,68.302
47.427,330.223,35.845,66.846
49.542,328.432,35.080,65.420
49.351,327.433,34.332,64.025
48.795,326.455,33.600,62.660
47.528,326.220,32.884,61.323
49.116,325.991,32.182,60.016
51.015,324.037,31.496,58.736
49.435,323.159,31.496,58.736
48.557,322.983,31.496,58.736
48.030,319.998,31.496,58.736
47.503,313.502,31.496,58.736
46.274,312.624,31.496,58.736
47.855,312.097,31.496,58.736
50.137,308.761,31.496,58.736
49.610,306.829,31.496,58.736
48.030,306.654,31.496,58.736
47.855,304.020,31.496,58.736
45.923,303.142,31.496,58.736
44.343,301.913,31.496,58.736
44.518,301.035,31.496,58.736
