147.000,110.000,34.000,33.000
148.451,112.506,34.000,33.000
151.484,116.594,34.000,33.000
154.518,118.309,34.000,33.000
158.078,118.968,34.000,33.000
160.321,118.045,34.000,33.000
160.980,119.232,34.000,33.000
161.903,120.419,34.000,33.000
162.563,121.342,34.000,33.000
163.222,121.474,34.000,33.000
165.200,119.760,34.000,33.000
163.750,115.144,34.000,33.000
160.452,112.110,34.000,33.000
156.100,109.604,34.000,33.000
155.573,107.287,33.275,32.296
153.637,80.568,33.275,32.296
151.443,73.986,33.275,32.296
147.183,71.017,33.275,32.296
142.149,69.081,33.275,32.296
135.825,67.403,33.275,32.296
130.016,65.983,33.275,32.296
128.338,66.887,33.275,32.296
127.951,65.983,33.275,32.296
127.564,64.822,33.275,32.296
129.500,63.144,33.275,32.296
139.697,65.338,33.275,32.296
146.021,70.888,33.275,32.296
151.313,77.729,33.275,32.296
156.605,87.151,33.275,32.296
160.070,97.324,32.565,31.608
163.481,120.188,32.565,31.608
165.629,127.641,32.565,31.608
165.502,125.746,32.565,31.608
164.365,115.514,32.565,31.608
181.880,117.921,31.871,30.933
191.894,93.566,31.871,30.933
193.978,87.709,32.576,31.618
163.334,52.355,33.297,32.317
161.396,51.193,33.297,32.317
160.234,55.455,33.297,32.317
158.555,69.791,33.297,32.317
159.283,83.705,32.587,31.628
160.168,101.276,32.587,31.628
159.536,118.340,32.587,31.628
160.674,124.028,32.587,31.628
159.789,111.009,32.587,31.628
158.651,95.208,32.587,31.628
160.042,90.026,32.587,31.628
158.398,91.669,32.587,31.628
157.514,96.093,32.587,31.628
155.365,112.652,32.587,31.628
154.128,123.589,31.892,30.954
155.737,135.836,31.892,30.954
156.602,152.784,31.892,30.954
156.974,166.516,31.892,30.954
156.602,160.949,31.892,30.954
155.489,144.001,31.892,30.954
155.613,130.269,31.892,30.954
153.510,117.527,31.892,30.954
153.139,111.465,31.892,30.954
150.541,108.620,31.892,30.954
148.685,111.465,31.892,30.954
146.582,118.022,31.892,30.954
144.726,127.795,31.892,30.954
143.613,140.537,31.892,30.954
142.005,143.135,31.892,30.954
139.654,130.888,31.892,30.954
138.046,122.104,31.892,30.954
131.737,89.322,31.892,30.954
127.655,80.043,31.892,30.954
122.583,73.487,31.892,30.954
120.727,77.074,31.892,30.954
119.861,86.353,31.892,30.954
119.737,103.301,31.892,30.954
120.851,116.537,31.892,30.954
123.449,145.856,31.892,30.954
123.572,142.764,31.892,30.954
125.181,130.022,31.892,30.954
131.242,108.620,31.892,30.954
137.057,92.167,31.892,30.954
143.118,76.951,31.892,30.954
148.685,75.343,31.892,30.954
153.757,77.198,31.892,30.954
156.850,82.765,31.892,30.954
161.427,91.053,31.892,30.954
170.705,111.713,31.892,30.954
172.313,120.743,31.892,30.954
173.674,119.135,31.892,30.954
176.025,110.105,31.892,30.954
175.159,87.466,31.892,30.954
179.736,74.724,31.892,30.954
179.117,73.611,31.892,30.954
179.736,78.683,31.892,30.954
178.623,87.466,31.892,30.954
179.983,100.703,31.892,30.954
177.962,134.629,32.597,31.639
175.054,144.112,32.597,31.639
172.398,138.422,32.597,31.639
167.973,121.605,32.597,31.639
164.306,111.363,32.597,31.639
161.398,101.121,32.597,31.639
159.248,98.466,32.597,31.639
157.099,99.351,32.597,31.639
154.949,104.535,32.597,31.639
153.305,113.513,32.597,31.639
151.914,131.847,32.597,31.639
146.730,128.939,32.597,31.639
141.546,115.915,32.597,31.639
136.109,98.339,32.597,31.639
133.453,88.350,32.597,31.639
128.522,81.901,32.597,31.639
125.614,83.039,32.597,31.639
122.453,88.729,32.597,31.639
120.556,98.213,32.597,31.639
121.188,110.731,32.597,31.639
123.338,131.847,32.597,31.639
121.947,127.675,32.597,31.639
120.303,114.651,32.597,31.639
121.947,102.133,32.597,31.639
124.602,95.431,32.597,31.639
130.798,92.270,32.597,31.639
130.924,97.201,32.597,31.639
133.833,104.156,32.597,31.639
139.523,116.674,32.597,31.639
148.247,129.445,32.597,31.639
159.248,146.262,32.597,31.639
163.927,140.572,32.597,31.639
168.858,127.295,32.597,31.639
169.996,109.466,32.597,31.639
171.387,100.236,32.597,31.639
173.536,89.994,32.597,31.639
173.157,91.385,32.597,31.639
170.755,96.822,32.597,31.639
167.088,106.305,32.597,31.639
164.938,119.582,32.597,31.639
162.283,133.365,32.597,31.639
161.903,127.422,32.597,31.639
160.765,113.892,32.597,31.639
159.627,101.121,32.597,31.639
161.018,93.661,32.597,31.639
159.375,87.212,32.597,31.639
157.984,89.109,32.597,31.639
155.075,97.075,32.597,31.639
152.926,106.305,32.597,31.639
151.282,115.536,32.597,31.639
150.533,121.845,31.902,30.964
151.647,113.059,31.902,30.964
149.048,100.065,31.902,30.964
144.222,86.329,31.902,30.964
138.158,82.988,31.902,30.964
126.154,92.269,31.902,30.964
123.308,101.303,31.902,30.964
121.452,113.554,31.902,30.964
119.596,127.042,31.902,30.964
116.997,144.244,31.902,30.964
118.606,153.277,31.902,30.964
119.967,147.956,31.902,30.964
121.081,134.220,31.902,30.964
123.432,125.681,31.902,30.964
129.248,121.103,31.902,30.964
138.777,121.721,31.902,30.964
143.108,127.290,31.902,30.964
149.667,135.334,31.902,30.964
156.473,147.832,31.902,30.964
162.041,161.073,31.902,30.964
170.580,162.187,31.902,30.964
175.159,152.658,31.902,30.964
177.510,135.705,31.902,30.964
183.821,126.176,31.902,30.964
189.142,120.113,31.902,30.964
192.731,117.514,31.902,30.964
192.360,121.845,31.902,30.964
191.494,129.146,31.902,30.964
187.657,138.675,31.902,30.964
179.614,151.668,31.902,30.964
166.125,146.842,31.902,30.964
160.061,130.136,31.902,30.964
150.285,105.263,31.902,30.964
145.707,92.764,31.902,30.964
141.375,83.483,31.902,30.964
138.282,78.162,31.902,30.964
136.425,82.740,31.902,30.964
137.292,91.279,31.902,30.964
138.158,103.778,31.902,30.964
138.777,117.514,31.902,30.964
140.138,115.410,31.902,30.964
141.252,105.386,31.902,30.964
142.118,99.323,31.902,30.964
143.727,94.001,31.902,30.964
146.820,94.868,31.902,30.964
153.379,105.634,31.902,30.964
155.483,115.163,31.902,30.964
156.844,127.661,31.902,30.964
156.720,144.120,31.902,30.964
156.844,160.331,31.902,30.964
158.453,157.980,31.902,30.964
160.309,152.906,31.902,30.964
157.710,136.942,31.902,30.964
156.349,134.591,31.902,30.964
157.215,136.200,31.902,30.964
155.854,146.224,31.902,30.964
155.978,158.475,31.902,30.964
156.844,171.468,31.902,30.964
158.205,188.174,31.902,30.964
159.566,205.375,31.902,30.964
160.185,203.767,31.902,30.964
161.546,194.733,31.902,30.964
160.185,176.542,31.902,30.964
159.566,163.796,31.902,30.964
159.195,154.515,31.902,30.964
159.319,142.264,31.902,30.964
158.948,142.140,31.902,30.964
158.081,146.966,31.902,30.964
159.195,156.495,31.902,30.964
160.309,167.013,31.902,30.964
162.908,156.990,31.902,30.964
161.299,124.196,31.902,30.964
160.928,106.748,31.902,30.964
160.556,93.012,31.902,30.964
159.690,85.463,31.902,30.964
157.586,85.092,31.902,30.964
155.483,91.403,31.902,30.964
156.101,103.901,31.902,30.964
156.720,120.608,31.902,30.964
155.854,134.591,31.902,30.964
151.523,129.022,31.902,30.964
153.379,127.414,31.902,30.964
145.088,101.798,31.902,30.964
142.242,97.219,31.902,30.964
139.643,95.115,31.902,30.964
134.817,101.179,31.902,30.964
133.703,110.460,31.902,30.964
133.084,123.454,31.902,30.964
134.445,135.952,31.902,30.964
137.539,136.819,31.902,30.964
143.355,110.213,31.902,30.964
144.717,100.931,31.902,30.964
146.325,96.105,31.902,30.964
151.894,91.032,31.902,30.964
157.710,90.165,31.902,30.964
160.556,101.426,31.902,30.964
165.878,111.698,31.902,30.964
174.416,124.939,31.902,30.964
179.737,130.755,31.902,30.964
179.614,124.444,31.902,30.964
181.717,91.898,31.902,30.964
182.831,88.309,31.902,30.964
183.697,84.473,31.902,30.964
184.811,83.112,31.902,30.964
186.420,84.473,31.902,30.964
191.741,96.724,31.902,30.964
194.340,106.995,31.902,30.964
197.681,120.484,31.902,30.964
200.527,126.795,31.902,30.964
202.384,121.474,31.902,30.964
201.412,90.196,31.222,30.304
200.322,86.199,31.222,30.304
197.052,84.383,31.222,30.304
190.391,83.293,31.222,30.304
185.425,86.320,31.222,30.304
179.249,100.248,31.222,30.304
175.736,112.480,31.222,30.304
174.404,124.228,31.222,30.304
170.165,125.318,31.222,30.304
165.442,116.719,31.222,30.304
162.414,90.438,31.222,30.304
161.082,85.473,31.222,30.304
159.023,83.898,31.222,30.304
157.449,85.715,31.222,30.304
156.359,90.922,31.222,30.304
153.815,111.148,31.222,30.304
151.999,124.107,31.222,30.304
149.940,137.065,31.222,30.304
146.428,135.006,31.222,30.304
139.767,129.072,31.222,30.304
118.088,106.667,31.222,30.304
116.029,101.459,31.222,30.304
114.697,99.885,31.222,30.304
113.607,101.701,31.222,30.304
112.275,106.182,31.222,30.304
117.967,123.985,31.222,30.304
120.995,136.702,31.222,30.304
126.445,143.121,31.222,30.304
132.379,140.335,31.222,30.304
140.736,123.743,31.222,30.304
146.186,91.407,31.222,30.304
149.940,82.566,31.222,30.304
154.179,78.327,31.222,30.304
158.175,78.448,31.222,30.304
161.688,81.718,31.222,30.304
166.653,101.459,31.222,30.304
166.048,113.933,31.222,30.304
164.958,123.985,31.222,30.304
163.868,121.684,31.222,30.304
164.715,108.968,31.222,30.304
162.899,83.656,31.222,30.304
160.840,78.933,31.222,30.304
160.476,78.327,31.222,30.304
159.386,80.870,31.222,30.304
156.843,86.562,31.222,30.304
149.698,107.272,31.222,30.304
147.397,120.473,31.222,30.304
145.580,127.134,31.222,30.304
143.521,124.107,31.222,30.304
141.947,112.359,31.222,30.304
142.068,101.580,31.222,30.304
143.642,102.912,31.222,30.304
146.193,108.488,30.556,29.657
147.497,115.956,30.556,29.657
148.089,124.845,30.556,29.657
146.786,148.432,30.556,29.657
145.956,160.640,30.556,29.657
146.786,172.137,30.556,29.657
