319.000,185.000,67.000,56.000
316.339,184.274,67.000,56.000
315.130,182.581,67.000,56.000
312.469,182.339,67.000,56.000
310.776,180.162,67.000,56.000
308.599,178.953,67.000,56.000
307.873,179.195,67.000,56.000
306.664,176.534,67.000,56.000
304.487,176.292,67.000,56.000
304.729,174.115,67.000,56.000
301.584,173.390,67.000,56.000
299.407,172.180,67.000,56.000
298.682,170.971,67.000,56.000
296.505,171.213,67.000,56.000
294.812,168.552,67.000,56.000
293.118,167.826,67.000,56.000
292.393,166.617,67.000,56.000
291.183,164.924,67.000,56.000
289.974,163.714,67.000,56.000
287.797,162.505,67.000,56.000
286.104,160.812,67.000,56.000
285.862,160.570,67.000,56.000
284.169,158.393,67.000,56.000
283.443,156.216,67.000,56.000
282.234,154.523,67.000,56.000
281.024,152.829,67.000,56.000
281.266,151.136,67.000,56.000
279.882,149.635,65.571,54.806
281.539,147.031,65.571,54.806
278.462,144.901,65.571,54.806
277.278,142.297,65.571,54.806
280.356,139.219,65.571,54.806
279.172,136.142,65.571,54.806
281.303,133.538,65.571,54.806
278.699,130.934,65.571,54.806
277.515,127.383,65.571,54.806
275.858,123.832,65.571,54.806
278.935,120.281,65.571,54.806
280.119,118.151,65.571,54.806
278.462,120.281,65.571,54.806
280.593,117.677,65.571,54.806
279.882,116.020,65.571,54.806
282.486,115.310,65.571,54.806
280.356,117.440,65.571,54.806
279.646,115.310,65.571,54.806
281.303,113.653,65.571,54.806
279.172,111.996,65.571,54.806
282.381,111.896,64.173,53.637
281.686,109.810,64.173,53.637
280.528,108.189,64.173,53.637
283.076,106.567,64.173,53.637
280.064,107.725,64.173,53.637
278.443,105.640,64.173,53.637
280.528,106.335,64.173,53.637
278.443,104.250,64.173,53.637
280.858,101.494,65.593,54.824
281.094,101.257,65.593,54.824
283.699,100.073,65.593,54.824
286.778,98.889,65.593,54.824
285.120,101.967,65.593,54.824
287.251,101.257,65.593,54.824
283.699,103.388,65.593,54.824
286.304,102.204,65.593,54.824
287.014,102.914,65.593,54.824
286.304,102.204,65.593,54.824
286.775,101.647,64.194,53.655
288.861,100.025,64.194,53.655
288.629,99.330,64.194,53.655
291.179,98.171,64.194,53.655
293.728,97.939,64.194,53.655
291.642,98.171,64.194,53.655
294.191,97.012,64.194,53.655
295.350,95.390,64.194,53.655
296.972,94.695,64.194,53.655
298.131,93.072,64.194,53.655
299.753,91.450,64.194,53.655
298.595,93.536,64.194,53.655
302.183,90.757,62.825,52.510
304.383,88.038,61.485,51.391
303.113,89.656,60.174,50.295
306.058,86.214,58.891,49.222
304.570,88.127,58.891,49.222
307.452,85.578,57.635,48.172
310.157,83.706,57.635,48.172
311.774,85.222,56.406,47.145
309.127,87.462,56.406,47.145
310.145,85.222,56.406,47.145
312.120,83.566,55.203,46.140
311.124,85.758,55.203,46.140
312.918,84.363,55.203,46.140
311.523,85.758,55.203,46.140
310.925,87.950,55.203,46.140
312.320,86.156,55.203,46.140
310.526,87.950,55.203,46.140
311.523,86.156,55.203,46.140
312.918,84.761,55.203,46.140
313.516,85.758,55.203,46.140
312.918,83.964,55.203,46.140
314.313,81.373,55.203,46.140
314.325,78.600,54.026,45.156
316.080,76.844,54.026,45.156
316.093,79.770,52.874,44.193
315.902,81.870,52.874,44.193
314.947,83.206,52.874,44.193
316.665,83.397,52.874,44.193
317.620,82.442,52.874,44.193
316.665,80.342,52.874,44.193
317.781,78.422,51.746,43.250
317.432,76.902,50.643,42.328
319.206,75.768,49.563,41.425
320.597,77.417,48.506,40.542
319.371,79.693,48.506,40.542
319.546,86.172,48.506,40.542
321.472,89.149,48.506,40.542
320.808,86.037,47.471,39.677
319.951,82.781,47.471,39.677
319.094,80.553,47.471,39.677
320.637,78.668,47.471,39.677
320.978,77.274,46.459,38.831
322.928,80.436,45.468,38.003
321.122,83.883,45.468,38.003
319.087,86.358,46.474,38.844
316.309,88.888,47.502,39.704
312.403,95.032,48.553,40.582
310.826,101.167,48.553,40.582
312.053,103.095,48.553,40.582
312.061,100.645,49.628,41.480
312.070,94.796,50.726,42.398
311.699,90.717,51.848,43.336
309.377,91.597,52.995,44.294
308.990,93.290,54.168,45.274
308.593,95.833,55.366,46.276
308.188,95.528,56.591,47.300
307.774,96.913,57.843,48.347
307.983,95.451,57.843,48.347
306.260,97.733,59.123,49.416
305.619,96.665,59.123,49.416
304.744,97.226,60.431,50.510
303.396,95.988,61.768,51.627
301.094,92.872,63.135,52.769
298.586,93.556,63.135,52.769
296.991,90.137,63.135,52.769
296.307,86.718,63.135,52.769
296.079,87.858,63.135,52.769
294.028,85.350,63.135,52.769
294.712,83.299,63.135,52.769
296.763,84.439,63.135,52.769
296.535,85.123,63.135,52.769
297.675,86.718,63.135,52.769
297.447,88.769,63.135,52.769
295.851,91.277,63.135,52.769
294.712,94.240,63.135,52.769
291.748,97.203,63.135,52.769
289.241,96.519,63.135,52.769
288.557,98.570,63.135,52.769
290.609,99.254,63.135,52.769
290.381,99.482,63.135,52.769
291.521,102.445,63.135,52.769
291.293,104.497,63.135,52.769
291.976,103.813,63.135,52.769
290.837,102.673,63.135,52.769
291.976,105.180,63.135,52.769
288.677,107.671,64.532,53.937
287.046,109.302,64.532,53.937
286.813,108.603,64.532,53.937
285.648,110.699,64.532,53.937
285.415,111.864,64.532,53.937
284.716,112.563,64.532,53.937
284.949,114.194,64.532,53.937
282.543,117.223,65.959,55.130
283.258,117.461,65.959,55.130
281.115,119.604,65.959,55.130
281.353,120.795,65.959,55.130
282.067,122.938,65.959,55.130
280.400,122.700,65.959,55.130
281.591,121.509,65.959,55.130
281.829,120.795,65.959,55.130
280.638,122.938,65.959,55.130
281.829,121.747,65.959,55.130
282.543,121.033,65.959,55.130
278.971,124.605,65.959,55.130
276.828,126.272,65.959,55.130
275.638,128.891,65.959,55.130
273.495,131.510,65.959,55.130
273.256,130.320,65.959,55.130
273.018,131.987,65.959,55.130
274.685,130.796,65.959,55.130
277.305,129.129,65.959,55.130
274.685,128.415,65.959,55.130
269.262,127.558,67.419,56.350
265.611,125.367,67.419,56.350
265.854,122.203,67.419,56.350
267.071,123.907,67.419,56.350
267.801,121.230,67.419,56.350
266.097,122.933,67.419,56.350
266.341,124.150,67.419,56.350
267.071,124.394,67.419,56.350
268.494,123.352,65.981,55.148
266.350,125.973,65.981,55.148
264.384,145.381,67.441,56.368
265.912,156.124,68.933,57.616
263.858,161.425,70.458,58.890
264.112,165.241,70.458,58.890
266.402,164.478,70.458,58.890
266.147,166.767,70.458,58.890
263.349,164.987,70.458,58.890
265.130,166.258,70.458,58.890
263.858,167.530,70.458,58.890
261.569,168.802,70.458,58.890
262.841,168.039,70.458,58.890
259.534,170.328,70.458,58.890
261.823,170.074,70.458,58.890
259.534,170.837,70.458,58.890
261.314,170.074,70.458,58.890
259.025,171.346,70.458,58.890
256.736,172.109,70.458,58.890
255.464,170.837,70.458,58.890
255.718,169.565,70.458,58.890
255.973,170.328,70.458,58.890
253.683,171.600,70.458,58.890
255.464,170.328,70.458,58.890
253.683,173.126,70.458,58.890
255.973,171.855,70.458,58.890
253.175,174.144,70.458,58.890
253.938,174.907,70.458,58.890
251.140,176.179,70.458,58.890
250.377,176.942,70.458,58.890
250.122,177.196,70.458,58.890
