288.000,143.000,35.000,42.000
289.666,141.334,35.000,42.000
291.937,141.789,35.000,42.000
294.208,140.123,35.000,42.000
295.268,140.577,35.000,42.000
296.328,138.609,35.000,42.000
296.782,138.155,35.000,42.000
298.145,139.215,35.000,42.000
297.691,139.669,35.000,42.000
298.751,139.517,35.000,42.000
298.902,140.274,35.000,42.000
299.962,141.334,35.000,42.000
299.205,142.091,35.000,42.000
297.237,141.032,35.000,42.000
296.177,139.972,35.000,42.000
296.934,140.729,35.000,42.000
298.599,141.789,35.000,42.000
298.145,141.334,35.000,42.000
296.782,142.394,35.000,42.000
297.237,143.454,35.000,42.000
296.479,144.817,35.000,42.000
296.934,144.968,35.000,42.000
296.479,146.028,35.000,42.000
295.117,147.088,35.000,42.000
293.451,147.240,35.000,42.000
292.391,147.997,35.000,42.000
292.240,147.845,35.000,42.000
292.391,147.391,35.000,42.000
292.240,149.057,35.000,42.000
291.180,149.511,35.000,42.000
290.423,147.845,35.000,42.000
290.877,149.208,35.000,42.000
291.937,149.662,35.000,42.000
292.391,148.602,35.000,42.000
291.937,147.845,35.000,42.000
292.997,146.785,35.000,42.000
293.451,146.937,35.000,42.000
293.603,146.483,35.000,42.000
294.360,147.543,35.000,42.000
293.905,146.180,35.000,42.000
294.965,147.543,35.000,42.000
295.117,146.180,35.000,42.000
294.057,146.937,35.000,42.000
293.603,146.785,35.000,42.000
294.965,146.331,35.000,42.000
294.814,146.180,35.000,42.000
294.057,146.937,35.000,42.000
292.391,147.997,35.000,42.000
291.331,147.845,35.000,42.000
290.574,148.905,35.000,42.000
290.423,149.662,35.000,42.000
290.271,148.905,35.000,42.000
289.817,149.662,35.000,42.000
290.271,149.511,35.000,42.000
289.211,150.571,35.000,42.000
289.363,151.025,35.000,42.000
289.514,152.388,35.000,42.000
289.060,153.448,35.000,42.000
288.606,154.508,35.000,42.000
289.968,153.448,35.000,42.000
290.423,154.811,35.000,42.000
289.968,153.751,35.000,42.000
290.726,153.296,35.000,42.000
290.271,154.054,35.000,42.000
290.726,152.691,35.000,42.000
292.694,152.237,35.000,42.000
293.451,153.296,35.000,42.000
293.603,153.448,35.000,42.000
294.662,153.902,35.000,42.000
296.025,153.145,35.000,42.000
296.782,154.508,35.000,42.000
299.054,153.751,35.000,42.000
300.719,155.113,35.000,42.000
303.596,156.173,35.000,42.000
306.776,157.839,35.000,42.000
310.258,160.413,35.000,42.000
312.833,166.318,35.000,42.000
315.407,172.224,35.000,42.000
316.467,178.432,35.000,42.000
317.829,184.943,35.000,42.000
319.192,189.940,35.000,42.000
317.527,194.331,35.000,42.000
316.164,198.116,35.000,42.000
313.590,200.690,35.000,42.000
310.713,202.053,35.000,42.000
306.019,202.204,35.000,42.000
300.113,200.539,35.000,42.000
296.328,197.056,35.000,42.000
292.240,190.545,35.000,42.000
288.151,182.823,35.000,42.000
284.063,171.467,35.000,42.000
281.792,160.716,35.000,42.000
282.246,150.268,35.000,42.000
282.095,143.454,35.000,42.000
283.155,136.943,35.000,42.000
284.820,132.249,35.000,42.000
286.486,129.675,35.000,42.000
287.546,128.010,35.000,42.000
289.817,130.584,35.000,42.000
292.088,133.763,35.000,42.000
293.148,140.880,35.000,42.000
295.117,148.905,35.000,42.000
297.085,159.959,35.000,42.000
299.356,171.921,35.000,42.000
301.325,183.580,35.000,42.000
301.476,191.605,35.000,42.000
300.719,196.905,35.000,42.000
298.448,197.662,35.000,42.000
293.451,194.482,35.000,42.000
286.334,188.274,35.000,42.000
279.218,180.249,35.000,42.000
272.101,171.012,35.000,42.000
264.682,163.290,35.000,42.000
257.262,159.505,35.000,42.000
249.843,157.233,35.000,42.000
244.846,158.899,35.000,42.000
242.272,160.262,35.000,42.000
238.789,161.927,35.000,42.000
237.426,164.501,35.000,42.000
238.184,170.104,35.000,42.000
239.839,174.195,35.774,42.929
242.779,175.897,35.774,42.929
246.958,173.885,35.774,42.929
253.923,168.778,35.774,42.929
261.816,160.885,35.774,42.929
271.257,152.063,35.774,42.929
281.936,144.789,35.774,42.929
289.519,142.158,35.774,42.929
297.103,139.217,35.774,42.929
303.139,139.063,35.774,42.929
309.484,140.456,35.774,42.929
316.139,143.087,35.774,42.929
320.079,149.195,36.566,43.879
324.034,156.314,36.566,43.879
327.039,166.913,36.566,43.879
329.096,177.828,36.566,43.879
328.305,184.947,36.566,43.879
326.881,188.585,36.566,43.879
324.508,190.642,36.566,43.879
321.819,188.585,36.566,43.879
316.915,184.947,36.566,43.879
311.695,177.195,36.566,43.879
307.424,168.495,36.566,43.879
302.520,159.161,36.566,43.879
298.248,150.461,36.566,43.879
292.712,143.658,36.566,43.879
289.390,140.336,36.566,43.879
284.802,138.280,36.566,43.879
280.847,139.071,36.566,43.879
277.525,141.760,36.566,43.879
275.152,147.297,36.566,43.879
273.096,153.466,36.566,43.879
271.988,160.585,36.566,43.879
270.881,166.755,36.566,43.879
269.141,169.127,36.566,43.879
267.401,168.653,36.566,43.879
266.293,168.178,36.566,43.879
265.186,166.122,36.566,43.879
263.130,163.116,36.566,43.879
259.808,159.161,36.566,43.879
257.605,155.817,35.786,42.943
256.212,153.495,35.786,42.943
255.748,151.173,35.786,42.943
258.070,151.328,35.786,42.943
261.011,153.650,35.786,42.943
263.024,157.520,35.786,42.943
263.489,163.249,35.786,42.943
264.882,169.287,35.786,42.943
265.346,175.944,35.786,42.943
267.049,182.601,35.786,42.943
266.685,186.491,35.023,42.028
267.442,188.764,35.023,42.028
268.254,186.729,34.276,41.131
266.919,180.649,34.276,41.131
266.771,173.977,34.276,41.131
268.699,167.600,34.276,41.131
270.923,163.003,34.276,41.131
273.147,160.186,34.276,41.131
277.448,158.258,34.276,41.131
284.121,158.406,34.276,41.131
290.793,159.741,34.276,41.131
298.653,161.965,34.276,41.131
305.622,165.376,34.276,41.131
311.405,169.083,34.276,41.131
314.223,170.714,34.276,41.131
315.557,169.380,34.276,41.131
314.519,169.528,34.276,41.131
311.702,167.897,34.276,41.131
307.698,169.528,34.276,41.131
303.694,172.642,34.276,41.131
300.877,178.425,34.276,41.131
298.059,185.691,34.276,41.131
295.835,192.364,34.276,41.131
291.535,199.630,34.276,41.131
284.565,202.744,34.276,41.131
277.299,203.782,34.276,41.131
270.627,200.965,34.276,41.131
266.919,194.292,34.276,41.131
264.848,186.298,35.034,42.041
267.425,177.659,35.034,42.041
271.820,170.838,35.034,42.041
277.731,167.655,35.034,42.041
285.461,166.594,35.034,42.041
294.707,168.565,35.034,42.041
301.830,174.476,35.034,42.041
309.863,181.600,35.034,42.041
315.471,189.330,35.034,42.041
316.499,195.941,35.810,42.971
314.795,199.194,35.810,42.971
311.542,200.898,35.810,42.971
308.288,199.504,35.810,42.971
300.697,195.011,35.810,42.971
291.557,188.969,35.810,42.971
283.036,184.477,35.810,42.971
274.516,181.223,35.810,42.971
268.474,179.829,35.810,42.971
264.910,181.843,35.810,42.971
261.967,184.167,35.810,42.971
261.812,186.181,35.810,42.971
263.206,186.336,35.810,42.971
266.150,184.632,35.810,42.971
269.772,181.424,36.602,43.922
276.103,177.159,37.412,44.894
281.120,173.437,37.412,44.894
283.548,174.246,37.412,44.894
282.630,176.268,38.239,45.887
283.457,177.757,38.239,45.887
282.863,181.884,39.085,46.903
284.385,183.744,39.085,46.903
283.201,184.251,39.085,46.903
280.665,181.376,39.085,46.903
277.452,177.149,39.085,46.903
272.886,168.187,39.085,46.903
268.321,160.240,39.085,46.903
262.381,154.058,38.252,45.902
258.244,150.913,38.252,45.902
254.107,150.086,38.252,45.902
251.165,151.054,37.436,44.923
248.736,153.483,37.436,44.923
245.857,156.304,36.638,43.965
242.845,161.534,36.638,43.965
240.639,166.739,35.857,43.028
239.243,172.789,35.857,43.028
240.949,174.495,35.857,43.028
243.873,172.113,35.092,42.110
246.454,169.229,35.092,42.110
249.642,163.308,35.092,42.110
254.045,157.691,35.092,42.110
260.418,152.726,34.344,41.212
265.916,150.497,34.344,41.212
272.440,148.502,33.611,40.333
278.402,147.775,33.611,40.333
282.037,147.920,33.611,40.333
284.800,148.066,33.611,40.333
284.945,149.956,33.611,40.333
283.346,152.137,33.611,40.333
280.583,153.737,33.611,40.333
274.912,150.974,33.611,40.333
268.369,145.303,33.611,40.333
262.988,139.050,33.611,40.333
257.899,132.798,33.611,40.333
251.065,128.872,33.611,40.333
241.904,125.818,33.611,40.333
229.835,129.453,33.611,40.333
212.531,138.905,33.611,40.333
194.646,148.647,33.611,40.333
179.959,159.553,33.611,40.333
168.472,174.530,33.611,40.333
163.383,186.599,33.611,40.333
165.273,193.724,33.611,40.333
166.872,200.849,33.611,40.333
168.212,203.942,32.894,39.473
169.777,201.808,32.894,39.473
171.343,197.112,32.894,39.473
172.908,191.277,32.894,39.473
175.327,184.019,32.894,39.473
182.016,177.900,32.894,39.473
186.143,176.050,32.894,39.473
191.124,177.615,32.894,39.473
196.389,180.319,32.894,39.473
200.516,186.154,32.894,39.473
202.651,191.704,32.894,39.473
203.362,196.969,32.894,39.473
206.635,201.666,32.894,39.473
212.185,206.931,32.894,39.473
213.741,213.138,33.622,40.347
207.195,218.520,33.622,40.347
202.977,220.702,33.622,40.347
201.086,218.520,33.622,40.347
202.395,214.011,33.622,40.347
203.995,208.047,33.622,40.347
203.268,205.575,33.622,40.347
204.286,204.265,33.622,40.347
206.468,205.865,33.622,40.347
207.195,208.047,33.622,40.347
205.013,213.138,33.622,40.347
203.995,217.938,33.622,40.347
204.141,220.411,33.622,40.347
203.413,219.975,33.622,40.347
202.977,216.920,33.622,40.347
201.959,210.375,33.622,40.347
202.686,202.665,33.622,40.347
204.286,196.411,33.622,40.347
203.268,192.774,33.622,40.347
201.668,191.465,33.622,40.347
200.650,191.611,33.622,40.347
200.504,192.920,33.622,40.347
200.650,195.393,33.622,40.347
199.922,198.447,33.622,40.347
198.613,203.538,33.622,40.347
199.341,206.884,33.622,40.347
198.904,207.029,33.622,40.347
200.213,202.811,33.622,40.347
202.104,196.847,33.622,40.347
202.250,193.792,33.622,40.347
202.686,191.611,33.622,40.347
203.123,191.756,33.622,40.347
202.104,193.647,33.622,40.347
201.086,196.411,33.622,40.347
201.813,200.047,33.622,40.347
202.832,206.302,33.622,40.347
201.813,212.847,33.622,40.347
199.632,219.102,33.622,40.347
197.741,222.739,33.622,40.347
198.759,221.138,33.622,40.347
200.650,218.084,33.622,40.347
200.504,210.956,33.622,40.347
198.322,203.538,33.622,40.347
196.141,196.120,33.622,40.347
192.504,190.738,33.622,40.347
186.249,187.101,33.622,40.347
180.868,185.792,33.622,40.347
179.558,184.483,33.622,40.347
179.995,185.210,33.622,40.347
175.195,190.301,33.622,40.347
170.395,196.847,33.622,40.347
169.376,203.393,33.622,40.347
170.686,209.065,33.622,40.347
171.122,212.993,33.622,40.347
172.140,214.593,33.622,40.347
174.031,211.247,33.622,40.347
175.631,207.902,33.622,40.347
176.358,205.429,33.622,40.347
177.958,204.411,33.622,40.347
181.595,205.138,33.622,40.347
188.431,207.902,33.622,40.347
192.650,212.993,33.622,40.347
199.195,218.084,33.622,40.347
209.523,222.302,33.622,40.347
220.723,226.229,33.622,40.347
230.178,228.993,33.622,40.347
240.796,226.229,33.622,40.347
251.705,217.938,33.622,40.347
259.124,206.156,33.622,40.347
266.833,197.574,33.622,40.347
275.706,190.738,33.622,40.347
284.288,187.392,33.622,40.347
292.579,184.920,33.622,40.347
296.506,187.101,33.622,40.347
296.943,192.192,33.622,40.347
294.470,198.447,33.622,40.347
291.997,205.284,33.622,40.347
286.615,216.775,33.622,40.347
280.069,223.611,33.622,40.347
269.160,227.539,33.622,40.347
254.760,229.720,33.622,40.347
239.487,231.320,33.622,40.347
223.341,232.920,33.622,40.347
208.359,235.393,33.622,40.347
199.195,237.575,33.622,40.347
193.231,240.048,33.622,40.347
187.559,241.939,33.622,40.347
177.813,243.248,33.622,40.347
165.158,239.611,33.622,40.347
158.613,229.284,33.622,40.347
157.885,220.120,33.622,40.347
160.940,206.302,33.622,40.347
169.522,196.265,33.622,40.347
180.722,193.501,33.622,40.347
188.431,195.392,33.622,40.347
199.341,199.320,33.622,40.347
210.832,209.065,33.622,40.347
222.614,219.975,33.622,40.347
236.141,231.466,33.622,40.347
250.833,242.666,33.622,40.347
265.233,249.503,33.622,40.347
277.597,251.975,33.622,40.347
289.379,252.994,33.622,40.347
304.361,249.648,33.622,40.347
319.343,243.102,33.622,40.347
333.161,237.721,33.622,40.347
348.144,234.084,33.622,40.347
359.635,231.611,33.622,40.347
370.544,230.011,33.622,40.347
375.053,230.739,33.622,40.347
374.326,231.757,33.622,40.347
370.980,233.648,33.622,40.347
360.944,235.539,33.622,40.347
346.544,241.502,33.622,40.347
329.525,248.921,33.622,40.347
308.143,255.466,33.622,40.347
287.633,257.939,33.622,40.347
270.324,256.630,33.622,40.347
253.887,250.375,33.622,40.347
238.032,242.666,33.622,40.347
222.468,236.993,33.622,40.347
209.508,231.675,32.905,39.486
202.532,227.547,32.905,39.486
198.404,221.710,32.905,39.486
197.123,218.436,32.905,39.486
198.689,216.586,32.905,39.486
201.394,216.728,32.905,39.486
208.369,217.440,32.905,39.486
214.490,219.006,32.905,39.486
222.035,220.856,32.905,39.486
234.420,219.006,32.905,39.486
250.222,214.023,32.905,39.486
260.614,207.617,32.905,39.486
267.589,200.926,32.905,39.486
275.419,197.368,32.905,39.486
286.949,190.962,32.905,39.486
293.925,189.111,32.905,39.486
300.046,190.962,32.905,39.486
307.591,193.666,32.905,39.486
314.168,199.580,33.633,40.360
321.298,206.710,33.633,40.360
328.021,217.888,34.377,41.253
335.011,227.257,34.377,41.253
341.109,234.545,34.377,41.253
345.125,237.371,34.377,41.253
347.950,235.735,34.377,41.253
352.561,229.934,34.377,41.253
355.089,222.349,34.377,41.253
354.346,215.657,34.377,41.253
351.651,211.651,35.138,42.166
348.581,208.819,35.915,43.098
341.900,206.489,35.915,43.098
335.529,207.265,35.915,43.098
327.916,209.907,35.915,43.098
316.573,216.899,35.915,43.098
305.230,225.134,35.915,43.098
295.131,235.855,35.915,43.098
283.477,241.915,35.915,43.098
271.202,241.449,35.915,43.098
258.617,234.767,35.915,43.098
246.342,227.775,35.915,43.098
236.864,221.094,35.915,43.098
226.454,214.102,35.915,43.098
215.111,208.975,35.915,43.098
205.944,206.022,35.915,43.098
197.709,204.003,35.915,43.098
190.717,203.536,35.915,43.098
186.521,205.556,35.915,43.098
184.812,205.401,35.915,43.098
187.143,202.138,35.915,43.098
191.960,194.835,35.915,43.098
199.262,186.289,35.915,43.098
211.226,175.568,35.915,43.098
226.920,169.819,35.915,43.098
241.059,167.178,35.915,43.098
256.752,168.887,35.915,43.098
268.716,174.636,35.915,43.098
276.863,180.124,36.710,44.052
284.645,184.730,36.710,44.052
290.521,192.194,36.710,44.052
292.903,199.023,36.710,44.052
293.697,201.723,36.710,44.052
292.903,199.976,36.710,44.052
290.204,195.370,36.710,44.052
285.916,187.588,36.710,44.052
283.533,176.312,36.710,44.052
281.786,168.530,36.710,44.052
277.816,162.336,36.710,44.052
273.210,163.766,36.710,44.052
268.922,166.783,36.710,44.052
268.128,171.071,36.710,44.052
269.558,177.583,36.710,44.052
272.257,183.777,36.710,44.052
276.545,191.876,36.710,44.052
279.245,202.835,36.710,44.052
280.357,209.981,36.710,44.052
280.833,212.999,36.710,44.052
282.580,211.569,36.710,44.052
284.963,204.105,36.710,44.052
288.615,192.194,36.710,44.052
291.951,179.647,36.710,44.052
293.380,168.372,36.710,44.052
290.680,160.907,36.710,44.052
288.615,152.490,36.710,44.052
290.045,143.120,36.710,44.052
289.251,137.561,36.710,44.052
284.327,136.132,36.710,44.052
277.816,137.561,36.710,44.052
271.622,136.767,36.710,44.052
264.793,139.467,36.710,44.052
257.646,143.755,36.710,44.052
253.041,146.455,36.710,44.052
249.706,150.108,36.710,44.052
243.194,155.031,36.710,44.052
236.047,161.860,36.710,44.052
229.536,169.324,36.710,44.052
223.024,178.377,36.710,44.052
219.054,185.841,36.710,44.052
216.354,192.988,36.710,44.052
213.972,197.911,36.710,44.052
213.495,199.658,36.710,44.052
215.242,195.370,36.710,44.052
221.436,186.953,36.710,44.052
231.124,174.724,36.710,44.052
238.588,160.907,36.710,44.052
239.700,148.678,36.710,44.052
237.636,137.720,36.710,44.052
235.889,129.303,36.710,44.052
237.318,123.744,36.710,44.052
236.524,121.680,36.710,44.052
235.094,124.379,36.710,44.052
232.712,130.891,36.710,44.052
228.424,138.038,36.710,44.052
226.995,148.996,36.710,44.052
229.059,159.637,36.710,44.052
231.124,171.548,36.710,44.052
233.506,182.189,36.710,44.052
235.253,189.018,36.710,44.052
235.094,191.400,36.710,44.052
233.030,192.512,36.710,44.052
226.836,189.176,36.710,44.052
220.007,182.347,36.710,44.052
216.672,174.883,36.710,44.052
212.384,170.595,36.710,44.052
204.968,169.075,35.927,43.113
198.907,171.095,35.927,43.113
196.575,173.427,35.927,43.113
195.798,176.691,35.927,43.113
194.399,180.887,35.927,43.113
193.311,186.638,35.927,43.113
194.399,190.213,35.927,43.113
195.487,194.099,35.927,43.113
196.575,193.943,35.927,43.113
196.731,190.368,35.927,43.113
198.440,183.685,35.927,43.113
202.326,174.515,35.927,43.113
206.523,167.210,35.927,43.113
211.030,164.256,35.927,43.113
214.559,163.667,35.161,42.193
217.145,164.732,35.161,42.193
223.382,167.927,35.161,42.193
225.968,172.642,35.161,42.193
226.120,179.487,35.161,42.193
228.097,186.332,35.161,42.193
229.771,194.090,35.161,42.193
226.880,201.544,35.161,42.193
223.382,208.389,35.161,42.193
219.883,211.888,35.161,42.193
216.080,213.257,35.161,42.193
213.494,208.541,35.161,42.193
210.908,201.088,35.161,42.193
209.539,188.766,35.161,42.193
209.083,178.270,35.161,42.193
211.365,167.166,35.161,42.193
209.996,157.887,35.161,42.193
205.584,153.476,35.161,42.193
201.781,148.152,35.161,42.193
198.891,145.566,35.161,42.193
197.218,146.022,35.161,42.193
198.587,148.000,35.161,42.193
196.610,152.715,35.161,42.193
197.066,159.560,35.161,42.193
199.652,166.405,35.161,42.193
202.542,174.163,35.161,42.193
205.128,182.225,35.161,42.193
211.060,191.504,35.161,42.193
213.670,197.508,35.939,43.127
215.691,195.798,35.939,43.127
219.889,189.734,35.939,43.127
225.953,176.829,35.939,43.127
229.218,164.546,35.939,43.127
233.105,151.952,35.939,43.127
239.791,141.224,35.939,43.127
248.031,132.984,35.939,43.127
253.473,124.121,35.939,43.127
255.172,116.708,36.734,44.081
258.510,113.371,36.734,44.081
269.810,110.410,37.547,45.056
274.521,106.024,37.547,45.056
273.600,111.424,38.378,46.053
271.280,118.666,39.227,47.072
272.808,126.642,39.227,47.072
269.923,140.388,39.227,47.072
265.341,154.134,39.227,47.072
264.831,166.862,39.227,47.072
262.286,174.838,39.227,47.072
257.704,176.705,39.227,47.072
253.801,175.517,39.227,47.072
254.599,166.369,40.095,48.113
251.304,153.360,40.095,48.113
247.661,145.207,40.095,48.113
249.569,137.054,40.095,48.113
252.518,129.596,40.095,48.113
255.134,124.924,40.982,49.178
258.543,122.357,41.888,50.266
264.284,123.869,42.815,51.378
267.846,126.568,43.762,52.515
