213.000,121.000,21.000,95.000
212.784,119.052,21.000,95.000
212.134,116.672,21.000,95.000
211.918,114.724,21.000,95.000
211.701,112.776,21.000,95.000
210.619,112.560,21.000,95.000
209.537,111.910,21.000,95.000
208.888,112.992,21.000,95.000
209.970,114.075,21.000,95.000
209.321,113.425,21.000,95.000
212.567,113.209,21.000,95.000
215.813,112.560,21.000,95.000
220.358,110.179,21.000,95.000
224.037,111.261,21.000,95.000
225.985,110.612,21.000,95.000
226.634,109.963,21.000,95.000
225.119,111.478,21.000,95.000
223.605,110.828,21.000,95.000
219.925,109.746,21.000,95.000
217.978,110.395,21.000,95.000
219.493,111.910,21.000,95.000
220.575,110.395,21.000,95.000
217.761,109.313,21.000,95.000
218.843,107.798,21.000,95.000
220.791,107.149,21.000,95.000
222.739,106.067,21.000,95.000
223.821,104.985,21.000,95.000
222.306,102.604,21.000,95.000
221.224,101.089,21.000,95.000
222.306,101.739,21.000,95.000
221.657,100.224,21.000,95.000
224.037,101.739,21.000,95.000
227.284,102.388,21.000,95.000
230.097,103.470,21.000,95.000
228.582,101.522,21.000,95.000
227.067,97.843,21.000,95.000
229.448,98.060,21.000,95.000
230.530,96.112,21.000,95.000
231.612,97.627,21.000,95.000
233.127,96.545,21.000,95.000
235.365,97.964,21.465,97.102
233.374,99.954,21.465,97.102
230.940,102.830,21.465,97.102
228.065,106.148,21.465,97.102
228.286,109.024,21.465,97.102
226.295,110.130,21.465,97.102
223.862,109.024,21.465,97.102
225.410,110.572,21.465,97.102
224.304,109.909,21.465,97.102
221.871,108.360,21.465,97.102
219.438,108.582,21.465,97.102
216.120,107.476,21.465,97.102
211.474,106.369,21.465,97.102
206.829,104.821,21.465,97.102
202.626,103.715,21.465,97.102
202.405,104.821,21.465,97.102
201.741,103.715,21.465,97.102
201.962,104.379,21.465,97.102
201.299,105.927,21.465,97.102
203.732,106.148,21.465,97.102
205.723,106.812,21.465,97.102
208.156,109.688,21.465,97.102
208.820,111.678,21.465,97.102
209.483,111.900,21.465,97.102
209.262,110.351,21.465,97.102
206.829,109.688,21.465,97.102
204.838,110.351,21.465,97.102
207.714,110.130,21.465,97.102
210.589,109.909,21.465,97.102
213.590,112.010,21.007,95.031
217.703,110.495,21.007,95.031
225.280,108.979,21.007,95.031
232.858,107.464,21.007,95.031
235.239,107.680,21.007,95.031
232.425,106.165,21.007,95.031
227.445,106.381,21.007,95.031
217.106,102.410,21.472,97.134
208.833,102.024,21.947,99.283
205.070,101.161,22.432,101.479
201.704,95.961,22.929,103.725
201.205,88.684,23.436,106.020
202.896,81.197,23.436,106.020
205.553,76.125,23.436,106.020
208.692,72.502,23.436,106.020
209.417,69.363,23.436,106.020
209.658,68.155,23.436,106.020
210.866,65.498,23.436,106.020
209.175,61.875,23.436,106.020
210.124,66.498,22.936,103.759
210.833,73.825,22.936,103.759
208.571,81.539,22.447,101.546
209.925,90.425,21.968,99.380
211.251,97.377,21.500,97.261
209.131,99.909,21.041,95.187
207.892,102.387,20.593,93.157
211.180,107.676,20.153,91.171
214.711,110.376,20.153,91.171
216.580,115.568,20.153,91.171
214.711,121.591,20.153,91.171
212.011,125.953,20.153,91.171
210.024,128.326,19.724,89.226
209.007,132.188,19.724,89.226
210.197,136.470,19.303,87.324
211.362,140.661,18.891,85.461
211.946,140.077,18.891,85.461
210.193,138.714,18.891,85.461
208.571,137.567,19.309,87.352
204.392,135.776,19.309,87.352
201.009,132.791,19.309,87.352
202.941,130.462,18.898,85.489
205.862,127.151,18.898,85.489
208.394,125.009,18.898,85.489
210.926,123.256,18.898,85.489
213.068,124.230,18.898,85.489
215.210,123.645,18.898,85.489
218.132,123.061,18.898,85.489
221.053,124.424,18.898,85.489
225.087,124.893,19.316,87.381
229.665,127.481,19.316,87.381
233.049,126.485,19.316,87.381
238.026,129.471,19.316,87.381
241.877,132.130,18.904,85.517
244.800,130.766,18.904,85.517
250.449,134.078,18.904,85.517
258.047,137.000,18.904,85.517
262.528,135.637,18.904,85.517
267.398,138.169,18.904,85.517
271.168,141.522,18.501,83.694
275.553,139.425,18.501,83.694
279.938,142.285,18.501,83.694
285.074,140.370,18.910,85.545
291.505,143.293,18.910,85.545
295.276,147.023,18.507,83.721
299.663,146.069,18.507,83.721
304.405,147.320,18.916,85.574
308.499,145.955,18.916,85.574
312.982,149.269,18.916,85.574
316.686,148.294,18.916,85.574
321.950,150.439,18.916,85.574
326.434,149.854,18.916,85.574
331.697,151.608,18.916,85.574
335.791,149.464,18.916,85.574
339.885,146.930,18.916,85.574
342.905,146.527,18.513,83.749
344.877,143.423,18.922,85.602
346.894,140.655,19.341,87.495
343.904,132.084,19.341,87.495
342.381,128.598,18.929,85.630
346.478,127.623,18.929,85.630
299.517,72.638,19.347,87.524
297.027,64.016,19.776,89.461
300.184,63.202,19.354,87.553
302.378,63.402,19.354,87.553
303.199,61.398,19.782,89.490
307.072,61.602,19.782,89.490
309.052,61.574,19.360,87.582
288.102,55.389,19.360,87.582
289.100,53.992,19.360,87.582
292.405,54.058,19.788,89.519
295.056,53.854,19.788,89.519
297.707,54.466,19.788,89.519
302.805,53.854,19.788,89.519
305.864,54.466,19.788,89.519
309.024,56.403,19.366,87.610
313.215,55.406,19.366,87.610
315.153,57.302,18.953,85.742
316.520,58.278,18.953,85.742
315.404,62.770,18.549,83.914
313.302,67.549,18.549,83.914
306.682,70.470,18.154,82.124
302.753,69.909,18.154,82.124
304.063,71.967,18.154,82.124
301.552,71.220,17.767,80.373
303.199,71.403,17.767,80.373
305.946,74.149,17.767,80.373
308.326,72.867,17.767,80.373
308.509,71.586,17.767,80.373
310.523,74.332,17.767,80.373
311.805,73.783,17.767,80.373
314.185,73.234,17.767,80.373
315.833,72.318,17.767,80.373
317.611,72.646,17.388,78.659
321.374,74.975,17.388,78.659
323.459,75.296,17.017,76.981
326.090,76.874,17.017,76.981
329.422,77.751,17.017,76.981
333.829,81.107,16.654,75.340
336.819,81.745,16.299,73.733
338.773,82.046,15.951,72.161
338.468,83.924,15.611,70.622
340.881,85.050,15.611,70.622
342.008,87.464,15.611,70.622
341.399,87.751,15.278,69.116
343.131,89.169,15.278,69.116
342.973,88.066,15.278,69.116
321.087,90.113,15.278,69.116
320.615,90.901,15.278,69.116
322.662,90.113,15.278,69.116
328.488,91.845,15.278,69.116
333.999,93.892,15.278,69.116
336.990,94.364,15.278,69.116
338.618,93.110,15.616,70.645
339.423,94.236,15.616,70.645
337.652,92.144,15.616,70.645
338.135,93.593,15.616,70.645
339.584,94.397,15.616,70.645
339.423,93.914,15.616,70.645
340.365,96.995,15.283,69.138
338.947,95.262,15.283,69.138
337.215,94.789,15.283,69.138
338.744,96.589,14.957,67.664
337.357,97.360,14.957,67.664
340.636,100.607,14.638,66.221
342.683,106.693,14.326,64.809
344.685,110.942,14.021,63.427
343.674,115.710,14.021,63.427
342.291,119.590,13.722,62.074
339.887,126.236,13.722,62.074
338.534,129.215,13.429,60.750
340.334,132.675,13.429,60.750
343.200,131.859,13.726,62.095
340.796,94.090,13.726,62.095
338.674,89.988,13.726,62.095
339.774,90.514,13.433,60.770
341.119,91.295,13.147,59.474
330.681,57.061,12.867,58.206
332.480,58.832,12.592,56.965
335.205,58.443,12.592,56.965
337.930,58.573,12.592,56.965
340.136,60.260,12.592,56.965
342.083,61.168,12.592,56.965
343.510,61.817,12.592,56.965
344.678,63.244,12.592,56.965
344.029,62.336,12.592,56.965
345.289,63.819,12.324,55.750
344.564,64.536,12.061,54.561
345.434,65.903,12.061,54.561
346.641,66.126,11.804,53.398
345.477,67.281,11.552,52.259
341.072,51.209,11.552,52.259
340.477,51.090,11.552,52.259
340.026,52.680,11.306,51.145
342.056,53.562,11.065,50.054
344.654,50.998,11.309,51.161
345.336,50.981,11.068,50.070
342.926,47.887,10.832,49.002
332.961,48.156,11.072,50.087
334.673,48.042,11.072,50.087
338.931,49.027,11.317,51.195
341.146,46.811,11.317,51.195
311.478,49.492,11.075,50.103
313.875,48.465,11.075,50.103
318.327,47.438,11.075,50.103
320.952,46.182,11.075,50.103
325.632,44.698,11.075,50.103
328.028,43.215,11.075,50.103
330.425,42.644,11.075,50.103
334.174,42.628,10.839,49.035
336.743,43.857,10.839,49.035
339.312,43.075,10.839,49.035
341.211,41.623,10.839,49.035
342.664,40.841,10.839,49.035
342.105,32.016,10.839,49.035
343.110,27.883,10.839,49.035
344.116,26.878,10.839,49.035
344.985,29.231,10.608,47.989
345.414,31.323,10.382,46.966
346.163,33.142,10.382,46.966
345.628,35.389,10.382,46.966
346.805,37.208,10.382,46.966
346.484,41.166,10.382,46.966
347.233,42.343,10.382,46.966
346.119,41.269,10.612,48.005
347.477,39.036,10.846,49.067
346.081,37.449,11.086,50.152
347.262,35.828,11.332,51.262
346.445,34.777,11.332,51.262
346.094,33.025,11.332,51.262
344.810,19.362,11.332,51.262
343.109,15.523,11.582,52.396
342.990,15.165,11.582,52.396
343.348,14.568,11.582,52.396
344.184,13.972,11.582,52.396
343.587,14.330,11.582,52.396
344.900,12.539,11.582,52.396
345.369,12.523,11.335,51.279
345.719,9.369,11.335,51.279
346.770,6.915,11.335,51.279
345.719,7.499,11.335,51.279
346.770,5.981,11.335,51.279
345.719,6.799,11.335,51.279
346.537,5.514,11.335,51.279
345.194,4.371,11.094,50.185
345.994,2.656,11.094,50.185
336.505,14.661,11.094,50.185
338.873,12.801,11.339,51.296
340.081,11.142,11.590,52.431
341.395,10.784,11.590,52.431
340.320,10.187,11.590,52.431
341.873,9.828,11.590,52.431
341.276,8.515,11.590,52.431
343.067,7.440,11.590,52.431
343.665,8.753,11.590,52.431
344.979,9.351,11.590,52.431
344.381,6.603,11.590,52.431
344.023,3.379,11.590,52.431
342.948,1.348,11.590,52.431
341.634,1.467,11.590,52.431
342.470,1.826,11.590,52.431
342.112,2.901,11.590,52.431
340.868,3.684,11.846,53.591
342.944,3.806,11.846,53.591
344.043,5.881,11.846,53.591
344.653,7.713,11.846,53.591
345.996,6.614,11.846,53.591
346.946,10.127,11.594,52.448
345.803,-2.557,11.346,51.329
345.811,-3.926,11.105,50.235
346.922,-4.604,10.868,49.163
348.441,-3.324,10.636,48.115
347.893,-3.872,10.636,48.115
348.880,-4.420,10.636,48.115
344.167,-14.833,10.636,48.115
345.591,-15.381,10.636,48.115
345.177,-17.509,10.409,47.089
345.928,1.264,10.409,47.089
344.748,2.444,10.409,47.089
344.640,2.336,10.409,47.089
345.177,3.945,10.409,47.089
345.928,3.838,10.409,47.089
346.464,5.018,10.409,47.089
347.644,8.129,10.409,47.089
347.537,11.025,10.409,47.089
347.000,13.064,10.409,47.089
346.181,16.357,10.187,46.085
345.656,17.092,10.187,46.085
347.021,15.727,10.187,46.085
344.606,14.153,10.187,46.085
346.127,11.791,10.413,47.104
333.787,36.150,10.413,47.104
342.908,37.116,10.413,47.104
343.444,35.936,10.413,47.104
345.483,36.687,10.413,47.104
344.517,38.296,10.413,47.104
345.766,37.040,10.190,46.100
345.109,38.383,10.416,47.120
344.882,36.636,10.646,48.162
314.371,29.843,10.882,49.228
308.317,28.251,11.123,50.317
307.056,29.283,11.123,50.317
307.629,30.085,11.123,50.317
308.890,29.970,11.123,50.317
310.609,30.314,11.123,50.317
312.099,30.887,11.123,50.317
314.506,30.314,11.123,50.317
318.289,31.117,11.123,50.317
323.447,30.085,11.123,50.317
325.396,30.429,11.123,50.317
327.770,30.943,11.369,51.430
330.465,31.528,11.369,51.430
332.163,32.053,11.620,52.568
333.898,30.105,11.877,53.731
335.734,30.472,11.877,53.731
337.761,28.227,12.140,54.920
340.139,29.603,12.140,54.920
342.766,30.229,12.140,54.920
344.838,31.828,12.409,56.135
317.600,8.170,12.409,56.135
323.099,10.088,12.409,56.135
326.551,13.029,12.409,56.135
328.981,16.482,12.409,56.135
330.834,19.974,12.683,57.377
332.999,23.272,12.964,58.647
337.942,27.681,12.964,58.647
340.155,31.607,13.251,59.944
342.204,36.113,13.251,59.944
344.252,40.893,13.251,59.944
346.301,45.399,13.251,59.944
345.257,48.802,12.968,58.666
346.727,49.470,12.968,58.666
345.964,52.028,12.692,57.415
343.704,81.006,12.421,56.190
343.713,83.456,12.156,54.992
344.339,84.834,12.156,54.992
345.216,83.205,12.156,54.992
344.742,81.256,11.897,53.819
346.336,78.926,11.897,53.819
345.478,74.635,11.897,53.819
344.865,69.608,11.897,53.819
343.516,67.279,11.897,53.819
344.620,61.516,11.897,53.819
328.793,52.518,11.643,52.672
333.519,49.570,11.901,53.837
299.413,82.949,12.164,55.028
300.792,86.334,12.164,55.028
302.672,87.462,12.164,55.028
305.305,88.089,12.164,55.028
308.690,89.718,12.164,55.028
310.069,93.354,12.164,55.028
309.693,98.493,12.164,55.028
307.812,103.884,12.164,55.028
306.183,109.274,12.164,55.028
304.804,112.158,12.164,55.028
300.416,117.297,12.164,55.028
299.539,121.936,12.164,55.028
298.160,126.323,12.164,55.028
298.893,129.206,11.905,53.855
301.470,130.310,11.905,53.855
303.555,131.414,11.905,53.855
307.359,132.764,11.905,53.855
309.690,133.377,11.905,53.855
314.720,131.782,11.905,53.855
320.241,130.678,11.905,53.855
325.516,129.819,11.905,53.855
327.847,128.960,11.905,53.855
331.160,127.120,11.905,53.855
332.264,123.317,11.905,53.855
333.614,121.722,11.905,53.855
339.134,122.090,11.905,53.855
342.938,120.004,11.905,53.855
344.533,118.655,11.905,53.855
344.274,116.150,12.168,55.046
344.901,114.520,12.168,55.046
344.636,111.959,12.437,56.264
343.568,110.140,12.713,57.509
345.271,110.533,12.713,57.509
327.060,104.899,12.713,57.509
324.309,103.982,12.713,57.509
322.606,104.899,12.713,57.509
321.689,105.292,12.713,57.509
323.130,106.209,12.713,57.509
324.571,107.127,12.713,57.509
323.130,107.782,12.713,57.509
322.999,106.864,12.713,57.509
322.868,107.782,12.713,57.509
323.523,108.437,12.713,57.509
323.392,109.616,12.713,57.509
324.833,108.699,12.713,57.509
326.012,109.354,12.713,57.509
326.143,107.651,12.713,57.509
320.510,102.279,12.713,57.509
319.068,99.266,12.713,57.509
317.889,96.515,12.713,57.509
319.330,95.598,12.713,57.509
321.034,95.467,12.713,57.509
325.095,95.860,12.713,57.509
328.108,94.418,12.713,57.509
330.597,95.860,12.713,57.509
337.017,97.039,12.713,57.509
342.449,99.257,12.994,58.781
344.190,102.069,12.994,58.781
342.796,106.837,13.281,60.082
343.480,111.080,13.281,60.082
341.701,114.502,13.281,60.082
341.017,117.924,13.281,60.082
339.237,119.977,13.281,60.082
338.380,118.886,13.575,61.411
339.360,120.985,13.575,61.411
340.059,123.083,13.575,61.411
341.878,124.902,13.575,61.411
341.178,125.881,13.575,61.411
339.919,125.741,13.575,61.411
338.660,127.840,13.575,61.411
340.759,133.296,13.575,61.411
339.779,136.514,13.575,61.411
339.080,139.452,13.575,61.411
337.821,141.830,13.575,61.411
332.365,143.369,13.575,61.411
327.520,142.540,13.286,60.102
325.466,144.320,13.286,60.102
323.757,145.786,13.580,61.431
323.617,147.326,13.580,61.431
322.077,147.745,13.580,61.431
316.620,146.206,13.580,61.431
316.480,148.025,13.580,61.431
317.346,146.910,13.880,62.791
318.528,147.551,14.187,64.180
320.040,148.206,14.501,65.600
322.281,149.252,14.501,65.600
321.534,148.206,14.501,65.600
323.178,147.160,14.501,65.600
322.242,143.799,14.822,67.051
319.384,140.680,15.150,68.535
312.046,134.903,15.150,68.535
310.329,132.249,15.150,68.535
309.548,130.219,15.150,68.535
310.953,128.814,15.150,68.535
312.983,126.784,15.150,68.535
316.574,124.130,15.150,68.535
318.916,121.476,15.150,68.535
318.135,119.134,15.150,68.535
311.109,114.919,15.150,68.535
309.615,113.392,14.827,67.073
308.448,113.371,14.511,65.643
311.588,114.418,14.511,65.643
314.131,115.165,14.511,65.643
316.374,116.810,14.511,65.643
318.019,116.960,14.511,65.643
319.065,118.007,14.511,65.643
321.009,119.053,14.511,65.643
320.262,117.708,14.511,65.643
322.505,118.455,14.511,65.643
323.851,117.409,14.511,65.643
325.496,117.259,14.511,65.643
326.243,115.913,14.511,65.643
327.589,116.960,14.511,65.643
327.141,115.016,14.511,65.643
306.354,107.090,14.511,65.643
306.803,106.941,14.511,65.643
305.756,106.791,14.511,65.643
306.803,107.838,14.511,65.643
304.859,108.586,14.511,65.643
303.513,107.838,14.511,65.643
304.261,108.885,14.511,65.643
302.616,109.632,14.511,65.643
300.971,108.885,14.511,65.643
299.625,110.530,14.511,65.643
298.877,109.483,14.511,65.643
297.232,109.333,14.511,65.643
296.784,110.380,14.511,65.643
295.737,109.632,14.511,65.643
297.083,110.679,14.511,65.643
298.130,111.128,14.511,65.643
297.382,110.978,14.511,65.643
298.429,111.726,14.511,65.643
300.373,112.474,14.511,65.643
301.420,112.324,14.511,65.643
301.270,111.876,14.511,65.643
302.317,113.221,14.511,65.643
303.364,113.670,14.511,65.643
305.009,115.016,14.511,65.643
306.354,116.063,14.511,65.643
308.597,118.605,14.511,65.643
310.542,122.044,14.511,65.643
316.673,128.475,14.511,65.643
319.514,133.409,14.511,65.643
324.748,139.541,14.511,65.643
327.290,142.980,14.511,65.643
338.805,148.812,14.511,65.643
340.450,150.457,14.511,65.643
342.095,151.803,14.511,65.643
341.347,151.354,14.511,65.643
342.693,148.513,14.511,65.643
341.945,145.971,14.511,65.643
341.496,143.728,14.511,65.643
343.237,141.977,14.201,64.243
343.811,137.725,13.898,62.873
342.522,132.426,13.898,62.873
344.189,131.577,13.602,61.532
343.658,129.937,13.312,60.220
342.972,125.410,13.312,60.220
341.738,122.529,13.312,60.220
340.229,121.020,13.312,60.220
337.622,119.510,13.312,60.220
339.954,119.648,13.312,60.220
344.207,119.785,13.312,60.220
330.351,109.770,13.312,60.220
323.355,101.676,13.312,60.220
337.759,98.521,13.312,60.220
343.933,92.896,13.312,60.220
342.698,83.979,13.312,60.220
344.756,68.751,13.312,60.220
341.875,96.052,13.312,60.220
343.110,76.708,13.312,60.220
340.503,66.419,13.312,60.220
342.287,69.849,13.312,60.220
343.521,75.474,13.312,60.220
342.561,70.946,13.312,60.220
341.601,64.499,13.312,60.220
341.189,64.087,13.312,60.220
340.778,68.889,13.312,60.220
342.561,71.495,13.312,60.220
344.070,78.492,13.312,60.220
342.835,90.976,13.312,60.220
337.759,96.875,13.312,60.220
338.445,102.499,13.312,60.220
332.272,116.630,13.312,60.220
322.532,133.504,13.312,60.220
311.694,145.164,13.312,60.220
304.972,152.161,13.312,60.220
300.486,155.051,13.028,58.936
298.740,157.065,13.028,58.936
295.921,158.273,13.028,58.936
293.860,157.219,12.750,57.679
295.895,154.921,12.478,56.449
300.911,151.964,12.478,56.449
306.126,147.484,12.212,55.245
313.048,143.331,12.212,55.245
321.731,142.198,12.212,55.245
327.647,142.827,12.212,55.245
329.786,144.212,12.212,55.245
334.694,146.099,12.212,55.245
336.079,149.497,12.212,55.245
332.932,157.426,12.212,55.245
331.296,160.069,12.212,55.245
336.708,162.460,12.212,55.245
334.569,165.858,12.212,55.245
