0.00714326
0.01091623
0.01121664
0.01168728
0.01122928
0.01091576
0.01093435
0.01089001
0.01075959
0.01100492
0.01082563
0.01096535
0.01096678
0.01090240
0.01082897
0.01085019
0.01088500
0.01096106
0.01080537
0.01085734
0.01085472
0.01096368
0.01087642
0.01094460
0.01084971
0.01103973
0.01092649
0.01100397
0.01083326
0.01086807
0.01088476
0.01084638
0.01087451
0.01090693
0.01093102
0.01105857
0.01080966
0.01094508
0.01091075
0.01090169
0.01100445
0.01092124
0.01085210
0.01103354
0.01086974
0.01097035
0.01094103
0.01092529
0.01087141
0.01082850
0.01082850
0.01097083
0.01086354
0.01097274
0.01090837
0.01101542
0.01087594
0.01089668
0.01076102
0.01108336
0.01092768
0.01090217
0.01084805
0.01090384
0.01096940
0.01097751
0.01085663
0.01089263
0.01088476
0.01097560
0.01090670
0.01086187
0.01082516
0.01087642
0.01094246
0.01086760
0.01090097
0.01091385
0.01087236
0.01092815
0.01080537
0.01088691
0.01080799
0.01084375
0.01092267
0.01088595
0.01091194
0.01096034
0.01094246
0.01091981
0.01088166
0.01098514
0.01083589
0.01094031
0.01089811
0.01095796
0.01087356
0.01100397
0.01097250
