0.00623345
0.01098156
0.01156187
0.01119232
0.01088023
0.01074576
0.01091170
0.01078272
0.01083446
0.01078463
0.01102138
0.01097178
0.01091290
0.01081562
0.01078892
0.01086545
0.01084065
0.01086855
0.01079893
0.01082325
0.01084566
0.01086259
0.01081991
0.01080155
0.01082635
0.01092577
0.01080155
0.01077986
0.01082182
0.01087427
0.01083493
0.01086187
0.01080918
0.01072979
0.01074934
0.01078796
0.01075292
0.01076293
0.01077747
0.01066494
0.01083159
0.01066923
0.01066589
0.01076341
0.01069117
0.01063466
0.01066017
0.01064944
0.01070881
0.01063561
0.01065397
0.01064777
0.01061153
0.01056123
0.01080441
0.01071405
0.01068020
0.01065063
0.01067901
0.01068568
0.01060867
0.01067996
0.01073265
0.01067424
0.01060247
0.01063490
0.01063395
0.01067901
0.01069307
0.01065898
0.01068139
0.01055837
0.01057577
0.01053858
0.01058054
0.01058078
0.01064062
0.01060414
0.01066375
0.01063991
0.01059341
0.01062489
0.01063037
0.01063895
0.01068687
0.01071191
0.01064873
0.01061153
0.01057887
0.01061344
0.01065373
0.01071382
0.01064539
0.01070118
0.01069117
0.01062298
0.01058173
0.01059723
0.01068306
0.01069880
0.01060009
0.01065588
0.01063251
0.01061940
0.01060271
0.01063132
0.01069260
0.01071668
0.01066875
0.01065397
0.01053953
0.01063991
0.01063156
0.01058841
0.01070404
0.01076007
0.01071906
0.01073074
0.01077008
0.01078868
0.01088595
0.01077271
0.01079321
0.01085377
0.01083994
0.01081109
0.01082730
0.01081991
0.01084971
0.01081967
0.01078510
0.01094198
0.01088762
0.01085258
0.01081491
0.01080728
0.01086259
0.01083779
0.01086617
0.01086354
0.01088214
0.01085854
0.01082420
0.01081729
0.01078558
0.01073647
0.01075983
0.01091552
0.01087189
0.01076055
0.01075506
0.01071739
0.01081872
0.01081371
0.01077127
0.01078439
0.01078296
0.01080227
0.01070428
0.01077223
0.01075578
0.01070809
0.01063180
0.01066756
0.01061106
0.01070166
0.01068425
0.01063156
0.01061678
0.01064920
0.01062846
0.01054144
0.01064825
0.01074076
0.01060033
0.01051259
0.01045513
0.01063776
0.01051950
0.01052761
0.01054859
0.01070857
0.01067019
0.01058745
0.01063085
0.01053596
0.01056647
0.01062417
0.01056480
0.01059818
0.01064539
0.01055837
0.01101017
0.01062894
0.01062799
0.01059842
0.01063752
0.01066518
0.01062989
0.01061201
0.01057792
0.01059318
0.01054502
0.01068187
0.01060581
0.01068187
0.01054239
0.01047873
0.01056027
0.01060605
0.01062822
0.01068854
0.01063752
0.01057839
0.01056218
0.01057148
0.01053786
0.01061487
0.01069307
0.01065207
0.01057172
0.01057076
0.01062369
0.01057887
0.01065421
0.01062179
0.01059413
0.01068330
0.01062846
0.01062727
0.01064181
0.01066566
0.01068449
0.01068521
0.01065540
0.01071429
0.01066637
0.01076627
0.01071954
0.01075435
0.01068354
0.01063800
0.01064253
0.01065421
0.01074004
0.01066351
0.01067829
0.01060939
0.01062632
0.01061654
0.01068282
0.01068711
0.01062989
0.01064634
0.01068020
0.01085448
0.01067591
0.01065850
0.01069784
0.01069212
0.01055145
0.01056194
0.01061273
0.01061058
0.01059866
0.01062727
0.01058149
0.01063323
0.01072145
0.01076174
0.01068401
0.01072526
0.01060057
0.01064157
0.01067972
0.01086736
0.01067710
0.01066518
0.01058674
0.01069474
0.01061821
0.01063466
0.01075625
0.01061940
0.01054955
0.01054692
0.01050663
0.01058602
0.01051712
0.01050901
0.01046777
0.01059103
0.01057220
0.01057100
0.01058483
0.01067305
0.01049638
0.01053238
0.01046586
0.01054955
0.01047349
0.01052070
0.01056862
0.01058316
0.01062202
0.01068091
0.01060224
0.01066399
0.01058078
0.01054287
0.01068830
0.01063418
0.01056719
0.01059532
0.01059151
0.01065922
0.01061296
0.01057100
0.01053834
0.01074004
0.01066780
0.01066661
0.01070547
0.01070118
0.01072359
0.01076102
0.01078343
0.01067138
0.01078320
0.01072454
0.01071906
0.01058245
0.01054001
0.01057696
0.01056600
0.01054788
0.01057386
0.01053572
0.01060581
0.01067376
0.01054358
0.01047397
0.01059151
0.01067042
0.01068568
0.01069117
0.01070642
0.01059103
0.01060486
0.01055956
0.01058483
0.01062846
0.01067996
0.01064277
0.01074100
0.01069832
0.01065779
0.01054049
0.01059437
0.01061559
0.01065612
0.01059961
0.01072478
0.01062632
0.01059604
0.01056147
