0.00446367
0.01289773
0.01341128
0.01288819
0.01267195
0.01248455
0.01247525
0.01526880
0.01521063
0.01528430
0.01530266
0.01531076
0.01554251
0.01539469
0.01535392
0.01537180
0.01529837
0.01528025
0.01546359
0.01527166
0.01534700
0.01527429
0.01536131
0.01522088
0.01539779
0.01544595
0.01533341
0.01535702
0.01605487
0.01567078
0.01537156
0.01542044
0.01535726
0.01529670
0.01532865
0.01529717
0.01529741
0.01548123
0.01524448
0.01515961
0.01533198
0.01521468
0.01524925
0.01550961
0.01533747
0.01530170
0.01523709
0.01532936
0.01532364
0.01548576
0.01531363
0.01521635
0.01523304
0.01523900
0.01523256
0.01528406
0.01541495
0.01528049
0.01538706
0.01522136
0.01527357
0.01523161
0.01544380
0.01525307
0.01521611
0.01518822
0.01515174
0.01508021
0.01534510
0.01523066
0.01518226
0.01519847
0.01523447
0.01519060
0.01533318
0.01534462
0.01523447
0.01518273
0.01520443
0.01518846
0.01513529
0.01536202
0.01515841
0.01515889
0.01528120
0.01520252
0.01516008
0.01544094
0.01519179
0.01511526
0.01520371
0.01516581
0.01520514
0.01535082
0.01517487
0.01505899
0.01511526
0.01516128
0.01518965
0.01522660
0.01535344
0.01520419
0.01518273
0.01521230
0.01518178
0.01518393
0.01524782
0.01508927
0.01515222
0.01522994
0.01519895
0.01518011
0.01538825
0.01527023
0.01518655
0.01518178
0.01523185
0.01514626
0.01525879
0.01530790
0.01512861
0.01530766
0.01524282
0.01527715
0.01526070
0.01548815
0.01533818
