0.00441980
0.01290202
0.01377225
0.01296020
0.01258683
0.01242113
0.01223564
0.01543069
0.01541281
0.01552773
0.01539254
0.01530862
0.01530886
0.01530981
0.01528502
0.01543951
0.01541805
0.01535106
0.01531720
0.01521826
0.01527715
0.01519871
0.01543450
0.01543331
0.01534963
0.01525426
0.01533103
0.01529360
0.01545787
0.01538277
0.01523423
0.01525235
0.01535726
0.01526809
0.01534152
0.01551914
0.01529670
0.01529813
0.01523590
0.01525307
0.01587892
0.01564693
0.01534343
0.01528049
0.01526713
0.01530981
0.01532197
0.01532841
0.01538873
0.01524711
0.01528978
0.01522732
0.01531410
0.01530409
0.01541018
0.01530671
0.01523376
0.01528454
0.01552224
0.01538634
0.01544046
0.01547217
0.01532483
0.01541042
0.01531649
0.01528001
0.01521134
0.01548409
0.01540828
0.01529527
0.01535130
0.01532078
0.01534295
0.01540327
0.01533127
0.01526237
0.01533914
0.01531887
0.01590109
0.01570296
0.01552677
0.01538849
0.01531100
0.01535630
0.01525855
0.01534867
0.01535869
0.01556873
0.01546693
0.01540518
0.01543903
0.01543474
0.01560235
0.01545668
0.01534224
0.01532841
0.01531649
0.01531816
0.01539922
0.01555729
0.01538610
0.01530504
0.01535296
0.01523638
0.01527143
0.01561332
0.01533341
0.01524639
0.01531601
0.01540780
0.01534843
0.01530290
0.01546311
0.01527715
0.01535153
0.01545739
0.01551914
0.01544285
0.01556778
0.01542163
0.01540661
0.01540899
0.01552510
0.01533008
0.01558089
0.01535797
0.01550078
0.01545382
0.01540494
0.01540875
0.01551032
0.01559639
0.01539946
0.01526403
0.01534081
0.01538706
0.01543832
0.01554346
0.01543880
0.01541829
0.01541114
0.01542449
0.01537991
0.01553845
0.01538372
0.01542997
0.01546073
0.01540875
0.01546240
0.01551819
0.01571918
0.01552057
0.01543140
0.01538205
0.01575971
0.01571393
0.01560831
0.01541758
0.01546931
0.01550078
