0.00449729
0.01280975
0.01326084
0.01238799
0.01232839
0.01218820
0.01229477
0.01534820
0.01529646
0.01529884
0.01523256
0.01519632
0.01537681
0.01528120
0.01515651
0.01513028
0.01507425
0.01510096
0.01515508
0.01539159
0.01520586
0.01521254
0.01520061
0.01516891
0.01514530
0.01535940
0.01527548
0.01523042
0.01521945
0.01523590
0.01517391
0.01516294
0.01529384
0.01517034
0.01519442
0.01527286
0.01525092
0.01521349
0.01547623
0.01526213
0.01540470
0.01523876
0.01532102
0.01533961
0.01547813
0.01542330
0.01529980
0.01534700
0.01523733
0.01524210
0.01526189
0.01536179
0.01524615
0.01525545
0.01513720
0.01524854
0.01521134
0.01546311
0.01518703
0.01511288
0.01522923
0.01521158
0.01520586
0.01510191
0.01536345
0.01518106
0.01509309
0.01516128
0.01517844
0.01524115
0.01549411
0.01532888
0.01527190
0.01526737
0.01526976
0.01521611
0.01526737
0.01548719
0.01538587
0.01547241
0.01530552
0.01532340
0.01535535
0.01536703
0.01528168
0.01517439
0.01524210
0.01529288
0.01527953
0.01538420
0.01533842
0.01531458
0.01525021
0.01527929
0.01523852
0.01525927
0.01551533
0.01533127
0.01531601
0.01520228
0.01509929
0.01510835
0.01516843
0.01514053
0.01506972
0.01515412
0.01512408
0.01507068
0.01526427
0.01531029
0.01507735
0.01507139
0.01507378
0.01519203
0.01511765
0.01539016
0.01516223
0.01567483
0.01537418
0.01499844
0.01516557
0.01520276
0.01536560
0.01531363
0.01539207
0.01534629
0.01531744
0.01534390
0.01547265
0.01533341
0.01541138
0.01530218
0.01539636
0.01549578
0.01557350
0.01544833
0.01535177
0.01538467
0.01523042
0.01534414
0.01536798
0.01553535
0.01543188
0.01523972
0.01526833
0.01524067
0.01526546
0.01547265
0.01528001
0.01528478
0.01534653
0.01534605
0.01534438
0.01556277
0.01579690
0.01606417
0.01566172
0.01536918
0.01533651
0.01522803
0.01563144
0.01537704
0.01539135
0.01539421
0.01539826
0.01536179
0.01556754
0.01534462
0.01538944
0.01529050
0.01534295
0.01546526
0.01554394
0.01529217
0.01511288
0.01522660
0.01520157
0.01507878
0.01502275
0.01520514
0.01528716
0.01524734
0.01523304
0.01526427
0.01529479
0.01542640
0.01532364
0.01539993
0.01539230
0.01553988
0.01556802
0.01547956
0.01564074
0.01604366
0.01577115
0.01537275
0.01539826
0.01529455
0.01538849
0.01531076
0.01531243
0.01538014
0.01538610
0.01534319
0.01557636
0.01550174
0.01544142
0.01542234
0.01532125
0.01536536
0.01535678
0.01558614
0.01544428
0.01543379
0.01544046
0.01537728
0.01542687
0.01553774
0.01540637
0.01534796
0.01527214
0.01538110
0.01539636
0.01543474
0.01545334
0.01548195
0.01539302
0.01538205
0.01539898
0.01543164
0.01552486
0.01567793
0.01545405
0.01550937
0.01539826
0.01564407
0.01566029
0.01551390
0.01540422
0.01535749
0.01531577
0.01535320
0.01542640
0.01555324
0.01546884
0.01538992
0.01545525
0.01549959
0.01551867
0.01571608
0.01548815
0.01537108
0.01541877
0.01549220
0.01549649
0.01591563
0.01547432
0.01549768
0.01544809
0.01555777
0.01553679
0.01561093
0.01554251
0.01541162
0.01533079
0.01539660
0.01551056
0.01549768
0.01589465
0.01570368
0.01553512
