0.01669145
0.01436687
0.01312256
0.01267743
0.01286101
0.01275420
0.01275063
0.01281118
0.01286864
0.01269507
0.01294971
0.01278901
0.01277804
0.01292539
0.01290011
0.01271605
0.01299381
0.01284289
0.01259899
0.01293182
0.01287961
0.01283479
0.01288581
0.01269507
0.01276159
0.01260853
0.01283932
0.01275277
0.01304007
0.01266718
0.01287484
0.01273012
0.01289129
0.01291537
0.01276398
0.01268911
0.01270485
0.01309562
0.01273823
0.01273394
0.01273704
0.01271176
0.01312327
0.01268911
0.01288700
0.01268244
0.01269937
0.01284313
0.01271057
0.01276374
0.01265454
0.01308107
0.01288056
0.01289630
0.01289415
0.01270914
0.01273012
0.01273751
0.01287365
0.01289392
0.01283431
0.01283741
0.01278567
0.01295614
0.01268792
0.01269484
0.01287436
0.01265454
0.01283860
0.01282620
0.01274538
0.01270390
0.01287341
0.01305938
0.01261640
0.01275778
0.01276493
0.01276731
0.01267028
0.01283789
0.01266003
0.01275539
0.01291800
0.01267982
0.01291895
0.01288891
0.01273417
0.01274776
0.01282072
0.01279688
0.01285934
0.01291013
0.01282144
0.01289129
0.01296401
0.01275182
0.01271677
0.01289201
0.01288128
0.01275969
0.01274371
0.01256657
0.01266766
0.01270175
0.01253891
0.01259899
0.01291108
0.01270700
0.01265407
0.01269031
0.01306462
0.01296711
0.01285315
0.01292062
0.01284122
0.01258159
0.01290345
0.01274371
0.01290393
0.01271701
0.01289964
0.01281381
0.01287365
0.01308680
0.01278925
0.01256180
0.01273537
0.01264572
0.01275086
0.01262808
0.01288676
0.01288390
0.01278329
0.01287055
0.01267719
0.01296854
0.01280069
0.01281524
0.01278949
0.01252198
0.01271486
0.01275969
0.01290607
0.01271677
0.01278901
0.01300764
0.01304221
0.01299334
0.01287484
0.01289582
0.01279044
0.01274157
0.01261115
0.01287603
0.01274323
0.01273155
0.01298261
0.01284218
0.01290202
0.01254177
0.01270056
0.01275563
0.01275635
0.01262689
0.01286912
0.01287007
0.01271152
0.01290488
0.01284623
0.01287270
0.01265574
0.01287961
0.01252389
0.01255918
0.01273966
0.01290965
0.01271510
0.01276922
0.01266670
0.01290178
0.01261878
0.01279902
0.01272225
0.01293206
0.01272321
0.01283717
0.01276565
0.01274514
0.01271319
0.01280856
0.01280904
0.01278234
0.01271176
0.01283741
0.01274014
0.01297522
0.01271653
0.01296425
0.01286340
0.01304674
0.01271582
0.01286554
0.01270556
0.01288748
0.01286840
0.01269507
0.01292539
0.01273251
0.01281953
0.01292086
0.01264095
0.01285601
0.01285124
0.01282001
0.01269770
0.01273394
0.01284289
0.01272655
0.01277423
0.01273799
0.01278901
0.01318073
0.01287436
0.01300192
0.01285625
0.01285839
0.01272559
0.01288986
0.01293850
0.01283526
0.01289320
0.01283836
0.01273942
0.01270723
0.01267004
0.01286650
0.01268625
0.01290965
0.01274967
0.01285982
0.01286101
0.01267362
0.01257849
0.01278448
0.01299405
0.01316333
0.01318741
0.01343656
0.01330447
0.01323628
0.01296616
0.01304841
0.01317215
0.01323390
0.01316619
0.01305366
0.01324606
0.01324415
0.01329446
0.01302862
0.01325083
0.01334333
0.01307201
0.01314855
0.01338887
0.01316738
0.01304483
0.01323295
0.01329255
0.01351118
0.01334333
0.01335573
0.01339388
0.01327205
0.01339436
0.01335931
0.01332998
0.01304793
0.01316643
0.01317167
0.01357293
0.01332617
0.01334620
0.01315689
0.01312351
0.01329207
0.01283574
0.01319337
0.01333642
0.01313925
0.01308799
0.01322842
0.01332498
0.01340675
0.01316190
0.01293325
0.01306486
0.01335406
0.01340127
0.01329923
0.01312661
0.01334023
0.01315784
0.01361465
0.01306629
0.01284409
0.01297855
0.01307631
0.01297522
0.01287699
0.01311016
0.01310301
0.01303554
0.01321387
0.01317739
0.01328349
0.01329279
0.01327467
0.01404357
0.01351309
0.01294756
0.01281047
0.01290941
0.01294351
0.01291752
0.01274824
0.01265693
0.01270127
0.01274467
0.01287341
0.01273727
0.01290631
0.01283121
0.01314640
0.01280546
0.01273203
0.01286817
0.01286888
0.01287627
0.01277328
0.01292968
0.01291943
0.01303172
0.01259851
0.01300812
0.01292920
0.01275754
0.01297235
0.01293182
0.01304030
0.01292467
0.01293993
0.01277900
0.01294661
0.01293063
0.01281428
0.01271319
0.01297951
0.01284480
0.01281404
0.01294327
0.01295304
0.01273417
0.01284599
0.01293039
0.01254582
0.01285100
0.01277781
0.01295590
0.01286840
0.01291871
0.01295590
0.01300550
0.01280022
0.01293755
0.01286030
0.01286054
0.01296973
0.01290131
0.01302028
0.01304483
0.01294923
0.01304126
0.01318574
0.01293802
0.01289964
0.01296306
0.01310110
0.01298404
0.01287699
0.01309586
0.01296878
0.01314282
0.01310420
0.01320434
0.01318002
0.01325679
0.01325274
0.01327705
0.01316667
0.01332068
0.01325583
0.01358771
0.01348138
0.01325440
0.01337981
0.01316023
0.01318407
0.01318550
0.01312566
0.01304698
0.01336432
0.01315618
0.01327491
0.01347184
0.01316905
0.01333761
0.01314235
0.01316404
0.01313591
0.01320481
0.01325989
0.01313519
0.01324821
0.01327109
0.01327777
0.01338792
0.01322055
0.01327467
0.01342177
0.01331401
0.01335096
0.01317644
0.01309943
0.01346684
0.01330972
0.01343751
0.01328468
0.01316023
0.01321936
0.01332378
0.01323414
0.01327634
0.01358676
0.01323605
0.01345038
0.01342177
0.01330757
0.01344442
0.01338148
0.01364279
0.01331592
0.01322842
0.01328015
0.01310420
0.01323533
0.01323676
0.01307440
0.01323628
0.01311588
0.01306176
0.01318693
0.01312876
0.01324058
0.01312852
0.01294303
0.01298094
0.01311350
0.01325417
0.01291752
0.01284003
0.01304483
0.01303101
0.01283813
0.01288438
0.01295710
0.01285505
0.01333308
0.01322794
0.01288724
0.01312757
0.01296711
0.01296020
0.01315737
0.01300740
0.01320624
0.01326466
0.01306510
0.01331854
0.01309466
0.01307392
0.01329255
0.01314306
0.01316524
0.01345563
0.01306987
0.01311660
0.01348376
0.01307750
0.01325917
0.01285100
0.01319337
0.01310325
0.01326442
0.01313758
0.01307535
0.01315379
0.01311946
0.01325345
0.01281619
0.01317835
0.01314235
0.01306844
0.01329422
0.01319170
0.01331520
0.01333714
0.01308680
0.01307249
0.01325965
0.01320744
0.01318789
0.01313901
0.01317811
0.01314092
0.01331663
0.01317453
0.01314712
0.01324391
0.01318240
0.01319861
0.01328206
0.01300359
0.01349401
0.01308846
0.01304460
0.01305866
0.01293802
0.01306224
0.01343560
0.01319790
0.01369309
0.01308489
0.01329088
0.01301599
0.01335502
0.01322365
0.01300979
0.01305199
0.01305199
0.01309109
0.01314259
0.01302719
0.01301527
0.01314688
0.01315379
0.01299906
0.01315165
0.01320887
0.01331878
0.01315117
0.01302791
0.01306510
0.01335549
0.01317835
0.01293826
0.01324177
0.01291943
0.01302838
0.01301122
0.01312184
0.01316285
0.01311469
0.01315451
0.01306033
0.01333690
0.01291394
0.01311207
0.01308846
0.01289248
0.01307893
0.01315165
0.01308346
0.01296115
0.01307130
0.01311469
0.01293278
0.01297545
0.01317286
0.01303244
0.01304412
0.01307273
0.01303411
0.01293778
0.01303339
0.01287580
0.01305461
0.01321983
0.01318717
0.01306415
0.01314330
0.01301742
0.01311684
0.01309848
0.01318526
0.01312995
0.01327348
0.01310802
0.01326489
0.01319933
0.01310349
0.01321602
0.01319265
0.01333117
0.01330066
0.01308084
0.01316690
0.01322269
0.01309800
0.01308155
0.01309085
0.01308417
0.01330519
0.01311469
0.01314998
0.01322865
0.01307654
0.01330686
0.01329708
0.01308608
0.01331353
0.01308441
0.01309681
0.01324630
0.01296234
0.01326275
0.01322412
0.01324487
0.01313353
0.01310325
0.01320839
0.01328635
0.01338077
0.01307249
0.01318884
0.01351166
0.01322913
0.01333785
0.01334095
0.01325536
0.01320410
0.01335502
0.01305819
0.01304054
0.01335835
0.01310706
0.01327038
0.01333785
0.01343346
0.01335430
0.01338100
0.01331234
0.01329350
0.01310158
0.01322150
0.01337075
0.01315618
0.01327276
0.01327753
0.01343203
0.01307225
0.01319933
0.01334023
0.01320505
0.01332474
0.01339722
0.01323581
0.01318312
0.01348758
0.01322007
0.01335716
0.01322627
0.01356053
0.01306057
0.01322579
0.01333165
0.01336169
0.01324201
0.01322222
0.01321959
0.01324773
0.01337194
0.01336336
0.01314640
0.01345849
0.01323700
0.01326299
0.01310778
0.01326847
0.01327395
0.01310992
0.01305771
0.01341057
0.01315975
0.01315165
0.01319242
0.01302218
0.01315379
0.01328921
0.01307082
0.01311183
0.01330400
0.01326942
