0.01851296
0.01714468
0.01381493
0.01341462
0.01313758
0.01303101
0.01309133
0.01296687
0.01298475
0.01305890
0.01299930
0.01312470
0.01319289
0.01305127
0.01300883
0.01313567
0.01310301
0.01293921
0.01299644
0.01278377
0.01289415
0.01304531
0.01306343
0.01316309
0.01286554
0.01287198
0.01288223
0.01302648
0.01296353
0.01309109
0.01309490
0.01295543
0.01309204
0.01313806
0.01326585
0.01299286
0.01303101
0.01303625
0.01311660
0.01300502
0.01312137
0.01300335
0.01309061
0.01316166
0.01318789
0.01284099
0.01292539
0.01307130
0.01314783
0.01304173
0.01301336
0.01324534
0.01304793
0.01323223
0.01329064
0.01296496
0.01303959
0.01318979
0.01314974
0.01308179
0.01320601
0.01308393
0.01306438
0.01293325
0.01313066
0.01309395
0.01312089
0.01295590
0.01312304
0.01311183
0.01308584
0.01315498
0.01288199
0.01313257
0.01288390
0.01299119
0.01300931
0.01295543
0.01305151
0.01306438
0.01297665
0.01311517
0.01289725
0.01294065
0.01301742
0.01308632
0.01309299
0.01301861
0.01289034
0.01310754
0.01310062
0.01305485
0.01303363
0.01291013
0.01294351
0.01305962
0.01296592
0.01296020
0.01305628
0.01300478
0.01303244
0.01283073
0.01288509
0.01305270
0.01294756
0.01257777
0.01305079
0.01287675
0.01311445
0.01310563
0.01302433
0.01305127
0.01274228
0.01287317
0.01307535
0.01291037
0.01303434
0.01284647
0.01283026
0.01306796
0.01296139
0.01297522
0.01305461
0.01296329
0.01281428
0.01314425
0.01319718
0.01304126
0.01287031
0.01307940
0.01296878
0.01314092
0.01293254
0.01323795
0.01289487
0.01310563
0.01300907
0.01311040
0.01303029
0.01288152
0.01285720
0.01288247
0.01303625
0.01294851
0.01305699
0.01287413
0.01302385
0.01288056
0.01287198
0.01305246
0.01325750
0.01286054
0.01310205
0.01290679
0.01282573
0.01308703
0.01296520
0.01311445
0.01291800
0.01279736
0.01289940
0.01292157
0.01310587
0.01299047
0.01290035
0.01308107
0.01315475
0.01241350
0.01292610
0.01300907
0.01294947
0.01290417
0.01305294
0.01294112
0.01290774
0.01286387
0.01308656
0.01293516
0.01283550
0.01300979
0.01285195
0.01305270
0.01297045
0.01305103
0.01306987
0.01310158
0.01308823
0.01280332
0.01297164
0.01284218
0.01292467
0.01307869
0.01299620
0.01307726
0.01294875
0.01302409
0.01298833
0.01291156
0.01293683
0.01310420
0.01311517
0.01298499
0.01306963
0.01294303
0.01308680
0.01297879
0.01309562
0.01312399
0.01292872
0.01296973
0.01283526
0.01309729
0.01317978
0.01304221
0.01308942
0.01297402
0.01302004
0.01294065
0.01307774
0.01296115
0.01269603
0.01310921
0.01307988
0.01294780
0.01294279
0.01298523
0.01302218
0.01293397
0.01300764
0.01292276
0.01290894
0.01313829
0.01294518
0.01318836
0.01278019
0.01293230
0.01296568
0.01295018
0.01294279
0.01300001
0.01297855
0.01282835
0.01296592
0.01317739
0.01293659
0.01298809
0.01274109
0.01293302
0.01309490
0.01293755
0.01274633
0.01299644
0.01303768
0.01300240
0.01303720
0.01293969
0.01312804
0.01293159
0.01315427
0.01307774
0.01311302
0.01321292
0.01312089
0.01309681
0.01307750
0.01305294
0.01301265
0.01298070
0.01308465
0.01292658
0.01288962
0.01297522
0.01308990
0.01307058
0.01282430
0.01292515
0.01292539
0.01304984
0.01304889
0.01308465
0.01290250
0.01289344
0.01291752
0.01275492
0.01298714
0.01288843
0.01298690
0.01313400
0.01314950
0.01309538
0.01274180
0.01313472
0.01314092
0.01309824
0.01336074
0.01290679
0.01291323
0.01297450
0.01309681
0.01293421
0.01313257
0.01313519
0.01307154
0.01303673
0.01318312
0.01309180
0.01311660
0.01302075
0.01342487
0.01294160
0.01295948
0.01302409
0.01314330
0.01315784
0.01339531
0.01337242
0.01292181
0.01299477
0.01310468
0.01291704
0.01314259
0.01294398
0.01300669
0.01298618
0.01318502
0.01284266
0.01293159
0.01291442
0.01317096
0.01302147
0.01297235
0.01302791
0.01301289
0.01312256
0.01304007
0.01304770
0.01302123
0.01300788
0.01307750
0.01299572
0.01306438
0.01315427
0.01301908
0.01302028
0.01307344
0.01311088
0.01294208
0.01312757
0.01304364
0.01317120
0.01317835
0.01313281
0.01313138
0.01289392
0.01323390
0.01313019
0.01315641
0.01306581
0.01354623
0.01316547
0.01289153
0.01301718
0.01300669
0.01297903
0.01301646
0.01301455
0.01303267
0.01295877
0.01301432
0.01315212
0.01297593
0.01331353
0.01311517
0.01295257
0.01304889
0.01306486
0.01329184
0.01325297
0.01291299
0.01295567
0.01299906
0.01305246
0.01315641
0.01291871
0.01290202
0.01311302
0.01294470
0.01311135
0.01302147
0.01309824
0.01294422
0.01305175
0.01299548
0.01307249
0.01304960
0.01305032
0.01298094
0.01302719
0.01301599
0.01281309
0.01298141
0.01299691
0.01292968
0.01302910
0.01271558
0.01296735
0.01295495
0.01284409
0.01305246
0.01285458
0.01306057
0.01296878
0.01312923
0.01289845
0.01299429
0.01291156
0.01298285
0.01313138
0.01298356
0.01297355
0.01304698
0.01293254
0.01320696
0.01313949
0.01304483
0.01284933
0.01290298
0.01302338
0.01304889
0.01289392
0.01300478
0.01306367
0.01282477
0.01342273
0.01299810
