352.000,197.000,56.000,100.000
352.912,193.656,56.000,100.000
354.432,192.136,56.000,100.000
356.560,191.832,56.000,100.000
356.256,192.136,56.000,100.000
357.168,193.048,56.000,100.000
356.256,192.744,56.000,100.000
356.560,192.440,56.000,100.000
355.648,191.528,56.000,100.000
354.736,190.008,56.000,100.000
354.432,188.488,56.000,100.000
354.736,187.575,56.000,100.000
353.824,184.231,56.000,100.000
353.520,183.927,56.000,100.000
354.432,180.583,56.000,100.000
356.560,178.455,56.000,100.000
356.864,175.111,56.000,100.000
359.600,169.942,56.000,100.000
362.337,167.206,56.000,100.000
365.073,168.726,56.000,100.000
367.201,176.935,56.000,100.000
369.937,195.480,56.000,100.000
370.849,221.321,56.000,100.000
369.937,244.731,56.000,100.000
369.633,260.236,56.000,100.000
367.505,263.580,56.000,100.000
364.769,249.291,56.000,100.000
365.681,225.274,56.000,100.000
364.769,202.472,56.000,100.000
362.641,184.535,56.000,100.000
359.904,168.422,56.000,100.000
357.168,160.822,56.000,100.000
355.040,162.342,56.000,100.000
351.088,175.415,56.000,100.000
340.447,192.744,56.000,100.000
325.550,205.209,56.000,100.000
307.005,212.809,56.000,100.000
298.797,209.465,56.000,100.000
304.573,202.472,56.000,100.000
321.294,189.400,56.000,100.000
342.879,165.382,56.000,100.000
346.832,135.284,56.000,100.000
332.543,111.267,56.000,100.000
326.159,112.787,56.000,100.000
330.719,139.845,56.000,100.000
345.008,190.616,56.000,100.000
365.985,246.859,56.000,100.000
379.058,278.781,56.000,100.000
384.834,288.205,56.000,100.000
384.530,272.092,56.000,100.000
372.065,218.889,56.000,100.000
377.841,176.631,56.000,100.000
388.482,156.870,56.000,100.000
391.826,168.726,56.000,100.000
374.497,201.864,56.000,100.000
350.480,243.515,56.000,100.000
336.799,261.452,56.000,100.000
338.927,250.811,56.000,100.000
346.528,218.281,56.000,100.000
351.696,174.199,56.000,100.000
350.784,144.709,56.000,100.000
335.887,139.541,56.000,100.000
320.382,172.071,56.000,100.000
309.134,224.666,56.000,100.000
311.262,262.668,56.000,100.000
312.782,267.836,56.000,100.000
311.262,232.266,56.000,100.000
306.093,170.550,56.000,100.000
304.573,133.156,56.000,100.000
306.701,135.892,56.000,100.000
299.709,169.638,56.000,100.000
294.541,222.233,56.000,100.000
307.005,245.643,56.000,100.000
338.927,241.691,56.000,100.000
350.784,226.794,56.000,100.000
326.159,194.264,56.000,100.000
282.076,159.910,56.000,100.000
286.028,168.118,56.000,100.000
302.141,208.553,56.000,100.000
309.134,243.515,56.000,100.000
319.774,268.140,56.000,100.000
330.415,264.188,56.000,100.000
333.151,228.010,56.000,100.000
317.646,176.023,56.000,100.000
294.237,144.709,56.000,100.000
286.636,155.958,56.000,100.000
274.172,196.392,56.000,100.000
269.611,239.866,56.000,100.000
274.172,251.115,56.000,100.000
287.244,235.002,56.000,100.000
291.197,188.488,56.000,100.000
276.300,128.596,56.000,100.000
267.483,107.011,56.000,100.000
264.747,129.204,56.000,100.000
260.187,183.015,56.000,100.000
264.747,244.123,56.000,100.000
267.483,260.844,56.000,100.000
272.043,247.163,56.000,100.000
266.875,204.904,56.000,100.000
261.099,160.822,56.000,100.000
257.147,145.925,56.000,100.000
244.074,160.214,56.000,100.000
237.081,197.000,56.000,100.000
252.586,229.530,56.000,100.000
293.629,243.211,56.000,100.000
329.807,231.962,56.000,100.000
347.744,214.025,56.000,100.000
345.008,198.520,56.000,100.000
341.663,197.000,56.000,100.000
346.224,202.776,56.000,100.000
358.688,210.985,56.000,100.000
366.289,224.666,56.000,100.000
370.849,232.266,56.000,100.000
365.073,227.706,56.000,100.000
348.352,205.512,56.000,100.000
307.309,178.455,56.000,100.000
254.106,162.950,56.000,100.000
231.913,175.415,56.000,100.000
235.257,192.136,56.000,100.000
251.978,208.249,56.000,100.000
275.388,214.633,56.000,100.000
301.229,213.113,56.000,100.000
325.247,209.161,56.000,100.000
341.359,197.304,56.000,100.000
342.880,187.271,56.000,100.000
332.239,190.616,56.000,100.000
325.247,193.352,56.000,100.000
315.822,194.264,56.000,100.000
316.734,193.352,56.000,100.000
325.551,199.736,56.000,100.000
322.814,202.472,56.000,100.000
300.621,198.520,56.000,100.000
283.900,195.784,56.000,100.000
280.556,186.967,56.000,100.000
286.940,176.327,56.000,100.000
285.420,172.375,56.000,100.000
285.724,162.342,56.000,100.000
291.501,151.701,56.000,100.000
294.845,145.317,56.000,100.000
295.149,145.621,56.000,100.000
302.749,153.221,56.000,100.000
303.661,159.606,56.000,100.000
298.493,155.046,56.000,100.000
310.958,141.365,56.000,100.000
336.518,134.896,57.239,102.213
338.693,137.693,57.239,102.213
337.761,151.677,57.239,102.213
334.343,158.202,57.239,102.213
308.551,156.027,57.239,102.213
251.063,150.744,57.239,102.213
217.192,154.163,57.239,102.213
206.316,165.039,57.239,102.213
218.435,169.078,57.239,102.213
262.872,170.632,57.239,102.213
345.840,164.106,57.239,102.213
393.384,155.095,57.239,102.213
407.368,156.649,57.239,102.213
418.244,168.146,57.239,102.213
412.961,170.943,57.239,102.213
380.333,174.361,57.239,102.213
316.009,172.186,57.239,102.213
276.544,178.090,57.239,102.213
270.019,185.858,57.239,102.213
256.657,193.006,57.239,102.213
255.103,187.723,57.239,102.213
280.273,171.875,57.239,102.213
316.009,165.349,57.239,102.213
356.716,160.067,57.239,102.213
398.045,162.863,57.239,102.213
431.916,168.146,57.239,102.213
447.143,176.536,57.239,102.213
439.374,173.118,57.239,102.213
418.554,170.943,57.239,102.213
419.487,171.875,57.239,102.213
439.685,173.429,57.239,102.213
460.505,171.875,57.239,102.213
481.946,168.457,57.239,102.213
508.981,168.768,57.239,102.213
524.829,173.429,57.239,102.213
525.140,178.090,57.239,102.213
523.586,185.858,57.239,102.213
515.196,188.034,57.239,102.213
489.404,183.994,57.239,102.213
463.612,183.062,57.239,102.213
449.007,185.237,57.239,102.213
449.939,186.791,57.239,102.213
467.652,183.994,57.239,102.213
494.065,183.683,57.239,102.213
483.189,182.751,57.239,102.213
438.753,186.791,57.239,102.213
397.424,189.587,57.239,102.213
381.638,189.424,58.505,104.474
375.603,186.565,58.505,104.474
365.757,189.424,58.505,104.474
355.275,196.729,58.505,104.474
358.769,201.493,58.505,104.474
376.874,198.000,58.505,104.474
401.330,192.600,58.505,104.474
399.742,183.389,58.505,104.474
375.921,174.178,58.505,104.474
352.735,173.861,58.505,104.474
334.630,175.449,58.505,104.474
320.973,176.401,58.505,104.474
309.221,182.436,58.505,104.474
308.903,189.106,58.505,104.474
316.208,192.600,58.505,104.474
329.231,189.741,58.505,104.474
335.265,183.071,58.505,104.474
327.325,178.942,58.505,104.474
314.303,179.260,58.505,104.474
297.469,178.307,58.505,104.474
274.918,176.084,58.505,104.474
259.354,172.590,58.505,104.474
254.590,174.813,58.505,104.474
260.625,179.578,58.505,104.474
275.553,181.166,58.505,104.474
301.280,177.037,58.505,104.474
328.913,173.543,58.505,104.474
336.853,174.496,58.505,104.474
325.102,176.084,58.505,104.474
303.821,182.754,58.505,104.474
285.082,183.707,58.505,104.474
258.719,178.942,58.505,104.474
241.885,177.354,58.505,104.474
239.027,173.861,58.505,104.474
234.262,158.932,58.505,104.474
219.334,132.570,58.505,104.474
231.086,117.642,58.505,104.474
255.543,144.640,58.505,104.474
267.930,191.330,58.505,104.474
285.399,242.466,58.505,104.474
297.151,270.099,58.505,104.474
296.198,268.511,58.505,104.474
291.434,239.608,58.505,104.474
301.915,192.282,58.505,104.474
316.208,164.650,58.505,104.474
329.866,160.521,58.505,104.474
342.253,188.153,58.505,104.474
338.759,240.561,58.505,104.474
345.429,289.792,58.505,104.474
360.357,323.142,58.505,104.474
364.486,326.635,58.505,104.474
357.181,300.273,58.505,104.474
348.605,252.312,58.505,104.474
345.112,206.893,58.505,104.474
326.372,181.166,58.505,104.474
313.350,194.823,58.505,104.474
325.102,235.161,58.505,104.474
341.935,281.216,58.505,104.474
354.323,308.213,58.505,104.474
352.735,311.072,58.505,104.474
341.618,287.251,58.505,104.474
322.243,241.196,58.505,104.474
303.504,193.870,58.505,104.474
301.280,158.615,58.505,104.474
313.667,164.650,58.505,104.474
313.985,206.893,58.505,104.474
316.208,264.382,58.505,104.474
324.784,302.814,58.505,104.474
322.561,314.566,58.505,104.474
308.903,297.732,58.505,104.474
292.705,240.878,58.505,104.474
295.563,186.565,58.505,104.474
314.938,158.297,58.505,104.474
325.419,173.225,58.505,104.474
319.385,219.280,58.505,104.474
315.255,273.593,58.505,104.474
309.856,306.308,58.505,104.474
302.551,303.449,58.505,104.474
297.786,268.193,58.505,104.474
304.456,220.233,58.505,104.474
323.196,190.059,58.505,104.474
338.759,213.245,58.505,104.474
341.618,262.476,58.505,104.474
336.854,317.424,58.505,104.474
332.725,334.893,58.505,104.474
326.690,312.978,58.505,104.474
313.667,261.841,58.505,104.474
296.834,192.282,58.505,104.474
298.422,163.379,58.505,104.474
309.538,183.389,58.505,104.474
316.208,237.067,58.505,104.474
329.231,291.380,58.505,104.474
332.725,317.107,58.505,104.474
326.690,312.978,58.505,104.474
312.397,275.816,58.505,104.474
305.727,208.163,58.505,104.474
309.221,157.027,58.505,104.474
305.092,135.746,58.505,104.474
300.963,149.404,58.505,104.474
295.563,190.377,58.505,104.474
309.856,257.394,58.505,104.474
328.595,292.650,58.505,104.474
333.360,301.861,58.505,104.474
324.149,279.945,58.505,104.474
309.856,237.067,58.505,104.474
293.657,174.496,58.505,104.474
295.881,139.240,58.505,104.474
306.997,142.098,58.505,104.474
300.963,174.813,58.505,104.474
293.657,238.655,58.505,104.474
299.057,288.521,58.505,104.474
308.268,307.260,58.505,104.474
314.938,296.144,58.505,104.474
321.608,260.253,58.505,104.474
324.466,212.292,58.505,104.474
315.891,165.602,58.505,104.474
308.585,149.404,58.505,104.474
306.362,164.967,58.505,104.474
301.598,206.575,58.505,104.474
307.633,257.077,58.505,104.474
314.303,285.345,58.505,104.474
319.067,284.392,58.505,104.474
327.007,256.124,58.505,104.474
333.042,208.163,58.505,104.474
328.278,169.731,58.505,104.474
316.526,145.910,58.505,104.474
318.114,150.674,58.505,104.474
316.526,178.307,58.505,104.474
311.762,220.550,58.505,104.474
317.796,264.064,58.505,104.474
325.737,287.886,58.505,104.474
329.866,285.662,58.505,104.474
330.184,259.300,58.505,104.474
328.596,213.880,58.505,104.474
325.102,169.096,58.505,104.474
320.337,140.193,58.505,104.474
316.208,139.875,58.505,104.474
315.891,154.168,58.505,104.474
313.032,188.789,58.505,104.474
327.325,243.737,58.505,104.474
323.196,272.640,58.505,104.474
314.620,281.851,58.505,104.474
311.126,259.935,58.505,104.474
316.526,217.057,58.505,104.474
320.020,181.801,58.505,104.474
315.256,154.168,58.505,104.474
310.491,150.039,58.505,104.474
307.633,168.779,58.505,104.474
294.610,202.129,58.505,104.474
286.035,234.843,58.505,104.474
281.270,260.570,58.505,104.474
277.141,273.593,58.505,104.474
290.164,268.193,58.505,104.474
322.243,252.630,58.505,104.474
351.782,237.067,58.505,104.474
385.132,235.479,58.505,104.474
410.859,241.513,58.505,104.474
435.951,249.454,58.505,104.474
445.797,256.759,58.505,104.474
432.775,253.265,58.505,104.474
397.519,252.948,58.505,104.474
343.841,250.089,58.505,104.474
310.491,247.866,58.505,104.474
296.198,250.724,58.505,104.474
298.422,245.325,58.505,104.474
314.620,233.573,58.505,104.474
357.499,219.915,58.505,104.474
378.144,210.704,58.505,104.474
382.273,203.399,58.505,104.474
382.591,197.364,58.505,104.474
384.814,191.329,58.505,104.474
373.697,190.377,58.505,104.474
339.712,202.764,58.505,104.474
296.198,217.692,58.505,104.474
267.930,230.714,58.505,104.474
261.895,238.655,58.505,104.474
283.811,235.161,58.505,104.474
326.690,224.679,58.505,104.474
374.650,198.952,58.505,104.474
409.271,178.942,58.505,104.474
422.293,167.190,58.505,104.474
423.881,158.615,58.505,104.474
408.318,146.228,58.505,104.474
366.075,142.098,58.505,104.474
330.184,148.768,58.505,104.474
286.035,164.967,58.505,104.474
240.615,184.977,58.505,104.474
195.195,199.270,58.505,104.474
159.940,202.764,58.505,104.474
153.905,201.811,58.505,104.474
187.255,198.317,58.505,104.474
271.424,185.295,58.505,104.474
324.466,158.297,58.505,104.474
353.370,143.369,58.505,104.474
366.392,141.781,58.505,104.474
383.861,155.438,58.505,104.474
393.072,160.203,58.505,104.474
386.402,152.262,58.505,104.474
350.511,136.064,58.505,104.474
293.657,122.406,58.505,104.474
238.074,115.101,58.505,104.474
202.183,114.783,58.505,104.474
169.468,114.466,58.505,104.474
156.446,114.783,58.505,104.474
171.374,102.396,58.505,104.474
204.724,91.279,58.505,104.474
236.804,86.515,58.505,104.474
259.355,91.915,58.505,104.474
270.471,101.761,58.505,104.474
263.801,105.255,58.505,104.474
241.250,110.654,58.505,104.474
225.052,117.324,58.505,104.474
229.181,125.265,58.505,104.474
246.015,133.205,58.505,104.474
267.930,139.240,58.505,104.474
293.657,132.570,58.505,104.474
321.290,120.818,58.505,104.474
333.042,119.230,58.505,104.474
338.442,120.818,58.505,104.474
334.313,126.218,58.505,104.474
322.561,131.617,58.505,104.474
298.739,130.664,58.505,104.474
270.471,132.888,58.505,104.474
254.908,140.828,58.505,104.474
254.590,136.699,58.505,104.474
261.260,120.500,58.505,104.474
287.623,87.150,58.505,104.474
331.772,77.939,58.505,104.474
360.040,85.880,58.505,104.474
376.238,100.173,58.505,104.474
387.355,118.912,58.505,104.474
378.779,127.488,58.505,104.474
356.864,131.617,58.505,104.474
330.501,138.287,58.505,104.474
311.762,145.592,58.505,104.474
315.256,140.193,58.505,104.474
326.372,125.900,58.505,104.474
329.866,102.714,58.505,104.474
334.630,95.408,58.505,104.474
356.546,110.972,58.505,104.474
380.367,140.510,58.505,104.474
386.402,166.238,58.505,104.474
364.486,177.354,58.505,104.474
319.067,182.118,58.505,104.474
262.213,175.448,58.505,104.474
233.945,161.156,58.505,104.474
231.086,148.133,58.505,104.474
225.687,132.570,58.505,104.474
215.205,118.277,58.505,104.474
213.617,109.066,58.505,104.474
239.345,119.548,58.505,104.474
286.035,152.898,58.505,104.474
328.913,188.788,58.505,104.474
344.477,213.245,58.505,104.474
338.442,223.091,58.505,104.474
313.350,216.421,58.505,104.474
289.528,192.600,58.505,104.474
293.022,156.074,58.505,104.474
320.020,118.912,58.505,104.474
352.099,88.738,58.505,104.474
378.462,77.622,58.505,104.474
392.755,94.456,58.505,104.474
402.601,129.711,58.505,104.474
407.365,165.602,58.505,104.474
401.330,191.965,58.505,104.474
376.874,199.905,58.505,104.474
332.089,198.317,58.505,104.474
298.104,181.483,58.505,104.474
290.164,156.391,58.505,104.474
293.657,121.771,58.505,104.474
301.598,93.503,58.505,104.474
326.055,85.562,58.505,104.474
351.782,105.572,58.505,104.474
376.874,140.193,58.505,104.474
398.154,177.989,58.505,104.474
392.119,199.270,58.505,104.474
360.040,205.305,58.505,104.474
325.419,191.012,58.505,104.474
288.258,157.027,58.505,104.474
244.744,111.607,58.505,104.474
236.804,75.081,58.505,104.474
258.719,48.718,58.505,104.474
292.705,66.187,58.505,104.474
309.538,97.632,58.505,104.474
333.995,133.523,58.505,104.474
352.099,164.332,58.505,104.474
340.983,178.625,58.505,104.474
315.891,181.483,58.505,104.474
304.774,166.555,58.505,104.474
305.092,140.193,58.505,104.474
308.586,117.007,58.505,104.474
319.702,110.337,58.505,104.474
336.536,123.994,58.505,104.474
342.571,145.275,58.505,104.474
331.454,162.744,58.505,104.474
317.161,177.037,58.505,104.474
313.032,184.977,58.505,104.474
316.526,178.942,58.505,104.474
323.196,156.391,58.505,104.474
334.313,129.394,58.505,104.474
317.479,106.207,58.505,104.474
284.129,113.513,58.505,104.474
280.000,148.768,58.505,104.474
296.198,184.024,58.505,104.474
307.315,199.588,58.505,104.474
310.809,187.200,58.505,104.474
327.007,159.567,58.505,104.474
344.476,129.394,58.505,104.474
340.347,111.925,58.505,104.474
327.325,116.689,58.505,104.474
318.749,148.768,58.505,104.474
324.784,184.659,58.505,104.474
316.844,201.493,58.505,104.474
284.129,204.352,58.505,104.474
277.459,179.895,58.505,104.474
293.022,145.275,58.505,104.474
305.409,127.806,58.505,104.474
298.104,128.758,58.505,104.474
305.409,162.108,58.505,104.474
329.866,201.176,58.505,104.474
329.548,217.374,58.505,104.474
318.432,210.069,58.505,104.474
320.655,181.801,58.505,104.474
324.784,173.860,58.505,104.474
320.020,197.682,58.505,104.474
295.563,238.655,58.505,104.474
285.717,261.841,58.505,104.474
290.481,246.277,58.505,104.474
291.434,197.046,58.505,104.474
297.469,154.168,58.505,104.474
321.925,157.026,58.505,104.474
326.690,189.741,58.505,104.474
320.020,253.583,58.505,104.474
310.174,295.826,58.505,104.474
299.057,294.238,58.505,104.474
291.116,250.089,58.505,104.474
295.245,188.788,58.505,104.474
310.809,164.967,58.505,104.474
325.102,189.424,58.505,104.474
322.243,236.114,58.505,104.474
309.856,280.263,58.505,104.474
296.834,279.945,58.505,104.474
282.541,244.054,58.505,104.474
287.305,187.200,58.505,104.474
314.938,170.366,58.505,104.474
331.772,194.823,58.505,104.474
332.724,247.866,58.505,104.474
326.054,281.851,58.505,104.474
303.504,282.168,58.505,104.474
278.412,246.277,58.505,104.474
274.283,179.895,58.505,104.474
299.374,172.590,58.505,104.474
306.680,204.669,58.505,104.474
298.739,278.039,58.505,104.474
303.503,328.541,58.505,104.474
310.809,326.318,58.505,104.474
318.749,292.332,58.505,104.474
322.243,246.277,58.505,104.474
321.925,224.362,58.505,104.474
314.620,239.925,58.505,104.474
307.315,286.615,58.505,104.474
312.079,318.695,58.505,104.474
316.843,306.943,58.505,104.474
313.350,260.888,58.505,104.474
307.315,214.833,58.505,104.474
295.563,196.094,58.505,104.474
291.434,219.915,58.505,104.474
279.682,262.158,58.505,104.474
267.930,273.910,58.505,104.474
261.895,250.089,58.505,104.474
267.930,195.141,58.505,104.474
293.657,169.414,58.505,104.474
309.856,190.059,58.505,104.474
305.092,235.478,58.505,104.474
283.811,280.898,58.505,104.474
277.141,284.392,58.505,104.474
274.282,229.444,58.505,104.474
280.317,163.697,58.505,104.474
285.717,130.982,58.505,104.474
277.776,126.217,58.505,104.474
269.201,163.379,58.505,104.474
272.059,225.315,58.505,104.474
266.024,251.042,58.505,104.474
256.178,237.384,58.505,104.474
261.578,186.247,58.505,104.474
286.670,152.262,58.505,104.474
296.516,151.945,58.505,104.474
287.305,174.496,58.505,104.474
271.741,205.940,58.505,104.474
257.449,226.585,58.505,104.474
242.521,233.890,58.505,104.474
225.687,232.302,58.505,104.474
228.545,221.821,58.505,104.474
251.096,220.233,58.505,104.474
267.295,228.173,58.505,104.474
270.789,227.220,58.505,104.474
281.905,218.645,58.505,104.474
291.116,204.352,58.505,104.474
296.516,191.965,58.505,104.474
302.551,191.647,58.505,104.474
300.962,195.776,58.505,104.474
293.657,199.905,58.505,104.474
283.176,199.587,58.505,104.474
269.518,197.364,58.505,104.474
262.848,197.047,58.505,104.474
277.141,185.930,58.505,104.474
300.327,171.637,58.505,104.474
312.079,155.438,58.505,104.474
328.278,146.863,58.505,104.474
349.558,154.168,58.505,104.474
344.794,155.756,58.505,104.474
322.243,152.897,58.505,104.474
300.327,156.391,58.505,104.474
293.657,158.615,58.505,104.474
288.258,157.027,58.505,104.474
275.871,152.897,58.505,104.474
273.647,141.146,58.505,104.474
282.223,129.394,58.505,104.474
295.245,125.265,58.505,104.474
300.859,125.757,59.800,106.785
304.430,133.223,59.800,106.785
306.703,138.742,59.800,106.785
313.520,140.366,59.800,106.785
324.883,148.482,59.800,106.785
320.013,151.404,59.800,106.785
308.001,157.572,59.800,106.785
299.236,164.389,59.800,106.785
298.262,167.961,59.800,106.785
307.027,172.830,59.800,106.785
319.689,183.544,59.800,106.785
322.610,194.257,59.800,106.785
319.039,201.724,59.800,106.785
315.468,210.489,59.800,106.785
317.092,217.956,59.800,106.785
320.013,219.579,59.800,106.785
318.390,221.203,59.800,106.785
310.923,222.826,59.800,106.785
306.054,225.748,59.800,106.785
307.677,228.669,59.800,106.785
308.001,231.591,59.800,106.785
