0.00518274
0.01365113
0.01379609
0.01369452
0.01311016
0.01300192
0.01320648
0.01292181
0.01300192
0.01272392
0.01312494
0.01293731
0.01338577
0.01319647
0.01302171
0.01306701
0.01321387
0.01304960
0.01312637
0.01318455
0.01318240
0.01309204
0.01299596
0.01324368
0.01308584
0.01310420
0.01307607
0.01317120
0.01307106
0.01316023
0.01314926
0.01297760
0.01318240
0.01308751
0.01304841
0.01300526
0.01307750
0.01309633
0.01302457
0.01304364
0.01301718
0.01308799
0.01290679
0.01298928
0.01293516
0.01302814
0.01322293
0.01308608
0.01293159
0.01289010
0.01303649
0.01305008
0.01269126
0.01284313
0.01274323
0.01298833
0.01265883
0.01299238
0.01287985
0.01299596
0.01304579
0.01303530
0.01301932
0.01316500
0.01288867
0.01282167
0.01286674
0.01287842
0.01287675
0.01306605
0.01306248
0.01318073
0.01282716
0.01287913
0.01279569
0.01286244
0.01276922
0.01300955
0.01286864
0.01297283
0.01316428
0.01286817
0.01304483
0.01286507
0.01283455
0.01296973
0.01274204
0.01284313
0.01289248
0.01295471
0.01304173
0.01290321
0.01282835
0.01277471
0.01276994
0.01295471
0.01283836
0.01280165
0.01317620
0.01289153
0.01287937
0.01285219
0.01302171
0.01300097
0.01290822
0.01297069
0.01290894
0.01289892
0.01319027
0.01286936
0.01289725
0.01280499
0.01300311
0.01268911
0.01315880
0.01299858
0.01289749
0.01299715
0.01298499
0.01296115
0.01312256
0.01302552
0.01315022
0.01315737
0.01324868
0.01312709
0.01311255
0.01305890
0.01302934
0.01311827
0.01311326
0.01317096
0.01289558
0.01301479
0.01302791
0.01308846
0.01307464
0.01307750
0.01302838
0.01314187
0.01301074
0.01314235
0.01277947
0.01312160
0.01313138
0.01312470
0.01310349
0.01311803
0.01302385
0.01300287
0.01306987
0.01316762
0.01307511
0.01315689
0.01297188
0.01301932
0.01295161
0.01304340
0.01303911
0.01296616
0.01305532
0.01305056
0.01309443
0.01313448
0.01313496
0.01292992
0.01290202
0.01295614
0.01315022
0.01299429
0.01289725
0.01259208
0.01311350
0.01312733
0.01314759
0.01297975
0.01333952
0.01305056
0.01319909
0.01304078
0.01283240
0.01299572
0.01289606
0.01311064
0.01299214
0.01291943
0.01297450
0.01309156
0.01325345
0.01288295
0.01286077
0.01275587
0.01298571
0.01295400
0.01289773
0.01283169
0.01289272
0.01306272
0.01289439
0.01285768
0.01284552
0.01282644
0.01280570
0.01320457
0.01292324
0.01280928
0.01267409
0.01322556
0.01288080
0.01297283
0.01296425
0.01290441
0.01293325
0.01289892
0.01294756
0.01281357
0.01286912
0.01298594
0.01296878
0.01281977
0.01282001
0.01281238
0.01278853
0.01294518
0.01303411
0.01295233
0.01282406
0.01276112
0.01295853
0.01279616
0.01280403
0.01288986
0.01280570
0.01300573
0.01284719
0.01292419
0.01298785
0.01299238
0.01290727
0.01281214
0.01299810
0.01271963
0.01260948
0.01297522
0.01297140
0.01300335
0.01285100
0.01301074
0.01301241
0.01283741
0.01303172
0.01297140
0.01299143
0.01298571
0.01296401
0.01292658
0.01277637
0.01285243
0.01296735
0.01294351
0.01291251
0.01297474
0.01282859
0.01264024
0.01285696
0.01273370
0.01307583
0.01297975
0.01283288
0.01293564
0.01269364
0.01289821
0.01285219
0.01292443
0.01291990
0.01281881
0.01280522
0.01313400
0.01278996
0.01302719
0.01273394
0.01280546
0.01287436
0.01277804
0.01270008
0.01281333
0.01298618
0.01278877
0.01292348
0.01290870
0.01278520
0.01289368
0.01291633
0.01278615
0.01278687
0.01313496
0.01283741
0.01275110
0.01279998
0.01302171
0.01309943
0.01307726
0.01304460
0.01289749
0.01307940
0.01299310
0.01296592
0.01290703
0.01314878
0.01289415
0.01299524
0.01295853
0.01307678
0.01275468
0.01293325
0.01308107
0.01295996
0.01305032
0.01308894
0.01318359
0.01311970
0.01325965
0.01318002
0.01316762
0.01302528
0.01296306
0.01315498
0.01290488
0.01314926
0.01299167
0.01296091
0.01303649
0.01294422
0.01293015
0.01293111
0.01302052
0.01297021
0.01294041
0.01308322
0.01302028
0.01309776
0.01300454
0.01334500
0.01294613
0.01298881
0.01299739
0.01299167
0.01308894
0.01293826
0.01293612
0.01290917
0.01287580
0.01294017
0.01296425
0.01313710
0.01310349
0.01308703
0.01290631
0.01304173
0.01305652
0.01303291
0.01289082
0.01301694
0.01281357
0.01298738
0.01297021
