206.000,85.000,49.000,57.000
202.872,88.128,49.000,57.000
201.830,90.004,49.000,57.000
204.965,89.607,47.955,55.784
204.761,86.954,47.955,55.784
187.415,80.220,47.955,55.784
181.905,75.527,47.955,55.784
173.947,71.649,47.955,55.784
168.845,67.772,47.955,55.784
167.417,65.527,47.955,55.784
167.213,70.221,47.955,55.784
169.457,71.241,47.955,55.784
167.213,78.792,47.955,55.784
165.784,81.036,47.955,55.784
162.558,78.681,46.932,54.595
159.962,70.093,46.932,54.595
151.776,66.381,47.971,55.803
199.322,9.216,49.032,57.037
192.436,5.252,49.032,57.037
183.884,0.941,50.117,58.299
178.241,0.517,51.226,59.589
168.867,-2.752,51.226,59.589
165.598,-5.150,51.226,59.589
157.532,-7.112,51.226,59.589
215.734,10.545,51.226,59.589
209.347,7.188,50.133,58.318
200.628,2.669,49.064,57.075
204.201,-8.143,50.150,58.338
203.134,-10.491,50.150,58.338
180.726,32.831,50.150,58.338
177.525,33.898,50.150,58.338
177.312,35.392,50.150,58.338
178.307,36.296,51.259,59.628
174.163,39.132,51.259,59.628
176.562,36.732,51.259,59.628
155.454,56.080,50.166,58.357
177.182,43.328,49.096,57.112
162.348,53.983,49.096,57.112
152.111,50.013,49.096,57.112
167.780,70.279,49.096,57.112
170.496,71.323,49.096,57.112
160.750,92.674,48.049,55.894
174.040,106.373,48.049,55.894
182.423,107.395,48.049,55.894
172.885,114.495,47.025,54.702
170.283,103.889,47.025,54.702
168.482,102.488,47.025,54.702
182.690,110.293,47.025,54.702
188.893,112.094,47.025,54.702
203.501,110.693,47.025,54.702
208.439,121.499,46.022,53.536
236.985,124.360,47.040,54.720
223.573,145.779,47.040,54.720
227.377,155.187,47.040,54.720
224.984,165.225,46.037,53.553
229.150,167.274,47.056,54.738
231.330,167.292,48.097,55.949
223.366,164.762,49.161,57.187
220.228,172.502,49.161,57.187
231.187,156.460,50.249,58.452
229.966,154.704,51.360,59.746
171.611,109.025,51.360,59.746
167.458,105.747,51.360,59.746
164.180,105.091,51.360,59.746
159.757,101.936,52.497,61.068
159.408,102.420,53.658,62.419
163.290,100.364,53.658,62.419
165.345,105.160,53.658,62.419
164.203,112.695,53.658,62.419
166.715,115.206,53.658,62.419
157.353,125.481,53.658,62.419
155.298,124.796,53.658,62.419
150.203,120.552,54.845,63.800
138.216,119.604,56.059,65.211
131.904,121.605,57.299,66.654
127.271,124.775,57.299,66.654
115.811,126.482,57.299,66.654
108.740,123.800,57.299,66.654
101.276,121.798,58.567,68.129
166.038,104.028,57.318,66.676
162.652,105.914,56.096,65.254
158.117,108.062,56.096,65.254
148.807,104.004,56.096,65.254
142.840,97.559,56.096,65.254
136.395,94.933,56.096,65.254
134.002,93.098,54.899,63.862
133.301,90.061,54.899,63.862
89.615,80.950,54.899,63.862
83.307,83.520,54.899,63.862
77.125,81.602,56.114,65.275
73.066,80.408,56.114,65.275
68.529,78.736,56.114,65.275
63.201,76.776,57.356,66.720
56.236,78.316,58.625,68.196
47.564,82.480,59.922,69.705
40.816,78.798,61.247,71.247
-3.230,24.848,61.247,71.247
7.977,28.236,61.247,71.247
11.365,24.848,61.247,71.247
2.846,12.973,62.602,72.823
-0.085,15.904,62.602,72.823
2.846,4.449,62.602,72.823
4.178,-2.744,62.602,72.823
14.817,-11.012,63.988,74.434
-4.515,-14.007,63.988,74.434
-1.520,58.150,63.988,74.434
-6.349,71.803,62.623,72.847
-9.531,68.509,64.008,74.459
-7.079,70.961,64.008,74.459
-8.986,75.046,64.008,74.459
-7.624,77.498,64.008,74.459
2.454,105.008,64.008,74.459
-0.801,102.914,62.643,72.871
-5.643,102.385,64.029,74.483
68.561,98.451,65.446,76.131
74.896,94.163,64.050,74.508
69.945,86.269,65.468,76.156
73.567,82.647,65.468,76.156
75.608,79.968,64.071,74.532
80.788,83.513,64.071,74.532
71.791,98.509,64.071,74.532
68.006,117.961,62.705,72.943
64.303,145.744,61.368,71.387
76.787,161.356,60.059,69.865
86.754,159.056,60.059,69.865
72.567,137.335,61.388,71.411
99.659,111.659,60.079,69.888
95.313,84.304,60.079,69.888
75.116,65.129,60.079,69.888
54.408,49.534,60.079,69.888
27.696,34.262,58.798,68.397
18.998,36.361,60.099,69.911
4.421,25.364,60.099,69.911
14.907,0.046,60.099,69.911
3.910,-3.279,60.099,69.911
-0.438,-2.511,60.099,69.911
-2.228,-5.325,60.099,69.911
-4.530,-2.511,60.099,69.911
6.979,1.325,60.099,69.911
3.142,7.718,60.099,69.911
-1.502,20.477,61.428,71.457
0.850,30.149,61.428,71.457
-1.770,29.147,60.118,69.934
-3.049,30.426,60.118,69.934
-6.375,38.868,60.118,69.934
-6.631,41.682,60.118,69.934
-4.328,35.798,60.118,69.934
-6.321,29.982,61.448,71.481
-0.306,2.526,61.448,71.481
0.913,-3.962,62.808,73.062
3.853,-7.437,62.808,73.062
4.655,-8.239,62.808,73.062
3.853,-6.368,62.808,73.062
5.189,-8.773,62.808,73.062
6.116,-9.797,61.469,71.504
3.999,-7.270,60.158,69.979
2.719,-11.110,60.158,69.979
0.152,-7.650,58.875,68.487
-1.876,-4.263,57.619,67.027
-4.334,-1.894,56.391,65.597
-3.134,-0.694,56.391,65.597
39.339,-3.814,56.391,65.597
37.396,-11.672,55.188,64.198
35.495,-20.268,54.011,62.829
2.706,-2.602,55.206,64.219
-5.516,15.957,55.206,64.219
