0.00613093
0.01118088
0.01106882
0.01104426
0.01106191
0.01105309
0.01108575
0.01131749
0.01126409
0.01114082
0.01115632
0.01106095
0.01122904
0.01116228
0.01106691
0.01123762
0.01115966
0.01115060
0.01110125
0.01116729
0.01114178
0.01112652
0.01102996
0.01118994
0.01139259
0.01114583
0.01114154
0.01121211
0.01111603
0.01112509
0.01114273
0.01113081
0.01103997
0.01109576
0.01112986
0.01124430
0.01110554
0.01119566
0.01112700
0.01119900
0.01118445
0.01115775
0.01117253
0.01118469
0.01122570
0.01112485
0.01113296
0.01109624
0.01106787
0.01128817
0.01105762
0.01115274
0.01094294
0.01105523
0.01122952
0.01094651
0.01104879
0.01095605
0.01096463
0.01102018
0.01096272
0.01091194
0.01091290
0.01100779
0.01102281
0.01102281
0.01098490
0.01093125
0.01098299
0.01096892
0.01104045
0.01100540
0.01095223
0.01104045
0.01101422
0.01113868
0.01109695
0.01112580
0.01106501
0.01108289
0.01100683
0.01104927
0.01097965
0.01103997
0.01104307
0.01091218
0.01095390
0.01109409
0.01100445
0.01091480
0.01096869
0.01095772
0.01091385
0.01106453
0.01099491
0.01102901
0.01096678
0.01090598
0.01112413
0.01101995
0.01122451
0.01110244
0.01112819
0.01114607
0.01112247
0.01090264
0.01099539
0.01096535
0.01097870
0.01103544
0.01094699
0.01089001
0.01095891
0.01104856
0.01092243
0.01100445
0.01107264
0.01107264
0.01104045
0.01096773
0.01129389
0.01115227
0.01106715
0.01108050
0.01091003
0.01095486
0.01104760
0.01107383
0.01101327
0.01093554
0.01098871
0.01118255
0.01133466
0.01108146
0.01122737
0.01113772
0.01112485
0.01115727
0.01113153
0.01112008
0.01109290
0.01095200
0.01108909
0.01113677
0.01100445
0.01101995
0.01115894
0.01117873
0.01111245
0.01113987
0.01116014
0.01102233
0.01105762
0.01097202
0.01098132
0.01099443
0.01097679
0.01096749
0.01097035
0.01110387
0.01101875
0.01108408
0.01102090
0.01090693
0.01100183
0.01097226
0.01101637
0.01091909
0.01094317
0.01099014
0.01116395
0.01097584
0.01095939
0.01105857
0.01105952
0.01125550
0.01100683
0.01095200
0.01106119
0.01131892
0.01107311
0.01124382
0.01111507
0.01118851
0.01121902
0.01112151
0.01105261
0.01108289
0.01106977
0.01118731
0.01111341
0.01095891
0.01092291
0.01114607
0.01105738
0.01095009
0.01094770
0.01102138
0.01106262
0.01116443
0.01111341
0.01103902
0.01126242
0.01113892
0.01117134
0.01123905
0.01128292
0.01122928
0.01110077
0.01108265
0.01122355
0.01119137
0.01113224
0.01106119
0.01127195
0.01121378
0.01120830
0.01114511
0.01109910
0.01115513
0.01119280
0.01104522
0.01101685
0.01110053
0.01111746
0.01099396
0.01097703
0.01101756
0.01112556
0.01099300
0.01100659
0.01095438
0.01097322
0.01101327
0.01102567
0.01107383
0.01087761
0.01103163
0.01100421
0.01114726
0.01110458
0.01097918
0.01106763
0.01111960
0.01106620
0.01098418
0.01100063
0.01110363
0.01104164
0.01098728
0.01104617
0.01107097
0.01096630
0.01103568
0.01104331
0.01096988
0.01092720
0.01091957
0.01096773
0.01096344
0.01089454
0.01087546
0.01090932
0.01098013
0.01096988
0.01099920
0.01097608
0.01088572
0.01096034
0.01098824
0.01106453
0.01091003
0.01104474
0.01108265
0.01092315
0.01107836
0.01094460
0.01096535
0.01100016
0.01100302
0.01102138
0.01095128
0.01096392
0.01116967
0.01109529
0.01107717
0.01090789
0.01102328
0.01116681
0.01109290
0.01095080
0.01107240
0.01096129
0.01099038
0.01104188
0.01086807
0.01087189
0.01103950
0.01106381
0.01099348
0.01093554
0.01092076
0.01106286
0.01102328
0.01098704
0.01088071
0.01103354
0.01099300
0.01091695
0.01090908
0.01098728
0.01104784
0.01109529
0.01096225
0.01099563
0.01102901
0.01102018
0.01095152
0.01093602
0.01097488
0.01098680
0.01096678
0.01097608
0.01088643
0.01091027
0.01094294
0.01095271
0.01095819
0.01102138
0.01104856
0.01103187
0.01103759
0.01098919
0.01107669
0.01097298
0.01100731
0.01094651
0.01097989
0.01102734
0.01102471
0.01091313
0.01093650
0.01093888
0.01103640
0.01098204
0.01100636
0.01102471
0.01098418
0.01105714
0.01099849
0.01106596
0.01092482
0.01091027
0.01097107
0.01098204
0.01100302
0.01096678
0.01097870
0.01095152
0.01098394
0.01100302
0.01113081
0.01095223
0.01107788
0.01097631
0.01103902
0.01116562
0.01089478
0.01100659
0.01103568
0.01101685
0.01092529
0.01104116
0.01092219
0.01098466
0.01100945
0.01109505
0.01092863
0.01092839
0.01104236
0.01109362
0.01101875
0.01104093
0.01104379
0.01103234
0.01124144
0.01107669
0.01092553
0.01104426
0.01104379
0.01106477
0.01098871
0.01085377
0.01095295
0.01089478
0.01097822
0.01104116
0.01089883
0.01104355
0.01087856
0.01098561
0.01094484
0.01101065
0.01095486
0.01091313
0.01093268
0.01104712
0.01105547
0.01094508
0.01103830
0.01101875
0.01098537
0.01100206
0.01103663
0.01099515
0.01095772
0.01103067
0.01102519
0.01099801
0.01098800
0.01096082
0.01092148
0.01100540
0.01104259
0.01098156
0.01082945
0.01095080
0.01099896
0.01103234
0.01096749
0.01100016
0.01085520
0.01097178
0.01101303
0.01099086
0.01095057
0.01099229
0.01100826
0.01100349
0.01104808
0.01106143
0.01095533
0.01095891
0.01100039
0.01103401
0.01104808
0.01094961
0.01096988
0.01098442
0.01109552
0.01098228
0.01096988
0.01110005
0.01108623
0.01096416
0.01095819
0.01094270
0.01104069
0.01107740
0.01095462
0.01093483
0.01104736
0.01103497
0.01099133
0.01090789
0.01099920
0.01098633
0.01109076
0.01106453
0.01103354
0.01107335
0.01106286
0.01101208
