0.00523520
0.01383853
0.01566863
0.01337266
0.01284838
0.01277447
0.01291418
0.01288104
0.01289749
0.01287484
0.01289940
0.01275730
0.01282787
0.01285839
0.01274467
0.01279640
0.01310468
0.01279330
0.01272535
0.01283836
0.01289892
0.01288295
0.01301432
0.01311016
0.01273394
0.01272225
0.01283431
0.01287913
0.01275516
0.01293159
0.01283097
0.01271343
0.01272607
0.01274061
0.01291800
0.01273823
0.01284838
0.01270723
0.01283407
0.01277995
0.01281786
0.01280022
0.01282740
0.01273918
0.01258969
0.01241350
0.01278782
0.01270175
0.01280594
0.01296687
0.01272821
0.01287889
0.01312733
0.01314402
0.01307130
0.01272392
0.01266980
0.01279759
0.01276636
0.01272869
0.01296711
0.01308417
0.01311612
0.01309299
0.01290441
0.01293421
0.01300383
0.01319385
0.01283455
0.01293206
0.01298285
0.01304388
0.01288748
0.01282859
0.01278162
0.01284838
0.01279926
0.01282144
0.01286387
0.01282358
0.01295543
0.01287556
0.01289415
0.01303840
0.01283073
0.01302671
0.01275039
0.01286411
0.01287317
0.01292038
0.01279449
0.01283264
0.01299572
0.01275444
0.01281643
0.01298046
0.01283956
0.01293278
0.01287103
0.01282644
0.01282573
0.01274419
0.01289225
0.01298738
0.01304197
0.01286173
0.01294994
0.01278758
0.01305294
0.01297569
0.01272964
0.01291084
0.01295996
0.01297641
0.01275945
0.01301169
0.01270127
0.01314092
0.01281857
0.01262021
0.01277351
0.01278734
0.01286507
0.01278496
0.01289105
0.01284623
0.01292944
0.01295090
0.01270866
0.01290417
0.01262379
0.01274610
0.01271677
0.01277423
0.01272774
0.01283813
0.01290321
0.01293874
0.01288700
0.01293683
0.01280951
0.01296616
0.01297951
0.01285076
0.01287484
0.01291275
0.01281738
0.01280928
0.01296115
0.01283360
0.01279926
0.01281524
0.01278663
0.01286626
0.01299214
0.01286721
0.01302385
0.01294494
0.01297307
0.01284194
0.01307011
0.01295114
0.01278615
0.01296234
0.01305056
0.01290154
0.01286364
0.01295781
0.01286578
0.01296210
0.01285458
0.01277328
0.01312017
0.01288843
0.01297545
0.01291919
0.01272655
0.01294231
0.01293612
0.01291537
0.01270270
0.01304865
0.01295376
0.01299620
0.01279712
0.01321673
0.01282120
0.01288080
0.01288223
0.01296163
0.01290655
0.01278496
0.01284671
0.01284337
0.01253295
0.01263976
0.01273274
0.01288438
0.01291513
0.01293707
0.01284027
0.01291323
0.01281190
0.01286960
0.01278591
0.01265216
0.01260972
0.01273561
0.01276469
0.01271319
0.01271820
0.01271987
0.01273346
0.01289082
0.01274323
0.01268435
0.01270628
0.01284289
0.01289582
0.01271486
0.01275706
0.01270175
0.01252604
0.01270962
0.01278949
0.01263952
0.01283240
0.01283669
0.01268864
0.01298499
0.01287603
0.01306772
0.01274753
0.01281953
0.01286173
0.01289177
0.01272082
0.01270151
0.01284218
0.01286268
0.01273632
0.01280093
0.01290107
0.01288104
0.01290846
0.01284122
0.01266909
0.01273608
0.01259518
0.01289558
0.01277542
0.01269555
0.01288795
0.01277518
0.01271200
0.01278448
0.01284003
0.01272774
0.01280737
0.01284981
0.01278448
0.01276755
0.01296830
0.01287031
0.01283216
0.01282930
0.01269817
0.01285744
0.01301718
0.01293230
0.01237369
0.01269126
0.01272464
0.01268315
0.01285434
0.01289344
0.01283741
0.01266766
0.01274610
0.01268053
0.01285338
0.01289678
0.01274300
0.01279616
0.01283836
0.01270390
0.01273012
0.01273680
0.01305270
0.01284862
0.01269555
0.01289535
0.01276231
0.01265526
0.01305223
0.01288891
0.01288629
0.01319456
0.01276183
0.01287603
0.01265836
0.01280737
0.01268864
0.01272321
0.01270890
0.01299596
0.01290274
0.01288915
0.01301360
0.01299548
0.01292276
0.01291943
0.01274562
0.01288748
0.01276898
0.01280975
0.01275611
0.01294017
0.01287603
0.01307869
0.01301956
0.01300716
0.01286912
0.01314664
0.01302910
0.01279354
0.01291800
0.01274347
0.01288676
0.01285815
0.01300406
0.01301408
0.01301527
0.01279426
0.01285052
0.01285100
0.01286983
0.01302505
0.01310778
0.01296091
0.01285100
0.01282716
0.01284885
0.01286077
0.01297569
0.01262426
0.01273584
0.01291966
0.01286435
0.01289511
0.01290655
0.01307058
0.01289558
0.01286769
0.01272035
0.01286697
0.01291752
0.01275969
0.01263118
0.01288462
0.01273417
0.01276851
