0.00453687
0.01373458
0.01464748
0.01394248
0.01329517
0.01280379
0.01268649
0.01283288
0.01254940
0.01276016
0.01277518
0.01283574
0.01271558
0.01267076
0.01271248
0.01240396
0.01273417
0.01273751
0.01270175
0.01266718
0.01285076
0.01267982
0.01283693
0.01265836
0.01272798
0.01273990
0.01268816
0.01274753
0.01287031
0.01275945
0.01279950
0.01285028
0.01285791
0.01277137
0.01279354
0.01280665
0.01283121
0.01267600
0.01268005
0.01272726
0.01279545
0.01284981
0.01273847
0.01271415
0.01272273
0.01287889
0.01272726
0.01267743
0.01301336
0.01273584
0.01275396
0.01258183
0.01269460
0.01264715
0.01280832
0.01278782
0.01273298
0.01267004
0.01277590
0.01249528
0.01272917
0.01284027
0.01268077
0.01266623
0.01276517
0.01277924
0.01277685
0.01271486
0.01269078
0.01285243
0.01285911
0.01280689
0.01299477
0.01284075
0.01251388
0.01265407
0.01281261
0.01280785
0.01279521
0.01269722
0.01274323
0.01266527
0.01259279
0.01271176
0.01279783
0.01268220
0.01281404
0.01290417
0.01271224
0.01274157
0.01276803
0.01282382
0.01268554
0.01273990
0.01267147
0.01304269
0.01290035
0.01260519
0.01263952
0.01282501
0.01273417
0.01303434
0.01287031
0.01281476
0.01263165
0.01259875
0.01273704
0.01300716
0.01297855
0.01284766
0.01279283
0.01279497
0.01272392
0.01285529
0.01267314
0.01265287
0.01268268
0.01306772
0.01283884
0.01281428
0.01241088
0.01264620
0.01282716
0.01281190
0.01276588
0.01292801
0.01292920
0.01288629
0.01281238
0.01285768
0.01309347
0.01286769
0.01294041
0.01265788
0.01273823
0.01263118
0.01271296
0.01273680
0.01282191
0.01283646
0.01287436
0.01291275
0.01263690
0.01290703
0.01294589
0.01291251
0.01285863
0.01291847
0.01298261
0.01293564
0.01265168
0.01280594
0.01268005
0.01280308
0.01286602
0.01284647
0.01273870
0.01272702
0.01262116
0.01283574
0.01289535
0.01268125
0.01287460
0.01276922
0.01275706
0.01270747
0.01246166
0.01281810
0.01290107
0.01270127
0.01281548
0.01275158
0.01269960
0.01276135
0.01284599
0.01272154
0.01275754
0.01274610
0.01274085
0.01288486
0.01283264
0.01263475
0.01266909
0.01276445
0.01287866
0.01273727
0.01270080
0.01259947
0.01278305
0.01287031
0.01288605
0.01281452
0.01287127
0.01266479
0.01270580
0.01283932
0.01275206
0.01270485
0.01283193
0.01274228
0.01275349
0.01268888
0.01281738
0.01282215
0.01289749
0.01268816
0.01291490
0.01270103
0.01275206
0.01270914
0.01274943
0.01274610
0.01261282
0.01281261
0.01291513
0.01272750
0.01274180
0.01266646
0.01286674
0.01270676
0.01277184
0.01271176
0.01291990
0.01269388
0.01271987
0.01283026
0.01267934
0.01282597
0.01270390
0.01265216
0.01280737
0.01256990
0.01291537
0.01279235
0.01287770
0.01280951
0.01289582
0.01273036
0.01279640
0.01286387
0.01281095
0.01283717
0.01240015
0.01267719
0.01280951
0.01307678
0.01291370
0.01272488
0.01288772
0.01292253
0.01275277
0.01291895
0.01277399
0.01282048
0.01271391
0.01266742
0.01272464
0.01278710
0.01264143
0.01285934
0.01267290
0.01268005
0.01283550
0.01269794
0.01260638
0.01279020
0.01268697
0.01268935
0.01271582
0.01285863
0.01271772
0.01287055
0.01250291
0.01284742
0.01273108
0.01274204
0.01269174
0.01281953
0.01284599
0.01256013
0.01271224
0.01282263
0.01285744
0.01274538
0.01279426
0.01278853
0.01271915
0.01246834
0.01286912
0.01286793
0.01270127
0.01270962
0.01273894
0.01277328
0.01274562
0.01303983
0.01270556
0.01281190
0.01268625
0.01286316
0.01281714
0.01271534
0.01259804
0.01279831
0.01266885
0.01279640
0.01275969
0.01288223
0.01270771
0.01275992
0.01268435
0.01281047
0.01276040
0.01285172
0.01275635
0.01269174
0.01265883
0.01268268
0.01244903
0.01276660
0.01278377
0.01278520
0.01268864
0.01271367
0.01277590
0.01276398
0.01275349
0.01276565
0.01276445
0.01283312
0.01280141
0.01262569
0.01263738
0.01259422
0.01274562
0.01278663
0.01275301
0.01281261
0.01262093
0.01266074
0.01284170
0.01270914
0.01273894
0.01260328
0.01273298
0.01284122
0.01283193
0.01257038
0.01237297
0.01285648
0.01271081
0.01309943
0.01282024
0.01281047
0.01274061
0.01291585
0.01272011
0.01280737
0.01264453
0.01269031
0.01274991
0.01271033
0.01298618
0.01293325
0.01269078
0.01289535
0.01265621
0.01283884
0.01269364
0.01285219
0.01259327
0.01269627
0.01282406
0.01276040
0.01267004
0.01290822
