0.00739980
0.01084638
0.01060963
0.01055288
0.01059461
0.01054716
0.01046681
0.01054311
0.01050591
0.01055503
0.01047444
0.01071978
0.01056743
0.01059246
0.01061606
0.01058125
0.01062012
0.01054192
0.01063037
0.01054502
0.01053381
0.01065707
0.01060605
0.01054478
0.01051617
0.01069832
0.01059008
0.01048160
0.01054215
0.01066017
0.01064849
0.01072001
0.01066947
0.01063085
0.01069856
0.01069999
0.01064825
0.01065516
0.01059914
0.01059747
0.01054001
0.01051402
0.01062608
0.01066113
0.01093340
0.01073241
0.01068592
0.01072502
0.01068377
0.01068282
0.01063704
0.01075745
0.01066780
0.01064944
0.01068902
0.01082921
0.01072598
0.01072598
0.01081419
0.01074934
0.01076674
0.01075721
0.01070285
0.01078534
0.01077104
0.01075912
0.01076198
0.01078200
0.01071405
0.01079869
0.01075506
0.01075792
0.01070166
0.01065016
0.01063681
0.01076293
0.01066995
0.01066017
0.01072955
0.01069856
0.01062155
0.01084161
0.01068091
0.01074123
0.01083159
0.01077986
0.01073313
0.01084399
0.01060653
0.01063609
0.01069999
0.01060987
0.01069736
0.01077318
0.01077485
0.01072931
0.01074100
0.01077628
0.01059318
0.01076722
0.01074886
0.01067805
0.01068759
0.01072168
0.01074195
0.01071143
0.01073217
0.01069355
0.01071763
0.01079822
0.01073647
0.01076102
0.01070452
0.01065969
0.01072264
0.01077533
0.01057839
0.01060748
0.01072359
0.01095128
0.01059937
0.01070929
0.01060224
0.01062799
0.01067829
0.01076603
0.01063251
0.01072335
0.01065660
0.01071644
0.01076484
0.01082301
0.01069665
0.01094127
0.01073217
0.01071858
0.01079321
0.01065254
0.01055503
0.01070762
0.01071978
0.01063681
0.01065946
0.01075983
0.01058388
0.01071954
0.01075912
0.01061153
0.01065278
0.01081204
0.01066160
0.01058912
0.01069856
0.01070499
0.01065564
0.01072788
0.01071954
0.01094007
0.01064301
0.01073742
0.01065326
0.01072121
0.01063538
0.01072431
0.01059961
0.01079154
0.01058173
0.01069498
0.01063037
0.01069951
0.01058030
0.01066351
0.01068449
0.01067305
0.01064205
0.01069498
0.01058936
0.01065779
0.01074862
0.01071239
0.01061964
0.01067901
0.01067567
0.01071143
0.01064277
0.01070452
0.01065898
0.01066804
0.01077604
0.01064801
0.01053524
0.01081562
0.01069546
0.01068115
0.01071310
0.01074719
0.01059055
0.01058650
0.01069307
0.01057816
0.01060939
0.01073480
0.01063251
0.01058388
0.01060915
0.01067352
0.01064110
0.01066637
0.01073837
0.01077771
0.01052833
0.01071644
0.01062727
0.01065421
0.01076484
0.01071095
0.01065183
0.01073384
0.01072931
0.01062107
0.01056933
0.01069045
0.01063323
0.01058197
0.01066041
0.01064754
0.01053762
0.01081467
0.01066279
0.01058030
0.01071429
0.01067877
0.01066995
0.01052976
0.01063251
0.01062226
0.01067066
0.01067877
0.01059747
0.01058030
0.01071906
0.01060557
0.01066136
0.01058698
0.01062322
0.01057792
0.01062822
0.01084065
0.01056910
0.01067376
0.01079226
0.01071382
0.01064539
0.01060081
0.01066756
0.01055646
0.01061225
0.01066232
0.01061463
0.01064801
0.01073289
0.01071453
0.01055694
0.01062274
0.01065660
0.01074004
0.01063108
0.01061606
0.01065612
0.01066256
0.01077700
0.01075315
0.01086426
0.01089954
0.01084733
0.01086926
0.01096773
0.01100087
0.01088691
0.01104307
0.01092625
0.01104927
0.01105499
0.01106000
0.01120329
0.01103592
0.01096344
0.01082015
0.01084757
0.01087785
0.01083732
