0.00747132
0.01082587
0.01074290
0.01070356
0.01070547
0.01060319
0.01055193
0.01067758
0.01051903
0.01060081
0.01068521
0.01070881
0.01060581
0.01056218
0.01063776
0.01068902
0.01055336
0.01064062
0.01051164
0.01056409
0.01067209
0.01058292
0.01054406
0.01056886
0.01049805
0.01118565
0.01063704
0.01057220
0.01046062
0.01058984
0.01057029
0.01064157
0.01063943
0.01056647
0.01061654
0.01066089
0.01063347
0.01052594
0.01076508
0.01055193
0.01057243
0.01044822
0.01064920
0.01054096
0.01045227
0.01052523
0.01043367
0.01051140
0.01047921
0.01066613
0.01057339
0.01052237
0.01050925
0.01052189
0.01049590
0.01050401
0.01059532
0.01055241
0.01050997
0.01055384
0.01057220
0.01043701
0.01046991
0.01057601
0.01053381
0.01047277
0.01055574
0.01060295
0.01058245
0.01056695
0.01053190
0.01059723
0.01058531
0.01045156
0.01055980
0.01053357
0.01054668
0.01055503
0.01056933
0.01055217
0.01054406
0.01051593
0.01060820
0.01047492
0.01054978
0.01060653
0.01045942
0.01050401
0.01047802
0.01054597
0.01049495
0.01054764
0.01057625
0.01059365
0.01054454
0.01043081
0.01049638
0.01043820
0.01050901
0.01058984
0.01055050
0.01051664
0.01052904
0.01058960
0.01053572
0.01050496
0.01056838
0.01060224
0.01041031
0.01051092
0.01066184
0.01054621
0.01055765
0.01050735
0.01064134
0.01059937
0.01047444
0.01060033
0.01046395
0.01048708
0.01051354
0.01052070
0.01053286
0.01051569
0.01059198
0.01049423
0.01050377
0.01077914
0.01057220
0.01054811
0.01052713
0.01066089
0.01057863
0.01050591
0.01054478
0.01061320
0.01041079
0.01049829
0.01056838
0.01057148
0.01049137
0.01049352
0.01058602
0.01060081
0.01050282
0.01062250
0.01065016
0.01058316
0.01060462
0.01058149
0.01052785
0.01053858
0.01063824
0.01066208
0.01056743
0.01049519
0.01057005
0.01070881
0.01054311
0.01061082
0.01056480
0.01057529
0.01063728
0.01062989
0.01059914
0.01064086
0.01067042
0.01054931
0.01048231
0.01055932
0.01053739
0.01055765
0.01058006
0.01055360
0.01052451
0.01055384
0.01058650
0.01065516
0.01052880
0.01064301
0.01062298
0.01061010
0.01061416
0.01060724
0.01059651
0.01056743
0.01068830
0.01063251
0.01055336
0.01056719
0.01064920
0.01067996
0.01060247
0.01057386
0.01060128
0.01056528
0.01057768
0.01063991
0.01062298
0.01060081
0.01059079
0.01062989
0.01063728
0.01059628
0.01069164
0.01060891
0.01064682
0.01058578
0.01070094
0.01059628
0.01058865
0.01066232
0.01063299
0.01063228
0.01055717
0.01063609
0.01057863
0.01060414
0.01077533
0.01085901
0.01070690
0.01059866
0.01072812
0.01077747
0.01065826
0.01074600
0.01070213
0.01068354
0.01064634
0.01077962
0.01069236
0.01068664
0.01077199
0.01088119
0.01076365
0.01062489
0.01072931
0.01072598
0.01078868
0.01086092
0.01088619
0.01090717
0.01095867
0.01093054
0.01092553
0.01090240
0.01089811
0.01082182
0.01085329
0.01081157
0.01081896
0.01089382
0.01102853
0.01097298
0.01087165
0.01109743
0.01091409
0.01095295
0.01098084
0.01093554
0.01093554
0.01113319
0.01114869
0.01107001
0.01103354
0.01098156
0.01098013
0.01106596
0.01089096
0.01117945
0.01098537
0.01092315
0.01112866
0.01096320
0.01099825
0.01106930
0.01110291
0.01105881
0.01114607
0.01109576
0.01101446
0.01103473
0.01106024
0.01109600
0.01109958
0.01096153
0.01111889
0.01103187
0.01099396
0.01114750
0.01099467
0.01099229
0.01106763
0.01102662
0.01098108
0.01107907
0.01099420
0.01103783
0.01099825
0.01096606
0.01097107
0.01096201
0.01107526
0.01106000
0.01095676
0.01101875
0.01097441
0.01099205
0.01111650
0.01109529
0.01102781
0.01102972
0.01104617
0.01102543
0.01095963
0.01108289
0.01100326
0.01107717
0.01107550
0.01112747
0.01111484
0.01106787
0.01107025
0.01106286
0.01104283
0.01111412
0.01113653
0.01099920
0.01119590
0.01109338
0.01106739
0.01103640
0.01100016
0.01108837
0.01107526
0.01102901
0.01118660
0.01102400
0.01099062
0.01101494
0.01110816
0.01125526
0.01109815
0.01100111
0.01105380
0.01105595
0.01109242
0.01107740
0.01108289
0.01112700
0.01104903
0.01108432
0.01110530
0.01107812
0.01113224
0.01105022
0.01116109
0.01113081
0.01102972
0.01115322
0.01109099
0.01109552
0.01112056
0.01119661
0.01122499
0.01125145
0.01138806
0.01146579
0.01146102
0.01147246
0.01156807
0.01161170
0.01137185
0.01134562
0.01138568
0.01147819
0.01163721
0.01161551
0.01156616
0.01161289
0.01152086
0.01148796
0.01153874
0.01157188
0.01139116
0.01129484
0.01129174
0.01140022
0.01135445
0.01136398
0.01131678
0.01148629
0.01120853
0.01103497
0.01102328
0.01104093
0.01106262
0.01111841
0.01102757
0.01103926
0.01106524
0.01098084
0.01103139
0.01106167
0.01107669
0.01107550
0.01109195
0.01105738
0.01109314
0.01122499
0.01109266
0.01120877
0.01110268
0.01112127
0.01121497
0.01106143
0.01099563
0.01103997
0.01105523
0.01109838
0.01104283
0.01111865
0.01110125
0.01103592
0.01111937
0.01105952
0.01110959
0.01103067
0.01106453
0.01099586
0.01095390
0.01099825
0.01107669
0.01087689
0.01099396
0.01103973
0.01092172
0.01108336
0.01090527
0.01095414
0.01109195
0.01102114
0.01087594
0.01105070
0.01085877
0.01091290
0.01092792
0.01096511
0.01092672
0.01105261
0.01101923
0.01120996
0.01104045
0.01103449
0.01109385
0.01118112
0.01108170
0.01120043
0.01094890
0.01110649
0.01105690
0.01095414
0.01108646
0.01103783
0.01112413
0.01109290
0.01111054
0.01109099
0.01102376
0.01097226
0.01111889
0.01098776
0.01136827
0.01113772
0.01109743
0.01128030
0.01133561
0.01135015
0.01131892
0.01138186
0.01133299
0.01152301
0.01139927
0.01136446
0.01144910
0.01131797
0.01137519
0.01141906
0.01189232
0.01138449
0.01143694
0.01135468
0.01145697
0.01140332
0.01141644
0.01120448
0.01111746
0.01104546
0.01106215
0.01111746
0.01102591
0.01103377
0.01103449
0.01106191
0.01106906
0.01100373
0.01106620
0.01115298
0.01097536
0.01104546
0.01102853
0.01096797
0.01104259
0.01087451
0.01073289
0.01074648
0.01081514
0.01078701
0.01084948
0.01095915
0.01087570
0.01117563
0.01108170
0.01092863
0.01097488
0.01102233
0.01109099
0.01109362
0.01111054
0.01124263
0.01107836
0.01105690
0.01096845
0.01098561
0.01100254
0.01101542
0.01115251
0.01109767
0.01125860
0.01112747
0.01125002
0.01135206
0.01125216
0.01136780
0.01129508
0.01140976
0.01135373
0.01164412
0.01139355
0.01130223
0.01137114
0.01131487
0.01131105
0.01134133
0.01137900
0.01138330
0.01145196
0.01138568
0.01118326
0.01116061
0.01107025
0.01115990
0.01125145
0.01101351
0.01101518
0.01101208
0.01096129
0.01106715
0.01104498
0.01103044
0.01104283
0.01101041
0.01106763
0.01111197
0.01104188
0.01115394
0.01101327
0.01094556
0.01088595
0.01100588
0.01084542
0.01093411
0.01086879
0.01084137
0.01074934
0.01080441
0.01075816
0.01084185
0.01089287
0.01090860
0.01102591
0.01101184
0.01089144
0.01106858
0.01107240
0.01096630
0.01105785
0.01097846
0.01098990
0.01104712
0.01108146
0.01102710
0.01100612
0.01119065
0.01115561
0.01103139
0.01096892
0.01106405
0.01133966
0.01106787
0.01106668
0.01093674
0.01094651
0.01089144
0.01096725
0.01098084
0.01089954
0.01091766
0.01096654
0.01098943
0.01099658
0.01091146
0.01085949
0.01088285
0.01089215
0.01091862
0.01086593
0.01093340
0.01089573
0.01079679
0.01077533
0.01082587
0.01069498
0.01071548
0.01071858
0.01075721
0.01077557
0.01074076
0.01071525
0.01071739
0.01070499
0.01067519
0.01070333
0.01070189
0.01071334
0.01082134
0.01075840
0.01070595
0.01066089
0.01072025
0.01069975
0.01071906
0.01086497
0.01088715
0.01074743
0.01079631
0.01075816
0.01080346
0.01079249
0.01081610
0.01071453
0.01064491
0.01074624
0.01077104
0.01070070
0.01065826
0.01085997
0.01078296
0.01075768
0.01084733
0.01077604
0.01074767
0.01095462
0.01085091
0.01098037
0.01097941
0.01092100
0.01090693
0.01094604
0.01114917
0.01097608
0.01101685
0.01102424
0.01092386
0.01101160
0.01101899
0.01101899
0.01096129
0.01088738
0.01087046
0.01096559
0.01082540
0.01087713
0.01104259
0.01090503
0.01080775
0.01100826
0.01115274
0.01087284
0.01095009
0.01081657
0.01110673
0.01090598
0.01084948
0.01073360
0.01086950
0.01084423
0.01074123
0.01075363
0.01081157
0.01066875
0.01068640
0.01085258
0.01081705
0.01073027
0.01076531
0.01076603
0.01075268
0.01086354
0.01076126
0.01072884
0.01077461
0.01079607
0.01074958
0.01070452
0.01090431
0.01099920
0.01088476
0.01091218
0.01091814
0.01077223
0.01092744
0.01090503
0.01084447
0.01081991
0.01097703
0.01082063
0.01091766
0.01089478
0.01067185
0.01063776
0.01078558
0.01083088
0.01070070
0.01067305
0.01072931
0.01087189
0.01078749
0.01094866
0.01100159
0.01092434
0.01094460
0.01097488
0.01093841
0.01101637
0.01109314
0.01091743
0.01089978
0.01086235
0.01095343
0.01096320
0.01090145
0.01081443
0.01089406
0.01089764
0.01086473
0.01101851
0.01095819
0.01091552
0.01093554
0.01092267
0.01087976
0.01104403
0.01088572
0.01082802
0.01095414
0.01091051
0.01077509
0.01081252
0.01092839
0.01081538
0.01080847
0.01071906
0.01069140
0.01057696
0.01073194
0.01078629
0.01068139
0.01080680
0.01075983
0.01065445
0.01072335
