232.000,88.000,76.000,84.000
239.872,92.093,76.000,84.000
249.003,94.927,76.000,84.000
255.675,98.898,77.682,85.858
266.296,102.438,77.682,85.858
276.916,104.691,77.682,85.858
285.605,105.656,77.682,85.858
293.651,108.553,77.682,85.858
299.766,111.449,77.682,85.858
305.237,114.989,77.682,85.858
310.708,115.955,77.682,85.858
314.248,113.058,77.682,85.858
313.926,110.162,77.682,85.858
308.455,104.691,77.682,85.858
299.766,98.576,77.682,85.858
287.858,91.818,77.682,85.858
275.307,86.990,77.682,85.858
260.181,82.163,77.682,85.858
245.699,80.554,77.682,85.858
231.860,82.163,77.682,85.858
227.032,83.128,77.682,85.858
220.918,86.025,77.682,85.858
215.447,88.277,77.682,85.858
211.582,88.997,79.400,87.758
217.174,89.984,79.400,87.758
223.424,91.629,79.400,87.758
231.648,95.247,79.400,87.758
246.451,99.523,79.400,87.758
262.569,105.116,79.400,87.758
272.109,96.892,79.400,87.758
282.306,99.852,79.400,87.758
289.214,100.181,79.400,87.758
295.464,101.826,79.400,87.758
298.425,96.234,79.400,87.758
299.412,108.405,79.400,87.758
295.135,112.024,79.400,87.758
291.517,111.695,79.400,87.758
287.240,108.734,79.400,87.758
280.560,102.644,81.157,89.700
266.103,96.928,81.157,89.700
238.196,94.574,81.157,89.700
225.083,90.876,81.157,89.700
220.712,83.815,81.157,89.700
223.065,79.444,81.157,89.700
235.506,73.056,81.157,89.700
262.864,65.436,82.953,91.684
292.253,66.917,84.788,93.713
318.598,67.971,84.788,93.713
336.513,69.728,84.788,93.713
343.890,72.186,84.788,93.713
346.349,76.050,84.788,93.713
339.674,81.319,84.788,93.713
325.272,87.291,84.788,93.713
308.763,93.263,84.788,93.713
289.014,97.986,82.980,91.714
262.543,99.705,82.980,91.714
234.009,100.736,82.980,91.714
218.468,98.652,84.816,93.744
204.764,95.489,84.816,93.744
196.682,93.732,84.816,93.744
190.708,91.273,84.816,93.744
186.140,88.110,84.816,93.744
181.572,84.948,84.816,93.744
193.168,78.271,84.816,93.744
208.635,61.558,86.692,95.818
227.671,43.241,86.692,95.818
251.734,29.952,86.692,95.818
271.488,28.875,86.692,95.818
296.988,34.980,86.692,95.818
303.094,39.650,86.692,95.818
296.270,42.882,86.692,95.818
288.728,56.171,86.692,95.818
291.122,67.408,88.610,97.938
306.174,76.585,88.610,97.938
326.364,77.687,88.610,97.938
345.087,72.914,88.610,97.938
363.075,65.939,88.610,97.938
376.949,55.334,90.571,100.105
375.823,46.704,90.571,100.105
363.440,41.075,90.571,100.105
346.555,38.449,90.571,100.105
325.167,44.077,90.571,100.105
294.023,51.206,90.571,100.105
265.881,56.835,90.571,100.105
245.994,61.713,90.571,100.105
229.238,67.482,88.639,97.970
214.182,70.787,88.639,97.970
197.783,75.017,86.749,95.881
181.611,75.376,86.749,95.881
171.188,72.142,86.749,95.881
161.375,65.197,84.899,93.836
213.079,147.854,84.899,93.836
207.396,142.072,86.778,95.912
202.003,140.274,86.778,95.912
195.173,135.600,86.778,95.912
187.623,131.646,86.778,95.912
186.544,128.410,86.778,95.912
194.813,132.365,86.778,95.912
206.677,139.196,86.778,95.912
212.789,145.307,86.778,95.912
218.900,142.072,86.778,95.912
225.731,143.869,86.778,95.912
223.934,147.105,86.778,95.912
225.731,148.902,86.778,95.912
221.776,151.419,86.778,95.912
217.103,148.902,86.778,95.912
220.338,150.700,86.778,95.912
217.103,153.216,86.778,95.912
212.040,154.020,88.697,98.034
213.877,156.593,88.697,98.034
210.219,91.405,86.806,95.943
218.423,92.775,84.955,93.897
233.558,91.719,84.955,93.897
252.916,92.071,84.955,93.897
278.609,91.719,84.955,93.897
299.530,91.703,83.143,91.895
317.786,92.047,83.143,91.895
333.286,88.258,83.143,91.895
348.787,84.469,83.143,91.895
355.332,86.191,83.143,91.895
359.809,87.225,83.143,91.895
357.398,87.569,83.143,91.895
355.676,92.047,83.143,91.895
353.954,96.525,83.143,91.895
354.298,97.558,83.143,91.895
356.709,92.392,83.143,91.895
358.432,86.536,83.143,91.895
356.709,78.613,83.143,91.895
350.165,70.691,83.143,91.895
344.309,64.146,83.143,91.895
328.120,60.357,83.143,91.895
310.403,59.698,84.983,93.928
283.998,64.275,84.983,93.928
277.308,57.586,84.983,93.928
228.330,73.858,83.170,91.925
215.581,80.405,83.170,91.925
210.013,78.315,85.011,93.959
205.053,72.526,86.891,96.038
188.854,75.765,86.891,96.038
173.375,81.165,86.891,96.038
160.775,80.085,86.891,96.038
146.736,82.605,86.891,96.038
131.977,85.845,86.891,96.038
115.777,87.645,86.891,96.038
108.938,83.685,86.891,96.038
104.978,81.165,86.891,96.038
110.377,78.645,86.891,96.038
124.417,76.845,86.891,96.038
141.336,73.606,86.891,96.038
158.255,70.366,86.891,96.038
177.836,76.400,88.814,98.163
198.073,81.183,88.814,98.163
218.310,78.607,88.814,98.163
235.604,73.088,88.814,98.163
255.105,64.625,88.814,98.163
279.758,55.426,88.814,98.163
298.523,46.228,88.814,98.163
315.081,38.501,88.814,98.163
320.600,34.453,88.814,98.163
324.647,35.557,88.814,98.163
316.185,40.340,88.814,98.163
304.778,43.652,88.814,98.163
300.360,35.313,90.779,100.335
283.436,66.528,90.779,100.335
268.768,74.426,90.779,100.335
242.066,71.794,90.779,100.335
234.168,69.913,90.779,100.335
218.748,74.050,90.779,100.335
213.859,75.178,90.779,100.335
199.944,78.563,90.779,100.335
183.020,72.170,90.779,100.335
175.874,68.033,90.779,100.335
168.728,66.152,90.779,100.335
162.335,69.537,90.779,100.335
156.694,66.904,90.779,100.335
160.078,70.289,90.779,100.335
169.481,72.170,90.779,100.335
184.148,74.050,90.779,100.335
203.329,75.178,90.779,100.335
224.766,69.537,90.779,100.335
243.194,61.639,90.779,100.335
248.083,55.246,90.779,100.335
240.938,51.861,90.779,100.335
224.014,61.263,90.779,100.335
212.474,60.543,92.787,102.554
215.835,43.057,94.840,104.823
223.300,34.806,94.840,104.823
240.981,28.126,94.840,104.823
248.447,33.234,94.840,104.823
255.126,51.701,94.840,104.823
260.234,74.883,94.840,104.823
254.341,87.849,94.840,104.823
248.447,87.456,94.840,104.823
246.175,84.259,96.939,107.143
254.686,84.323,99.083,109.513
268.232,79.808,99.083,109.513
275.210,73.650,99.083,109.513
267.411,64.209,99.083,109.513
258.791,60.515,99.083,109.513
255.096,51.894,99.083,109.513
256.328,42.453,99.083,109.513
249.349,32.191,99.083,109.513
234.199,33.960,101.276,111.936
218.674,54.520,101.276,111.936
219.933,70.883,101.276,111.936
219.514,73.820,101.276,111.936
227.486,68.366,101.276,111.936
232.940,61.233,101.276,111.936
227.486,54.100,101.276,111.936
222.031,56.198,101.276,111.936
215.737,56.617,101.276,111.936
205.476,60.168,103.516,114.413
200.758,74.320,103.516,114.413
208.067,88.627,105.807,116.944
218.266,95.974,108.148,119.532
224.972,90.469,110.540,122.176
237.337,81.767,110.540,122.176
260.693,62.991,110.540,122.176
281.301,51.542,110.540,122.176
296.414,44.672,110.540,122.176
303.268,48.547,112.986,124.879
313.098,44.335,112.986,124.879
306.077,49.484,112.986,124.879
289.694,62.122,112.986,124.879
273.310,72.888,112.986,124.879
250.374,79.910,112.986,124.879
231.155,79.014,115.486,127.642
225.892,72.794,115.486,127.642
232.112,67.531,115.486,127.642
239.289,69.923,115.486,127.642
244.552,62.746,115.486,127.642
238.332,69.923,115.486,127.642
230.198,74.229,115.486,127.642
212.495,80.449,115.486,127.642
199.801,85.490,118.041,130.466
188.855,106.879,120.653,133.353
190.355,115.376,120.653,133.353
188.855,111.877,120.653,133.353
196.353,76.388,120.653,133.353
214.847,69.889,120.653,133.353
234.342,62.392,120.653,133.353
257.309,56.587,118.080,130.509
277.900,65.994,115.562,127.726
286.977,72.432,113.097,125.002
286.828,76.023,110.685,122.337
269.861,75.564,110.685,122.337
246.474,82.443,110.685,122.337
224.005,91.155,110.685,122.337
212.541,96.200,110.685,122.337
205.663,99.409,110.685,122.337
200.618,90.697,110.685,122.337
200.160,86.570,110.685,122.337
205.204,81.526,110.685,122.337
217.585,76.481,110.685,122.337
241.889,70.520,110.685,122.337
265.275,63.642,110.685,122.337
277.657,58.598,110.685,122.337
273.530,53.553,110.685,122.337
267.568,54.012,110.685,122.337
268.027,58.139,110.685,122.337
275.822,65.935,110.685,122.337
285.452,66.393,110.685,122.337
298.566,65.488,108.325,119.728
305.298,55.166,108.325,119.728
308.290,41.270,110.722,122.377
305.079,38.059,110.722,122.377
308.290,38.517,110.722,122.377
305.079,44.481,110.722,122.377
307.372,52.279,110.722,122.377
301.409,57.324,110.722,122.377
294.528,60.535,110.722,122.377
292.235,60.077,110.722,122.377
293.611,56.866,110.722,122.377
297.739,49.985,110.722,122.377
305.538,38.517,110.722,122.377
311.501,24.297,110.722,122.377
315.629,13.747,110.722,122.377
319.758,49.985,110.722,122.377
316.547,52.279,110.722,122.377
308.749,53.655,110.722,122.377
296.578,56.584,113.171,125.084
287.669,68.306,113.171,125.084
278.761,55.647,113.171,125.084
272.666,48.614,113.171,125.084
268.446,41.581,113.171,125.084
263.778,60.539,110.758,122.417
255.977,66.504,110.758,122.417
244.506,72.469,110.758,122.417
232.116,76.599,110.758,122.417
221.562,81.647,110.758,122.417
211.926,82.106,110.758,122.417
198.512,73.239,108.396,119.806
197.165,63.808,108.396,119.806
204.799,55.275,108.396,119.806
214.230,47.641,108.396,119.806
222.762,45.396,108.396,119.806
228.552,45.468,110.794,122.457
222.585,41.337,110.794,122.457
214.782,39.042,110.794,122.457
194.126,49.599,110.794,122.457
188.671,53.117,108.432,119.845
210.309,36.411,110.831,122.497
222.706,26.769,110.831,122.497
229.594,18.963,110.831,122.497
229.135,21.259,110.831,122.497
220.763,16.569,113.283,125.207
204.337,22.670,113.283,125.207
191.665,41.912,113.283,125.207
188.380,52.707,113.283,125.207
178.524,55.992,113.283,125.207
185.548,74.571,115.789,127.977
205.668,81.616,118.351,130.809
222.164,83.729,120.969,133.703
259.683,74.045,118.390,130.852
269.983,74.535,118.390,130.852
263.208,75.458,115.865,128.061
240.647,82.658,115.865,128.061
222.887,91.779,115.865,128.061
211.846,116.260,115.865,128.061
206.566,126.340,115.865,128.061
213.766,119.140,115.865,128.061
225.767,94.659,115.865,128.061
254.088,74.018,115.865,128.061
276.649,53.377,115.865,128.061
286.729,35.616,115.865,128.061
268.070,13.385,113.394,125.330
248.782,17.360,115.903,128.103
236.041,36.369,118.467,130.938
225.734,44.712,118.467,130.938
232.062,33.589,121.089,133.835
228.550,39.107,121.089,133.835
224.035,49.642,121.089,133.835
215.507,69.207,121.089,133.835
209.989,77.735,121.089,133.835
207.481,80.243,121.089,133.835
218.926,77.319,118.506,130.981
225.308,83.701,118.506,130.981
218.926,107.758,118.506,130.981
214.507,111.195,118.506,130.981
205.179,124.451,118.506,130.981
197.451,123.482,115.979,128.187
197.932,127.806,115.979,128.187
192.646,133.091,115.979,128.187
186.877,126.190,118.545,131.024
189.332,121.770,118.545,131.024
192.770,115.385,118.545,131.024
191.297,108.018,118.545,131.024
195.717,109.492,118.545,131.024
192.279,100.160,118.545,131.024
184.912,91.811,118.545,131.024
176.563,82.480,118.545,131.024
159.374,74.131,118.545,131.024
133.344,63.817,118.545,131.024
99.457,73.148,118.545,131.024
