138.000,57.000,39.000,137.000
139.664,56.002,39.000,137.000
138.000,55.003,39.000,137.000
138.604,54.524,39.863,140.031
138.264,56.224,39.863,140.031
137.924,55.884,39.863,140.031
137.130,56.805,40.745,143.129
137.478,58.543,40.745,143.129
137.825,60.977,40.745,143.129
136.783,63.410,40.745,143.129
137.130,66.539,40.745,143.129
137.478,64.801,40.745,143.129
138.521,69.320,40.745,143.129
137.478,73.144,40.745,143.129
137.825,76.273,40.745,143.129
137.478,79.402,40.745,143.129
139.911,82.531,40.745,143.129
138.173,81.488,40.745,143.129
139.911,82.531,40.745,143.129
140.259,82.879,40.745,143.129
142.692,86.007,40.745,143.129
143.040,85.660,40.745,143.129
143.388,85.312,40.745,143.129
143.735,85.660,40.745,143.129
143.388,83.226,40.745,143.129
145.821,81.488,40.745,143.129
145.474,79.750,40.745,143.129
147.212,78.707,40.745,143.129
146.864,76.273,40.745,143.129
147.212,80.097,40.745,143.129
147.560,76.273,40.745,143.129
149.993,75.230,40.745,143.129
148.460,77.615,41.646,146.296
150.237,75.127,41.646,146.296
148.670,73.140,42.568,149.533
149.330,70.355,43.510,152.841
147.693,66.739,44.472,156.223
150.349,64.842,44.472,156.223
147.101,60.358,45.456,159.679
148.265,58.418,45.456,159.679
150.204,57.255,45.456,159.679
149.041,60.745,45.456,159.679
150.204,56.479,45.456,159.679
150.592,53.764,45.456,159.679
148.653,51.825,45.456,159.679
145.162,54.540,45.456,159.679
142.447,53.376,45.456,159.679
143.611,54.540,45.456,159.679
141.672,54.152,45.456,159.679
139.732,52.989,45.456,159.679
137.017,56.479,45.456,159.679
132.751,54.540,45.456,159.679
130.036,53.376,45.456,159.679
131.200,51.437,45.456,159.679
126.158,58.031,45.456,159.679
121.892,55.316,45.456,159.679
116.850,54.152,45.456,159.679
116.462,52.213,45.456,159.679
116.850,50.274,45.456,159.679
119.203,55.341,44.487,156.274
115.028,51.925,44.487,156.274
111.612,51.545,44.487,156.274
109.714,52.684,44.487,156.274
107.816,50.027,44.487,156.274
105.159,46.610,44.487,156.274
107.816,48.508,44.487,156.274
108.196,49.647,44.487,156.274
110.460,48.312,45.471,159.732
112.400,46.372,45.471,159.732
118.220,49.864,45.471,159.732
123.263,51.028,45.471,159.732
120.548,50.640,45.471,159.732
127.143,51.028,45.471,159.732
132.963,55.296,45.471,159.732
138.006,58.011,45.471,159.732
139.170,56.072,45.471,159.732
141.110,58.787,45.471,159.732
139.946,55.296,45.471,159.732
141.110,58.011,45.471,159.732
139.170,52.968,45.471,159.732
138.782,52.580,45.471,159.732
135.290,49.088,45.471,159.732
134.127,47.924,45.471,159.732
132.963,49.088,45.471,159.732
133.351,47.924,45.471,159.732
129.722,50.749,44.501,156.325
127.064,47.332,44.501,156.325
122.128,48.471,44.501,156.325
118.711,46.572,44.501,156.325
116.812,49.990,44.501,156.325
115.673,47.332,44.501,156.325
112.256,46.952,44.501,156.325
109.598,49.610,44.501,156.325
106.940,49.990,44.501,156.325
103.523,48.851,44.501,156.325
100.106,49.230,44.501,156.325
101.245,48.851,44.501,156.325
97.068,48.471,44.501,156.325
93.651,48.091,44.501,156.325
94.790,46.952,44.501,156.325
92.132,48.091,44.501,156.325
91.752,46.193,44.501,156.325
91.373,46.572,44.501,156.325
90.233,43.915,44.501,156.325
90.613,41.257,44.501,156.325
88.715,37.839,44.501,156.325
86.816,39.738,44.501,156.325
82.639,37.839,44.501,156.325
85.297,36.700,44.501,156.325
83.399,37.080,44.501,156.325
86.057,36.700,44.501,156.325
87.955,40.118,44.501,156.325
91.373,38.219,44.501,156.325
95.549,41.636,44.501,156.325
96.688,41.257,44.501,156.325
98.954,37.558,45.486,159.784
103.223,37.170,45.486,159.784
105.939,36.781,45.486,159.784
110.208,37.946,45.486,159.784
113.701,41.439,45.486,159.784
114.866,40.274,45.486,159.784
116.806,42.215,45.486,159.784
119.121,38.434,46.492,163.319
120.312,35.657,46.492,163.319
120.708,34.467,46.492,163.319
120.312,35.657,46.492,163.319
119.121,34.467,46.492,163.319
120.312,35.657,46.492,163.319
121.502,32.880,46.492,163.319
119.753,29.016,47.521,166.933
118.806,27.590,48.572,170.626
120.878,30.491,48.572,170.626
119.635,28.419,48.572,170.626
120.049,30.491,48.572,170.626
117.977,27.590,48.572,170.626
120.049,27.175,48.572,170.626
122.122,28.419,48.572,170.626
126.680,29.662,48.572,170.626
125.437,30.905,48.572,170.626
128.338,28.004,48.572,170.626
132.068,33.392,48.572,170.626
134.969,30.491,48.572,170.626
135.383,32.563,48.572,170.626
135.798,31.320,48.572,170.626
135.383,30.905,48.572,170.626
134.969,29.662,48.572,170.626
137.870,35.050,48.572,170.626
140.771,32.977,48.572,170.626
144.501,37.536,48.572,170.626
148.231,37.951,48.572,170.626
144.501,32.563,48.572,170.626
149.060,37.122,48.572,170.626
150.303,37.536,48.572,170.626
151.546,37.122,48.572,170.626
151.961,34.221,48.572,170.626
153.204,39.608,48.572,170.626
152.790,42.509,48.572,170.626
153.204,42.095,48.572,170.626
155.276,40.023,48.572,170.626
156.520,45.410,48.572,170.626
