152.000,102.000,40.000,67.000
151.791,100.119,40.000,67.000
153.254,102.836,40.000,67.000
153.463,103.881,40.000,67.000
154.089,104.925,40.000,67.000
155.134,105.552,40.000,67.000
154.089,104.925,40.000,67.000
151.373,106.806,40.000,67.000
148.376,108.930,39.147,65.571
144.900,111.588,39.147,65.571
141.572,110.908,38.312,64.173
137.369,109.507,38.312,64.173
132.766,106.905,38.312,64.173
134.167,108.306,38.312,64.173
137.570,107.305,38.312,64.173
138.570,105.504,38.312,64.173
142.373,102.903,38.312,64.173
148.801,103.646,39.160,65.593
156.369,104.669,39.160,65.593
160.818,106.278,40.026,67.044
170.226,109.832,40.026,67.044
179.217,112.969,40.026,67.044
183.608,115.687,40.026,67.044
187.998,114.223,40.026,67.044
186.953,115.268,40.026,67.044
192.367,115.178,40.912,68.527
190.362,113.754,41.817,70.043
184.902,111.351,41.817,70.043
183.759,108.990,42.742,71.593
181.201,106.113,43.688,73.177
179.148,103.603,43.688,73.177
176.181,98.811,43.688,73.177
169.305,93.503,44.654,74.796
163.007,90.470,44.654,74.796
157.642,91.636,44.654,74.796
148.545,88.604,44.654,74.796
144.749,86.029,43.702,73.201
135.389,81.692,43.702,73.201
127.856,77.354,43.702,73.201
122.149,79.865,43.702,73.201
116.898,88.769,43.702,73.201
112.561,92.649,43.702,73.201
108.525,94.445,44.669,74.821
105.958,97.478,44.669,74.821
108.058,100.978,44.669,74.821
111.091,100.278,44.669,74.821
115.525,104.245,44.669,74.821
118.558,108.678,44.669,74.821
115.058,110.779,44.669,74.821
117.625,108.678,44.669,74.821
113.015,105.188,45.657,76.476
109.915,101.610,45.657,76.476
107.677,99.527,46.668,78.168
117.185,98.308,46.668,78.168
113.886,96.685,47.700,79.898
115.168,97.093,48.755,81.665
111.194,95.397,49.834,83.472
113.613,95.284,50.937,85.319
124.368,89.095,52.064,87.207
135.925,83.898,53.216,89.136
143.123,83.777,54.393,91.108
149.658,85.766,54.393,91.108
148.762,82.695,55.596,93.124
148.472,81.243,55.596,93.124
152.828,80.371,55.596,93.124
156.130,82.053,56.827,95.184
160.582,83.537,56.827,95.184
166.816,85.615,56.827,95.184
169.488,89.474,56.827,95.184
174.534,95.114,56.827,95.184
188.486,99.567,56.827,95.184
200.063,103.426,56.827,95.184
205.285,100.217,58.084,97.290
217.118,101.127,58.084,97.290
222.276,104.465,58.084,97.290
225.614,103.554,58.084,97.290
227.738,103.858,58.084,97.290
229.234,104.603,56.845,95.216
228.938,106.087,56.845,95.216
225.077,104.009,56.845,95.216
222.999,100.743,56.845,95.216
218.545,98.070,56.845,95.216
212.309,95.398,56.845,95.216
206.667,92.725,56.845,95.216
202.807,94.210,56.845,95.216
198.947,92.725,56.845,95.216
196.868,90.647,56.845,95.216
193.008,87.974,56.845,95.216
189.147,83.520,56.845,95.216
182.318,77.284,56.845,95.216
170.617,72.862,55.633,93.185
162.189,74.896,55.633,93.185
150.274,72.280,55.633,93.185
141.847,69.665,55.633,93.185
136.558,72.059,54.447,91.198
128.879,71.775,54.447,91.198
124.799,71.376,53.285,89.253
121.880,70.450,52.149,87.350
118.497,67.968,51.037,85.487
112.103,67.595,49.949,83.664
106.349,70.247,48.883,81.880
103.670,67.921,47.841,80.134
96.232,66.126,46.821,78.425
87.182,62.946,46.821,78.425
81.788,59.775,45.822,76.752
77.240,55.227,45.822,76.752
74.129,51.158,45.822,76.752
71.974,46.610,45.822,76.752
70.848,43.506,44.845,75.116
67.803,39.992,44.845,75.116
65.226,37.416,44.845,75.116
64.992,38.587,44.845,75.116
67.502,38.710,43.889,73.514
69.075,37.064,42.953,71.946
71.479,38.912,42.037,70.412
73.016,40.888,42.037,70.412
78.067,43.743,42.037,70.412
86.031,44.559,42.967,71.970
91.193,43.885,42.967,71.970
95.009,41.865,42.967,71.970
103.313,44.334,42.967,71.970
113.317,46.100,43.918,73.562
127.770,49.541,43.918,73.562
137.042,50.869,44.889,75.190
143.601,46.875,45.882,76.853
149.114,49.990,45.882,76.853
160.790,52.373,46.898,78.554
177.809,56.333,47.935,80.292
182.066,57.585,47.935,80.292
186.823,58.336,47.935,80.292
191.080,54.079,47.935,80.292
193.834,53.328,47.935,80.292
190.725,52.495,46.913,78.579
188.030,48.329,46.913,78.579
177.982,39.262,46.913,78.579
166.022,27.968,47.951,80.318
157.436,16.945,49.012,82.095
147.963,18.225,49.012,82.095
142.586,22.065,49.012,82.095
137.210,27.442,49.012,82.095
136.954,31.282,49.012,82.095
133.626,32.562,49.012,82.095
128.761,35.890,49.012,82.095
120.313,37.683,49.012,82.095
114.936,34.866,49.012,82.095
105.463,31.026,49.012,82.095
101.623,28.210,49.012,82.095
94.971,23.849,50.096,83.911
84.242,18.353,50.096,83.911
73.643,13.895,51.205,85.768
63.618,14.552,50.113,83.939
52.472,15.525,51.221,85.796
47.924,13.652,51.221,85.796
44.601,13.793,50.129,83.966
41.058,15.309,51.238,85.824
39.283,19.578,50.146,83.994
36.925,16.696,50.146,83.994
35.693,14.815,49.076,82.203
40.051,12.508,49.076,82.203
45.763,10.172,48.030,80.450
54.739,8.853,47.005,78.734
59.895,7.134,47.005,78.734
65.052,6.398,47.005,78.734
70.699,8.117,47.005,78.734
79.293,9.344,47.005,78.734
86.184,8.054,46.003,77.055
93.153,5.891,46.003,77.055
98.199,9.496,46.003,77.055
101.323,20.309,46.003,77.055
106.370,24.395,46.003,77.055
132.563,14.542,46.003,77.055
142.550,17.448,45.022,75.412
146.077,21.446,45.022,75.412
154.607,33.056,46.018,77.080
135.617,51.566,46.018,77.080
137.851,60.938,47.036,78.786
140.484,64.383,46.033,77.106
143.610,68.952,46.033,77.106
145.845,78.827,47.052,78.812
146.091,83.005,47.052,78.812
146.336,86.468,48.093,80.555
155.128,88.729,48.093,80.555
157.892,90.488,48.093,80.555
166.482,99.240,49.157,82.337
169.307,108.227,49.157,82.337
172.131,111.565,49.157,82.337
174.388,109.721,48.108,80.582
171.623,102.936,48.108,80.582
169.362,99.669,48.108,80.582
161.069,100.925,48.108,80.582
173.450,119.951,47.082,78.863
169.102,119.844,48.124,80.608
158.398,110.346,49.189,82.391
138.393,104.369,50.277,84.214
118.696,102.531,50.277,84.214
110.555,98.591,50.277,84.214
105.565,94.126,50.277,84.214
101.625,91.237,50.277,84.214
99.883,89.351,49.205,82.419
99.112,88.066,49.205,82.419
95.256,92.949,49.205,82.419
89.859,96.805,49.205,82.419
86.003,98.604,49.205,82.419
80.606,97.833,49.205,82.419
77.778,99.632,49.205,82.419
81.120,100.403,49.205,82.419
85.642,101.891,50.294,84.242
88.629,103.413,51.406,86.106
93.354,105.525,52.544,88.011
106.803,101.957,52.544,88.011
116.758,98.990,53.706,89.958
126.577,95.904,53.706,89.958
147.971,94.429,52.561,88.040
153.187,96.351,52.561,88.040
156.757,94.429,52.561,88.040
167.465,95.253,52.561,88.040
185.860,97.724,52.561,88.040
204.364,93.617,53.724,89.988
217.554,86.039,53.724,89.988
229.060,79.023,53.724,89.988
245.644,82.978,54.913,91.979
244.784,86.133,54.913,91.979
251.021,87.794,56.128,94.014
225.761,90.100,57.369,96.094
221.266,88.002,57.369,96.094
206.640,84.763,58.639,98.220
184.279,82.006,58.639,98.220
169.883,81.700,58.639,98.220
156.099,85.682,58.639,98.220
144.766,82.925,58.639,98.220
129.756,82.619,58.639,98.220
116.585,84.150,58.639,98.220
105.864,86.907,58.639,98.220
87.101,89.316,59.936,100.393
72.386,88.377,59.936,100.393
59.550,89.942,59.936,100.393
54.664,90.456,61.262,102.614
62.024,86.936,61.262,102.614
77.705,92.376,61.262,102.614
72.265,92.056,61.262,102.614
69.385,98.776,61.262,102.614
72.265,103.576,61.262,102.614
75.785,102.616,61.262,102.614
74.825,99.736,61.262,102.614
76.471,104.909,62.618,104.884
103.306,109.496,61.282,102.648
110.931,110.685,62.638,104.919
113.222,109.049,62.638,104.919
120.747,113.957,62.638,104.919
117.678,107.025,64.024,107.240
107.601,95.776,65.441,109.613
103.841,89.282,65.441,109.613
101.574,90.121,64.045,107.275
99.824,91.364,65.462,109.649
191.125,99.229,65.462,109.649
177.789,102.306,65.462,109.649
165.137,97.861,65.462,109.649
151.801,102.990,65.462,109.649
144.620,99.913,65.462,109.649
130.600,94.099,65.462,109.649
117.263,88.286,65.462,109.649
109.399,81.105,65.462,109.649
93.327,77.344,65.462,109.649
84.094,72.898,65.462,109.649
68.824,66.364,66.910,112.075
64.484,65.201,65.483,109.685
66.831,68.678,64.087,107.346
62.479,64.996,64.087,107.346
64.822,63.322,64.087,107.346
64.461,59.703,65.505,109.721
66.808,56.585,64.108,107.381
