0.00625181
0.01485300
0.01390362
0.01355362
0.01297069
0.01308632
0.01299477
0.01292968
0.01280141
0.01279807
0.01285028
0.01304173
0.01286650
0.01274776
0.01274610
0.01286936
0.01303363
0.01288080
0.01286221
0.01305962
0.01305747
0.01294851
0.01289344
0.01291370
0.01295495
0.01305079
0.01269197
0.01275468
0.01301026
0.01305723
0.01297283
0.01285672
0.01309371
0.01294065
0.01311135
0.01294208
0.01288891
0.01305175
0.01298809
0.01305962
0.01266026
0.01345253
0.01288509
0.01290321
0.01301813
0.01304913
0.01297164
0.01303244
0.01287699
0.01309204
0.01302123
0.01295900
0.01306295
0.01299882
0.01291704
0.01303744
0.01298356
0.01291871
0.01288724
0.01308489
0.01283550
0.01304722
0.01291394
0.01314402
0.01301885
0.01276588
0.01306462
0.01282525
0.01280069
0.01305485
0.01281643
0.01301670
0.01298642
0.01291919
0.01288509
0.01290154
0.01291370
0.01303458
0.01280665
0.01297522
0.01294804
0.01306129
0.01304340
0.01305842
0.01287770
0.01294637
0.01310849
0.01311064
0.01303220
0.01304865
0.01290441
0.01320338
0.01286411
0.01293397
0.01299071
0.01300073
0.01287580
0.01276064
0.01300693
0.01284504
0.01286888
0.01290584
0.01301336
0.01297712
0.01293254
0.01259995
0.01278043
0.01308417
0.01296425
0.01310873
0.01297379
0.01295209
0.01295757
0.01321578
0.01290035
0.01325345
0.01284337
0.01276255
0.01300716
0.01294279
0.01298928
0.01302552
0.01304245
0.01293397
0.01288557
0.01305771
0.01292086
0.01301789
0.01290250
0.01292229
0.01278687
0.01304269
0.01294231
0.01304817
0.01301932
0.01298785
0.01301265
0.01308846
0.01311111
0.01309538
0.01317239
0.01306367
0.01299119
0.01332593
0.01307940
0.01310158
0.01298189
0.01313496
0.01303530
0.01318884
0.01329398
0.01285887
0.01301003
0.01290703
0.01305556
0.01294947
0.01266932
0.01304317
0.01292205
0.01303172
0.01304841
0.01281476
0.01290894
0.01306725
0.01287174
0.01290250
0.01283789
0.01292205
0.01296926
0.01306629
0.01347017
0.01280403
0.01302648
0.01302242
0.01294613
0.01285887
0.01290417
0.01306987
0.01318312
0.01299763
0.01300573
0.01302624
0.01303744
0.01302028
0.01306391
0.01324821
0.01316142
0.01302814
0.01297736
0.01307440
0.01293373
0.01290774
0.01290107
0.01304150
0.01291609
0.01291966
0.01296449
0.01307011
0.01309371
0.01292562
0.01311374
0.01302171
0.01288438
0.01325560
0.01279163
0.01305199
0.01308656
0.01312423
0.01311445
0.01286650
0.01311970
0.01306272
0.01292372
0.01292038
0.01297331
0.01291275
0.01287627
0.01300478
0.01303101
0.01296186
0.01294470
0.01292992
0.01298428
0.01276040
0.01282692
0.01310921
0.01292920
0.01297736
0.01302624
0.01300049
0.01307607
0.01299596
0.01300931
0.01292849
0.01297784
0.01286006
0.01261115
0.01280785
0.01287842
0.01301384
0.01300693
0.01300478
0.01286960
0.01281881
0.01305294
0.01284695
0.01306009
0.01286364
0.01284504
0.01308227
0.01298618
0.01295733
0.01299429
0.01303649
0.01304460
0.01304150
0.01294112
0.01284623
0.01295900
0.01286292
0.01302981
0.01276994
0.01291466
0.01302767
0.01311159
0.01281619
0.01300550
0.01291084
0.01287603
0.01298332
0.01290536
0.01290107
0.01307750
0.01294327
0.01285386
0.01284742
0.01278281
0.01284051
0.01287699
0.01302457
0.01286745
0.01287436
0.01291609
0.01305151
0.01289988
0.01288891
0.01290369
0.01286721
0.01262927
0.01283002
0.01289845
0.01287723
0.01288676
0.01302242
0.01301408
0.01290464
0.01303124
0.01306152
0.01288629
0.01305270
0.01296735
0.01275253
0.01261473
0.01284790
0.01287127
0.01305580
0.01322579
0.01295090
0.01305699
0.01282430
0.01289940
0.01300359
0.01283169
0.01302242
0.01289892
0.01302695
0.01302552
0.01290965
0.01289177
0.01295710
0.01293898
0.01293039
0.01280022
0.01295209
0.01293468
0.01299095
0.01303005
0.01274180
0.01309729
0.01292253
0.01290059
0.01289058
0.01303935
0.01292801
0.01292706
0.01304579
0.01285696
0.01304340
0.01309228
0.01292253
0.01305532
0.01310301
0.01296401
0.01305127
0.01304984
0.01289654
0.01290250
0.01301575
0.01288366
0.01290274
0.01302862
0.01308513
0.01306081
0.01306820
0.01292968
0.01300454
0.01251936
