0.00535655
0.01344275
0.01307797
0.01291656
0.01313543
0.01304984
0.01301050
0.01312757
0.01293349
0.01305223
0.01298094
0.01324081
0.01309466
0.01310849
0.01298594
0.01295710
0.01293373
0.01283383
0.01287460
0.01303959
0.01292109
0.01300168
0.01280427
0.01300263
0.01303387
0.01293421
0.01294732
0.01314735
0.01302218
0.01332450
0.01307631
0.01299214
0.01297569
0.01307869
0.01309872
0.01306605
0.01291323
0.01298356
0.01294088
0.01286578
0.01303363
0.01301742
0.01333499
0.01295257
0.01311350
0.01312852
0.01310515
0.01316381
0.01312280
0.01322675
0.01316762
0.01297569
0.01289654
0.01287031
0.01308918
0.01289368
0.01316142
0.01314354
0.01304579
0.01300406
0.01276803
0.01310658
0.01295209
0.01306796
0.01298785
0.01292229
0.01301003
0.01295280
0.01316166
0.01294470
0.01328850
0.01298618
0.01317382
0.01312494
0.01292396
0.01313210
0.01319599
0.01318741
0.01296949
0.01290321
0.01341176
0.01313782
0.01320839
0.01284075
0.01313114
0.01318908
0.01291180
0.01287413
0.01330829
0.01322389
0.01340556
0.01317859
0.01321793
0.01342201
0.01327777
0.01318789
0.01305938
0.01327372
0.01313257
0.01299930
0.01327205
0.01317549
0.01309156
0.01315522
0.01301146
0.01297593
0.01297903
0.01317286
0.01308298
0.01306534
0.01302433
0.01315093
0.01301122
