0.00367117
0.01395202
0.01529551
0.01332426
0.01311564
0.01296234
0.01291275
0.01301694
0.01305223
0.01283932
0.01289344
0.01288509
0.01287413
0.01307344
0.01299143
0.01300430
0.01299524
0.01291966
0.01307201
0.01307726
0.01297784
0.01300788
0.01303077
0.01294374
0.01290011
0.01280427
0.01310325
0.01302242
0.01298881
0.01302600
0.01306844
0.01305699
0.01301289
0.01308393
0.01296926
0.01282883
0.01304650
0.01312828
0.01293445
0.01302195
0.01289201
0.01285195
0.01302171
0.01307130
0.01307392
0.01296639
0.01303458
0.01293612
0.01310253
0.01296949
0.01297855
0.01306510
0.01311421
0.01308441
0.01310682
0.01279211
0.01307487
0.01307964
0.01293159
0.01275730
0.01306653
0.01328182
0.01301813
0.01295233
0.01285911
0.01306629
0.01305676
0.01311159
0.01298380
0.01297450
0.01319790
0.01309562
0.01302361
0.01306844
0.01313376
0.01310015
0.01296568
0.01305389
0.01306248
0.01309967
0.01309490
0.01296210
0.01312160
0.01291561
0.01287985
0.01314974
0.01298332
0.01292920
0.01298070
0.01295328
0.01314139
0.01304555
0.01301479
0.01300168
0.01308060
0.01294136
0.01294780
0.01294351
0.01308823
0.01309872
0.01309133
0.01292372
0.01290393
0.01306129
0.01303220
0.01295280
0.01301050
0.01305556
0.01312041
0.01307893
0.01297760
0.01312232
0.01308632
0.01288390
0.01284266
0.01307273
0.01327443
0.01288247
0.01297331
0.01287627
0.01308370
0.01297498
0.01311350
0.01293206
0.01316357
0.01295924
0.01300573
0.01296258
0.01310778
0.01293635
0.01302242
0.01281214
0.01308632
0.01291108
0.01297474
0.01274419
0.01315832
0.01313949
0.01327586
0.01280427
0.01290488
0.01299596
0.01304698
0.01307464
0.01292753
0.01298833
0.01295233
0.01299620
0.01310134
0.01305008
0.01310349
0.01293302
0.01307416
0.01298594
0.01319933
0.01294208
0.01304698
0.01295328
0.01308990
0.01305890
0.01291466
0.01305962
0.01300478
0.01298785
0.01299119
0.01310110
0.01305008
0.01303864
0.01294065
0.01297712
0.01297235
0.01295471
0.01309490
0.01305294
0.01294756
0.01297283
0.01310420
0.01311803
0.01294971
0.01294518
0.01289082
0.01298809
0.01297736
0.01311803
0.01318550
0.01309252
0.01288819
0.01303434
0.01296806
0.01299787
0.01324463
0.01305652
0.01282406
0.01302457
0.01301408
0.01304007
0.01332498
0.01308990
0.01311660
0.01310349
0.01291704
0.01311898
0.01339769
0.01307964
0.01308227
0.01298761
0.01326966
0.01284719
0.01305962
0.01292539
0.01308703
0.01279402
0.01308227
0.01288509
0.01309872
0.01308370
0.01307535
0.01298976
0.01295424
0.01309705
0.01299214
0.01293564
0.01309466
0.01266336
0.01302075
0.01308703
0.01294470
0.01305699
0.01291394
0.01337218
0.01300001
0.01305246
0.01311374
0.01303887
0.01308179
0.01305461
0.01310778
0.01294351
0.01311398
0.01328659
0.01287723
0.01290727
0.01298189
0.01292181
0.01300693
0.01279616
0.01328087
0.01312590
0.01310658
0.01294613
0.01310015
0.01306343
0.01297188
0.01301670
0.01312518
0.01299334
0.01314282
0.01297903
0.01302814
0.01315260
0.01299071
0.01287699
0.01301885
0.01326728
0.01296067
0.01293993
0.01303840
0.01307321
0.01298666
0.01287222
0.01296830
0.01295280
0.01313043
0.01298594
0.01306415
0.01308322
0.01283145
0.01297498
0.01301169
0.01292992
0.01305771
0.01293731
0.01288509
0.01319408
0.01273704
0.01306152
0.01308775
0.01300621
0.01259112
0.01305127
0.01306701
0.01289487
0.01327085
0.01305580
0.01298475
0.01291990
0.01305699
0.01293349
0.01303601
0.01292038
0.01302147
0.01304793
0.01296186
0.01308465
0.01302505
0.01303005
0.01292372
