0.00412560
0.01103592
0.01082158
0.01052880
0.01089144
0.01076508
0.01037383
0.01038337
0.01041937
0.01048923
0.01044297
0.01049757
0.01043105
0.01037025
0.01040769
0.01033449
0.01043224
0.01030469
0.01036549
0.01033378
0.01030755
0.01031709
0.01039863
0.01036978
0.01030850
0.01038575
0.01041770
0.01038146
0.01038313
0.01034594
0.01034045
0.01039386
0.01038980
0.01051426
0.01032567
0.01033092
0.01038504
0.01027584
0.01034451
0.01025629
0.01032114
0.01030374
0.01041365
0.01041079
0.01039290
0.01039648
0.01029086
0.01033592
0.01041007
0.01041555
0.01070523
0.01069069
0.01037550
0.01042700
0.01029015
0.01036167
0.01038718
0.01043940
0.01032162
0.01039243
0.01043320
0.01035166
0.01037979
0.01025486
0.01029873
0.01036263
0.01038074
0.01048064
0.01029372
0.01038051
0.01042962
0.01035404
0.01038933
0.01043415
0.01031351
0.01040101
0.01044679
0.01048923
0.01029348
0.01043391
0.01043248
0.01039457
0.01045561
0.01048446
0.01046562
0.01038241
0.01043105
0.01037288
0.01034403
0.01039028
0.01043773
0.01045156
0.01034784
0.01035190
0.01033950
0.01046038
0.01132154
0.01043844
0.01039529
0.01038003
0.01035666
0.01042414
0.01048684
0.01036668
0.01032400
0.01040483
0.01039124
0.01038480
0.01048899
0.01041889
0.01043224
0.01030493
0.01031280
0.01031899
0.01034713
0.01036549
0.01029468
0.01025724
0.01036429
0.01042938
0.01033878
0.01033115
0.01045942
0.01028204
0.01064539
0.01047397
0.01023531
0.01035810
0.01040220
0.01042199
0.01033068
0.01035285
0.01038694
0.01034355
0.01030231
0.01038098
0.01035523
0.01035070
0.01039076
0.01049519
0.01038146
0.01039290
0.01136017
0.01052594
0.01044846
0.01042342
0.01046896
0.01059079
0.01054049
0.01055264
0.01050401
0.01046968
0.01047897
0.01048470
0.01040149
0.01032424
0.01046515
0.01045465
0.01047373
0.01042390
0.01037169
0.01045060
0.01041508
0.01041341
0.01043057
0.01054502
0.01036930
0.01043105
0.01046753
0.01039052
0.01046348
0.01053095
0.01046801
0.01042032
0.01057577
0.01040006
0.01032090
0.01045895
0.01037669
0.01052952
0.01041722
0.01039743
0.01045108
0.01038837
0.01041722
0.01038432
0.01049042
0.01039076
0.01140213
0.01061893
0.01054549
0.01056600
0.01055455
0.01055026
0.01051879
0.01056528
0.01043963
0.01050258
0.01054573
0.01050091
0.01045871
0.01050901
0.01054740
0.01047897
0.01049757
0.01049376
0.01058960
0.01054788
0.01040173
0.01042819
0.01051331
0.01042461
0.01037598
0.01043820
0.01039290
0.01034331
0.01041436
0.01041698
0.01032901
0.01041460
0.01050830
0.01040053
0.01047134
0.01038027
0.01043081
0.01038861
0.01043868
0.01054931
0.01028919
0.01037955
0.01041794
0.01043010
0.01043725
0.01047587
0.01079679
0.01072288
0.01039505
0.01038599
0.01047778
0.01042151
0.01044154
0.01044488
0.01035261
0.01041007
0.01041746
0.01054692
0.01034212
0.01045036
0.01042247
0.01069450
0.01039910
0.01040864
0.01050878
0.01030850
0.01041198
0.01030374
0.01031160
0.01023388
0.01035762
0.01028919
0.01029325
0.01033044
0.01041007
0.01027727
0.01033330
0.01041317
0.01044703
0.01037550
0.01037383
0.01034594
0.01030779
0.01040173
0.01047325
0.01030231
0.01040769
0.01035786
0.01030040
0.01036882
0.01035714
0.01037073
0.01112509
0.01041102
0.01029992
0.01034284
0.01031399
0.01031899
0.01046753
0.01033497
0.01034451
0.01036572
0.01030064
0.01035261
0.01031399
0.01031423
0.01032257
0.01033401
0.01019263
0.01028013
0.01029539
0.01032472
0.01029849
0.01036143
0.01042724
0.01035666
0.01032519
0.01034570
0.01030564
0.01036453
0.01033211
0.01030111
0.01027298
0.01039124
0.01039004
0.01027441
0.01036215
0.01039457
0.01028967
0.01025844
0.01035929
0.01031351
0.01034927
0.01039267
0.01031709
0.01027822
0.01026583
0.01027536
