288.000,143.000,35.000,42.000
289.968,141.334,35.000,42.000
292.240,141.789,35.000,42.000
293.905,140.123,35.000,42.000
295.874,140.880,35.000,42.000
296.934,138.912,35.000,42.000
297.388,138.457,35.000,42.000
297.539,139.517,35.000,42.000
298.296,138.155,35.000,42.000
298.145,140.123,35.000,42.000
298.599,140.880,35.000,42.000
299.659,141.032,35.000,42.000
298.902,142.091,35.000,42.000
298.145,141.334,35.000,42.000
296.177,140.274,35.000,42.000
296.934,141.032,35.000,42.000
298.599,142.091,35.000,42.000
298.145,141.637,35.000,42.000
296.782,141.789,35.000,42.000
297.237,142.849,35.000,42.000
296.782,144.211,35.000,42.000
297.539,145.574,35.000,42.000
296.177,145.725,35.000,42.000
294.814,146.785,35.000,42.000
294.360,147.240,35.000,42.000
292.694,148.300,35.000,42.000
292.845,148.148,35.000,42.000
292.997,147.694,35.000,42.000
292.845,148.451,35.000,42.000
291.785,149.814,35.000,42.000
291.028,148.148,35.000,42.000
290.271,149.814,35.000,42.000
291.331,148.754,35.000,42.000
291.785,149.208,35.000,42.000
292.543,148.451,35.000,42.000
292.391,147.694,35.000,42.000
293.148,146.331,35.000,42.000
293.300,147.391,35.000,42.000
294.057,147.542,35.000,42.000
293.602,146.180,35.000,42.000
294.662,147.542,35.000,42.000
294.814,146.180,35.000,42.000
294.965,146.937,35.000,42.000
294.814,146.785,35.000,42.000
294.662,146.634,35.000,42.000
294.814,144.968,35.000,42.000
294.360,146.634,35.000,42.000
292.694,147.694,35.000,42.000
291.634,147.543,35.000,42.000
290.877,148.602,35.000,42.000
290.726,149.360,35.000,42.000
290.877,150.117,35.000,42.000
290.726,149.662,35.000,42.000
290.271,149.511,35.000,42.000
289.514,150.571,35.000,42.000
289.666,151.025,35.000,42.000
289.817,152.388,35.000,42.000
289.363,153.448,35.000,42.000
288.909,154.508,35.000,42.000
290.271,153.448,35.000,42.000
289.514,154.811,35.000,42.000
290.271,153.751,35.000,42.000
289.817,153.599,35.000,42.000
290.574,153.145,35.000,42.000
291.331,152.994,35.000,42.000
292.391,152.236,35.000,42.000
293.148,153.296,35.000,42.000
293.300,153.751,35.000,42.000
294.360,152.691,35.000,42.000
295.722,153.448,35.000,42.000
297.388,154.811,35.000,42.000
298.751,154.053,35.000,42.000
301.325,155.416,35.000,42.000
303.596,156.476,35.000,42.000
306.776,158.142,35.000,42.000
310.258,160.716,35.000,42.000
312.833,165.713,35.000,42.000
315.407,171.618,35.000,42.000
316.467,177.826,35.000,42.000
317.829,184.337,35.000,42.000
319.192,190.545,35.000,42.000
317.527,193.725,35.000,42.000
316.164,197.510,35.000,42.000
313.590,200.085,35.000,42.000
310.713,202.356,35.000,42.000
306.019,202.507,35.000,42.000
299.811,200.236,35.000,42.000
296.934,197.662,35.000,42.000
293.148,190.848,35.000,42.000
287.849,183.126,35.000,42.000
284.972,172.072,35.000,42.000
282.700,160.716,35.000,42.000
282.246,150.268,35.000,42.000
282.398,143.454,35.000,42.000
283.457,136.943,35.000,42.000
285.123,132.552,35.000,42.000
285.880,129.372,35.000,42.000
287.849,128.918,35.000,42.000
290.120,130.887,35.000,42.000
291.483,134.369,35.000,42.000
293.451,141.486,35.000,42.000
295.420,149.511,35.000,42.000
297.388,159.656,35.000,42.000
299.659,171.618,35.000,42.000
301.628,183.277,35.000,42.000
302.082,192.514,35.000,42.000
300.416,196.299,35.000,42.000
298.145,197.662,35.000,42.000
293.148,194.482,35.000,42.000
286.032,188.577,35.000,42.000
278.915,179.946,35.000,42.000
272.707,171.315,35.000,42.000
265.590,163.896,35.000,42.000
256.959,158.596,35.000,42.000
250.448,157.233,35.000,42.000
244.240,158.899,35.000,42.000
241.666,160.262,35.000,42.000
239.092,162.230,35.000,42.000
236.977,165.064,35.774,42.929
237.751,169.243,35.774,42.929
239.763,173.422,35.774,42.929
242.703,176.053,35.774,42.929
246.882,173.422,35.774,42.929
253.847,168.315,35.774,42.929
261.740,160.421,35.774,42.929
271.800,151.600,35.774,42.929
281.550,145.254,35.774,42.929
290.681,142.004,35.774,42.929
297.027,139.992,35.774,42.929
303.372,140.456,35.774,42.929
310.027,141.230,35.774,42.929
316.063,143.552,35.774,42.929
320.324,149.660,36.566,43.879
324.595,156.779,36.566,43.879
327.601,167.694,36.566,43.879
329.658,177.028,36.566,43.879
328.867,184.779,36.566,43.879
326.810,188.417,36.566,43.879
324.437,190.158,36.566,43.879
321.748,188.101,36.566,43.879
316.844,184.463,36.566,43.879
311.624,177.028,36.566,43.879
307.352,169.276,36.566,43.879
302.448,158.677,36.566,43.879
297.861,150.926,36.566,43.879
292.324,144.123,36.566,43.879
289.002,139.852,36.566,43.879
284.731,138.429,36.566,43.879
280.776,139.536,36.566,43.879
277.770,142.225,36.566,43.879
274.765,146.813,36.566,43.879
272.708,153.931,36.566,43.879
272.866,161.366,36.566,43.879
271.126,166.270,36.566,43.879
269.386,168.643,36.566,43.879
267.646,169.434,36.566,43.879
266.539,168.011,36.566,43.879
265.431,166.903,36.566,43.879
263.375,164.214,36.566,43.879
260.053,159.310,36.566,43.879
256.731,155.988,36.566,43.879
254.991,153.615,36.566,43.879
255.149,151.242,36.566,43.879
257.838,151.400,36.566,43.879
260.527,153.773,36.566,43.879
262.900,157.728,36.566,43.879
263.059,163.581,36.566,43.879
264.166,169.751,36.566,43.879
265.273,176.237,36.566,43.879
266.697,182.090,36.566,43.879
266.855,186.677,36.566,43.879
266.064,188.734,36.566,43.879
266.855,186.677,36.566,43.879
265.748,181.141,36.566,43.879
266.222,174.022,36.566,43.879
267.646,167.852,36.566,43.879
269.703,163.898,36.566,43.879
272.708,160.576,36.566,43.879
276.979,157.886,36.566,43.879
282.833,158.044,36.566,43.879
289.635,159.468,36.566,43.879
297.386,161.841,36.566,43.879
304.505,165.479,36.566,43.879
310.042,168.485,36.566,43.879
312.731,170.225,36.566,43.879
313.838,169.118,36.566,43.879
312.731,168.011,36.566,43.879
309.725,169.118,36.566,43.879
305.771,168.960,36.566,43.879
301.816,173.547,36.566,43.879
298.810,177.818,36.566,43.879
296.754,185.254,36.566,43.879
294.381,192.056,36.566,43.879
290.742,199.491,36.566,43.879
282.991,202.813,36.566,43.879
275.872,204.237,36.566,43.879
269.070,200.915,36.566,43.879
265.748,194.429,36.566,43.879
264.324,186.045,36.566,43.879
266.697,177.977,36.566,43.879
270.968,170.858,36.566,43.879
276.821,167.536,36.566,43.879
284.573,166.112,36.566,43.879
293.590,168.169,36.566,43.879
301.658,174.022,36.566,43.879
310.042,181.773,36.566,43.879
314.313,189.841,36.566,43.879
316.042,196.413,37.375,44.850
314.263,199.162,37.375,44.850
311.838,201.264,37.375,44.850
307.149,199.162,37.375,44.850
300.196,195.120,37.375,44.850
291.627,188.490,37.375,44.850
281.117,184.448,37.375,44.850
273.517,181.376,37.375,44.850
267.211,179.920,37.375,44.850
263.815,181.376,37.375,44.850
261.390,183.801,37.375,44.850
260.582,185.903,37.375,44.850
262.037,186.712,37.375,44.850
265.756,184.610,37.375,44.850
269.475,181.214,37.375,44.850
276.427,177.172,37.375,44.850
281.763,174.100,37.375,44.850
283.531,174.778,38.202,45.842
284.026,176.596,38.202,45.842
282.870,178.744,38.202,45.842
283.990,182.524,39.047,46.856
284.084,184.634,39.911,47.893
282.389,185.717,40.794,48.953
280.094,182.363,40.794,48.953
276.741,177.598,40.794,48.953
272.329,168.598,40.794,48.953
267.211,160.656,40.794,48.953
261.692,154.204,39.924,47.909
257.374,150.922,39.924,47.909
254.304,149.601,39.073,46.887
250.973,151.568,38.239,45.887
247.830,153.718,38.239,45.887
245.527,155.962,37.424,44.909
241.803,160.657,37.424,44.909
238.727,166.971,37.424,44.909
237.917,171.666,37.424,44.909
240.022,173.447,37.424,44.909
242.762,172.522,36.626,43.951
245.456,169.511,36.626,43.951
248.783,164.599,36.626,43.951
254.012,157.469,36.626,43.951
259.875,153.507,36.626,43.951
265.421,150.497,36.626,43.951
271.157,148.675,35.845,43.014
277.204,147.899,35.845,43.014
281.323,147.611,35.080,42.096
284.207,148.369,35.080,42.096
284.662,150.039,35.080,42.096
282.386,152.012,35.080,42.096
279.806,153.378,35.080,42.096
273.887,150.798,35.080,42.096
267.664,146.093,35.080,42.096
262.049,138.656,35.080,42.096
257.951,132.737,35.080,42.096
250.818,128.943,35.080,42.096
241.561,126.060,35.080,42.096
229.267,129.247,35.080,42.096
212.421,139.112,35.080,42.096
194.968,147.459,35.080,42.096
179.033,159.448,35.080,42.096
167.650,174.777,35.080,42.096
162.035,187.373,35.080,42.096
164.615,194.203,35.080,42.096
166.013,201.234,34.332,41.199
167.668,204.107,33.600,40.320
169.557,202.218,33.600,40.320
171.447,198.002,33.600,40.320
172.465,191.461,33.600,40.320
175.227,184.047,33.600,40.320
181.477,177.797,33.600,40.320
186.274,175.616,33.600,40.320
190.490,177.215,33.600,40.320
196.449,180.849,33.600,40.320
200.083,186.518,33.600,40.320
201.973,190.734,33.600,40.320
203.281,196.984,33.600,40.320
206.334,201.781,33.600,40.320
212.294,206.869,33.600,40.320
213.893,213.120,33.600,40.320
207.642,218.498,33.600,40.320
203.717,220.679,33.600,40.320
200.956,218.498,33.600,40.320
202.264,213.992,33.600,40.320
203.863,208.032,33.600,40.320
203.136,205.561,33.600,40.320
204.154,204.253,33.600,40.320
206.334,206.142,33.600,40.320
207.061,208.613,33.600,40.320
204.880,211.957,33.600,40.320
203.863,217.917,33.600,40.320
204.008,220.679,33.600,40.320
203.572,220.824,33.600,40.320
203.136,217.190,33.600,40.320
202.119,210.649,33.600,40.320
202.845,203.235,33.600,40.320
203.572,196.985,33.600,40.320
203.717,193.641,33.600,40.320
201.246,191.751,33.600,40.320
200.229,192.188,33.600,40.320
200.083,193.496,33.600,40.320
200.229,195.386,33.600,40.320
199.502,198.438,33.600,40.320
199.357,203.817,33.600,40.320
198.921,207.451,33.600,40.320
198.775,206.142,33.600,40.320
200.083,203.090,33.600,40.320
201.973,197.421,33.600,40.320
202.119,193.787,33.600,40.320
202.845,191.897,33.600,40.320
202.119,192.624,33.600,40.320
202.264,193.932,33.600,40.320
201.537,196.694,33.600,40.320
202.555,200.619,33.600,40.320
203.572,206.288,33.600,40.320
202.845,212.829,33.600,40.320
200.083,219.080,33.600,40.320
197.612,222.714,33.600,40.320
199.502,221.405,33.600,40.320
201.392,217.481,33.600,40.320
200.083,210.358,33.600,40.320
197.903,202.944,33.600,40.320
195.723,196.403,33.600,40.320
192.379,190.152,33.600,40.320
186.129,187.391,33.600,40.320
180.460,185.210,33.600,40.320
179.837,184.379,32.884,39.460
179.979,185.375,32.884,39.460
175.854,188.932,32.884,39.460
170.590,196.187,32.884,39.460
169.025,203.727,32.884,39.460
170.590,209.275,32.884,39.460
170.163,211.978,32.884,39.460
172.297,214.112,32.884,39.460
174.431,211.409,32.884,39.460
176.565,207.283,32.884,39.460
175.569,204.865,32.884,39.460
177.419,205.576,32.884,39.460
182.967,205.434,32.884,39.460
188.515,207.568,32.884,39.460
193.494,212.832,32.884,39.460
199.611,218.095,32.884,39.460
209.428,222.790,32.884,39.460
220.951,225.777,32.884,39.460
230.767,228.480,32.884,39.460
240.583,226.062,32.884,39.460
251.822,217.953,32.884,39.460
259.931,206.430,32.884,39.460
267.186,196.329,32.884,39.460
277.002,190.496,32.884,39.460
285.111,187.224,32.884,39.460
292.936,185.659,32.884,39.460
296.492,187.509,32.884,39.460
297.488,191.350,32.884,39.460
295.354,197.752,32.884,39.460
292.366,205.861,32.884,39.460
287.672,216.815,32.884,39.460
279.847,223.786,32.884,39.460
269.462,227.627,32.884,39.460
256.232,230.045,32.884,39.460
240.725,231.610,32.884,39.460
223.512,232.606,32.884,39.460
209.428,235.309,32.884,39.460
199.896,237.727,32.884,39.460
193.494,240.146,32.884,39.460
188.515,242.280,32.884,39.460
178.414,242.991,32.884,39.460
166.322,239.719,32.884,39.460
159.351,229.619,32.884,39.460
158.071,219.233,32.884,39.460
161.627,207.141,32.884,39.460
169.736,196.471,32.884,39.460
180.691,192.915,32.884,39.460
189.084,195.333,32.884,39.460
200.038,200.028,32.884,39.460
211.277,208.137,32.884,39.460
223.938,219.660,32.884,39.460
236.031,231.183,32.884,39.460
251.537,243.276,32.884,39.460
266.759,249.393,32.884,39.460
277.998,252.096,32.884,39.460
289.294,253.283,33.611,40.333
304.562,249.939,33.611,40.333
319.540,243.686,33.611,40.333
333.644,237.433,33.611,40.333
348.622,233.798,33.611,40.333
360.109,231.326,33.611,40.333
370.142,230.890,33.611,40.333
374.359,230.163,33.611,40.333
374.795,231.762,33.611,40.333
370.578,233.653,33.611,40.333
362.290,235.543,33.611,40.333
347.313,241.505,33.611,40.333
329.427,248.921,33.611,40.333
308.052,255.464,33.611,40.333
287.549,257.936,33.611,40.333
270.536,256.918,33.611,40.333
254.396,250.956,33.611,40.333
238.837,243.540,33.611,40.333
222.987,237.288,33.611,40.333
210.592,232.252,32.894,39.473
202.027,227.049,32.193,38.632
198.266,223.010,32.193,38.632
197.133,217.650,31.506,37.808
199.178,217.241,31.506,37.808
202.585,216.287,31.506,37.808
208.719,217.241,31.506,37.808
214.853,219.013,31.506,37.808
222.349,221.057,31.506,37.808
234.480,219.285,31.506,37.808
249.883,213.152,31.506,37.808
260.923,207.018,31.506,37.808
268.693,201.157,31.506,37.808
276.735,195.568,31.506,37.808
287.230,191.888,31.506,37.808
294.999,189.571,31.506,37.808
301.133,191.070,31.506,37.808
307.997,193.622,32.203,38.644
314.723,199.699,32.916,39.499
321.701,206.961,32.916,39.499
328.394,218.211,32.916,39.499
335.564,228.855,33.644,40.373
341.823,235.114,33.644,40.373
344.880,237.879,33.644,40.373
347.645,235.987,33.644,40.373
353.613,230.019,33.644,40.373
356.087,222.887,33.644,40.373
354.054,215.947,34.389,41.266
352.417,211.335,34.389,41.266
349.413,208.872,35.149,42.179
343.178,206.591,35.149,42.179
336.335,207.351,35.149,42.179
328.580,210.241,35.149,42.179
316.871,216.475,35.149,42.179
306.075,224.839,35.149,42.179
295.278,236.244,35.149,42.179
283.873,241.566,35.149,42.179
271.252,241.414,35.149,42.179
259.239,234.875,35.149,42.179
247.530,228.032,35.149,42.179
236.125,220.885,35.149,42.179
227.761,214.955,35.149,42.179
215.444,209.024,35.149,42.179
205.560,206.135,35.149,42.179
197.804,204.462,35.149,42.179
190.962,204.006,35.149,42.179
186.944,205.590,35.927,43.113
184.613,204.502,35.927,43.113
187.255,201.549,35.927,43.113
191.452,194.866,35.927,43.113
199.068,186.317,35.927,43.113
210.725,176.836,35.927,43.113
227.045,169.531,35.927,43.113
240.567,166.888,35.927,43.113
256.887,168.909,35.927,43.113
268.584,174.721,36.722,44.066
276.584,179.673,37.535,45.041
284.216,185.681,37.535,45.041
289.899,192.988,37.535,45.041
292.010,198.672,37.535,45.041
292.822,201.757,37.535,45.041
292.010,200.620,37.535,45.041
289.250,195.262,37.535,45.041
285.840,187.305,37.535,45.041
282.430,177.075,37.535,45.041
281.943,168.144,37.535,45.041
277.234,163.435,37.535,45.041
272.524,162.947,37.535,45.041
269.114,167.332,37.535,45.041
267.653,171.391,37.535,45.041
269.114,177.724,37.535,45.041
271.875,184.382,37.535,45.041
276.259,192.339,37.535,45.041
279.020,202.894,37.535,45.041
280.156,210.526,37.535,45.041
280.644,213.286,37.535,45.041
282.430,211.500,37.535,45.041
284.866,204.518,37.535,45.041
287.951,192.339,37.535,45.041
291.361,179.186,37.535,45.041
292.498,168.631,37.535,45.041
290.387,160.999,37.535,45.041
288.276,152.068,37.535,45.041
289.412,143.137,37.535,45.041
288.600,136.804,37.535,45.041
284.866,137.291,37.535,45.041
277.883,136.479,37.535,45.041
270.901,137.616,37.535,45.041
264.571,140.131,36.734,44.081
257.737,143.468,36.734,44.081
253.446,146.487,36.734,44.081
249.155,149.189,36.734,44.081
242.640,155.705,36.734,44.081
236.442,161.585,36.734,44.081
229.290,169.054,36.734,44.081
222.775,178.113,36.734,44.081
218.802,185.900,36.734,44.081
216.100,193.051,36.734,44.081
214.352,197.978,36.734,44.081
212.922,199.726,36.734,44.081
215.305,195.435,36.734,44.081
221.821,187.012,36.734,44.081
231.833,174.775,36.734,44.081
238.667,161.267,36.734,44.081
239.779,149.348,36.734,44.081
237.713,138.700,36.734,44.081
236.283,129.324,36.734,44.081
236.760,123.762,36.734,44.081
237.236,121.696,36.734,44.081
235.488,124.398,36.734,44.081
232.469,130.913,36.734,44.081
228.496,138.065,36.734,44.081
227.383,149.030,36.734,44.081
228.814,159.678,36.734,44.081
231.197,171.597,36.734,44.081
232.946,182.562,36.734,44.081
235.329,188.760,36.734,44.081
235.488,191.144,36.734,44.081
232.787,192.256,36.734,44.081
226.589,189.873,36.734,44.081
219.755,182.403,36.734,44.081
216.736,174.934,36.734,44.081
212.763,170.961,36.734,44.081
205.342,169.440,35.951,43.141
199.277,170.840,35.951,43.141
196.633,173.173,35.951,43.141
196.166,176.439,35.951,43.141
194.144,180.638,35.951,43.141
193.055,186.393,35.951,43.141
194.455,191.525,35.951,43.141
195.855,194.169,35.951,43.141
197.255,194.947,35.951,43.141
196.477,191.059,35.951,43.141
198.499,183.749,35.951,43.141
202.698,174.572,35.951,43.141
206.898,167.262,35.951,43.141
211.928,164.574,35.184,42.221
214.504,163.411,34.434,41.321
217.335,164.751,34.434,41.321
223.144,168.178,34.434,41.321
225.975,173.392,34.434,41.321
227.017,179.797,34.434,41.321
228.954,186.799,34.434,41.321
230.295,194.396,34.434,41.321
227.464,201.993,34.434,41.321
223.740,208.399,34.434,41.321
220.016,212.123,34.434,41.321
216.888,212.868,34.434,41.321
213.759,208.846,34.434,41.321
211.823,200.951,34.434,41.321
210.482,189.182,34.434,41.321
209.737,178.010,34.434,41.321
211.674,167.135,34.434,41.321
210.035,158.048,34.434,41.321
206.311,152.238,34.434,41.321
201.991,149.110,34.434,41.321
199.458,145.981,34.434,41.321
197.522,144.939,34.434,41.321
198.267,147.471,34.434,41.321
197.820,153.579,34.434,41.321
197.373,159.984,34.434,41.321
199.309,166.390,34.434,41.321
202.438,174.285,34.434,41.321
205.566,182.479,34.434,41.321
211.078,192.162,34.434,41.321
213.943,197.423,35.196,42.235
215.922,196.053,35.196,42.235
220.642,189.505,35.196,42.235
225.058,177.476,35.196,42.235
229.474,165.143,35.196,42.235
233.889,152.505,35.196,42.235
241.046,141.390,35.196,42.235
248.713,133.182,35.974,43.169
254.783,124.933,35.974,43.169
256.161,117.512,36.770,44.124
259.183,113.854,36.770,44.124
270.495,110.560,37.584,45.101
276.511,106.820,37.584,45.101
274.722,112.186,37.584,45.101
272.113,118.603,38.415,46.098
273.240,126.542,39.265,47.118
270.692,140.302,39.265,47.118
265.426,154.061,39.265,47.118
264.237,167.141,39.265,47.118
262.708,175.125,39.265,47.118
256.423,176.994,39.265,47.118
252.992,175.944,40.134,48.161
253.809,166.224,41.022,49.226
250.437,153.623,41.022,49.226
247.775,145.282,41.022,49.226
248.242,136.820,41.930,50.316
251.731,131.182,42.857,51.429
254.142,125.420,43.806,52.567
258.122,122.577,43.806,52.567
262.159,123.765,44.775,53.730
266.688,126.989,45.765,54.918
