162.000,188.000,34.000,84.000
161.319,186.411,34.000,84.000
162.000,187.092,34.000,84.000
161.319,186.411,34.000,84.000
161.546,187.092,34.000,84.000
159.957,185.957,34.000,84.000
160.638,185.276,34.000,84.000
160.865,186.411,34.000,84.000
161.092,187.092,34.000,84.000
159.503,185.957,34.000,84.000
159.276,184.822,34.000,84.000
160.411,184.141,34.000,84.000
161.546,184.822,34.000,84.000
159.503,183.687,34.000,84.000
161.092,185.276,34.000,84.000
161.773,185.503,34.000,84.000
159.730,183.914,34.000,84.000
160.411,186.411,34.000,84.000
162.000,189.816,34.000,84.000
162.227,188.227,34.000,84.000
162.454,189.816,34.000,84.000
164.043,190.497,34.000,84.000
162.908,192.540,34.000,84.000
165.240,191.467,33.275,82.209
165.462,192.577,33.275,82.209
164.351,191.911,33.275,82.209
167.684,190.356,33.275,82.209
166.128,189.245,33.275,82.209
169.905,189.467,33.275,82.209
168.795,190.134,33.275,82.209
168.128,189.023,33.275,82.209
168.795,188.801,33.275,82.209
167.239,187.690,33.275,82.209
165.240,188.356,33.275,82.209
162.811,190.732,32.565,80.456
161.724,192.254,32.565,80.456
162.811,193.776,32.565,80.456
161.724,190.079,32.565,80.456
160.636,190.297,32.565,80.456
159.114,189.210,32.565,80.456
159.767,191.602,32.565,80.456
159.549,190.514,32.565,80.456
161.506,190.732,32.565,80.456
167.093,192.218,31.871,78.740
165.603,190.729,31.871,78.740
163.688,190.090,31.871,78.740
161.347,189.878,31.871,78.740
159.007,190.942,31.871,78.740
157.517,191.154,31.871,78.740
154.325,190.942,31.871,78.740
151.559,191.580,31.871,78.740
151.346,191.793,31.871,78.740
151.133,191.154,31.871,78.740
150.069,193.070,31.871,78.740
151.704,190.653,32.576,80.482
149.312,189.086,33.297,82.263
147.756,190.197,33.297,82.263
152.869,190.420,33.297,82.263
151.758,187.530,33.297,82.263
148.868,188.641,33.297,82.263
146.867,189.753,33.297,82.263
144.884,188.151,34.033,84.083
144.657,188.378,34.033,84.083
143.520,188.151,34.033,84.083
142.839,186.106,34.033,84.083
142.157,184.969,34.033,84.083
141.930,187.923,34.033,84.083
139.885,186.333,34.033,84.083
142.839,189.287,34.033,84.083
142.612,188.605,34.033,84.083
144.357,187.439,34.786,85.943
147.376,189.065,34.786,85.943
146.679,186.046,34.786,85.943
148.305,186.742,34.786,85.943
151.789,189.297,34.786,85.943
153.091,190.997,35.556,87.844
153.803,187.911,35.556,87.844
155.465,188.148,35.556,87.844
158.551,188.386,35.556,87.844
161.853,186.183,36.343,89.788
166.463,187.396,36.343,89.788
168.647,185.697,36.343,89.788
170.511,186.466,37.147,91.775
173.239,182.746,37.147,91.775
177.951,182.498,37.147,91.775
181.672,183.738,37.147,91.775
185.392,182.994,37.147,91.775
188.120,184.730,37.147,91.775
188.368,184.482,37.147,91.775
189.608,185.226,37.147,91.775
192.028,183.439,37.969,93.805
194.816,182.171,37.969,93.805
198.619,182.425,37.969,93.805
197.410,182.702,38.809,95.881
196.712,180.297,39.667,98.002
195.388,181.092,39.667,98.002
195.652,182.946,39.667,98.002
194.858,180.562,39.667,98.002
195.652,181.887,39.667,98.002
199.625,182.681,39.667,98.002
198.301,179.768,39.667,98.002
197.506,181.092,39.667,98.002
199.360,179.238,39.667,98.002
198.036,179.503,39.667,98.002
198.301,178.179,39.667,98.002
200.685,179.503,39.667,98.002
199.360,177.119,39.667,98.002
201.944,175.760,40.545,100.170
202.756,174.407,40.545,100.170
203.712,171.894,41.442,102.386
202.967,169.326,42.359,104.652
205.139,166.115,43.296,106.967
206.159,165.231,44.254,109.334
208.228,163.754,44.254,109.334
209.705,162.276,44.254,109.334
211.361,162.600,45.233,111.753
212.428,158.543,46.234,114.225
213.354,157.617,46.234,114.225
213.663,156.074,46.234,114.225
214.589,154.530,46.234,114.225
216.749,156.074,46.234,114.225
217.058,154.530,46.234,114.225
216.132,155.456,46.234,114.225
216.441,155.765,46.234,114.225
215.515,157.309,46.234,114.225
216.441,155.148,46.234,114.225
214.897,157.309,46.234,114.225
215.987,153.803,47.257,116.753
213.779,156.012,47.257,116.753
215.987,153.172,47.257,116.753
213.779,154.750,47.257,116.753
217.019,153.866,46.249,114.263
214.240,156.645,46.249,114.263
215.784,154.483,46.249,114.263
215.476,156.027,46.249,114.263
215.784,153.248,46.249,114.263
215.476,155.410,46.249,114.263
217.019,155.718,46.249,114.263
215.476,156.645,46.249,114.263
217.019,155.101,46.249,114.263
215.476,156.645,46.249,114.263
217.019,155.718,46.249,114.263
215.476,157.880,46.249,114.263
217.019,155.718,46.249,114.263
216.093,157.262,46.249,114.263
216.402,155.101,46.249,114.263
217.328,156.645,46.249,114.263
217.019,155.718,46.249,114.263
218.563,158.498,46.249,114.263
219.490,156.336,46.249,114.263
217.328,157.262,46.249,114.263
217.019,156.336,46.249,114.263
218.110,153.470,47.273,116.791
217.701,156.845,46.264,114.300
220.874,158.957,45.278,111.863
222.990,160.468,45.278,111.863
223.897,163.189,45.278,111.863
226.420,162.925,44.312,109.477
226.715,164.996,44.312,109.477
227.011,165.292,44.312,109.477
225.532,165.588,44.312,109.477
224.053,165.884,44.312,109.477
221.388,165.625,43.367,107.143
219.361,165.915,43.367,107.143
217.335,166.204,43.367,107.143
214.729,163.019,43.367,107.143
217.145,162.766,42.442,104.858
213.461,164.750,42.442,104.858
214.461,160.356,43.381,107.178
210.696,162.383,43.381,107.178
212.144,159.197,43.381,107.178
213.013,156.590,43.381,107.178
216.199,158.039,43.381,107.178
221.123,158.908,43.381,107.178
262.543,152.246,43.381,107.178
265.729,157.170,43.381,107.178
270.653,158.039,43.381,107.178
276.156,154.853,43.381,107.178
280.501,158.039,43.381,107.178
284.266,157.749,43.381,107.178
288.032,159.197,43.381,107.178
291.797,158.328,43.381,107.178
293.246,156.880,43.381,107.178
295.852,154.273,43.381,107.178
299.039,156.880,43.381,107.178
303.963,155.432,43.381,107.178
308.887,155.721,43.381,107.178
312.652,156.590,43.381,107.178
315.838,154.563,43.381,107.178
319.604,154.853,43.381,107.178
321.631,154.563,43.381,107.178
324.238,154.273,43.381,107.178
329.447,154.020,42.456,104.892
335.399,154.304,42.456,104.892
339.085,152.319,42.456,104.892
344.471,153.170,42.456,104.892
350.990,151.752,42.456,104.892
356.634,150.958,41.551,102.655
362.158,153.925,40.665,100.466
362.330,152.641,39.798,98.324
366.596,155.994,38.949,96.227
369.457,153.654,38.949,96.227
373.877,157.554,38.949,96.227
376.738,156.254,38.949,96.227
379.079,155.474,38.949,96.227
382.459,157.294,38.949,96.227
380.119,153.914,38.949,96.227
383.500,154.174,38.949,96.227
387.920,154.434,38.949,96.227
391.821,155.214,38.949,96.227
396.762,155.994,38.949,96.227
400.937,156.268,38.118,94.175
404.755,158.559,38.118,94.175
407.555,158.813,38.118,94.175
409.336,159.577,38.118,94.175
412.441,160.336,37.306,92.167
411.694,158.094,37.306,92.167
415.693,155.956,36.510,90.201
419.136,159.032,35.731,88.278
418.368,158.823,34.969,86.395
421.614,160.048,35.743,88.306
421.765,161.679,34.981,86.423
418.729,163.782,34.981,86.423
416.627,162.614,34.981,86.423
414.992,162.380,34.981,86.423
414.759,160.278,34.981,86.423
413.556,163.226,34.235,84.580
408.756,165.283,34.235,84.580
403.613,167.727,33.505,82.777
402.494,168.398,33.505,82.777
387.543,192.352,32.790,81.011
386.044,197.134,33.516,82.804
380.450,198.253,33.516,82.804
375.203,201.748,34.257,84.636
421.635,154.402,34.257,84.636
419.119,155.088,34.257,84.636
415.688,151.657,34.257,84.636
413.172,152.343,34.257,84.636
409.741,151.199,34.257,84.636
406.768,151.428,34.257,84.636
404.252,152.572,34.257,84.636
402.193,153.715,34.257,84.636
400.592,156.231,34.257,84.636
398.534,160.577,34.257,84.636
396.474,159.055,33.527,82.831
441.916,158.831,33.527,82.831
439.453,159.950,33.527,82.831
435.648,163.308,33.527,82.831
429.006,164.017,34.269,84.664
424.201,164.704,34.269,84.664
470.648,152.577,34.269,84.664
459.895,154.636,34.269,84.664
450.056,156.695,34.269,84.664
438.845,158.297,34.269,84.664
424.876,158.979,33.538,82.858
420.621,161.890,33.538,82.858
433.385,165.249,33.538,82.858
430.474,165.921,33.538,82.858
426.667,168.384,33.538,82.858
364.266,156.084,34.280,84.691
345.602,158.234,35.038,86.565
332.736,161.275,35.038,86.565
321.740,161.509,35.038,86.565
311.213,162.679,35.038,86.565
301.153,161.509,35.038,86.565
292.030,163.615,35.038,86.565
280.566,164.316,35.038,86.565
269.571,162.679,35.038,86.565
267.484,160.508,35.813,88.480
206.790,165.830,35.050,86.593
207.024,161.852,35.050,86.593
207.726,159.745,35.050,86.593
210.495,160.002,35.825,88.509
215.518,161.198,35.825,88.509
219.584,162.872,35.825,88.509
222.694,161.198,35.825,88.509
226.760,163.829,35.825,88.509
224.608,164.546,35.825,88.509
219.584,162.394,35.825,88.509
223.172,159.284,35.825,88.509
235.433,159.049,36.618,90.468
237.144,158.316,36.618,90.468
239.833,160.027,36.618,90.468
236.655,158.316,36.618,90.468
245.701,161.983,36.618,90.468
243.501,162.717,36.618,90.468
240.811,162.472,36.618,90.468
241.545,160.272,36.618,90.468
249.124,161.983,36.618,90.468
248.390,165.651,36.618,90.468
248.239,162.367,37.428,92.469
245.990,164.616,37.428,92.469
250.238,165.366,37.428,92.469
251.987,161.117,37.428,92.469
251.238,160.368,37.428,92.469
249.988,162.117,37.428,92.469
248.701,162.862,36.630,90.497
253.348,160.172,36.630,90.497
255.060,160.416,36.630,90.497
252.879,158.654,37.440,92.500
249.629,158.404,37.440,92.500
245.379,154.154,37.440,92.500
246.629,165.903,37.440,92.500
247.379,166.653,37.440,92.500
245.629,167.903,37.440,92.500
252.379,164.654,37.440,92.500
256.128,163.404,37.440,92.500
322.373,159.654,37.440,92.500
317.624,159.404,37.440,92.500
312.374,160.654,37.440,92.500
307.713,159.953,36.642,90.527
301.597,155.305,36.642,90.527
297.438,157.018,36.642,90.527
293.349,162.463,35.860,88.596
288.320,158.872,35.860,88.596
284.729,162.463,35.860,88.596
281.650,159.485,35.096,86.707
278.636,161.539,34.347,84.858
277.066,164.645,35.107,86.736
269.331,161.129,35.107,86.736
266.268,164.303,35.884,88.655
241.262,161.583,36.678,90.616
235.629,160.358,36.678,90.616
233.425,159.134,36.678,90.616
231.221,162.317,36.678,90.616
228.528,165.991,36.678,90.616
225.834,164.766,36.678,90.616
223.141,163.001,37.489,92.621
223.300,166.160,36.690,90.646
222.075,165.915,36.690,90.646
218.890,165.180,36.690,90.646
213.746,165.425,36.690,90.646
210.071,166.650,36.690,90.646
205.417,164.446,36.690,90.646
209.350,167.537,35.908,88.713
192.808,164.900,35.908,88.713
188.732,162.742,35.908,88.713
186.095,159.626,35.908,88.713
182.978,162.263,35.908,88.713
178.970,160.667,35.142,86.821
176.389,162.778,35.142,86.821
173.339,160.197,35.142,86.821
170.289,159.024,35.142,86.821
166.769,160.667,35.142,86.821
170.289,162.778,35.142,86.821
173.808,165.829,35.142,86.821
172.635,163.248,35.142,86.821
171.879,167.113,34.392,84.969
170.254,166.913,33.659,83.157
166.433,166.688,33.659,83.157
162.613,165.564,33.659,83.157
159.691,165.789,33.659,83.157
158.568,167.812,33.659,83.157
156.995,170.284,33.659,83.157
155.456,170.530,34.404,84.997
147.876,167.084,34.404,84.997
145.809,171.908,34.404,84.997
143.741,170.759,34.404,84.997
140.296,173.746,34.404,84.997
138.688,169.381,34.404,84.997
135.702,172.827,34.404,84.997
132.256,172.597,34.404,84.997
129.270,173.286,34.404,84.997
120.311,169.841,34.404,84.997
117.785,173.286,34.404,84.997
109.745,172.597,34.404,84.997
107.218,170.989,34.404,84.997
103.740,171.717,35.165,86.878
101.626,171.013,35.165,86.878
94.818,168.430,35.165,86.878
93.174,169.134,35.165,86.878
90.591,169.839,35.165,86.878
84.722,172.421,35.165,86.878
80.679,175.114,35.943,88.800
77.542,171.393,36.738,90.765
74.354,174.582,36.738,90.765
68.603,170.269,37.551,92.773
64.341,174.030,37.551,92.773
58.574,169.267,37.551,92.773
52.306,168.013,37.551,92.773
43.030,165.255,37.551,92.773
32.750,169.016,37.551,92.773
27.392,171.371,38.382,94.825
21.916,172.183,39.231,96.923
17.949,173.013,40.099,99.068
14.469,172.746,40.099,99.068
12.595,177.832,40.099,99.068
10.721,180.777,40.099,99.068
6.666,179.959,40.986,101.260
6.312,179.720,40.112,99.100
35.599,166.120,41.000,101.293
32.590,165.284,41.907,103.534
24.288,156.881,42.834,105.825
17.710,154.307,42.834,105.825
6.851,158.180,43.782,108.166
86.736,170.025,44.750,110.559
82.894,169.764,43.796,108.202
76.315,169.508,42.862,105.894
72.594,172.656,42.862,105.894
72.308,160.923,42.862,105.894
