275.000,137.000,23.000,26.000
276.832,134.975,23.000,26.000
278.664,133.529,23.000,26.000
279.146,132.854,23.000,26.000
279.628,134.300,23.000,26.000
277.410,137.096,23.000,26.000
272.300,142.206,23.000,26.000
268.348,150.208,23.000,26.000
268.058,151.076,23.000,26.000
268.733,154.643,23.000,26.000
272.493,153.390,23.000,26.000
276.060,151.751,23.000,26.000
277.507,144.327,23.000,26.000
278.374,144.424,23.000,26.000
277.507,133.722,23.000,26.000
276.639,119.742,23.000,26.000
275.578,103.642,23.000,26.000
273.747,87.927,23.000,26.000
274.421,87.059,23.000,26.000
274.132,76.164,23.000,26.000
276.543,68.162,23.000,26.000
279.724,59.774,23.000,26.000
281.170,53.315,23.000,26.000
280.688,53.218,23.000,26.000
281.556,53.508,23.000,26.000
283.002,57.653,23.000,26.000
284.641,64.306,23.000,26.000
285.702,71.344,23.000,26.000
285.412,71.826,23.000,26.000
282.616,72.886,23.000,26.000
279.435,70.090,23.000,26.000
277.796,62.667,23.000,26.000
278.471,56.207,23.000,26.000
277.796,56.496,23.000,26.000
277.507,55.050,23.000,26.000
275.868,51.869,23.000,26.000
276.928,47.916,23.000,26.000
278.567,46.662,23.000,26.000
278.664,46.759,23.000,26.000
277.217,44.734,23.000,26.000
272.686,40.203,23.000,26.000
267.383,32.972,23.000,26.000
263.045,26.512,23.000,26.000
262.370,25.452,23.000,26.000
261.117,29.019,23.000,26.000
256.585,32.586,23.000,26.000
251.475,32.876,23.000,26.000
250.415,34.322,23.000,26.000
250.126,34.997,23.000,26.000
257.357,43.770,23.000,26.000
267.287,54.857,23.000,26.000
274.711,61.510,23.000,26.000
284.255,65.848,23.000,26.000
284.159,66.523,23.000,26.000
292.354,73.561,23.000,26.000
297.271,86.384,23.000,26.000
293.125,97.664,23.000,26.000
282.809,102.195,23.000,26.000
283.291,103.256,23.000,26.000
272.782,99.110,23.000,26.000
262.466,89.951,23.000,26.000
254.464,80.021,23.000,26.000
247.812,75.104,23.000,26.000
248.294,74.236,23.000,26.000
244.534,73.176,23.000,26.000
243.280,72.308,23.000,26.000
242.413,71.440,23.000,26.000
242.509,69.801,23.000,26.000
242.798,68.741,23.000,26.000
242.509,66.909,23.000,26.000
242.027,65.655,23.000,26.000
241.159,64.402,23.000,26.000
239.906,65.463,23.000,26.000
240.967,65.559,23.000,26.000
241.834,68.741,23.000,26.000
243.280,73.658,23.000,26.000
241.449,79.346,23.000,26.000
236.339,89.662,23.000,26.000
235.278,89.758,23.000,26.000
230.554,99.303,23.000,26.000
225.830,104.027,23.000,26.000
219.178,104.895,23.000,26.000
210.983,103.063,23.000,26.000
210.115,103.545,23.000,26.000
199.799,102.870,23.000,26.000
192.761,104.316,23.000,26.000
190.736,102.292,23.000,26.000
189.868,97.375,23.000,26.000
190.158,96.507,23.000,26.000
190.640,95.447,23.000,26.000
191.893,99.207,23.000,26.000
193.532,99.882,23.000,26.000
197.485,96.314,23.000,26.000
197.774,96.604,23.000,26.000
200.184,92.458,23.000,26.000
197.003,94.290,23.000,26.000
190.351,98.050,23.000,26.000
183.698,99.110,23.000,26.000
183.409,99.400,23.000,26.000
181.384,99.689,23.000,26.000
180.131,98.243,23.000,26.000
176.371,100.074,23.000,26.000
171.068,102.292,23.000,26.000
169.622,103.352,23.000,26.000
167.405,107.305,23.000,26.000
167.887,108.751,23.000,26.000
167.983,104.991,23.000,26.000
164.801,96.989,23.000,26.000
164.319,95.543,23.000,26.000
159.564,87.553,23.509,26.575
154.932,79.965,23.509,26.575
151.680,72.575,23.509,26.575
147.228,64.613,24.029,27.163
145.717,62.094,24.029,27.163
140.178,51.317,24.029,27.163
132.422,41.345,24.029,27.163
131.314,39.633,24.029,27.163
135.443,38.122,24.029,27.163
136.350,38.827,24.029,27.163
138.062,37.316,24.029,27.163
139.372,39.633,24.029,27.163
143.904,46.180,24.029,27.163
151.660,56.756,24.029,27.163
152.567,57.461,24.029,27.163
157.502,65.015,24.029,27.163
159.416,75.390,24.029,27.163
158.912,85.966,24.029,27.163
163.042,93.924,24.029,27.163
162.337,95.031,24.029,27.163
170.899,100.168,24.029,27.163
184.295,102.082,24.029,27.163
192.051,98.355,24.029,27.163
199.202,93.017,24.029,27.163
200.512,91.305,24.029,27.163
207.462,84.758,24.029,27.163
211.793,76.397,24.029,27.163
213.505,63.404,24.029,27.163
208.570,46.986,24.029,27.163
207.865,45.072,24.029,27.163
201.116,34.496,24.029,27.163
196.181,25.934,24.029,27.163
193.058,18.380,24.029,27.163
190.943,9.818,24.029,27.163
190.842,7.904,24.029,27.163
188.928,0.350,24.029,27.163
188.828,-0.556,24.029,27.163
190.137,3.573,24.029,27.163
187.619,8.710,24.029,27.163
186.712,10.020,24.029,27.163
179.360,17.574,24.029,27.163
168.783,29.762,24.029,27.163
161.229,49.806,24.029,27.163
156.294,64.814,24.029,27.163
155.387,66.123,24.029,27.163
148.236,74.685,24.029,27.163
142.494,78.210,24.029,27.163
140.580,77.505,24.029,27.163
139.374,72.502,24.561,27.764
140.095,71.164,24.561,27.764
136.491,60.971,24.561,27.764
131.653,49.750,24.561,27.764
124.549,39.145,24.561,27.764
118.886,34.307,24.561,27.764
117.136,33.586,24.561,27.764
116.210,38.219,24.561,27.764
118.783,45.734,24.561,27.764
125.887,49.750,24.561,27.764
134.638,51.912,24.561,27.764
137.006,52.838,24.561,27.764
145.551,53.353,24.561,27.764
156.155,51.603,24.561,27.764
162.230,46.970,24.561,27.764
166.245,39.454,24.561,27.764
166.760,37.910,24.561,27.764
165.009,32.248,24.561,27.764
163.465,28.026,24.561,27.764
164.598,32.042,24.561,27.764
166.966,37.498,24.561,27.764
166.863,38.631,24.561,27.764
170.878,47.382,24.561,27.764
175.305,61.692,24.561,27.764
179.526,73.532,24.561,27.764
183.953,80.842,24.561,27.764
183.644,81.974,24.561,27.764
186.218,83.518,24.561,27.764
186.939,84.445,24.561,27.764
185.806,84.960,24.561,27.764
184.880,84.857,24.561,27.764
185.188,84.754,24.561,27.764
185.909,85.886,24.561,27.764
187.247,91.137,24.561,27.764
191.263,99.270,24.561,27.764
195.690,108.433,24.561,27.764
196.616,109.771,24.561,27.764
200.837,115.434,24.561,27.764
202.793,118.625,24.561,27.764
204.955,123.052,24.561,27.764
205.882,127.891,24.561,27.764
204.955,128.612,24.561,27.764
203.411,130.980,24.561,27.764
201.043,136.025,24.561,27.764
198.675,138.598,24.561,27.764
196.307,137.878,24.561,27.764
194.763,138.804,24.561,27.764
193.425,137.878,24.561,27.764
193.733,139.010,24.561,27.764
194.248,140.349,24.561,27.764
194.557,138.598,24.561,27.764
195.278,137.672,24.561,27.764
196.410,134.068,24.561,27.764
198.160,129.847,24.561,27.764
199.911,122.950,24.561,27.764
201.455,118.728,24.561,27.764
202.382,117.596,24.561,27.764
202.896,117.081,24.561,27.764
204.647,116.978,24.561,27.764
208.113,115.069,25.104,28.378
212.007,112.438,25.104,28.378
213.375,110.860,25.104,28.378
214.743,109.492,25.104,28.378
218.723,106.885,25.659,29.006
222.918,102.690,25.659,29.006
225.822,97.205,25.659,29.006
227.220,95.161,25.659,29.006
229.909,87.309,25.659,29.006
230.447,82.039,25.659,29.006
229.264,80.210,25.659,29.006
227.866,81.178,25.659,29.006
227.543,81.501,25.659,29.006
226.145,84.620,25.659,29.006
223.026,89.460,25.659,29.006
221.197,93.655,25.659,29.006
220.874,95.053,25.659,29.006
220.552,94.085,25.659,29.006
222.810,95.484,25.659,29.006
226.360,93.010,25.659,29.006
231.415,84.082,25.659,29.006
238.837,73.219,25.659,29.006
238.514,72.466,25.659,29.006
244.000,64.614,25.659,29.006
246.258,58.913,25.659,29.006
250.023,55.579,25.659,29.006
254.003,52.890,25.659,29.006
254.540,52.352,25.659,29.006
258.950,47.297,25.659,29.006
262.930,42.027,25.659,29.006
267.340,37.617,25.659,29.006
271.965,35.358,25.659,29.006
272.288,34.175,25.659,29.006
274.977,31.916,25.659,29.006
276.590,32.669,25.659,29.006
277.773,34.067,25.659,29.006
276.590,38.907,25.659,29.006
277.343,40.306,25.659,29.006
275.945,47.512,25.659,29.006
274.116,56.224,25.659,29.006
272.933,66.658,25.659,29.006
272.611,72.358,25.659,29.006
273.579,73.541,25.659,29.006
272.395,75.155,25.659,29.006
271.642,73.972,25.659,29.006
272.826,72.573,25.659,29.006
273.148,68.379,25.659,29.006
273.471,67.411,25.659,29.006
274.869,62.570,25.659,29.006
274.331,58.376,25.659,29.006
274.869,55.471,25.659,29.006
274.116,52.998,25.659,29.006
275.084,51.599,25.659,29.006
275.622,49.771,25.659,29.006
277.236,47.297,25.659,29.006
279.064,45.468,25.659,29.006
280.678,46.436,25.659,29.006
280.140,46.759,25.659,29.006
280.462,47.942,25.659,29.006
278.849,49.771,25.659,29.006
277.236,52.030,25.659,29.006
275.837,55.794,25.659,29.006
275.300,56.762,25.659,29.006
273.471,61.172,25.659,29.006
271.212,64.076,25.659,29.006
266.372,65.690,25.659,29.006
258.520,66.658,25.659,29.006
257.767,66.765,25.659,29.006
249.055,65.797,25.659,29.006
240.988,67.411,25.659,29.006
233.566,67.948,25.659,29.006
228.511,67.195,25.659,29.006
227.328,66.443,25.659,29.006
220.767,67.841,25.659,29.006
212.700,73.111,25.659,29.006
207.429,81.608,25.659,29.006
205.171,90.321,25.659,29.006
203.988,91.504,25.659,29.006
203.020,96.989,25.659,29.006
203.127,102.260,25.659,29.006
204.095,106.240,25.659,29.006
206.569,111.295,25.659,29.006
207.752,112.263,25.659,29.006
210.656,117.318,25.659,29.006
214.421,122.804,25.659,29.006
213.883,128.289,25.659,29.006
212.485,132.054,25.659,29.006
211.732,131.946,25.659,29.006
210.764,133.560,25.659,29.006
210.226,135.173,25.659,29.006
211.624,136.786,25.659,29.006
212.592,140.766,25.659,29.006
211.839,141.304,25.659,29.006
211.087,142.487,25.659,29.006
212.270,142.595,25.659,29.006
211.517,143.778,25.659,29.006
210.334,145.391,25.659,29.006
209.796,145.284,25.659,29.006
209.043,146.682,25.659,29.006
210.441,150.662,25.659,29.006
212.270,157.008,25.659,29.006
213.453,162.923,25.659,29.006
212.915,164.752,25.659,29.006
213.453,168.947,25.659,29.006
214.636,170.775,25.659,29.006
217.110,170.022,25.659,29.006
222.517,164.680,26.227,29.648
223.507,163.690,26.227,29.648
226.296,155.948,26.807,30.304
227.982,145.498,26.807,30.304
229.667,133.923,26.807,30.304
234.275,122.574,26.807,30.304
235.286,123.136,26.807,30.304
239.444,115.607,26.807,30.304
243.152,109.651,26.807,30.304
245.062,101.223,26.807,30.304
247.197,93.470,26.807,30.304
248.433,92.683,26.807,30.304
252.591,87.402,26.807,30.304
258.097,82.120,26.807,30.304
263.154,76.614,26.807,30.304
267.537,71.332,26.807,30.304
268.548,70.321,26.807,30.304
270.234,65.264,26.807,30.304
272.144,59.983,26.807,30.304
273.829,55.600,26.807,30.304
274.841,54.364,26.807,30.304
274.279,54.701,26.807,30.304
274.841,56.162,26.807,30.304
273.605,58.297,26.807,30.304
274.841,62.455,26.807,30.304
278.999,65.489,26.807,30.304
279.751,66.436,27.401,30.975
284.001,67.929,27.401,30.975
289.170,68.504,27.401,30.975
294.798,69.078,27.401,30.975
300.426,68.044,27.401,30.975
301.689,68.389,27.401,30.975
306.628,70.112,27.401,30.975
312.716,75.051,27.401,30.975
321.789,79.071,27.401,30.975
330.863,80.334,27.401,30.975
332.816,79.530,27.401,30.975
341.200,78.267,27.401,30.975
349.815,79.530,27.401,30.975
355.213,80.334,27.401,30.975
359.922,78.841,27.401,30.975
360.215,79.571,28.007,31.660
362.211,75.462,28.007,31.660
363.502,73.466,28.007,31.660
361.976,73.114,28.007,31.660
360.684,75.110,28.007,31.660
360.097,75.697,28.007,31.660
362.093,78.397,28.007,31.660
367.141,86.967,28.007,31.660
362.122,67.955,27.410,30.985
377.403,76.112,27.410,30.985
377.977,77.376,27.410,30.985
358.790,87.142,27.410,30.985
368.326,99.206,27.410,30.985
