0.00613856
0.01066256
0.01086211
0.01062083
0.01061511
0.01045632
0.01040816
0.01055932
0.01053357
0.01054788
0.01051807
0.01044273
0.01052022
0.01049042
0.01051784
0.01047492
0.01047373
0.01038718
0.01057482
0.01052046
0.01041055
0.01036453
0.01053286
0.01049852
0.01044536
0.01037335
0.01042557
0.01046109
0.01039362
0.01037955
0.01047921
0.01040697
0.01040030
0.01041818
0.01046920
0.01039624
0.01046538
0.01042056
0.01049328
0.01037049
0.01050782
0.01066017
0.01055026
0.01046634
0.01055741
0.01066089
0.01056457
0.01047444
0.01054239
0.01059985
0.01051044
0.01062059
0.01053977
0.01050520
0.01054335
0.01065922
0.01046610
0.01055145
0.01055026
0.01053715
0.01061916
0.01054764
0.01055884
0.01053500
0.01042628
0.01049161
0.01047945
0.01037145
0.01041126
0.01055503
0.01048779
0.01053500
0.01050186
0.01078963
0.01053762
0.01054335
0.01059008
0.01052308
0.01049089
0.01041937
0.01050377
0.01045680
0.01048708
0.01043177
0.01054716
0.01046968
0.01039338
0.01053119
0.01042485
0.01046276
0.01043034
0.01046038
0.01039863
0.01046157
0.01040912
0.01042962
0.01040626
0.01040864
0.01041198
0.01042366
0.01076317
0.01043105
0.01056910
0.01043630
0.01033688
0.01045251
0.01049376
0.01038980
0.01038408
0.01043344
0.01041365
0.01049995
0.01046824
0.01043630
0.01035428
0.01039457
0.01042104
0.01049089
0.01042080
0.01031947
0.01048923
0.01055980
0.01049590
0.01046062
0.01046181
0.01050615
0.01043415
0.01043153
0.01051497
0.01044369
0.01041484
0.01039958
0.01039362
0.01041269
0.01048899
0.01055288
0.01044583
0.01041675
0.01038313
0.01051497
0.01048851
0.01030731
