0.00403070
0.01070833
0.01183248
0.01048756
0.01050138
0.01048350
0.01042628
0.01043582
0.01040816
0.01041555
0.01052737
0.01037598
0.01042724
0.01044583
0.01054287
0.01055264
0.01050639
0.01036143
0.01031971
0.01045370
0.01045513
0.01033592
0.01044345
0.01030970
0.01036453
0.01046181
0.01033854
0.01035738
0.01046228
0.01032400
0.01033545
0.01040483
0.01051593
0.01047516
0.01045370
0.01034451
0.01038885
0.01042485
0.01032686
0.01034975
0.01043224
0.01039505
0.01039457
0.01039314
0.01040554
0.01041460
0.01037598
0.01029062
0.01032019
0.01041198
0.01023388
0.01032329
0.01042151
0.01039314
0.01036525
0.01033330
0.01048493
0.01046896
0.01032519
0.01034713
0.01042962
0.01041889
0.01034498
0.01032448
0.01040888
0.01039195
0.01032257
0.01041937
0.01044750
0.01045823
0.01042175
0.01027966
0.01045394
0.01040125
0.01037550
0.01033950
0.01041532
0.01043963
0.01032162
0.01020622
0.01041579
0.01040673
0.01046062
0.01036215
0.01033378
0.01035213
0.01033831
0.01042104
0.01038742
0.01038456
0.01051497
0.01034570
0.01031208
0.01041245
0.01040149
0.01033187
0.01036072
0.01032877
0.01041722
0.01039004
0.01032543
0.01039505
0.01039910
0.01038814
0.01037169
0.01047039
0.01045370
0.01052332
0.01040626
0.01035142
0.01039433
0.01043677
0.01040292
0.01036286
0.01040196
0.01040626
0.01029539
0.01040506
0.01042747
0.01034093
0.01041722
0.01031208
0.01045823
0.01052308
0.01049089
0.01036406
0.01029563
0.01036835
0.01036167
0.01037979
0.01039791
0.01047945
0.01043677
0.01041102
0.01034141
0.01039338
0.01032567
0.01041865
0.01032710
0.01031423
0.01035047
0.01043558
0.01039433
0.01038074
0.01032281
0.01038074
0.01036239
0.01031780
0.01032233
0.01038003
0.01029539
0.01032162
0.01040673
0.01037645
0.01046586
0.01060629
0.01039672
0.01031303
0.01042533
0.01035428
0.01030517
0.01039052
0.01043034
0.01032591
0.01037645
0.01031303
0.01031280
0.01038909
0.01032114
0.01037335
0.01037884
0.01034737
0.01032305
0.01038575
0.01038551
0.01033854
0.01044679
0.01036072
0.01038957
0.01046276
0.01035643
0.01044059
0.01039076
0.01035857
0.01031709
0.01040721
0.01031184
0.01032901
0.01041055
0.01046371
0.01033592
0.01040339
0.01035476
0.01042366
0.01037455
0.01042652
0.01037645
0.01038885
0.01040649
0.01051712
0.01036167
0.01032472
0.01047254
0.01046634
0.01031852
0.01043296
0.01043415
0.01037383
0.01035380
0.01033497
0.01035285
0.01037955
0.01039553
0.01068544
0.01044965
0.01042533
0.01044464
0.01037598
0.01037574
0.01042747
0.01035571
0.01036453
0.01024485
0.01027155
0.01033521
0.01029897
0.01024604
0.01038980
0.01033854
0.01035094
0.01041508
0.01029968
0.01038957
0.01044726
0.01030493
0.01039863
0.01041937
0.01035714
0.01036167
0.01038837
0.01040745
0.01042438
0.01036382
0.01037312
0.01034307
0.01036835
0.01027703
0.01026893
0.01035690
0.01047969
0.01037073
0.01034880
0.01037669
0.01036930
0.01035786
0.01032352
0.01047611
0.01039386
0.01040339
0.01041794
0.01027346
0.01040220
0.01046014
0.01032472
0.01026845
0.01039982
0.01034927
0.01036620
0.01033926
0.01036668
0.01046038
0.01036477
0.01033878
0.01043487
0.01044798
0.01045871
0.01035285
0.01037741
0.01042771
0.01094317
0.01080394
0.01044631
0.01031733
0.01044035
0.01042628
0.01035190
0.01041603
0.01031995
0.01036072
0.01049113
0.01020455
0.01034093
0.01042795
0.01038504
0.01030946
0.01028395
0.01040363
0.01038456
0.01034808
0.01032567
0.01046824
0.01040196
0.01042867
0.01036668
0.01052904
0.01049852
0.01031208
0.01046944
0.01046467
0.01048040
0.01048493
0.01043153
0.01043558
0.01039529
0.01050234
0.01043510
0.01046038
0.01037025
0.01037979
0.01053548
0.01036549
0.01044798
0.01039934
0.01026678
0.01035619
0.01048899
0.01032615
0.01035452
0.01038766
0.01026344
0.01026654
0.01033378
0.01031160
0.01039481
0.01034260
0.01034808
0.01041985
0.01042223
0.01047063
0.01031399
0.01047993
0.01038337
0.01040697
0.01041770
0.01033449
0.01043224
0.01037240
0.01042056
0.01036668
0.01032138
0.01032686
0.01036215
0.01037169
0.01030445
0.01036692
0.01043153
0.01026320
0.01029730
0.01035786
0.01036930
0.01026106
0.01035190
0.01036358
0.01040578
0.01043153
0.01026297
0.01042128
0.01038265
0.01040602
0.01028538
0.01038408
0.01040602
0.01034689
0.01039720
0.01031733
0.01045203
0.01042008
0.01038098
0.01035810
0.01042557
0.01037359
0.01044059
0.01032209
0.01027703
0.01039505
0.01038790
0.01034379
0.01038194
0.01037312
0.01034284
0.01032567
0.01029825
0.01029277
0.01043010
0.01042175
0.01042223
0.01049709
0.01034260
0.01053929
0.01038337
0.01037788
0.01041102
0.01038623
0.01035380
0.01033020
0.01034927
0.01037455
0.01039886
0.01041865
0.01038170
0.01038957
0.01047540
0.01037407
0.01038170
0.01043963
0.01036501
0.01030898
0.01035619
0.01036596
0.01032805
0.01029611
0.01039815
0.01063919
0.01034141
0.01039028
0.01029110
0.01031160
0.01042676
0.01041532
0.01037264
0.01047683
0.01035213
0.01039124
0.01033998
0.01027489
0.01035953
0.01037955
0.01048827
0.01042914
0.01030755
0.01040006
0.01037908
0.01034832
0.01034188
0.01036263
0.01037431
0.01030016
0.01028538
0.01044106
0.01038098
0.01053071
0.01025844
0.01027513
0.01048970
0.01045322
0.01028299
0.01034188
0.01033807
0.01036096
0.01035070
0.01025057
0.01035976
0.01037288
0.01050997
0.01038623
0.01040769
0.01026821
0.01038074
0.01032996
0.01028180
0.01070666
0.01041865
0.01037407
0.01025772
0.01044393
0.01039863
0.01040173
0.01038313
0.01035404
0.01048136
0.01046228
0.01033115
0.01032424
0.01031804
0.01035523
0.01049972
0.01036859
0.01040363
0.01040840
0.01044250
0.01033139
0.01035595
0.01042414
0.01034927
0.01037621
0.01040697
0.01041532
0.01035857
0.01057982
0.01035357
0.01033568
0.01046515
0.01034737
0.01035929
0.01037169
0.01038408
0.01043868
0.01056767
0.01041627
0.01041365
0.01046634
0.01048040
0.01047039
0.01049948
0.01038718
0.01025271
0.01049662
0.01040483
0.01036263
0.01052308
0.01046419
0.01050687
0.01030469
0.01058865
0.01036167
0.01043010
0.01031232
0.01034617
0.01041985
0.01041484
0.01036835
0.01027679
0.01042104
0.01032758
0.01049924
0.01033235
0.01029897
0.01035404
0.01045656
0.01031876
0.01039577
0.01042962
0.01039076
0.01034212
0.01028061
0.01041365
0.01045752
0.01034355
0.01032186
0.01042247
0.01037216
0.01051211
0.01036763
0.01037312
0.01052880
0.01033783
0.01029825
0.01035547
0.01038790
0.01043582
0.01043129
0.01029158
0.01041532
0.01040459
0.01049662
0.01033640
0.01034498
0.01035905
0.01037264
0.01037765
0.01033926
0.01045537
0.01038599
0.01042318
0.01028895
0.01050138
0.01038313
0.01054406
0.01029277
0.01037765
0.01042795
0.01044440
0.01026893
0.01028156
0.01076913
0.01044965
0.01033020
0.01037431
0.01025820
0.01040769
0.01044154
0.01034379
0.01022100
0.01052094
0.01039743
0.01043367
0.01030993
0.01035690
0.01039529
0.01047254
0.01034760
0.01034737
0.01039767
0.01041245
0.01034284
0.01035929
0.01029515
0.01037478
0.01044798
0.01036572
0.01032591
0.01053739
0.01041007
0.01038861
0.01034760
0.01043463
0.01040578
0.01041293
0.01037359
0.01035213
0.01045203
0.01037645
0.01036739
0.01037312
0.01034379
0.01038933
0.01039362
0.01026440
0.01036620
0.01038718
0.01048636
0.01030898
0.01040030
0.01034999
0.01068544
0.01038170
0.01031327
0.01037908
0.01037765
0.01043510
0.01031256
0.01042795
0.01035571
0.01036048
0.01029372
0.01032448
0.01032686
0.01043081
0.01036525
0.01037955
0.01041150
0.01038790
0.01033044
0.01039004
0.01042104
0.01041508
0.01053190
0.01037264
0.01030850
0.01043248
0.01040316
0.01039648
0.01034141
0.01033306
0.01038194
0.01050138
0.01041961
0.01043010
0.01048160
0.01041508
0.01034307
0.01034880
0.01038289
0.01026988
0.01045084
0.01038837
0.01044440
0.01044750
0.01046324
0.01035333
0.01036119
0.01045561
0.01042295
0.01033711
0.01031041
0.01035070
0.01038742
0.01042557
0.01029682
0.01042271
0.01045775
0.01043177
0.01041722
0.01031566
0.01035976
0.01045203
0.01025057
0.01036549
0.01046276
0.01035523
0.01040173
0.01045227
0.01026726
0.01040030
0.01047373
0.01034164
0.01035380
0.01037955
0.01042008
0.01040244
0.01027942
0.01034474
0.01040268
0.01046705
0.01029563
0.01036692
0.01042628
0.01033592
0.01032090
0.01040339
0.01036215
0.01036811
0.01039457
0.01030660
0.01035619
0.01040006
0.01035213
0.01026797
0.01031780
0.01035571
0.01041555
0.01040244
0.01028919
0.01034355
0.01048446
0.01031065
0.01035595
0.01038933
0.01036620
0.01035285
0.01042104
0.01035166
0.01030350
0.01041842
0.01031327
0.01039624
0.01040816
0.01035571
0.01027942
0.01042747
0.01034474
0.01038527
0.01036143
0.01030636
0.01031303
0.01032662
0.01052117
0.01044893
0.01034713
0.01044345
0.01042891
0.01031494
0.01033354
0.01041985
0.01038504
0.01041174
0.01028872
0.01041412
0.01037383
0.01051474
0.01034331
0.01034141
0.01043367
0.01043606
0.01034260
0.01036787
0.01037645
0.01031876
0.01036429
0.01034904
0.01067233
0.01041126
0.01045299
0.01038146
0.01034760
0.01038170
0.01044369
0.01037860
0.01033115
0.01043057
0.01045990
0.01056600
0.01045775
0.01029658
0.01032233
0.01040578
0.01034021
0.01033282
0.01039290
0.01030898
0.01035166
0.01032901
0.01035428
0.01030064
0.01043391
0.01027250
0.01038003
0.01034212
0.01044583
0.01035285
0.01019645
0.01040101
0.01039934
0.01029778
0.01031518
0.01042962
0.01032662
0.01034784
0.01039076
0.01039910
0.01038361
0.01037550
0.01023698
0.01032209
0.01036620
0.01043010
0.01034880
0.01030016
0.01032495
0.01045060
0.01032233
0.01030326
0.01043200
0.01029730
0.01034784
0.01042485
0.01040125
0.01035619
0.01045561
0.01031113
0.01037693
0.01036596
0.01047897
0.01023173
0.01031876
0.01039791
0.01034713
0.01040912
0.01035023
0.01035976
0.01031971
0.01036692
0.01032305
0.01038480
0.01033831
0.01042533
0.01038170
0.01029873
0.01039934
0.01041961
0.01034546
0.01038265
0.01037621
0.01037669
0.01034570
0.01033044
0.01035190
0.01036739
0.01040602
0.01033282
0.01028037
0.01030397
0.01042390
0.01031828
0.01034689
0.01036954
0.01046395
0.01034689
0.01030707
0.01034188
0.01039600
0.01029706
0.01043773
0.01043630
0.01040769
0.01041389
0.01035690
0.01035976
0.01043081
0.01039696
0.01038289
0.01034760
0.01036072
0.01030517
0.01041007
0.01028848
0.01032424
0.01030517
0.01040125
0.01034617
0.01036143
0.01040602
0.01036525
0.01040292
0.01032257
0.01053357
0.01067233
0.01049709
0.01034999
0.01032090
0.01040626
0.01036692
0.01047587
0.01050782
0.01047158
0.01046491
0.01048660
0.01040483
0.01041722
0.01044536
0.01033330
0.01037741
0.01036620
0.01037359
0.01043797
0.01041150
0.01032901
0.01030064
0.01041651
0.01043653
0.01042819
0.01035547
0.01036549
0.01039934
0.01043415
0.01038313
0.01028037
0.01058507
0.01035213
0.01038170
0.01029372
0.01066995
0.01035738
0.01038909
0.01038790
0.01037860
0.01044273
0.01049423
0.01050138
0.01041651
0.01037335
0.01048088
0.01049185
0.01041722
0.01045442
0.01046634
0.01049185
0.01050806
0.01045012
0.01041770
0.01050973
0.01048732
0.01043487
0.01042891
0.01045156
0.01039767
0.01050973
0.01046324
0.01043129
0.01045990
0.01052928
0.01049495
0.01040816
0.01057029
0.01048851
0.01049519
0.01050115
0.01053214
0.01038623
0.01056194
0.01044679
0.01051331
0.01052022
0.01052690
0.01048636
0.01068592
0.01056528
0.01056552
0.01052499
0.01055980
0.01060390
0.01055813
0.01067638
0.01047516
0.01050735
0.01053786
0.01057816
0.01052403
0.01042747
0.01046252
