0.00604320
0.01121211
0.01163626
0.01177573
0.01136017
0.01113439
0.01100564
0.01111817
0.01101995
0.01115417
0.01098299
0.01109958
0.01098657
0.01125789
0.01093602
0.01108575
0.01090503
0.01105905
0.01111555
0.01097727
0.01084256
0.01106620
0.01100636
0.01110864
0.01092386
0.01123452
0.01105380
0.01115203
0.01094675
0.01100016
0.01089144
0.01108146
0.01088023
0.01105547
0.01086593
0.01100469
0.01094103
0.01113725
0.01091242
0.01110506
0.01093292
0.01106501
0.01107430
0.01119614
0.01096582
0.01107073
0.01101542
0.01118016
0.01096392
0.01111889
0.01096439
0.01119280
0.01098585
0.01091695
0.01088762
0.01084113
0.01116776
0.01105142
0.01087403
0.01097798
0.01090598
0.01100683
0.01093745
0.01092887
0.01088452
0.01084042
0.01086330
0.01113820
0.01106691
0.01109695
0.01092982
0.01106620
0.01099682
0.01108646
0.01103902
0.01101303
0.01098394
0.01112652
0.01084542
0.01101708
0.01087666
0.01101613
0.01095366
0.01100826
0.01091027
0.01102209
0.01092839
0.01107287
0.01097560
0.01089263
0.01093292
0.01108551
0.01098657
0.01103187
0.01090670
0.01092434
0.01099491
0.01095891
0.01095009
0.01110339
0.01088810
0.01112580
0.01090074
0.01099014
0.01087904
0.01082850
0.01073003
0.01095128
0.01090622
0.01087976
0.01082993
0.01083422
0.01082206
0.01125598
0.01089883
0.01088858
0.01085877
0.01088858
0.01086974
0.01090336
0.01086450
0.01092553
0.01085687
0.01094556
0.01090670
0.01104379
0.01078463
0.01081800
0.01077151
0.01099968
0.01096511
0.01101661
0.01085806
0.01131988
0.01101613
0.01114130
0.01089144
0.01101851
0.01103950
0.01111388
0.01081347
0.01093650
0.01085711
0.01106191
0.01095486
0.01096606
0.01091766
0.01111126
0.01096249
0.01106286
0.01087165
0.01102734
0.01101446
0.01099801
0.01095128
0.01101661
0.01088619
0.01110697
0.01094651
0.01103210
0.01088834
0.01104164
0.01100302
0.01108670
0.01085377
0.01091552
0.01086235
0.01106739
0.01092529
0.01095319
0.01079917
0.01089573
0.01095343
0.01105094
0.01089287
0.01097608
0.01090384
0.01110435
0.01092553
0.01097870
0.01089120
0.01113749
0.01104665
0.01101565
0.01089716
0.01107311
0.01107168
0.01106787
0.01089740
0.01099348
0.01100540
0.01100135
0.01085711
0.01096940
0.01091909
0.01114941
0.01091242
0.01105165
0.01091504
0.01097250
0.01100826
0.01101303
0.01090670
0.01101995
0.01087117
0.01102829
0.01097894
0.01110435
0.01085520
0.01110530
0.01096129
0.01104331
0.01112413
0.01116514
0.01111150
0.01110387
0.01100039
0.01109290
0.01098108
0.01123333
0.01103568
0.01113200
0.01103067
0.01107883
0.01118898
0.01128912
0.01108932
0.01110291
0.01122022
0.01126456
0.01106191
0.01104331
0.01099110
0.01109290
0.01108766
0.01100755
0.01100111
0.01118541
0.01116872
0.01140428
0.01096940
0.01106262
0.01103806
0.01116800
0.01095247
0.01099110
0.01109695
0.01111317
0.01097465
0.01109982
0.01101756
0.01108837
0.01105618
0.01115680
0.01091361
0.01124978
0.01128745
0.01104236
0.01092625
0.01110029
0.01116681
0.01110697
0.01089311
0.01101112
0.01090932
0.01102924
0.01092410
0.01103067
0.01087523
0.01114511
0.01103163
0.01108074
0.01094031
0.01105237
0.01099443
0.01104212
0.01096845
0.01105857
0.01093483
0.01123238
0.01086807
0.01115179
0.01101065
0.01105165
0.01098895
0.01117826
0.01104331
0.01111341
0.01110125
0.01107812
0.01101351
0.01121211
0.01096034
0.01111507
0.01094055
0.01098514
0.01093030
0.01113915
0.01091313
0.01098514
0.01094079
0.01098013
0.01095080
0.01100397
0.01095700
0.01098299
0.01086831
0.01111674
0.01094937
0.01107979
0.01095796
0.01105094
0.01097727
0.01100922
0.01090622
0.01092410
0.01100039
0.01100636
0.01093340
0.01094651
0.01081252
0.01097798
0.01095176
0.01087070
0.01085401
0.01089764
0.01086497
0.01091790
0.01086545
0.01085758
0.01092196
0.01089787
0.01092005
0.01101637
0.01099706
0.01097512
0.01103950
0.01101708
0.01099014
0.01105380
0.01100516
0.01088476
0.01093102
0.01089478
0.01086020
0.01099610
0.01089406
0.01096630
0.01089358
0.01088214
0.01085567
0.01111865
0.01092458
0.01096630
0.01084948
0.01104617
0.01100731
0.01094031
0.01084542
0.01080585
0.01082516
0.01086330
0.01088071
0.01093340
0.01098871
0.01099062
0.01087260
0.01099348
0.01101804
0.01114130
0.01098776
0.01091814
0.01107216
0.01114893
0.01100039
0.01108432
0.01100302
0.01117420
0.01095629
0.01093864
0.01085043
0.01110101
0.01095176
0.01113319
0.01097941
0.01108766
0.01104927
0.01108050
0.01096010
0.01111388
0.01097798
0.01113367
0.01103878
0.01101327
0.01099420
0.01110220
0.01098466
0.01116180
0.01096034
0.01112962
0.01101565
0.01111293
0.01100922
0.01111174
0.01090336
0.01103973
0.01086640
0.01105952
0.01091766
0.01102471
0.01088309
0.01112223
0.01102901
0.01105070
0.01089573
0.01105738
0.01100039
0.01111460
0.01090837
0.01106668
0.01088357
0.01104879
0.01093793
0.01111507
0.01091909
0.01101589
0.01087999
0.01098561
0.01091075
0.01097631
0.01082301
0.01089883
0.01086807
0.01100373
0.01094294
0.01116252
0.01090574
0.01090932
0.01096964
0.01089573
0.01088214
0.01088643
0.01089907
0.01090193
0.01088238
0.01093745
0.01088619
0.01127291
0.01077604
0.01103091
0.01095510
0.01097751
0.01083851
0.01086140
0.01091766
0.01106191
0.01092505
0.01097631
0.01087689
0.01100755
0.01094723
0.01102495
0.01092815
0.01102495
0.01082277
0.01089740
0.01087284
0.01102662
0.01087785
0.01101041
0.01096010
0.01104951
0.01094842
