0.01099491
0.01295280
0.01273012
0.01265669
0.01265955
0.01262665
0.01266623
0.01268053
0.01263857
0.01263189
0.01261878
0.01252222
0.01237226
0.01248384
0.01253366
0.01246691
0.01253819
0.01247978
0.01254153
0.01257324
0.01248574
0.01247478
0.01256704
0.01266289
0.01266980
0.01256990
0.01280046
0.01276684
0.01292729
0.01283503
0.01292086
0.01276040
0.01248288
0.01252627
0.01253605
0.01248908
0.01238918
0.01252890
0.01243520
0.01232433
0.01238561
0.01228452
0.01239419
0.01242971
0.01260448
0.01260805
0.01274753
0.01322865
0.01371002
0.01374698
0.01367736
0.01325560
0.01278043
0.01271605
0.01282430
0.01263118
0.01270103
0.01306629
0.01374006
0.01361513
0.01370239
0.01378417
0.01387620
0.01485634
0.01462293
0.01433825
0.01428127
0.01446152
0.01445580
0.01456428
0.01460242
0.01466990
0.01458764
0.01460886
0.01464581
0.01492071
0.01458120
0.01454449
0.01462078
0.01446176
0.01434278
0.01434112
0.01443648
0.01463294
0.01433825
0.01422906
0.01447201
0.01440930
0.01446080
0.01451731
0.01434255
0.01436138
0.01422548
0.01406574
0.01438975
0.01419187
0.01419401
0.01416898
0.01453948
0.01443815
0.01428604
0.01425195
0.01432514
0.01392579
0.01390624
0.01398563
0.01406384
0.01438618
0.01402521
0.01418567
0.01419115
0.01418447
0.01403666
0.01420093
0.01421523
0.01440120
0.01447272
0.01447678
0.01458573
0.01475334
0.01459146
0.01472592
0.01448703
0.01447034
0.01443958
0.01439357
0.01433396
0.01437807
0.01432586
0.01418519
0.01435709
0.01412177
0.01428318
0.01407647
0.01446915
0.01444626
0.01468372
0.01471710
0.01493382
0.01478839
0.01483154
0.01473117
0.01470041
0.01456499
0.01448274
0.01413894
0.01415777
0.01422215
0.01456785
0.01452351
0.01463509
0.01484466
0.01506233
0.01521921
0.01542902
0.01575351
0.01600909
0.01595759
0.01605701
0.01584530
0.01587820
0.01604939
0.01626062
0.01620770
0.01617432
0.01626635
0.01632380
0.01622033
0.01616192
0.01591134
0.01588249
0.01597023
0.01603389
0.01604176
0.01560235
0.01538634
0.01533818
0.01535583
0.01520753
0.01523089
0.01513505
0.01515985
0.01503992
0.01510143
0.01502109
0.01505184
0.01501656
0.01507831
0.01481295
0.01501226
0.01476932
0.01479650
0.01470494
0.01458073
0.01467919
0.01457238
0.01457405
0.01454139
0.01471543
0.01477361
0.01477432
0.01467371
0.01464176
0.01462698
0.01449633
0.01460218
0.01491570
0.01485157
0.01484656
0.01487708
0.01491737
0.01463771
0.01484013
0.01460743
0.01489806
0.01445365
0.01455212
0.01443720
0.01459765
0.01445174
0.01448917
0.01443696
0.01440406
0.01460910
0.01473379
