0.01836276
0.02575898
0.02557635
0.02552032
0.02552581
0.02592921
0.02559590
0.02454400
0.02479339
0.02618122
0.02724910
0.02770400
0.02730155
0.02685571
0.02635264
0.02616119
0.02703786
0.02741098
0.02793837
0.02801180
0.02774191
0.02819610
0.02830577
0.02864933
0.02959323
0.02906990
0.02850437
0.02826834
0.02828813
0.02799153
0.02739191
0.02742624
0.02770472
0.02746034
0.02764201
0.02763677
0.02767611
0.02770352
0.02794576
0.02835274
0.02857852
0.02856946
0.02869105
0.02807784
0.02826238
0.02841973
0.02827120
0.02842975
0.02825975
0.02829528
0.02839661
0.02821946
0.02796078
0.02773404
0.02715516
0.02687073
0.02713132
0.02731109
0.02727747
0.02757692
0.02797365
0.02769876
0.02767968
0.02779365
0.02822971
0.02844214
0.02781463
0.02767205
0.02783298
0.02784848
0.02745700
0.02659798
0.02657080
0.02648187
0.02610421
0.02610302
0.02637720
0.02612686
0.02619195
0.02619290
0.02661228
0.02671003
0.02618146
0.02652192
0.02687526
0.02657557
0.02637839
0.02631903
0.02646494
0.02641630
0.02600503
0.02630615
0.02596211
0.02595663
0.02631783
0.02629185
0.02588511
0.02582455
0.02621412
0.02625847
0.02599978
0.02582192
0.02528596
0.02493095
0.02520108
0.02510142
0.02395797
0.02419686
0.02408361
0.02421260
0.02487612
0.02523136
0.02644730
0.02684093
0.02712059
0.02754259
0.02755690
0.02734637
0.02772975
0.02841687
0.02814436
0.02780724
0.02803612
0.02758574
0.02769375
0.02814555
0.02792931
0.02793264
0.02805042
0.02801204
0.02781081
0.02740121
0.02750635
0.02704549
0.02667189
0.02711535
0.02713013
0.02679491
0.02707553
0.02720404
0.02643895
0.02613902
0.02589059
0.02550983
0.02578712
0.02556610
0.02554369
0.02556205
0.02511311
0.02500391
0.02486277
0.02482247
0.02454257
0.02409649
0.02407646
0.02390099
0.02372241
0.02350688
0.02303362
0.02296042
0.02245879
0.02230787
0.02247882
0.02221179
0.02224064
0.02198362
0.02196026
0.02196884
0.02149606
0.02127671
0.02102733
0.02080584
0.02094150
0.02083468
0.02040672
0.02037954
0.02035236
0.02043176
0.02043319
0.02047539
0.02023315
0.01994228
0.01947355
0.01948810
0.01933813
0.01893997
0.01907802
0.01950741
0.01954389
0.01919365
0.01887941
0.01919961
0.01900101
0.01871276
0.01797915
0.01810527
0.01802230
0.01811337
0.01777625
0.01817274
0.01849604
0.01812315
0.01805782
0.01802444
0.01778436
0.01762366
0.01748633
0.01764035
0.01765895
0.01761150
0.01737738
0.01697040
0.01687980
0.01684308
0.01691842
0.01693225
0.01702476
0.01680470
0.01678896
0.01688504
0.01714611
0.01683736
0.01685476
0.01668310
0.01662135
0.01647806
0.01641321
0.01662469
0.01679730
0.01699543
0.01679778
0.01652002
0.01646018
0.01658010
0.01644468
0.01654077
0.01624489
0.01622200
0.01601744
0.01586866
0.01596785
0.01625514
0.01646352
0.01634550
0.01608729
0.01637578
0.01662397
0.01650190
0.01658893
0.01660204
0.01677132
0.01671410
0.01639390
0.01671267
0.01653552
0.01633692
0.01619363
0.01606226
0.01616812
0.01627851
0.01642179
0.01649356
0.01671958
0.01651740
0.01646399
0.01753116
0.01698136
0.01682258
0.01669860
0.01687312
0.01674318
0.01679444
0.01672459
0.01654935
0.01660013
0.01649427
0.01597142
0.01603532
0.01596498
0.01584601
0.01599765
0.01593184
0.01619601
0.01650357
0.01663280
0.01697183
0.01726460
0.01736116
0.01791215
0.01754332
0.01775312
0.01767731
0.01725912
0.01725483
0.01712871
0.01703811
0.01707482
0.01744676
0.01773596
0.01758003
0.01734662
0.01748466
0.01772833
0.01782680
0.01758456
0.01767969
0.01779532
0.01799011
0.01812029
0.01786351
0.01779747
0.01837778
0.01807237
0.01835275
0.01837683
0.01827145
0.01814961
0.01809835
0.01810288
0.01809645
0.01807356
0.01812482
0.01836061
0.01845622
0.01820517
0.01831031
0.01875091
0.01865005
0.01889014
0.01879406
0.01842690
0.01865673
0.01815414
0.01839876
0.01825285
0.01792741
0.01768541
0.01734495
0.01755142
0.01770663
0.01763296
0.01793385
0.01837850
0.01818728
0.01801085
0.01793861
0.01816058
0.01829433
0.01836085
0.01825523
0.01821685
0.01841831
0.01804972
0.01805234
0.01837897
0.01827216
0.01852679
0.01847482
0.01799655
0.01821828
0.01820612
0.01800537
0.01821232
0.01836658
0.01864910
0.01809406
0.01804900
0.01830816
0.01812744
0.01802635
0.01818132
0.01836324
0.01898050
0.01906013
0.01869750
0.01852965
0.01830792
0.01796031
0.01841211
0.01819873
0.01800680
0.01800108
0.01801658
0.01777792
0.01783133
0.01802540
0.01777744
0.01765299
0.01782537
0.01799726
0.01812720
0.01798606
0.01775861
0.01772571
0.01775479
0.01778388
0.01805758
0.01802301
0.01760459
0.01787663
0.01768589
0.01769900
0.01776934
0.01779890
0.01799130
0.01794767
0.01816082
0.01842904
0.01799178
0.01822805
0.01788473
0.01795936
0.01789975
0.01806188
0.01814246
0.01802897
0.01806211
0.01823592
0.01797104
0.01783681
0.01815629
0.01829910
0.01835155
0.01851130
0.01789308
0.01783395
0.01819992
0.01808190
0.01808167
0.01803970
0.01817536
0.01819777
0.01859426
0.01932430
0.01874590
0.01820064
0.01885390
0.01794982
0.01851630
0.01836944
0.01868892
0.01797175
0.01853824
0.01803708
0.01833963
0.01818657
0.01833272
0.01809907
0.01832604
0.01906490
0.01945877
0.01986289
0.01996136
0.01978922
0.01951241
0.01932383
0.01931596
0.01963043
0.01984835
0.02020907
0.01975751
0.01934314
0.01965165
0.01951647
0.01938605
0.01986432
0.01991320
0.02000952
0.01986527
0.01992512
0.01978564
0.01980758
0.02026916
0.02054191
0.02019453
0.02009177
0.01982594
0.01951313
0.01954961
0.01917338
0.01946568
0.01980352
0.01983905
0.02013874
0.02026606
0.02007222
0.01995230
0.01999688
0.01990533
0.02019000
0.01999259
0.02001286
0.02005172
0.01969743
0.01962829
0.01952910
0.02004337
0.01933098
0.01940560
0.01985765
0.01987267
0.01990271
0.01982903
0.01982999
0.01978540
0.01974201
0.01971459
0.01977038
0.01978016
0.01978064
0.01993346
0.01975799
0.01948452
0.01939178
0.01992488
0.01973176
0.01968908
0.01973915
0.01979709
0.01988363
0.02005506
0.02006984
0.02003622
0.02014184
0.02002645
0.02011418
0.01999688
0.02006364
0.01977563
0.01935387
0.01929235
0.01934600
0.01970673
0.01970625
0.01914811
0.01909399
0.01897931
0.01891327
0.01922750
0.01939225
0.01924205
0.01939154
0.01950121
0.01932263
0.01923394
0.01942682
0.01935482
0.01901793
0.01872921
0.01830578
0.01843691
0.01814342
0.01830745
0.01821446
0.01803041
0.01833391
0.01830864
0.01806903
0.01799655
0.01794457
0.01750255
0.01745033
0.01738191
0.01731610
0.01728034
0.01733446
0.01728678
0.01732969
0.01728821
0.01755500
0.01766539
0.01757550
0.01767635
0.01764584
0.01744318
0.01720428
0.01687884
0.01673102
0.01681876
0.01668501
0.01690626
0.01703835
0.01685286
0.01684260
0.01652122
0.01645565
0.01649475
0.01648140
0.01660275
0.01675534
0.01678967
0.01682138
0.01672912
0.01677394
0.01675391
0.01656437
0.01659942
0.01691842
0.01680326
0.01669979
0.01660943
0.01640582
0.01638675
0.01603556
0.01612067
0.01604128
0.01617265
0.01615715
0.01609087
0.01616621
0.01610613
0.01593828
0.01589322
0.01579642
0.01585889
0.01596117
0.01627994
0.01626205
0.01631284
0.01620460
0.01607060
0.01615024
0.01608610
0.01594400
0.01598358
0.01609421
0.01609588
0.01607084
0.01587558
0.01589274
0.01578069
0.01571560
0.01584983
0.01593685
0.01607180
0.01610708
0.01621127
0.01635385
0.01649928
0.01632762
0.01626611
0.01629043
0.01661372
0.01670957
0.01636338
0.01648378
0.01628351
0.01638913
0.01636934
0.01671696
0.01694202
0.01679969
0.01690221
0.01685619
0.01681352
0.01684666
0.01686502
0.01686668
0.01679444
0.01651073
0.01751280
0.01726341
0.01711798
0.01704144
0.01682186
0.01672482
0.01671124
0.01676250
0.01703739
0.01715112
0.01677585
0.01652694
0.01634812
0.01645589
0.01658320
0.01632690
0.01607394
0.01573992
0.01545143
0.01546502
0.01515651
0.01504111
0.01460576
0.01426506
0.01445532
0.01425195
0.01436853
0.01417279
0.01449299
0.01425052
0.01440978
0.01432753
0.01429367
0.01424360
0.01428461
0.01425743
0.01414037
0.01429009
0.01420617
0.01414037
0.01401806
0.01417518
0.01423192
0.01419067
0.01427436
0.01425147
0.01455545
0.01431823
0.01467967
0.01425481
0.01437521
0.01434827
0.01450849
0.01437020
0.01417327
0.01401138
0.01389360
0.01393604
0.01369190
0.01378679
0.01368952
0.01379395
0.01357412
0.01376462
0.01359582
0.01367640
0.01351285
0.01349163
0.01349425
0.01333189
0.01354384
0.01340747
0.01365685
0.01352191
0.01376915
0.01362848
0.01369810
0.01351261
0.01380014
0.01357031
0.01374841
0.01344585
0.01375461
0.01354766
0.01355028
0.01347852
0.01347733
0.01345301
0.01350880
0.01375961
0.01364040
0.01361251
0.01364493
0.01365447
0.01362514
0.01383305
0.01365376
0.01389933
0.01380157
0.01382089
0.01381755
0.01377463
0.01379871
0.01378822
0.01388478
0.01352906
0.01356173
0.01346254
0.01352525
0.01361871
0.01377249
0.01376224
0.01384807
0.01371884
0.01385212
0.01380229
0.01390505
0.01379824
0.01378274
0.01375437
0.01377106
0.01365876
0.01368141
0.01383281
0.01396894
0.01413035
0.01394963
0.01416588
0.01393819
0.01413584
0.01400661
0.01394701
0.01411176
0.01401544
0.01455808
0.01444554
0.01444602
0.01439881
0.01447868
0.01446009
0.01449084
0.01452827
0.01452231
0.01455069
0.01435995
0.01443076
0.01437926
0.01462173
0.01458740
0.01435542
0.01438451
0.01444554
0.01439452
0.01426244
0.01464796
0.01444411
0.01460004
0.01444817
0.01454520
0.01442575
0.01467919
0.01419616
0.01424384
0.01425219
0.01408815
0.01425791
0.01406646
0.01402378
0.01404619
0.01413083
0.01395559
0.01393747
0.01404619
0.01422548
0.01421380
0.01412177
0.01423597
0.01392651
0.01401830
0.01395917
0.01415300
0.01379347
0.01413703
0.01395917
0.01419806
0.01412439
0.01439428
0.01459122
0.01443887
0.01425624
0.01375580
0.01357627
0.01351953
0.01367831
0.01352406
0.01337957
0.01345015
0.01346350
0.01370287
0.01364279
0.01357889
0.01354957
0.01371026
0.01344037
0.01344824
0.01352119
0.01366425
0.01344323
0.01373696
0.01343513
0.01378965
0.01335311
0.01326227
0.01300788
0.01311493
0.01313829
0.01320839
0.01321173
0.01350355
0.01416636
0.01408148
0.01412725
0.01395917
0.01428056
0.01408863
0.01396227
0.01377511
0.01385999
0.01384330
0.01404047
0.01405716
0.01387906
0.01367188
0.01383090
0.01403427
0.01390982
0.01401949
0.01401520
0.01407218
0.01388359
0.01395488
0.01402354
0.01391578
0.01398826
0.01381683
0.01381874
0.01373053
0.01389170
0.01375318
0.01383090
0.01388502
0.01392841
0.01387453
0.01398349
0.01397443
0.01415277
0.01394320
0.01392198
0.01387525
0.01418686
0.01398945
0.01387477
0.01377773
0.01343560
0.01326728
0.01335573
0.01331544
0.01335025
0.01314402
0.01316071
0.01328778
0.01338530
0.01323247
0.01328349
0.01304722
0.01337957
0.01314735
0.01342702
0.01306009
0.01303911
0.01299047
0.01314735
0.01307321
0.01329231
0.01315689
0.01307940
0.01321864
0.01355386
0.01350307
0.01345015
0.01354480
0.01349425
0.01349664
0.01331592
0.01317716
0.01297808
0.01313901
0.01348972
0.01331806
0.01328182
0.01300764
0.01264811
0.01266313
0.01286912
0.01274037
0.01292777
0.01276135
0.01280737
0.01263905
0.01247406
0.01241565
0.01267052
0.01247120
0.01239634
0.01250291
0.01261544
0.01261806
0.01275969
0.01258993
0.01261330
0.01264024
0.01263547
0.01256800
0.01263499
0.01258063
0.01272368
0.01267457
0.01284838
0.01273870
0.01306963
0.01313400
0.01358795
0.01326513
0.01342630
0.01322842
0.01322818
0.01298785
0.01275086
0.01250434
0.01252651
0.01227927
0.01239944
0.01248550
0.01262951
0.01259899
0.01267195
0.01254034
0.01270795
0.01283693
0.01297259
0.01305747
0.01288247
0.01290536
0.01304293
0.01314831
0.01308608
0.01284266
0.01303363
0.01268363
0.01288319
0.01279473
0.01289082
0.01297307
0.01299620
0.01304197
0.01299357
0.01279211
0.01260257
0.01267385
0.01260948
0.01232076
0.01217556
0.01214743
0.01223254
0.01225233
0.01256204
0.01244068
0.01272941
0.01273847
0.01316452
0.01320171
0.01352501
0.01343799
0.01349521
0.01328945
0.01330376
0.01388073
0.01417685
0.01408529
0.01419926
0.01417637
0.01398039
0.01403475
0.01405883
0.01418018
0.01419997
0.01409578
0.01396179
0.01408648
0.01424861
0.01421714
0.01426411
0.01424313
0.01438546
0.01415968
0.01418996
0.01414275
0.01420331
0.01396132
0.01391411
0.01376581
0.01375818
0.01366878
0.01339197
0.01335120
0.01332283
0.01330400
0.01338625
0.01339626
0.01293063
0.01279616
0.01270795
0.01294994
0.01277733
0.01275873
0.01256871
0.01262784
0.01249909
0.01226473
0.01208472
0.01231742
0.01233172
0.01211596
0.01199293
0.01207948
0.01225543
0.01235366
0.01252985
0.01246262
0.01250935
0.01235342
0.01244450
0.01243520
0.01271367
0.01233697
0.01238251
0.01209998
0.01216841
0.01214170
0.01213336
0.01222587
0.01225686
0.01239347
0.01258516
0.01260614
0.01286149
0.01289511
0.01278591
0.01277423
0.01254916
0.01245809
0.01257777
0.01248193
0.01255989
0.01246691
0.01249647
0.01241064
0.01241970
