0.01021171
0.01082659
0.01064014
0.01054764
0.01064062
0.01044583
0.01044798
0.01076269
0.01062489
0.01062298
0.01062417
0.01050067
0.01047039
0.01050091
0.01047277
0.01060343
0.01047373
0.01058435
0.01073718
0.01053333
0.01067853
0.01065803
0.01053977
0.01075244
0.01076221
0.01057839
0.01070261
0.01072145
0.01079369
0.01078820
0.01086259
0.01079035
0.01065660
0.01062942
0.01071453
0.01098752
0.01075721
0.01062965
0.01067376
0.01064444
0.01066613
0.01079035
0.01084280
0.01086545
0.01088858
0.01078677
0.01074886
0.01088428
0.01076555
0.01075649
0.01130247
0.01070905
0.01094437
0.01073027
0.01070929
0.01081944
0.01077104
0.01077318
0.01093960
0.01082420
0.01089430
0.01091766
0.01085615
0.01091456
0.01083851
0.01081800
0.01083994
0.01081371
0.01081276
0.01066732
0.01075196
0.01086831
0.01087213
0.01089144
0.01084590
0.01087928
0.01090527
0.01082253
0.01091886
0.01092958
0.01074123
0.01082134
0.01079941
0.01075697
0.01095176
0.01083231
0.01098728
0.01098847
0.01088786
0.01102591
0.01075768
0.01077890
0.01094651
0.01090860
0.01093268
0.01095128
0.01082349
0.01083732
0.01079559
0.01083040
0.01081610
0.01068711
0.01065516
0.01054478
0.01045799
0.01044011
0.01038170
0.01030517
0.01080656
0.01084900
0.01085711
0.01079869
0.01066494
0.01055861
0.01035380
0.01035452
0.01057315
0.01048255
0.01065922
0.01065969
0.01061749
0.01069617
0.01059937
0.01047969
0.01055121
0.01056719
0.01063251
0.01059270
0.01054502
0.01065278
0.01051712
0.01067185
0.01068163
0.01059008
0.01067519
0.01068473
0.01057148
0.01070285
0.01068211
0.01048517
0.01043630
0.01032114
0.01039505
0.01024151
0.01024890
0.01031566
0.01015019
0.01025844
0.01026630
0.01013923
0.01030493
0.01028752
0.01025009
0.01038265
0.01036882
0.01038098
0.01043129
0.01031446
0.01026940
0.01036525
0.01037836
0.01030374
0.01038814
0.01033425
0.01039720
0.01042271
0.01039219
0.01040673
0.01019406
0.01012230
0.01015925
0.01016188
0.01018405
0.01026177
0.01021886
0.01019764
0.01029110
0.01013207
0.01018405
0.01012993
0.01016831
0.01024604
0.01014471
0.01024032
0.01026630
0.01023221
0.01027513
0.01029491
0.01029420
0.01032567
0.01043987
0.01027441
0.01027894
0.01024175
0.01024961
0.01036358
0.01029706
0.01024604
0.01030445
0.01026940
0.01027703
0.01042056
0.01027775
0.01032591
0.01022696
0.01019979
0.01022720
0.01013589
0.01011133
0.01029468
0.01021194
0.01016045
0.01017189
0.01006556
0.01012206
0.01014805
0.01005697
0.01005983
0.01005912
0.01005745
0.01005483
0.00995350
0.00997066
0.01007342
0.01000977
0.00990367
0.00992656
0.00988293
0.00997090
0.00995064
0.01008201
0.00996041
0.00992465
0.00988436
0.00994325
0.00997376
0.00991607
0.00996661
0.00992036
0.00987792
0.00988150
0.00992417
0.00989127
0.00991583
0.00984693
0.00988889
0.00987625
0.00986433
0.00975513
0.00978708
0.00982857
0.00983834
0.00981259
0.00976467
0.00976562
0.00981808
0.00975847
0.00973916
0.01094031
0.01006913
0.00988698
0.00981355
0.00981307
0.00986481
0.00987577
0.00985932
0.00988460
0.00977135
0.00975180
0.00977373
0.00975132
0.00976920
0.00988793
0.00969911
0.00995231
0.00977302
0.00971460
0.00976205
0.00978661
0.00962138
0.00976753
0.00969505
0.00970030
0.00981832
0.00965691
0.00983405
0.00988531
0.00972772
0.00968456
0.00973964
0.00972152
0.00981569
0.00975060
0.00973988
0.00978327
0.00973940
0.00968575
0.00981593
0.00967097
0.00976825
0.00998783
0.00979376
0.00982308
0.01004052
0.00983477
0.00967216
0.01004028
