0.00408959
0.01373100
0.01541948
0.01334643
0.01286936
0.01296949
0.01294518
0.01266217
0.01272678
0.01286817
0.01301074
0.01303244
0.01303768
0.01285386
0.01295662
0.01291513
0.01285148
0.01295972
0.01294398
0.01289463
0.01287794
0.01289606
0.01268363
0.01281714
0.01293659
0.01286077
0.01278520
0.01293159
0.01266336
0.01280117
0.01291203
0.01281500
0.01283813
0.01277876
0.01279736
0.01297903
0.01275086
0.01285505
0.01278043
0.01285052
0.01289868
0.01273251
0.01289368
0.01280165
0.01293182
0.01286340
0.01275301
0.01286697
0.01281881
0.01292872
0.01296854
0.01284671
0.01279330
0.01289153
0.01289368
0.01283169
0.01280618
0.01287723
0.01290298
0.01289248
0.01285529
0.01290536
0.01300335
0.01284814
0.01309991
0.01293802
0.01292896
0.01271582
0.01280379
0.01278710
0.01294756
0.01296782
0.01289749
0.01294804
0.01282477
0.01265430
0.01275826
0.01279211
0.01279759
0.01271963
0.01288772
0.01295185
0.01280665
0.01296139
0.01291609
0.01295781
0.01279378
0.01286697
0.01292253
0.01294637
0.01279473
0.01297808
0.01296306
0.01300907
0.01287174
0.01279640
0.01277161
0.01303411
0.01297307
0.01305580
0.01287746
0.01290798
0.01285362
0.01293540
0.01259804
0.01309419
0.01272106
0.01304746
0.01292014
0.01310873
0.01296234
0.01288939
0.01292276
0.01281023
0.01294160
0.01285338
0.01293087
0.01297259
0.01301098
0.01305628
0.01302338
0.01305676
0.01308608
0.01306200
0.01305628
0.01289988
0.01292419
0.01296830
0.01292205
0.01291084
0.01285481
0.01293015
0.01292348
0.01306272
0.01280665
0.01293182
0.01291585
0.01303291
0.01303744
0.01301169
0.01291919
0.01284194
0.01307273
0.01281810
0.01282406
0.01301074
0.01294351
0.01290727
0.01293898
0.01302719
0.01290774
0.01291347
0.01293182
0.01304364
0.01302481
0.01308537
0.01291990
0.01300597
0.01292205
0.01282477
0.01290870
0.01307154
0.01308370
0.01296115
0.01292086
0.01293588
0.01312780
0.01311779
0.01293397
0.01291513
0.01303482
0.01294971
0.01295447
0.01286221
0.01276708
0.01295090
0.01305699
0.01300311
0.01298594
0.01294112
0.01268673
0.01279259
0.01301217
0.01305890
0.01286936
0.01307321
0.01284242
0.01293731
0.01300311
0.01287127
0.01310945
0.01282692
0.01279330
0.01288080
0.01288629
0.01288700
0.01309466
0.01295328
0.01302791
0.01298237
0.01283240
0.01306772
0.01304197
0.01320314
0.01294041
0.01290607
0.01321363
0.01288891
0.01302242
0.01279259
0.01279998
0.01303267
0.01283789
0.01270723
0.01287031
0.01289058
0.01299882
0.01299143
0.01295161
0.01283908
0.01300216
0.01277256
0.01291323
0.01299548
0.01292205
0.01285172
0.01303601
0.01278615
0.01282406
0.01297545
0.01299739
0.01303935
0.01283598
0.01296353
0.01289916
0.01287794
0.01298594
0.01288819
0.01295924
0.01296401
0.01299047
0.01300573
0.01298547
0.01301599
0.01297903
0.01287222
0.01301789
0.01284957
0.01286983
0.01266193
0.01273847
0.01288939
0.01300406
0.01301718
0.01285958
0.01281619
0.01277256
0.01287055
0.01294351
0.01298451
0.01286674
0.01285410
0.01301026
0.01284003
0.01283574
0.01288533
0.01273799
0.01287270
0.01303601
0.01301003
0.01287889
0.01277184
0.01282930
0.01286960
0.01304555
0.01283860
0.01283646
0.01302171
0.01297379
0.01297665
0.01298428
0.01273179
0.01290488
0.01298809
0.01288104
0.01297283
0.01297069
0.01287198
0.01293969
0.01304317
0.01284194
0.01293778
0.01292205
