0.00335073
0.01368332
0.01446009
0.01347589
0.01323795
0.01286602
0.01283336
0.01265240
0.01284266
0.01281786
0.01282549
0.01260734
0.01265144
0.01265860
0.01272392
0.01283741
0.01273584
0.01279831
0.01281285
0.01275229
0.01271582
0.01264358
0.01268911
0.01265287
0.01283669
0.01274157
0.01259923
0.01243186
0.01266193
0.01274490
0.01271820
0.01265550
0.01278234
0.01271129
0.01282668
0.01275706
0.01262355
0.01266766
0.01267076
0.01284409
0.01283288
0.01265287
0.01262283
0.01250935
0.01281953
0.01276469
0.01283765
0.01269794
0.01283598
0.01281333
0.01273823
0.01257634
0.01268840
0.01277828
0.01279497
0.01276994
0.01283860
0.01281524
0.01276565
0.01265550
0.01274562
0.01274633
0.01263237
0.01267624
0.01261282
0.01282620
0.01282454
0.01271915
0.01267385
0.01269865
0.01271105
0.01258826
0.01285219
0.01281381
0.01313877
0.01252270
0.01266527
0.01267457
0.01265693
0.01279783
0.01263714
0.01257014
0.01285529
0.01270914
0.01292419
0.01265216
0.01280093
0.01283312
0.01226783
0.01309609
0.01266193
0.01282382
0.01274967
0.01259899
0.01272631
0.01283598
0.01272058
0.01281714
0.01256561
0.01289606
0.01290107
0.01278377
0.01275373
0.01277995
0.01278901
0.01271749
0.01253033
0.01272655
0.01256847
0.01266003
0.01264596
0.01287127
0.01264262
0.01259923
0.01271534
0.01284480
0.01284623
0.01260090
0.01270485
0.01281738
