298.000,160.000,48.000,80.000
299.750,162.750,48.000,80.000
301.000,165.500,48.000,80.000
302.250,168.750,48.000,80.000
303.500,172.500,48.000,80.000
305.750,176.249,48.000,80.000
309.000,180.499,48.000,80.000
312.250,182.249,48.000,80.000
315.000,182.499,48.000,80.000
318.249,182.249,48.000,80.000
320.499,181.999,48.000,80.000
321.749,183.249,48.000,80.000
320.999,181.499,48.000,80.000
320.249,182.749,48.000,80.000
319.999,181.999,48.000,80.000
318.749,183.249,48.000,80.000
317.999,183.499,48.000,80.000
316.749,183.749,48.000,80.000
315.500,185.999,48.000,80.000
314.250,187.249,48.000,80.000
313.557,185.452,46.976,78.294
309.229,185.347,48.016,80.026
305.478,184.097,48.016,80.026
301.227,188.348,48.016,80.026
296.976,190.098,48.016,80.026
296.226,191.349,48.016,80.026
299.477,191.599,48.016,80.026
304.728,191.849,48.016,80.026
313.676,190.051,46.992,78.320
319.603,191.594,45.990,76.649
321.709,232.350,45.009,75.015
316.541,234.280,44.049,73.415
313.251,237.937,43.110,71.850
315.721,235.917,43.110,71.850
315.099,238.198,42.190,70.317
314.913,237.888,41.291,68.818
311.688,235.523,41.291,68.818
328.410,230.522,42.204,70.340
318.519,232.940,42.204,70.340
316.215,234.326,41.304,68.840
321.163,234.541,41.304,68.840
281.202,231.771,42.218,70.363
265.151,228.912,42.218,70.363
254.418,223.800,43.152,71.920
245.653,219.080,43.152,71.920
242.864,211.832,42.232,70.387
244.450,200.784,43.166,71.944
248.722,196.513,43.166,71.944
258.839,192.241,43.166,71.944
271.190,187.014,44.121,73.536
287.965,186.324,44.121,73.536
301.543,181.935,45.098,75.163
317.279,178.881,45.098,75.163
329.306,177.645,44.136,73.560
341.029,176.956,44.136,73.560
353.242,173.530,43.195,71.991
366.930,170.612,42.273,70.456
383.296,172.424,41.372,68.953
397.302,194.187,41.372,68.953
408.750,203.022,40.490,67.483
415.709,210.824,40.490,67.483
424.355,217.361,40.490,67.483
433.845,222.212,40.490,67.483
436.512,231.265,39.626,66.044
439.521,236.942,38.781,64.635
438.107,239.568,38.781,64.635
430.928,242.398,37.954,63.257
415.138,241.358,37.145,61.908
394.825,243.486,37.145,61.908
377.994,239.036,37.145,61.908
363.485,237.682,37.145,61.908
349.749,236.715,37.145,61.908
337.175,235.748,37.145,61.908
328.082,235.941,37.145,61.908
320.924,235.748,37.145,61.908
318.410,240.971,37.145,61.908
297.710,220.658,37.145,61.908
289.391,212.726,37.145,61.908
285.328,209.825,37.145,61.908
280.879,208.083,37.145,61.908
276.043,206.342,37.145,61.908
271.206,205.375,37.145,61.908
267.144,203.634,37.145,61.908
264.242,204.988,37.145,61.908
261.340,206.729,37.145,61.908
258.051,205.375,37.145,61.908
255.149,204.408,37.145,61.908
252.634,203.054,37.145,61.908
250.506,200.539,37.145,61.908
248.378,199.571,37.145,61.908
245.604,198.926,36.353,60.588
242.160,198.660,35.577,59.296
239.380,196.251,35.577,59.296
237.438,195.276,34.819,58.031
235.081,192.918,34.819,58.031
234.228,192.314,34.076,56.794
232.631,191.426,34.076,56.794
232.139,192.203,33.350,55.583
231.965,193.766,33.350,55.583
230.402,192.203,33.350,55.583
229.534,194.808,33.350,55.583
228.665,193.592,33.350,55.583
227.449,195.850,33.350,55.583
225.886,195.677,33.350,55.583
226.755,194.808,33.350,55.583
228.617,196.238,32.638,54.397
231.750,198.293,31.942,53.237
235.244,200.455,31.942,53.237
241.066,199.956,31.942,53.237
245.558,200.788,31.942,53.237
250.383,200.954,31.942,53.237
256.538,200.455,31.942,53.237
262.361,202.618,31.942,53.237
269.847,203.782,31.942,53.237
273.809,204.057,32.649,54.415
279.420,201.166,32.649,54.415
282.764,200.740,33.371,55.619
286.542,197.781,34.110,56.850
289.562,197.603,34.110,56.850
291.871,197.070,34.110,56.850
294.181,197.603,34.110,56.850
295.424,196.004,34.110,56.850
296.313,194.050,34.110,56.850
297.201,192.451,34.110,56.850
297.736,192.201,33.382,55.637
298.953,188.898,33.382,55.637
300.865,187.333,33.382,55.637
302.082,185.073,33.382,55.637
300.518,182.465,33.382,55.637
298.886,175.897,34.121,56.868
298.393,173.249,33.393,55.656
297.240,169.652,32.681,54.469
298.772,166.418,32.681,54.469
300.645,164.205,32.681,54.469
301.836,163.354,32.681,54.469
302.020,163.443,31.984,53.307
303.520,162.943,31.984,53.307
304.353,163.443,31.984,53.307
306.851,163.276,31.984,53.307
309.017,164.109,31.984,53.307
310.516,163.609,31.984,53.307
309.350,165.108,31.984,53.307
310.516,163.942,31.984,53.307
308.350,162.776,31.984,53.307
306.604,165.111,31.302,52.170
304.811,163.644,31.302,52.170
302.039,163.480,31.302,52.170
298.290,165.600,31.302,52.170
294.730,167.222,31.995,53.325
290.897,169.721,31.995,53.325
288.064,171.221,31.995,53.325
284.426,172.533,32.703,54.504
276.819,174.580,33.426,55.710
273.511,176.843,33.426,55.710
271.516,178.575,34.166,56.943
270.953,181.084,34.922,58.203
274.045,184.539,34.922,58.203
277.622,187.858,35.694,59.490
285.615,191.390,35.694,59.490
291.200,196.325,36.484,60.807
300.130,201.456,36.484,60.807
309.860,204.851,35.706,59.510
320.457,206.741,34.945,58.241
329.011,208.743,34.945,58.241
341.933,214.748,34.945,58.241
354.491,214.930,34.945,58.241
364.161,215.727,34.199,56.999
370.038,224.811,34.199,56.999
374.135,220.002,34.199,56.999
381.082,208.424,34.199,56.999
381.616,199.340,34.199,56.999
377.357,184.850,34.956,58.260
369.833,177.575,34.211,57.018
358.005,170.798,33.481,55.802
343.532,164.695,33.481,55.802
325.920,163.823,33.481,55.802
310.401,168.880,33.481,55.802
297.480,178.383,32.767,54.612
286.046,190.158,32.767,54.612
278.993,202.748,32.068,53.447
275.152,214.272,32.068,53.447
273.983,221.120,32.068,53.447
276.739,227.968,31.384,52.307
281.153,235.650,31.384,52.307
292.104,243.333,31.384,52.307
298.268,247.514,30.715,51.192
299.708,251.513,30.715,51.192
301.468,252.633,30.715,51.192
300.988,254.073,30.715,51.192
301.787,260.632,30.715,51.192
302.267,261.751,30.715,51.192
303.067,259.672,30.715,51.192
321.784,248.314,30.715,51.192
323.543,248.794,30.715,51.192
324.663,247.674,30.715,51.192
322.584,247.194,30.715,51.192
322.743,248.314,30.715,51.192
325.557,249.241,31.395,52.324
326.397,246.457,32.089,53.482
325.227,245.622,32.089,53.482
327.066,247.794,32.089,53.482
323.763,247.723,32.799,54.665
322.909,247.210,32.799,54.665
323.421,246.356,32.799,54.665
322.226,246.869,32.799,54.665
321.331,246.087,33.525,55.875
321.506,246.611,33.525,55.875
322.030,245.388,33.525,55.875
321.157,246.611,33.525,55.875
321.331,246.436,33.525,55.875
322.204,246.960,33.525,55.875
323.066,246.377,32.810,54.683
322.554,246.890,32.810,54.683
321.659,246.462,33.536,55.893
322.183,247.336,33.536,55.893
323.046,246.417,32.821,54.701
323.558,246.929,32.821,54.701
325.097,248.126,32.821,54.701
324.623,248.215,32.121,53.535
323.117,245.706,32.121,53.535
325.961,243.865,32.121,53.535
329.140,243.029,32.121,53.535
331.649,246.207,32.121,53.535
329.896,246.295,31.436,52.393
327.340,244.186,32.131,53.552
325.833,246.362,32.131,53.552
327.340,247.868,32.131,53.552
325.499,248.704,32.131,53.552
324.622,248.633,32.842,54.737
325.478,248.804,32.842,54.737
324.280,248.975,32.842,54.737
325.478,248.804,32.842,54.737
323.872,246.956,33.569,55.948
324.746,247.131,33.569,55.948
327.369,245.208,33.569,55.948
332.089,245.033,33.569,55.948
334.712,244.509,33.569,55.948
333.434,242.257,34.312,57.186
330.273,242.551,35.071,58.451
325.526,239.820,35.847,59.745
318.245,244.114,35.847,59.745
315.818,246.541,35.847,59.745
319.365,247.101,35.847,59.745
322.913,245.048,35.847,59.745
323.475,245.865,35.082,58.471
320.369,246.778,35.082,58.471
318.359,246.961,35.082,58.471
320.734,245.317,35.082,58.471
323.189,241.447,35.859,59.764
323.750,242.755,35.859,59.764
324.684,239.953,35.859,59.764
323.003,237.525,35.859,59.764
321.695,241.447,35.859,59.764
320.015,243.128,35.859,59.764
320.575,242.194,35.859,59.764
319.641,242.381,35.859,59.764
320.948,242.568,35.859,59.764
323.311,243.385,35.094,58.490
324.214,243.832,34.345,57.242
325.787,245.305,33.613,56.022
325.301,246.408,32.896,54.827
326.148,245.837,32.195,53.658
325.683,247.541,31.508,52.514
326.493,249.840,30.836,51.394
328.834,251.781,30.179,50.298
331.732,250.954,29.535,49.225
331.305,248.959,28.905,48.175
329.348,247.303,28.905,48.175
327.993,249.862,28.905,48.175
330.478,251.682,28.289,47.148
331.490,251.474,27.686,46.143
328.640,248.121,28.298,47.163
331.232,245.918,28.924,48.207
327.768,251.492,28.924,48.207
326.111,249.834,28.924,48.207
324.697,248.520,29.564,49.273
325.774,248.982,29.564,49.273
324.329,249.555,30.218,50.364
323.227,249.083,30.218,50.364
324.014,247.981,30.218,50.364
325.431,248.453,30.218,50.364
325.903,249.555,30.218,50.364
324.486,249.083,30.218,50.364
325.273,248.610,30.218,50.364
324.123,249.523,30.887,51.478
323.962,248.397,30.887,51.478
324.766,248.558,30.887,51.478
324.283,249.040,30.887,51.478
323.479,248.236,30.887,51.478
324.605,248.075,30.887,51.478
323.801,247.593,30.887,51.478
