0.00732207
0.01152635
0.01162243
0.01134562
0.01116657
0.01096797
0.01104569
0.01105404
0.01122928
0.01108313
0.01105809
0.01095557
0.01108646
0.01100254
0.01097655
0.01097441
0.01104450
0.01096964
0.01138282
0.01095867
0.01104546
0.01093602
0.01110864
0.01090503
0.01104283
0.01088309
0.01102662
0.01091790
0.01108050
0.01100588
0.01115632
0.01119232
0.01123571
0.01106167
0.01114011
0.01104331
0.01110697
0.01092935
0.01106596
0.01100397
0.01122141
0.01100135
0.01115060
0.01098752
0.01103163
0.01085472
0.01096845
0.01087618
0.01115656
0.01095510
0.01109886
0.01091337
0.01102400
0.01151752
0.01126814
0.01100063
0.01110053
0.01104522
0.01100397
0.01093149
0.01101613
0.01099658
0.01106167
0.01097012
0.01107430
0.01097775
0.01125431
0.01106477
0.01133180
0.01103520
0.01126862
0.01097322
0.01112461
0.01091313
0.01116872
0.01103497
0.01099920
0.01098323
0.01093888
0.01096201
0.01111436
0.01107669
0.01125097
0.01113844
0.01112533
0.01096392
0.01092911
0.01099181
0.01163125
0.01135087
0.01122952
0.01102066
0.01122260
0.01108885
0.01122475
0.01110029
0.01113868
0.01108003
0.01105690
0.01091099
0.01092052
0.01097369
0.01096344
0.01094770
0.01103377
0.01091862
0.01115417
0.01099944
0.01125216
0.01094627
0.01109958
0.01092410
0.01100969
0.01092410
0.01098228
0.01093483
0.01100779
0.01081443
0.01091599
0.01084256
0.01102567
0.01086497
0.01106238
0.01110196
0.01122785
0.01094151
0.01101708
0.01091099
0.01110482
0.01099539
0.01102638
0.01094055
0.01093435
0.01099586
0.01096892
0.01095104
0.01091480
0.01092720
0.01094222
0.01104856
0.01104212
0.01099682
0.01094174
0.01083899
0.01086712
0.01090980
0.01093650
0.01094484
0.01095414
0.01089978
0.01089263
0.01090813
0.01089382
0.01098394
0.01096058
0.01094222
0.01101828
0.01095557
0.01100492
0.01164436
0.01145887
0.01092434
0.01109099
0.01096106
0.01103687
0.01095772
0.01109672
0.01098037
0.01102567
0.01085520
0.01092005
0.01083899
0.01101828
0.01089096
0.01103044
0.01089430
0.01110244
0.01088953
0.01104903
0.01093698
0.01094151
0.01085782
0.01091003
0.01080966
0.01099205
0.01088667
0.01107836
0.01090431
0.01095271
0.01085758
0.01100564
0.01088381
0.01096225
0.01085472
0.01092219
0.01110268
0.01101303
0.01082420
0.01101494
0.01087713
0.01087260
0.01087141
0.01097703
0.01087809
0.01109910
0.01101995
0.01133943
0.01117849
0.01112413
0.01109099
0.01105285
0.01100516
0.01109242
0.01094508
0.01090693
0.01093221
0.01102090
0.01098156
0.01104522
0.01097322
0.01103640
0.01094460
0.01095366
0.01093888
0.01094198
0.01086569
0.01087451
0.01095939
0.01112700
0.01109481
0.01179981
0.01148152
0.01122117
0.01098895
0.01102924
0.01102376
0.01111770
0.01130009
0.01112318
0.01097798
0.01100111
0.01097441
0.01091409
0.01097083
0.01103163
0.01111388
0.01110864
0.01102209
0.01101947
0.01093173
0.01097560
0.01097775
0.01091623
0.01087523
0.01091170
0.01085877
0.01105237
0.01093435
0.01089025
0.01094699
0.01097918
0.01091409
0.01088428
0.01091266
0.01096272
0.01092386
0.01123857
0.01095271
0.01104951
0.01097679
0.01108837
0.01083279
0.01098323
0.01080656
0.01116467
0.01094103
0.01129055
0.01090217
0.01105118
0.01086402
0.01140428
0.01093674
0.01111865
0.01096201
0.01100993
0.01088834
0.01102829
0.01098657
0.01102352
0.01094031
0.01101971
0.01094055
0.01092935
0.01093888
0.01101422
0.01103330
0.01102638
0.01089764
0.01098895
0.01096106
0.01126456
0.01200461
0.01149368
0.01092982
0.01109505
0.01091933
0.01100135
0.01094317
0.01106811
0.01099539
0.01113057
0.01108479
0.01085567
0.01092815
0.01101446
0.01098132
0.01106691
0.01101398
0.01103044
0.01100612
0.01097441
0.01096964
0.01109385
0.01098347
0.01100421
0.01094198
0.01089644
0.01087785
0.01098680
0.01090670
0.01103091
0.01084828
0.01106644
0.01086044
0.01097846
0.01090646
0.01135683
0.01135826
0.01109505
0.01093102
0.01111245
0.01106596
0.01098299
0.01109886
0.01102424
0.01099110
0.01099682
0.01092792
0.01110172
0.01093507
0.01099467
0.01091671
0.01088905
0.01093602
0.01104951
0.01097918
0.01109052
0.01089764
0.01104832
0.01084638
0.01112938
0.01093864
0.01109028
0.01092219
0.01113677
0.01092267
0.01110792
0.01091695
0.01115131
0.01094985
0.01120949
0.01124430
0.01151419
0.01110077
0.01114368
0.01102448
0.01110196
0.01091719
0.01110387
0.01089668
