289.000,67.000,64.000,236.000
287.303,66.434,64.000,236.000
285.605,65.868,64.000,236.000
281.645,67.566,64.000,236.000
279.948,68.132,64.000,236.000
278.250,70.960,64.000,236.000
273.159,72.658,64.000,236.000
266.935,75.486,64.000,236.000
264.106,76.052,64.000,236.000
259.014,78.881,64.000,236.000
256.186,80.578,64.000,236.000
253.357,83.407,64.000,236.000
251.659,85.104,64.000,236.000
251.094,78.881,64.000,236.000
247.133,85.104,64.000,236.000
245.436,77.750,64.000,236.000
240.344,86.236,64.000,236.000
238.647,80.013,64.000,236.000
235.818,70.395,64.000,236.000
242.041,73.223,64.000,236.000
239.213,76.052,64.000,236.000
242.041,70.960,64.000,236.000
238.081,72.658,64.000,236.000
244.305,74.355,64.000,236.000
239.213,80.578,64.000,236.000
234.121,87.933,64.000,236.000
239.213,99.814,64.000,236.000
243.173,108.301,64.000,236.000
251.270,95.711,65.416,241.221
263.414,70.845,65.416,241.221
272.088,62.171,65.416,241.221
279.164,52.903,66.863,246.559
276.208,52.312,66.863,246.559
275.617,50.539,66.863,246.559
273.844,47.583,66.863,246.559
270.889,50.539,66.863,246.559
267.933,55.858,66.863,246.559
271.495,60.196,65.437,241.301
263.975,67.716,65.437,241.301
265.710,75.237,65.437,241.301
275.544,85.071,65.437,241.301
272.652,92.591,65.437,241.301
282.486,86.228,65.437,241.301
290.006,78.707,65.437,241.301
301.298,72.917,64.042,236.155
306.393,75.748,64.042,236.155
308.091,69.520,64.042,236.155
306.393,71.219,64.042,236.155
304.694,71.785,64.042,236.155
300.731,68.954,64.042,236.155
303.051,74.200,62.676,231.119
301.389,68.106,62.676,231.119
305.268,73.092,62.676,231.119
308.038,72.538,62.676,231.119
300.835,68.660,62.676,231.119
303.605,71.430,62.676,231.119
306.376,70.876,62.676,231.119
306.930,69.214,62.676,231.119
306.376,68.660,62.676,231.119
309.146,68.106,62.676,231.119
305.268,65.335,62.676,231.119
310.254,63.673,62.676,231.119
313.024,62.011,62.676,231.119
314.687,63.673,62.676,231.119
309.700,57.578,62.676,231.119
311.362,57.024,62.676,231.119
305.088,51.478,61.340,226.190
302.377,47.682,61.340,226.190
299.666,51.478,61.340,226.190
295.870,55.274,61.340,226.190
286.652,52.563,61.340,226.190
279.602,55.274,61.340,226.190
273.638,53.647,61.340,226.190
278.518,50.936,61.340,226.190
285.567,38.464,61.340,226.190
282.856,39.006,61.340,226.190
287.169,37.760,60.032,221.366
284.228,39.609,58.751,216.646
277.346,42.419,57.499,212.026
273.549,46.150,56.272,207.504
263.103,72.515,56.272,207.504
256.636,76.992,56.272,207.504
266.088,52.617,56.272,207.504
273.549,46.150,56.272,207.504
283.996,49.632,56.272,207.504
291.458,54.109,56.272,207.504
291.955,49.632,56.272,207.504
286.483,47.145,56.272,207.504
283.001,51.622,56.272,207.504
284.493,53.114,56.272,207.504
287.484,61.657,57.517,212.095
293.077,76.402,57.517,212.095
288.501,77.927,57.517,212.095
283.924,79.453,57.517,212.095
286.467,84.029,57.517,212.095
282.907,81.487,57.517,212.095
290.534,85.046,57.517,212.095
296.127,88.605,57.517,212.095
302.737,96.232,57.517,212.095
308.330,102.842,57.517,212.095
313.354,110.494,56.291,207.572
310.597,103.595,55.090,203.146
304.144,99.658,53.916,198.814
299.665,96.725,52.766,194.574
277.742,72.003,52.766,194.574
269.812,60.342,52.766,194.574
263.748,50.546,52.766,194.574
260.483,45.415,52.766,194.574
259.697,43.443,51.641,190.424
256.501,41.161,51.641,190.424
253.306,46.182,51.641,190.424
250.110,50.291,51.641,190.424
246.915,56.226,51.641,190.424
250.110,62.160,51.641,190.424
247.828,66.269,51.641,190.424
251.936,83.159,51.641,190.424
251.480,85.442,51.641,190.424
253.762,84.072,51.641,190.424
256.045,83.616,51.641,190.424
258.789,79.141,52.783,194.638
259.657,75.536,53.951,198.944
260.545,71.850,55.145,203.346
263.475,71.118,56.365,207.845
260.984,65.637,56.365,207.845
266.047,58.685,57.612,212.443
270.630,62.250,57.612,212.443
275.214,67.853,57.612,212.443
278.779,70.399,57.612,212.443
283.954,74.918,58.886,217.144
287.598,78.562,58.886,217.144
288.119,84.288,58.886,217.144
290.721,86.891,58.886,217.144
294.365,92.617,58.886,217.144
296.968,88.973,58.886,217.144
298.530,92.617,58.886,217.144
298.009,85.850,58.886,217.144
297.489,83.247,58.886,217.144
296.968,76.480,58.886,217.144
294.365,77.000,58.886,217.144
288.639,78.562,58.886,217.144
278.806,64.818,60.189,221.948
274.018,67.479,60.189,221.948
269.229,73.331,60.189,221.948
268.697,81.313,60.189,221.948
275.614,90.358,60.189,221.948
280.403,96.211,60.189,221.948
277.742,89.294,60.189,221.948
275.082,83.441,60.189,221.948
273.486,79.716,60.189,221.948
278.274,75.992,60.189,221.948
274.550,77.588,60.189,221.948
280.403,81.313,60.189,221.948
287.320,73.331,60.189,221.948
289.980,69.607,60.189,221.948
292.640,72.267,60.189,221.948
289.980,69.607,60.189,221.948
293.705,72.267,60.189,221.948
297.429,75.992,60.189,221.948
302.218,79.716,60.189,221.948
300.622,75.992,60.189,221.948
304.346,72.267,60.189,221.948
303.814,71.735,60.189,221.948
308.603,70.139,60.189,221.948
307.007,65.350,60.189,221.948
304.346,64.818,60.189,221.948
311.263,69.607,60.189,221.948
319.244,71.203,60.189,221.948
319.776,69.607,60.189,221.948
326.693,62.690,60.189,221.948
324.033,58.965,60.189,221.948
321.373,55.241,60.189,221.948
324.033,57.901,60.189,221.948
319.244,56.305,60.189,221.948
318.712,54.709,60.189,221.948
323.501,53.112,60.189,221.948
320.841,57.901,60.189,221.948
316.052,56.305,60.189,221.948
317.648,51.516,60.189,221.948
321.373,53.112,60.189,221.948
324.033,54.709,60.189,221.948
320.308,53.112,60.189,221.948
326.161,51.516,60.189,221.948
328.822,48.856,60.189,221.948
330.418,47.260,60.189,221.948
326.693,46.727,60.189,221.948
324.033,49.388,60.189,221.948
321.373,48.856,60.189,221.948
317.648,50.452,60.189,221.948
321.373,50.984,60.189,221.948
319.776,55.773,60.189,221.948
321.373,52.048,60.189,221.948
317.648,49.388,60.189,221.948
318.180,53.112,60.189,221.948
311.263,51.516,60.189,221.948
308.603,54.177,60.189,221.948
307.006,50.452,60.189,221.948
306.474,52.048,60.189,221.948
304.878,48.324,60.189,221.948
304.346,48.856,60.189,221.948
304.878,44.067,60.189,221.948
301.452,44.372,61.521,226.858
291.119,39.477,61.521,226.858
280.786,37.846,61.521,226.858
283.505,42.740,61.521,226.858
277.523,37.846,61.521,226.858
278.067,36.214,61.521,226.858
273.172,33.495,61.521,226.858
278.067,36.214,61.521,226.858
280.786,37.846,61.521,226.858
285.680,31.863,61.521,226.858
277.523,24.793,61.521,226.858
284.177,17.205,62.882,231.878
284.733,22.208,62.882,231.878
279.730,26.100,62.882,231.878
282.510,28.879,62.882,231.878
286.401,33.882,62.882,231.878
289.180,41.108,62.882,231.878
289.736,36.106,62.882,231.878
287.728,44.472,61.541,226.933
294.800,37.399,61.541,226.933
294.256,42.296,61.541,226.933
292.624,36.311,61.541,226.933
297.520,40.119,61.541,226.933
290.448,42.840,61.541,226.933
292.080,46.648,61.541,226.933
296.407,50.641,60.229,222.093
300.134,42.654,60.229,222.093
302.796,51.705,60.229,222.093
306.523,56.497,60.229,222.093
312.379,50.641,60.229,222.093
313.977,59.692,60.229,222.093
316.159,54.362,58.944,217.357
316.680,48.630,58.944,217.357
316.806,54.464,57.687,212.722
313.236,47.834,57.687,212.722
308.646,53.444,57.687,212.722
304.057,47.834,57.687,212.722
294.368,41.205,57.687,212.722
289.576,44.947,56.457,208.186
298.060,51.436,56.457,208.186
303.550,55.927,56.457,208.186
295.066,52.434,56.457,208.186
288.578,47.942,56.457,208.186
282.090,43.450,56.457,208.186
281.590,41.953,56.457,208.186
284.086,48.441,56.457,208.186
280.592,51.935,56.457,208.186
277.099,49.439,56.457,208.186
277.598,53.931,56.457,208.186
284.086,59.421,56.457,208.186
288.578,56.925,56.457,208.186
294.068,54.430,56.457,208.186
291.572,51.935,56.457,208.186
293.069,57.425,56.457,208.186
291.572,55.927,56.457,208.186
299.058,55.428,56.457,208.186
302.552,62.914,56.457,208.186
300.057,69.403,56.457,208.186
300.556,73.894,56.457,208.186
306.046,77.388,56.457,208.186
303.550,72.896,56.457,208.186
308.042,72.397,56.457,208.186
304.548,71.898,56.457,208.186
300.057,67.406,56.457,208.186
296.563,62.914,56.457,208.186
289.949,61.767,55.253,203.746
284.577,66.163,55.253,203.746
273.342,61.767,55.253,203.746
267.969,68.117,55.253,203.746
255.758,62.744,55.253,203.746
249.573,68.091,56.476,208.254
233.098,72.585,56.476,208.254
224.610,72.085,56.476,208.254
217.122,74.582,56.476,208.254
211.630,72.085,56.476,208.254
218.120,78.576,56.476,208.254
223.612,83.069,56.476,208.254
232.829,76.103,57.725,212.862
240.483,81.716,57.725,212.862
250.179,79.165,57.725,212.862
254.771,75.593,57.725,212.862
261.405,86.309,57.725,212.862
262.936,84.778,57.725,212.862
268.549,86.309,57.725,212.862
271.101,85.799,57.725,212.862
272.632,86.309,57.725,212.862
265.110,82.366,59.002,217.571
263.546,84.974,59.002,217.571
266.154,86.539,59.002,217.571
270.848,86.017,59.002,217.571
273.456,83.409,59.002,217.571
270.848,79.758,59.002,217.571
270.974,80.570,57.744,212.931
270.114,82.348,56.513,208.390
273.124,82.163,55.308,203.947
275.569,75.807,55.308,203.947
272.146,70.428,55.308,203.947
278.502,77.762,55.308,203.947
281.925,74.340,55.308,203.947
286.325,84.607,55.308,203.947
286.814,89.007,55.308,203.947
283.391,95.363,55.308,203.947
287.792,94.875,55.308,203.947
287.910,103.175,54.128,199.597
284.561,101.740,54.128,199.597
280.254,105.089,54.128,199.597
277.862,105.568,54.128,199.597
271.641,104.132,54.128,199.597
266.378,103.654,54.128,199.597
260.157,100.304,54.128,199.597
254.894,96.955,54.128,199.597
243.889,75.423,54.128,199.597
236.836,66.761,55.326,204.013
233.687,61.967,56.550,208.527
238.186,63.467,56.550,208.527
243.685,64.966,56.550,208.527
247.184,68.466,56.550,208.527
252.683,68.965,56.550,208.527
252.183,70.465,56.550,208.527
257.682,63.966,56.550,208.527
256.183,67.466,56.550,208.527
262.681,72.965,56.550,208.527
259.182,94.461,56.550,208.527
264.681,90.961,56.550,208.527
263.181,88.462,56.550,208.527
268.680,92.961,56.550,208.527
267.180,89.462,56.550,208.527
270.680,85.962,56.550,208.527
268.180,90.461,56.550,208.527
272.679,85.962,56.550,208.527
270.180,90.461,56.550,208.527
277.678,86.962,56.550,208.527
279.178,83.463,56.550,208.527
284.677,86.962,56.550,208.527
285.177,91.461,56.550,208.527
288.676,86.962,56.550,208.527
286.177,90.461,56.550,208.527
288.676,87.962,56.550,208.527
287.177,93.461,56.550,208.527
289.676,81.963,56.550,208.527
286.177,75.464,56.550,208.527
284.677,79.963,56.550,208.527
280.178,75.464,56.550,208.527
275.679,86.962,56.550,208.527
270.180,88.462,56.550,208.527
266.681,82.963,56.550,208.527
272.180,91.461,56.550,208.527
269.680,89.961,56.550,208.527
263.181,97.460,56.550,208.527
260.682,98.960,56.550,208.527
255.183,102.459,56.550,208.527
248.852,100.671,57.801,213.141
243.441,93.542,59.080,217.857
249.186,90.931,59.080,217.857
240.405,92.313,60.387,222.677
233.465,93.915,60.387,222.677
230.796,82.705,60.387,222.677
224.036,70.826,61.723,227.603
219.125,71.372,61.723,227.603
219.671,73.008,61.723,227.603
219.125,70.280,61.723,227.603
221.853,75.191,61.723,227.603
221.308,73.554,61.723,227.603
225.127,69.735,61.723,227.603
232.220,67.006,61.723,227.603
228.401,65.370,61.723,227.603
234.403,65.915,61.723,227.603
238.222,67.552,61.723,227.603
243.133,67.006,61.723,227.603
246.953,67.552,61.723,227.603
252.955,67.006,61.723,227.603
256.774,66.461,61.723,227.603
263.867,68.098,61.723,227.603
270.961,68.643,61.723,227.603
275.871,71.372,61.723,227.603
277.508,73.008,61.723,227.603
282.419,70.280,61.723,227.603
278.599,67.552,61.723,227.603
282.419,64.824,61.723,227.603
276.417,66.461,61.723,227.603
281.328,69.189,61.723,227.603
275.326,73.008,61.723,227.603
270.415,76.828,61.723,227.603
273.143,78.465,61.723,227.603
272.597,80.102,61.723,227.603
272.052,80.647,61.723,227.603
267.141,74.645,61.723,227.603
263.322,73.008,61.723,227.603
271.506,70.280,61.723,227.603
276.417,68.643,61.723,227.603
283.510,65.915,61.723,227.603
289.512,70.826,61.723,227.603
296.605,75.737,61.723,227.603
291.695,69.735,61.723,227.603
284.601,64.824,61.723,227.603
277.508,62.096,61.723,227.603
268.232,53.911,61.723,227.603
258.957,47.909,61.723,227.603
254.046,52.820,61.723,227.603
261.139,53.366,61.723,227.603
261.685,51.729,61.723,227.603
266.595,46.818,61.723,227.603
264.959,42.998,61.723,227.603
257.865,46.818,61.723,227.603
252.955,48.455,61.723,227.603
249.135,47.909,61.723,227.603
245.316,52.820,61.723,227.603
250.226,55.548,61.723,227.603
255.137,59.368,61.723,227.603
251.318,56.639,61.723,227.603
252.955,59.368,61.723,227.603
250.226,61.004,61.723,227.603
243.133,62.641,61.723,227.603
237.131,59.913,61.723,227.603
225.673,59.368,61.723,227.603
216.397,61.004,61.723,227.603
208.212,62.641,61.723,227.603
212.552,63.490,60.407,222.750
207.746,62.956,60.407,222.750
206.144,62.422,60.407,222.750
201.338,62.956,60.407,222.750
204.008,63.490,60.407,222.750
198.134,65.092,60.407,222.750
201.872,67.762,60.407,222.750
202.406,69.364,60.407,222.750
202.535,71.225,59.118,217.999
196.787,70.702,59.118,217.999
191.038,70.180,59.118,217.999
185.289,66.521,59.118,217.999
181.631,64.953,59.118,217.999
172.844,63.084,60.426,222.823
170.173,63.618,60.426,222.823
178.185,67.357,60.426,222.823
184.061,72.165,60.426,222.823
180.322,75.904,60.426,222.823
173.378,71.097,60.426,222.823
167.502,70.563,60.426,222.823
170.173,72.165,60.426,222.823
176.049,72.699,60.426,222.823
179.788,71.097,60.426,222.823
189.185,75.017,59.138,218.071
195.981,74.494,59.138,218.071
202.777,77.108,59.138,218.071
199.118,72.403,59.138,218.071
196.504,76.063,59.138,218.071
202.677,81.915,57.877,213.421
209.705,89.615,56.643,208.869
212.209,92.119,56.643,208.869
216.715,85.610,56.643,208.869
214.212,91.118,56.643,208.869
195.993,117.959,55.435,204.415
192.563,122.369,55.435,204.415
187.958,123.132,54.252,200.056
192.275,121.693,54.252,200.056
201.387,119.295,54.252,200.056
205.703,117.856,54.252,200.056
199.469,122.172,54.252,200.056
195.887,123.843,53.095,195.790
201.630,128.008,54.270,200.121
197.312,122.731,54.270,200.121
190.030,116.079,53.113,195.854
196.134,108.097,53.113,195.854
212.567,101.054,53.113,195.854
219.610,97.767,53.113,195.854
238.020,93.165,54.288,200.187
243.893,90.453,55.489,204.616
251.930,82.591,56.717,209.143
254.437,76.073,56.717,209.143
250.928,86.602,56.717,209.143
253.942,88.970,57.972,213.771
260.604,91.532,57.972,213.771
264.748,90.763,59.254,218.500
263.549,91.063,60.565,223.335
