93.000,113.000,34.000,109.000
95.988,107.839,34.000,109.000
96.803,104.851,34.000,109.000
101.964,105.122,34.000,109.000
103.322,104.307,34.000,109.000
102.508,101.863,34.000,109.000
104.952,98.331,34.000,109.000
107.397,102.406,34.000,109.000
102.236,106.481,34.000,109.000
104.137,109.469,34.000,109.000
107.126,111.913,34.000,109.000
114.460,115.445,34.000,109.000
120.708,112.457,34.000,109.000
124.239,95.343,34.000,109.000
128.857,89.095,34.000,109.000
131.845,85.021,34.000,109.000
127.771,82.576,34.000,109.000
116.090,76.871,34.000,109.000
114.188,79.859,34.000,109.000
111.200,85.021,34.000,109.000
107.126,97.245,34.000,109.000
102.513,101.811,33.275,106.676
92.677,102.608,33.275,106.676
96.133,107.128,33.275,106.676
95.867,101.013,33.275,106.676
94.941,92.669,32.565,104.401
94.160,89.807,32.565,104.401
93.900,86.425,32.565,104.401
94.680,83.043,32.565,104.401
99.104,84.344,32.565,104.401
103.006,91.369,32.565,104.401
104.828,99.955,32.565,104.401
109.771,105.939,32.565,104.401
117.391,111.315,31.871,102.174
118.664,109.023,31.871,102.174
114.335,99.093,31.871,102.174
117.136,92.727,31.871,102.174
111.789,82.796,31.871,102.174
106.442,77.449,31.871,102.174
104.659,74.139,31.871,102.174
101.349,73.375,31.871,102.174
101.094,80.250,31.871,102.174
97.275,93.745,31.871,102.174
88.363,111.824,31.871,102.174
82.506,118.190,31.871,102.174
82.761,121.501,31.871,102.174
83.525,112.588,31.871,102.174
85.307,101.639,31.871,102.174
87.599,93.236,31.871,102.174
89.381,88.398,31.871,102.174
92.912,85.806,31.191,99.995
95.653,81.570,31.191,99.995
100.388,78.828,31.191,99.995
101.135,90.043,31.191,99.995
103.876,101.257,31.191,99.995
109.110,110.976,31.191,99.995
109.857,108.733,31.191,99.995
115.589,107.487,31.191,99.995
120.324,104.247,31.191,99.995
118.579,93.033,31.191,99.995
111.851,88.797,31.191,99.995
103.627,83.563,31.191,99.995
102.880,78.828,31.191,99.995
102.011,76.772,30.526,97.863
95.914,80.430,30.526,97.863
89.329,89.942,30.526,97.863
79.817,99.942,30.526,97.863
78.110,108.965,30.526,97.863
76.403,110.185,30.526,97.863
74.696,105.551,30.526,97.863
72.988,100.917,30.526,97.863
78.250,97.494,29.875,95.776
86.605,93.437,29.875,95.776
90.662,83.650,29.875,95.776
93.288,81.502,29.875,95.776
98.778,77.922,29.875,95.776
103.790,81.502,29.875,95.776
109.860,91.496,29.238,93.734
125.257,103.528,28.614,91.735
133.716,109.133,28.004,89.778
144.581,109.012,27.407,87.864
154.793,102.140,26.823,85.990
163.151,98.926,26.823,85.990
161.222,99.997,26.823,85.990
149.864,96.354,26.823,85.990
143.649,92.711,26.823,85.990
137.863,83.067,26.823,85.990
131.333,82.538,26.251,84.156
122.734,92.815,26.251,84.156
115.813,106.448,26.251,84.156
110.570,117.563,26.251,84.156
112.038,124.904,26.251,84.156
116.442,135.181,26.251,84.156
117.910,133.713,26.251,84.156
118.959,125.114,26.251,84.156
117.491,116.095,26.251,84.156
115.603,112.110,26.251,84.156
117.298,110.380,25.691,82.362
117.503,106.480,25.691,82.362
120.172,103.401,25.691,82.362
122.019,104.427,25.691,82.362
123.866,107.917,25.691,82.362
132.282,117.564,25.691,82.362
134.950,121.464,25.691,82.362
137.208,127.006,25.691,82.362
139.466,116.948,25.691,82.362
147.471,100.733,25.691,82.362
152.295,90.730,25.143,80.605
152.094,87.716,25.143,80.605
147.876,82.694,25.143,80.605
144.059,78.878,25.143,80.605
141.849,79.079,25.143,80.605
135.220,87.716,25.143,80.605
119.418,94.965,24.607,78.886
114.503,96.735,24.607,78.886
110.768,99.291,24.607,78.886
96.023,96.342,24.607,78.886
89.535,87.495,24.607,78.886
90.912,78.648,24.607,78.886
95.826,70.587,24.607,78.886
99.562,67.638,24.607,78.886
108.409,74.126,24.607,78.886
116.076,84.153,24.607,78.886
120.598,104.009,24.607,78.886
124.333,117.967,24.607,78.886
127.282,120.130,24.607,78.886
129.444,115.608,24.607,78.886
137.898,109.514,24.607,78.886
139.274,104.599,24.607,78.886
134.359,100.077,24.607,78.886
129.444,99.487,24.607,78.886
118.632,103.222,24.607,78.886
110.571,108.137,24.607,78.886
88.356,120.916,24.607,78.886
78.723,130.156,24.607,78.886
74.201,126.028,24.607,78.886
70.484,116.826,24.082,77.204
71.831,112.016,24.082,77.204
81.643,102.973,24.082,77.204
89.532,97.778,24.082,77.204
98.960,99.125,24.082,77.204
109.927,102.011,24.082,77.204
113.967,111.823,24.082,77.204
122.625,122.021,24.082,77.204
136.049,141.574,23.568,75.558
131.342,137.243,23.568,75.558
135.404,117.540,23.066,73.946
138.537,107.036,23.066,73.946
134.299,102.429,23.066,73.946
130.429,101.507,23.066,73.946
126.927,103.166,23.066,73.946
122.689,107.036,23.066,73.946
114.586,116.173,22.574,72.369
101.060,123.928,22.574,72.369
102.865,128.002,22.093,70.826
104.100,128.885,22.093,70.826
106.748,125.178,22.093,70.826
113.632,118.294,22.093,70.826
121.928,111.764,22.093,70.826
127.400,108.057,22.093,70.826
130.400,106.821,22.093,70.826
130.930,105.233,22.093,70.826
129.694,113.176,22.093,70.826
127.047,120.413,22.093,70.826
131.106,127.649,22.093,70.826
131.636,125.355,22.093,70.826
133.224,119.530,22.093,70.826
139.074,112.289,21.621,69.316
136.483,109.007,21.621,69.316
132.855,102.270,21.621,69.316
128.882,98.988,21.621,69.316
123.527,97.088,21.621,69.316
120.245,100.370,21.621,69.316
110.744,112.980,21.621,69.316
101.588,127.318,21.621,69.316
97.615,133.364,21.621,69.316
95.024,124.209,21.621,69.316
93.124,115.399,21.621,69.316
93.988,111.771,21.621,69.316
96.233,107.798,21.621,69.316
94.333,104.516,21.621,69.316
95.888,107.107,21.621,69.316
99.170,113.153,21.621,69.316
106.227,120.053,21.160,67.838
108.425,120.898,21.160,67.838
111.637,117.686,21.160,67.838
115.187,103.992,21.160,67.838
117.047,94.693,21.160,67.838
112.144,91.481,21.160,67.838
105.213,93.341,21.160,67.838
102.677,94.524,21.160,67.838
95.745,97.060,21.160,67.838
82.728,105.006,21.160,67.838
62.609,115.995,21.160,67.838
55.001,124.617,21.160,67.838
52.804,122.081,21.160,67.838
51.958,113.121,21.160,67.838
56.523,110.585,21.160,67.838
64.807,105.682,21.160,67.838
72.415,101.794,21.160,67.838
77.994,102.301,21.160,67.838
83.235,104.837,21.160,67.838
91.181,108.049,21.160,67.838
101.155,110.247,21.160,67.838
112.299,113.089,20.709,66.391
120.653,105.025,20.267,64.975
132.150,91.585,20.267,64.975
133.931,86.889,20.267,64.975
132.150,82.841,20.267,64.975
134.255,78.145,20.267,64.975
132.473,78.631,20.267,64.975
125.834,84.622,20.267,64.975
115.957,95.148,20.267,64.975
108.022,100.815,20.267,64.975
109.156,106.483,20.267,64.975
108.022,99.844,20.267,64.975
107.213,92.881,20.267,64.975
110.937,88.833,20.267,64.975
112.718,87.051,20.267,64.975
113.204,86.566,20.267,64.975
114.338,89.966,20.267,64.975
116.766,94.338,20.267,64.975
121.786,101.949,20.267,64.975
125.834,107.940,20.267,64.975
131.178,108.426,20.267,64.975
142.163,96.164,19.835,63.590
152.464,84.913,19.835,63.590
151.038,78.415,19.835,63.590
148.661,73.820,19.835,63.590
143.114,74.295,19.835,63.590
140.103,76.672,19.835,63.590
131.704,93.312,19.835,63.590
117.600,101.077,19.835,63.590
114.272,107.892,19.835,63.590
108.832,101.391,19.412,62.233
104.334,93.170,19.412,62.233
104.690,91.891,18.998,60.906
110.599,89.468,18.593,59.607
118.175,86.348,18.593,59.607
123.384,93.141,18.197,58.336
132.687,105.113,17.809,57.092
140.512,117.207,17.809,57.092
147.200,122.471,17.809,57.092
149.903,124.890,17.809,57.092
157.159,112.796,17.809,57.092
160.432,102.694,17.809,57.092
157.444,95.438,17.809,57.092
154.171,93.588,17.809,57.092
151.207,97.077,17.429,55.875
144.662,103.621,17.429,55.875
137.282,112.116,17.429,55.875
121.826,119.774,17.429,55.875
117.788,116.850,17.429,55.875
111.521,110.027,17.429,55.875
104.420,99.305,17.429,55.875
103.398,93.324,17.057,54.683
107.350,88.009,17.057,54.683
112.392,86.237,17.057,54.683
117.434,94.005,17.057,54.683
121.163,100.762,16.693,53.517
126.631,111.032,16.693,53.517
133.166,112.232,16.693,53.517
141.569,106.230,16.693,53.517
148.560,93.046,16.337,52.376
148.860,84.672,15.989,51.259
146.433,82.245,15.989,51.259
142.728,82.372,15.989,51.259
136.724,88.376,15.989,51.259
129.187,97.702,15.989,51.259
122.672,106.772,15.989,51.259
111.303,109.454,15.989,51.259
111.431,109.838,15.989,51.259
103.638,103.323,15.989,51.259
94.568,96.808,15.989,51.259
93.163,94.891,15.989,51.259
97.890,89.398,15.989,51.259
102.616,89.782,15.989,51.259
105.043,93.231,15.989,51.259
114.880,103.067,15.989,51.259
120.373,107.538,15.989,51.259
125.099,104.856,15.989,51.259
133.147,102.684,15.989,51.259
136.852,96.169,15.989,51.259
144.644,85.566,15.989,51.259
145.794,79.051,15.989,51.259
143.871,77.258,15.648,50.166
140.996,82.634,15.648,50.166
136.870,91.511,15.648,50.166
133.745,97.387,15.648,50.166
123.118,111.264,15.648,50.166
107.240,128.392,15.648,50.166
103.365,127.266,15.648,50.166
96.739,117.390,15.648,50.166
92.113,114.264,15.648,50.166
94.238,111.889,15.648,50.166
97.418,107.001,15.314,49.096
103.902,104.676,15.314,49.096
111.260,107.677,14.988,48.049
120.240,108.754,14.988,48.049
127.066,106.958,14.988,48.049
128.862,108.036,14.988,48.049
134.490,106.000,14.988,48.049
139.400,91.990,14.988,48.049
141.196,79.417,14.988,48.049
137.244,73.789,14.988,48.049
