0.00606084
0.01110125
0.01148105
0.01128387
0.01082039
0.01091242
0.01093435
0.01088095
0.01090932
0.01095700
0.01092076
0.01089644
0.01085281
0.01077867
0.01083493
0.01088333
0.01072860
0.01085472
0.01080465
0.01092911
0.01076818
0.01086760
0.01085162
0.01097584
0.01087165
0.01089787
0.01090097
0.01110530
0.01095843
0.01086950
0.01073885
0.01079702
0.01072812
0.01095581
0.01083446
0.01075983
0.01078820
0.01077342
0.01086593
0.01079988
0.01075196
0.01081944
0.01082993
0.01074314
0.01078439
0.01078010
0.01066327
0.01070094
0.01070619
0.01070666
0.01070094
0.01081872
0.01077867
0.01074767
0.01064873
0.01063347
0.01065087
0.01066232
0.01077151
0.01071906
0.01066113
0.01068544
0.01070523
0.01058960
0.01074123
0.01066327
0.01073027
0.01059246
0.01072526
0.01066375
0.01058435
0.01060247
0.01058245
0.01063585
0.01076174
0.01055503
0.01070976
0.01058316
0.01064825
0.01058078
0.01061106
0.01069450
0.01084113
0.01068211
0.01063395
0.01062894
0.01068020
0.01060963
0.01065183
0.01067686
0.01071644
0.01065111
0.01072097
0.01076531
0.01069641
0.01072335
0.01079583
0.01072598
0.01071072
0.01068330
0.01065016
0.01066685
0.01075482
0.01083589
0.01079273
0.01071954
0.01082182
0.01083446
0.01078153
0.01081109
0.01083469
0.01069784
0.01079345
0.01079440
0.01077843
0.01085091
0.01082993
0.01083827
0.01082587
0.01078486
0.01081276
0.01093411
0.01087427
0.01088452
0.01077414
0.01084089
0.01091671
0.01096725
0.01080585
0.01075315
0.01078749
0.01107287
0.01101565
0.01082277
0.01121163
0.01091433
0.01081944
0.01074409
0.01095271
0.01091957
0.01089692
0.01091528
0.01091218
0.01106119
0.01094103
0.01087213
0.01091528
0.01092243
0.01091003
0.01095104
0.01090002
0.01092529
0.01095176
0.01096010
0.01081443
0.01085973
0.01084614
0.01089668
0.01091743
0.01090312
0.01093769
0.01089859
0.01093221
0.01097894
0.01096559
0.01097155
0.01097250
0.01103115
0.01090741
0.01093721
0.01088309
0.01092148
0.01092076
0.01088858
0.01088142
0.01082492
0.01077914
0.01088786
0.01085067
0.01080680
0.01077342
0.01076818
0.01092839
0.01093507
0.01086092
0.01093960
0.01090097
0.01079154
0.01091242
0.01081538
0.01080656
0.01082206
0.01080561
0.01074004
0.01093984
0.01087356
0.01080203
0.01074314
0.01077127
0.01080298
0.01081228
0.01076674
0.01079345
0.01068187
0.01073575
0.01085567
0.01072407
0.01084113
0.01073432
0.01075745
0.01072741
0.01090360
0.01084471
0.01080346
0.01077223
0.01080465
0.01088476
0.01080775
0.01077414
0.01078916
0.01084375
0.01090193
0.01083040
0.01086187
0.01082182
0.01074314
0.01082540
0.01086092
0.01081347
0.01078033
0.01081538
0.01080179
0.01086259
0.01086140
0.01086950
0.01077557
0.01076221
0.01079345
0.01094651
0.01092148
0.01085830
0.01074100
0.01080680
0.01091242
0.01083827
0.01073670
0.01078510
0.01080322
0.01094651
0.01092792
0.01087189
0.01086712
0.01094699
0.01088905
0.01088572
0.01082230
0.01088858
0.01091456
0.01081896
0.01074553
0.01083970
0.01064563
0.01085782
0.01084900
0.01092243
0.01072860
0.01073956
0.01082516
0.01086545
0.01077533
0.01085162
0.01083040
0.01087379
0.01086736
0.01081109
0.01084113
0.01080608
0.01070952
0.01081085
0.01082611
0.01087904
0.01077890
0.01083326
0.01076627
0.01094031
0.01079512
0.01088190
0.01079178
0.01083064
0.01086259
0.01085091
0.01087308
0.01081133
0.01086760
0.01084113
0.01095653
0.01093006
0.01085067
0.01108623
0.01077247
0.01092911
0.01097369
0.01090050
0.01085949
0.01077223
0.01078606
0.01084852
0.01091886
0.01085043
0.01081228
0.01073575
0.01078463
0.01087093
0.01086736
0.01089191
0.01075673
0.01073694
0.01081657
0.01117468
0.01086450
0.01080489
0.01086473
0.01089716
0.01094270
0.01084757
0.01092744
0.01085377
0.01089239
0.01080537
0.01088405
0.01095057
0.01095676
0.01098824
0.01087379
0.01102352
0.01103330
0.01089168
0.01082468
0.01089048
0.01090670
0.01091838
0.01087379
0.01092577
0.01101351
0.01088905
0.01095653
0.01089954
0.01095247
0.01084900
0.01082015
0.01077175
0.01091599
0.01095128
0.01087260
0.01095915
0.01080227
0.01089144
0.01088047
0.01095700
0.01089811
0.01089334
0.01085734
0.01099658
0.01096725
0.01086473
0.01081181
