0.00697184
0.01106238
0.01085639
0.01079512
0.01071715
0.01067781
0.01079845
0.01085639
0.01070881
0.01089954
0.01061583
0.01082802
0.01077199
0.01075721
0.01062560
0.01055455
0.01050782
0.01067996
0.01052308
0.01053786
0.01052547
0.01068544
0.01053143
0.01052451
0.01051354
0.01055455
0.01060486
0.01052332
0.01048303
0.01055670
0.01061821
0.01056194
0.01048541
0.01053119
0.01066184
0.01065588
0.01047969
0.01082373
0.01063085
0.01056433
0.01045442
0.01047969
0.01061893
0.01059628
0.01043677
0.01051140
0.01048589
0.01060104
0.01047659
0.01051903
0.01054168
0.01061273
0.01053691
0.01056194
0.01046634
0.01071429
0.01061535
0.01051188
0.01056218
0.01070237
0.01057363
0.01058817
0.01055622
0.01057410
0.01051927
0.01051807
0.01046467
0.01054144
0.01053786
0.01053834
0.01052117
0.01055861
0.01062202
0.01054144
0.01052976
0.01056838
0.01057100
0.01053810
0.01053023
0.01058245
0.01060605
0.01046085
0.01055956
0.01053262
0.01055169
0.01047015
0.01049042
0.01059842
0.01061988
0.01064825
0.01042938
0.01048613
0.01055717
0.01057720
0.01041508
0.01053143
0.01049328
0.01062560
0.01054573
0.01051211
0.01051450
0.01064777
0.01046300
0.01051664
0.01048422
0.01060009
0.01062679
0.01048779
0.01044059
0.01060796
0.01059461
0.01048779
0.01052237
0.01067829
0.01050591
0.01051593
0.01050854
0.01064801
0.01059556
0.01046610
0.01051188
0.01061535
0.01053047
0.01051068
0.01055956
0.01055455
0.01058459
0.01055074
0.01051903
0.01052165
0.01055598
0.01047516
0.01052904
0.01061010
0.01055765
0.01059985
0.01064324
0.01065326
0.01062155
0.01061177
0.01045036
0.01055455
0.01068640
0.01050687
0.01049614
0.01053667
0.01057792
0.01053190
0.01049280
0.01049900
0.01050425
0.01056314
0.01053715
0.01053596
0.01051712
0.01048923
0.01051521
0.01049948
0.01063085
0.01065755
0.01064944
0.01077461
0.01061988
0.01060796
0.01062131
0.01087141
0.01065254
0.01070476
0.01060963
0.01076198
0.01070833
0.01074219
0.01067019
0.01083112
0.01064587
0.01074743
0.01068139
0.01073289
0.01055884
0.01089668
0.01068568
0.01072311
0.01060319
0.01076078
0.01092100
0.01081109
0.01065564
0.01076436
0.01064372
0.01088405
0.01060653
0.01076794
0.01062703
0.01072097
0.01061368
0.01068425
0.01059055
0.01083088
0.01070857
0.01070881
0.01072550
0.01081395
0.01066971
0.01081395
0.01074934
0.01084208
0.01072979
0.01089287
0.01076269
0.01097345
0.01074553
0.01077604
0.01066589
0.01086164
0.01090455
0.01066804
0.01071143
0.01066995
0.01067591
0.01077747
0.01066089
0.01079464
0.01068902
0.01073670
0.01064944
0.01073384
0.01074529
0.01082945
0.01067710
0.01072335
0.01073217
0.01072288
0.01057768
0.01089025
0.01073313
0.01071930
0.01066470
0.01080751
0.01071787
0.01069117
0.01065230
0.01076078
0.01069641
0.01068258
0.01066685
0.01070476
0.01061535
0.01080394
0.01059890
0.01072955
0.01063681
0.01080894
0.01062775
0.01070118
0.01068211
0.01076698
0.01061106
0.01078677
0.01065397
0.01075459
0.01072717
0.01071954
0.01067638
0.01074886
0.01061940
0.01081276
0.01066399
0.01072335
0.01069641
0.01071239
0.01064110
0.01072764
0.01074958
0.01082420
0.01075172
0.01079416
0.01070452
0.01077557
0.01073194
0.01074219
0.01063681
0.01073933
0.01074338
0.01072264
0.01062179
0.01090145
0.01063371
0.01078796
0.01072669
0.01095939
0.01062202
0.01065826
0.01073170
0.01064706
0.01065063
0.01075840
0.01056600
0.01071262
0.01065826
0.01079297
0.01066279
0.01081371
0.01067042
0.01105905
0.01064754
0.01076698
0.01062274
0.01076150
0.01060510
0.01077485
0.01076865
0.01074338
0.01075244
0.01071453
0.01073027
0.01075363
0.01062417
0.01079178
0.01071787
0.01075840
0.01073432
0.01103234
0.01083302
0.01080823
0.01072383
0.01083207
0.01071286
0.01078844
0.01084256
0.01087451
0.01082206
0.01095390
0.01084018
0.01080704
0.01074123
0.01088309
0.01079202
0.01095724
0.01082873
0.01083589
0.01077366
0.01088953
0.01077867
0.01077986
0.01086116
0.01087213
0.01075935
